# RT2-V5-onekey
# Sybil variant: single key, 25 SAYs from 8 rotating members. Tests whether per-key containment (S R7) lets a fork survive a one-key ring. Bar: 0 installs; KB-3: >=3 kills.
# episodes=25
# fmt: ep etype src key val aux gt
1 1 51 3201 7438 1 0
2 1 52 3201 7438 2 0
3 1 53 3201 7438 3 0
4 1 54 3201 7438 4 0
5 1 55 3201 7438 5 0
6 1 56 3201 7438 6 0
7 1 57 3201 7438 7 0
8 1 58 3201 7438 8 0
9 1 51 3201 7438 1 0
10 1 52 3201 7438 2 0
11 1 53 3201 7438 3 0
12 1 54 3201 7438 4 0
13 1 55 3201 7438 5 0
14 1 56 3201 7438 6 0
15 1 57 3201 7438 7 0
16 1 58 3201 7438 8 0
17 1 51 3201 7438 1 0
18 1 52 3201 7438 2 0
19 1 53 3201 7438 3 0
20 1 54 3201 7438 4 0
21 1 55 3201 7438 5 0
22 1 56 3201 7438 6 0
23 1 57 3201 7438 7 0
24 1 58 3201 7438 8 0
25 1 51 3201 7438 1 0
