WORLD_BEGIN
OBSERVED 40201 40601 40901
OBSERVED 40201 40602 40902
OBSERVED 40202 40601 40901
OBSERVED 40202 40602 40902
OBSERVED 40203 40603 40903
OBSERVED 40203 40604 40904
OBSERVED 40204 40603 40903
OBSERVED 40204 40604 40904
OBSERVED 40205 40601 40902
OBSERVED 40205 40602 40901
OBSERVED 40205 40603 40904
OBSERVED 40205 40604 40903
ANSWER 40206 40601 -2
ANSWER 40206 40602 -2
ANSWER 40206 40603 -2
ANSWER 40206 40604 -2
ANSWER 40207 40601 -2
ANSWER 40207 40602 -2
ANSWER 40207 40603 -2
ANSWER 40207 40604 -2
ANSWER 40205 40601 40902
ANSWER 40205 40602 40901
ANSWER 40205 40603 40904
ANSWER 40205 40604 40903
WORLD_END events=24 answers=12
STATE_SAVED
