OBSERVE 40201 40601 40901
OBSERVE 40201 40602 40902
OBSERVE 40202 40601 40901
OBSERVE 40202 40602 40902
OBSERVE 40203 40603 40903
OBSERVE 40203 40604 40904
OBSERVE 40204 40603 40903
OBSERVE 40204 40604 40904
OBSERVE 40205 40601 40902
OBSERVE 40205 40602 40901
OBSERVE 40205 40603 40904
OBSERVE 40205 40604 40903
QUERY 40206 40601 40901
QUERY 40206 40602 40902
QUERY 40206 40603 40903
QUERY 40206 40604 40904
QUERY 40207 40601 40901
QUERY 40207 40602 40902
QUERY 40207 40603 40903
QUERY 40207 40604 40904
QUERY 40205 40601 40902
QUERY 40205 40602 40901
QUERY 40205 40603 40904
QUERY 40205 40604 40903
