WORLD_BEGIN
OBSERVED 42911 42950 42921
OBSERVED 42912 42950 42922
OBSERVED 42913 42950 42923
OBSERVED 42914 42950 42924
OBSERVED 42915 42950 42925
OBSERVED 42916 42950 42926
OBSERVED 42201 42600 42204
OBSERVED 42202 42600 42205
OBSERVED 42203 42600 42206
OBSERVED 42204 42600 42207
OBSERVED 42205 42600 42208
OBSERVED 42206 42600 42209
OBSERVED 42207 42600 42210
OBSERVED 42208 42600 42211
ANSWER 42201 42601 42204
ANSWER 42202 42601 42205
ANSWER 42203 42601 42206
ANSWER 42204 42601 42207
OBSERVED 42201 42600 42210
OBSERVED 42202 42600 42207
OBSERVED 42203 42600 42208
OBSERVED 42204 42600 42209
OBSERVED 42821 42850 42831
OBSERVED 42822 42850 42832
OBSERVED 42823 42850 42833
OBSERVED 42824 42850 42834
OBSERVED 42825 42850 42835
OBSERVED 42826 42850 42836
OBSERVED 42827 42850 42837
OBSERVED 42828 42850 42838
OBSERVED 42829 42850 42839
OBSERVED 42830 42850 42840
OBSERVED 42831 42850 42841
OBSERVED 42832 42850 42842
ANSWER 42201 42601 42210
ANSWER 42202 42601 42207
ANSWER 42203 42601 42208
ANSWER 42204 42601 42209
ANSWER 42205 42601 -2
ANSWER 42206 42601 -2
ANSWER 42911 42950 42921
ANSWER 42912 42950 42922
ANSWER 42913 42950 42923
ANSWER 42914 42950 42924
ANSWER 42915 42950 42925
ANSWER 42916 42950 42926
WORLD_END events=46 answers=16
STATE_SAVED
