OBSERVE 42911 42950 42921
OBSERVE 42912 42950 42922
OBSERVE 42913 42950 42923
OBSERVE 42914 42950 42924
OBSERVE 42915 42950 42925
OBSERVE 42916 42950 42926
OBSERVE 42201 42600 42204
OBSERVE 42202 42600 42205
OBSERVE 42203 42600 42206
OBSERVE 42204 42600 42207
OBSERVE 42205 42600 42208
OBSERVE 42206 42600 42209
OBSERVE 42207 42600 42210
OBSERVE 42208 42600 42211
QUERY 42201 42601 42204
QUERY 42202 42601 42205
QUERY 42203 42601 42206
QUERY 42204 42601 42207
OBSERVE 42201 42600 42210
OBSERVE 42202 42600 42207
OBSERVE 42203 42600 42208
OBSERVE 42204 42600 42209
OBSERVE 42821 42850 42831
OBSERVE 42822 42850 42832
OBSERVE 42823 42850 42833
OBSERVE 42824 42850 42834
OBSERVE 42825 42850 42835
OBSERVE 42826 42850 42836
OBSERVE 42827 42850 42837
OBSERVE 42828 42850 42838
OBSERVE 42829 42850 42839
OBSERVE 42830 42850 42840
OBSERVE 42831 42850 42841
OBSERVE 42832 42850 42842
QUERY 42201 42601 42204
QUERY 42202 42601 42207
QUERY 42203 42601 42208
QUERY 42204 42601 42209
QUERY 42205 42601 42210
QUERY 42206 42601 42211
QUERY 42911 42950 42921
QUERY 42912 42950 42922
QUERY 42913 42950 42923
QUERY 42914 42950 42924
QUERY 42915 42950 42925
QUERY 42916 42950 42926
