EVENT 2.0 0.35 440.00 700 6 0.0 5.5 15
EVENT 2.4 0.35 554.37 700 6 0.0 5.5 15
EVENT 2.8 0.35 659.25 700 6 0.0 5.5 15
EVENT 3.2 0.35 554.37 700 6 0.0 5.5 15
EVENT 3.6 0.35 440.00 700 6 0.0 5.5 15
EVENT 4.0 0.35 369.99 700 6 0.0 5.5 15
EVENT 4.4 0.35 329.63 700 6 0.0 5.5 15
EVENT 4.8 0.35 440.00 700 6 0.0 5.5 15
EVENT 290.0 0.35 440.00 700 6 0.0 5.5 15
EVENT 290.4 0.35 554.37 700 6 0.0 5.5 15
EVENT 290.8 0.35 659.25 700 6 0.0 5.5 15
EVENT 291.2 0.35 554.37 700 6 0.0 5.5 15
EVENT 291.6 0.35 440.00 700 6 0.0 5.5 15
EVENT 292.0 0.35 369.99 700 6 0.0 5.5 15
EVENT 292.4 0.35 329.63 700 6 0.0 5.5 15
EVENT 292.8 0.35 440.00 700 6 0.0 5.5 15
DUR_S 301
