AUD 0 1 0 -1 -1 0 0 0 0 0 0 0 65537 95 0 0 0 0 0 0 0 0
AUD 1 1 1 -1 -1 0 0 0 0 0 0 0 65537 90 1 0 1 0 0 0 0 1
AUD 2 8 -1 4 -1 0 0 0 0 0 0 0 0 0 0 0 0 0 0 0 4 2
AUD 3 1 2 0 -1 0 0 0 0 0 0 0 16777217 84 3 331 3 0 0 0 4 3
AUD 4 1 3 1 -1 0 0 0 0 0 0 0 16777217 20 4 266 4 0 0 0 4 4
AUD 5 1 4 2 -1 0 0 0 0 0 0 0 16777217 86 5 331 5 0 0 0 4 5
AUD 6 1 5 3 -1 0 0 0 0 0 0 0 16777217 16 6 266 6 0 0 0 4 6
AUD 7 1 6 4 -1 0 0 0 0 0 0 0 16777217 20 7 266 7 0 0 0 4 7
AUD 8 1 7 5 -1 0 0 0 0 0 0 0 16777217 86 8 331 8 0 0 0 4 8
AUD 9 1 8 6 -1 0 0 0 0 0 0 0 16777217 16 9 266 9 0 0 0 4 9
AUD 10 1 9 7 -1 0 0 0 0 0 0 0 16777217 20 10 266 10 0 0 0 4 10
AUD 11 1 10 8 -1 0 0 0 0 0 0 0 16777217 86 11 331 11 0 0 0 4 11
AUD 12 1 11 9 -1 0 0 0 0 0 0 0 16777217 16 12 266 12 0 0 0 4 12
AUD 13 1 12 10 -1 0 0 0 0 0 0 0 16777217 20 13 266 13 0 0 0 4 13
AUD 14 1 13 11 -1 0 0 0 0 0 0 0 16777217 18 14 266 14 0 0 0 4 14
AUD 15 1 14 12 -1 0 0 0 0 0 0 0 16777217 84 15 331 15 0 0 0 4 15
AUD 16 1 15 13 -1 0 0 0 0 0 0 0 16777217 20 16 266 16 0 0 0 4 16
AUD 17 1 16 14 -1 0 0 0 0 0 0 0 16777217 18 17 266 17 0 0 0 4 17
AUD 18 1 17 15 -1 0 0 0 0 0 0 0 16777217 84 18 331 18 0 0 0 4 18
AUD 19 1 18 16 -1 0 0 0 0 0 0 0 16777217 20 19 266 19 0 0 0 4 19
AUD 20 1 19 17 -1 0 0 0 0 0 0 0 16777217 18 20 266 20 0 0 0 4 20
AUD 21 1 20 18 -1 0 0 0 0 0 0 0 16777217 84 21 331 21 0 0 0 4 21
AUD 22 1 21 19 -1 0 0 0 0 0 0 0 16777217 20 22 266 22 0 0 0 4 22
AUD 23 1 22 20 -1 0 0 0 0 0 0 0 16777217 18 23 266 23 0 0 0 4 23
AUD 24 1 23 21 -1 0 0 0 0 0 0 0 16777217 16 24 266 24 0 0 0 4 24
AUD 25 1 24 22 -1 0 0 0 0 0 0 0 16777217 88 25 331 25 0 0 0 4 25
AUD 26 1 25 23 -1 0 0 0 0 0 0 0 16777217 18 26 266 26 0 0 0 4 26
AUD 27 1 26 24 -1 0 0 0 0 0 0 0 16777217 16 27 266 27 0 0 0 4 27
AUD 28 1 27 25 -1 0 0 0 0 0 0 0 16777217 88 28 331 28 0 0 0 4 28
AUD 29 1 28 26 -1 0 0 0 0 0 0 0 16777217 18 29 266 29 0 0 0 4 29
AUD 30 12 4 -1 1 0 16777217 86 5 331 5 0 16777217 86 5 336 30 0 0 0 4 30
AUD 31 1 29 27 -1 0 0 0 0 0 0 0 16777217 16 31 266 31 0 0 0 4 31
AUD 32 1 30 28 -1 0 0 0 0 0 0 0 16777217 88 32 331 32 0 0 0 4 32
AUD 33 1 31 29 -1 0 0 0 0 0 0 0 16777217 18 33 266 33 0 0 0 4 33
AUD 34 12 7 -1 1 0 16777217 86 8 331 8 0 16777217 86 8 336 34 0 0 0 4 34
AUD 35 2 5 -1 -1 0 16777217 16 6 266 6 0 16777216 0 0 0 0 0 0 0 4 35
AUD 36 1 5 30 -1 0 16777216 0 0 0 0 0 16777217 16 36 266 36 0 0 0 4 36
AUD 37 2 5 -1 -1 0 16777217 16 36 266 36 0 16777216 0 0 0 0 0 0 0 4 37
AUD 38 1 5 31 -1 0 16777216 0 0 0 0 0 16777217 20 38 266 38 0 0 0 4 38
AUD 39 2 8 -1 -1 0 16777217 16 9 266 9 0 16777216 0 0 0 0 0 0 0 4 39
AUD 40 1 8 32 -1 0 16777216 0 0 0 0 0 16777217 86 40 331 40 0 0 0 4 40
AUD 41 12 10 -1 1 0 16777217 86 11 331 11 0 16777217 86 11 336 41 0 0 0 4 41
AUD 42 2 11 -1 -1 0 16777217 16 12 266 12 0 16777216 0 0 0 0 0 0 0 4 42
AUD 43 1 11 33 -1 0 16777216 0 0 0 0 0 16777217 16 43 266 43 0 0 0 4 43
AUD 44 2 11 -1 -1 0 16777217 16 43 266 43 0 16777216 0 0 0 0 0 0 0 4 44
AUD 45 1 11 34 -1 0 16777216 0 0 0 0 0 16777217 20 45 266 45 0 0 0 4 45
AUD 46 2 23 -1 -1 0 16777217 16 24 266 24 0 16777216 0 0 0 0 0 0 0 4 46
AUD 47 1 23 35 -1 0 16777216 0 0 0 0 0 16777217 86 47 331 47 0 0 0 4 47
AUD 48 2 26 -1 -1 0 16777217 16 27 266 27 0 16777216 0 0 0 0 0 0 0 4 48
AUD 49 1 26 36 -1 0 16777216 0 0 0 0 0 16777217 16 49 266 49 0 0 0 4 49
AUD 50 12 14 -1 1 0 16777217 84 15 331 15 0 16777217 84 15 336 50 0 0 0 4 50
AUD 51 2 26 -1 -1 0 16777217 16 49 266 49 0 16777216 0 0 0 0 0 0 0 4 51
AUD 52 1 26 37 -1 0 16777216 0 0 0 0 0 16777217 20 52 266 52 0 0 0 4 52
AUD 53 2 29 -1 -1 0 16777217 16 31 266 31 0 16777216 0 0 0 0 0 0 0 4 53
AUD 54 1 29 38 -1 0 16777216 0 0 0 0 0 16777217 86 54 331 54 0 0 0 4 54
AUD 55 2 13 -1 -1 0 16777217 18 14 266 14 0 16777216 0 0 0 0 0 0 0 4 55
AUD 56 1 13 39 -1 0 16777216 0 0 0 0 0 16777217 16 56 266 56 0 0 0 4 56
AUD 57 12 17 -1 1 0 16777217 84 18 331 18 0 16777217 84 18 336 57 0 0 0 4 57
AUD 58 2 13 -1 -1 0 16777217 16 56 266 56 0 16777216 0 0 0 0 0 0 0 4 58
AUD 59 1 13 40 -1 0 16777216 0 0 0 0 0 16777217 20 59 266 59 0 0 0 4 59
AUD 60 2 16 -1 -1 0 16777217 18 17 266 17 0 16777216 0 0 0 0 0 0 0 4 60
AUD 61 1 16 41 -1 0 16777216 0 0 0 0 0 16777217 18 61 266 61 0 0 0 4 61
AUD 62 2 16 -1 -1 0 16777217 18 61 266 61 0 16777216 0 0 0 0 0 0 0 4 62
AUD 63 1 16 42 -1 0 16777216 0 0 0 0 0 16777217 84 63 331 63 0 0 0 4 63
AUD 64 12 20 -1 1 0 16777217 84 21 331 21 0 16777217 84 21 336 64 0 0 0 4 64
AUD 65 2 19 -1 -1 0 16777217 18 20 266 20 0 16777216 0 0 0 0 0 0 0 4 65
AUD 66 1 19 43 -1 0 16777216 0 0 0 0 0 16777217 20 66 266 66 0 0 0 4 66
AUD 67 2 22 -1 -1 0 16777217 18 23 266 23 0 16777216 0 0 0 0 0 0 0 4 67
AUD 68 1 22 44 -1 0 16777216 0 0 0 0 0 16777217 18 68 266 68 0 0 0 4 68
AUD 69 2 22 -1 -1 0 16777217 18 68 266 68 0 16777216 0 0 0 0 0 0 0 4 69
AUD 70 1 22 45 -1 0 16777216 0 0 0 0 0 16777217 84 70 331 70 0 0 0 4 70
AUD 71 2 25 -1 -1 0 16777217 18 26 266 26 0 16777216 0 0 0 0 0 0 0 4 71
AUD 72 1 25 46 -1 0 16777216 0 0 0 0 0 16777217 20 72 266 72 0 0 0 4 72
AUD 73 12 24 -1 1 0 16777217 88 25 331 25 0 16777217 88 25 336 73 0 0 0 4 73
AUD 74 2 28 -1 -1 0 16777217 18 29 266 29 0 16777216 0 0 0 0 0 0 0 4 74
AUD 75 1 28 47 -1 0 16777216 0 0 0 0 0 16777217 18 75 266 75 0 0 0 4 75
AUD 76 2 28 -1 -1 0 16777217 18 75 266 75 0 16777216 0 0 0 0 0 0 0 4 76
AUD 77 1 28 48 -1 0 16777216 0 0 0 0 0 16777217 84 77 331 77 0 0 0 4 77
AUD 78 2 31 -1 -1 0 16777217 18 33 266 33 0 16777216 0 0 0 0 0 0 0 4 78
AUD 79 1 31 49 -1 0 16777216 0 0 0 0 0 16777217 20 79 266 79 0 0 0 4 79
AUD 80 12 27 -1 1 0 16777217 88 28 331 28 0 16777217 88 28 336 80 0 0 0 4 80
AUD 81 2 2 -1 -1 0 16777217 84 3 331 3 0 16777216 0 0 0 0 0 0 0 4 81
AUD 82 1 2 50 -1 0 16777216 0 0 0 0 0 16777217 18 82 266 82 0 0 0 4 82
AUD 83 2 2 -1 -1 0 16777217 18 82 266 82 0 16777216 0 0 0 0 0 0 0 4 83
AUD 84 1 2 51 -1 0 16777216 0 0 0 0 0 16777217 16 84 266 84 0 0 0 4 84
AUD 85 12 4 -1 2 0 16777217 86 5 336 30 0 16777217 86 5 346 85 0 0 0 4 85
AUD 86 2 2 -1 -1 0 16777217 16 84 266 84 0 16777216 0 0 0 0 0 0 0 4 86
AUD 87 1 2 52 -1 0 16777216 0 0 0 0 0 16777217 88 87 331 87 0 0 0 4 87
AUD 88 12 30 -1 1 0 16777217 88 32 331 32 0 16777217 88 32 336 88 0 0 0 4 88
AUD 89 2 3 -1 -1 0 16777217 20 4 266 4 0 16777216 0 0 0 0 0 0 0 4 89
AUD 90 1 3 53 -1 0 16777216 0 0 0 0 0 16777217 18 90 266 90 0 0 0 4 90
AUD 91 2 3 -1 -1 0 16777217 18 90 266 90 0 16777216 0 0 0 0 0 0 0 4 91
AUD 92 1 3 54 -1 0 16777216 0 0 0 0 0 16777217 16 92 266 92 0 0 0 4 92
AUD 93 12 7 -1 2 0 16777217 86 8 336 34 0 16777217 86 8 346 93 0 0 0 4 93
AUD 94 2 3 -1 -1 0 16777217 16 92 266 92 0 16777216 0 0 0 0 0 0 0 4 94
AUD 95 1 3 55 -1 0 16777216 0 0 0 0 0 16777217 88 95 331 95 0 0 0 4 95
AUD 96 2 5 -1 -1 0 16777217 20 38 266 38 0 16777216 0 0 0 0 0 0 0 4 96
AUD 97 1 5 56 -1 0 16777216 0 0 0 0 0 16777217 18 97 266 97 0 0 0 4 97
AUD 98 12 8 -1 1 0 16777217 86 40 331 40 0 16777217 86 40 336 98 0 0 0 4 98
AUD 99 2 5 -1 -1 0 16777217 18 97 266 97 0 16777216 0 0 0 0 0 0 0 4 99
AUD 100 1 5 57 -1 0 16777216 0 0 0 0 0 16777217 16 100 266 100 0 0 0 4 100
AUD 101 12 10 -1 2 0 16777217 86 11 336 41 0 16777217 86 11 346 101 0 0 0 4 101
AUD 102 2 5 -1 -1 0 16777217 16 100 266 100 0 16777216 0 0 0 0 0 0 0 4 102
AUD 103 1 5 58 -1 0 16777216 0 0 0 0 0 16777217 88 103 331 103 0 0 0 4 103
AUD 104 2 6 -1 -1 0 16777217 20 7 266 7 0 16777216 0 0 0 0 0 0 0 4 104
AUD 105 1 6 59 -1 0 16777216 0 0 0 0 0 16777217 18 105 266 105 0 0 0 4 105
AUD 106 12 23 -1 1 0 16777217 86 47 331 47 0 16777217 86 47 336 106 0 0 0 4 106
AUD 107 2 6 -1 -1 0 16777217 18 105 266 105 0 16777216 0 0 0 0 0 0 0 4 107
AUD 108 1 6 60 -1 0 16777216 0 0 0 0 0 16777217 16 108 266 108 0 0 0 4 108
AUD 109 2 6 -1 -1 0 16777217 16 108 266 108 0 16777216 0 0 0 0 0 0 0 4 109
AUD 110 1 6 61 -1 0 16777216 0 0 0 0 0 16777217 20 110 266 110 0 0 0 4 110
AUD 111 12 14 -1 2 0 16777217 84 15 336 50 0 16777217 84 15 346 111 0 0 0 4 111
AUD 112 2 6 -1 -1 0 16777217 20 110 266 110 0 16777216 0 0 0 0 0 0 0 4 112
AUD 113 1 6 62 -1 0 16777216 0 0 0 0 0 16777217 86 113 331 113 0 0 0 4 113
AUD 114 12 29 -1 1 0 16777217 86 54 331 54 0 16777217 86 54 336 114 0 0 0 4 114
AUD 115 2 9 -1 -1 0 16777217 20 10 266 10 0 16777216 0 0 0 0 0 0 0 4 115
AUD 116 1 9 63 -1 0 16777216 0 0 0 0 0 16777217 16 116 266 116 0 0 0 4 116
AUD 117 2 9 -1 -1 0 16777217 16 116 266 116 0 16777216 0 0 0 0 0 0 0 4 117
AUD 118 1 9 64 -1 0 16777216 0 0 0 0 0 16777217 20 118 266 118 0 0 0 4 118
AUD 119 12 17 -1 2 0 16777217 84 18 336 57 0 16777217 84 18 346 119 0 0 0 4 119
AUD 120 2 9 -1 -1 0 16777217 20 118 266 118 0 16777216 0 0 0 0 0 0 0 4 120
AUD 121 1 9 65 -1 0 16777216 0 0 0 0 0 16777217 86 121 331 121 0 0 0 4 121
AUD 122 2 11 -1 -1 0 16777217 20 45 266 45 0 16777216 0 0 0 0 0 0 0 4 122
AUD 123 1 11 66 -1 0 16777216 0 0 0 0 0 16777217 16 123 266 123 0 0 0 4 123
AUD 124 12 16 -1 1 0 16777217 84 63 331 63 0 16777217 84 63 336 124 0 0 0 4 124
AUD 125 2 11 -1 -1 0 16777217 16 123 266 123 0 16777216 0 0 0 0 0 0 0 4 125
AUD 126 1 11 67 -1 0 16777216 0 0 0 0 0 16777217 20 126 266 126 0 0 0 4 126
AUD 127 12 20 -1 2 0 16777217 84 21 336 64 0 16777217 84 21 346 127 0 0 0 4 127
AUD 128 2 11 -1 -1 0 16777217 20 126 266 126 0 16777216 0 0 0 0 0 0 0 4 128
AUD 129 1 11 68 -1 0 16777216 0 0 0 0 0 16777217 86 129 331 129 0 0 0 4 129
AUD 130 2 12 -1 -1 0 16777217 20 13 266 13 0 16777216 0 0 0 0 0 0 0 4 130
AUD 131 1 12 69 -1 0 16777216 0 0 0 0 0 16777217 16 131 266 131 0 0 0 4 131
AUD 132 12 22 -1 1 0 16777217 84 70 331 70 0 16777217 84 70 336 132 0 0 0 4 132
AUD 133 2 12 -1 -1 0 16777217 16 131 266 131 0 16777216 0 0 0 0 0 0 0 4 133
AUD 134 1 12 70 -1 0 16777216 0 0 0 0 0 16777217 20 134 266 134 0 0 0 4 134
AUD 135 2 12 -1 -1 0 16777217 20 134 266 134 0 16777216 0 0 0 0 0 0 0 4 135
AUD 136 1 12 71 -1 0 16777216 0 0 0 0 0 16777217 18 136 266 136 0 0 0 4 136
AUD 137 12 24 -1 2 0 16777217 88 25 336 73 0 16777217 88 25 346 137 0 0 0 4 137
AUD 138 2 12 -1 -1 0 16777217 18 136 266 136 0 16777216 0 0 0 0 0 0 0 4 138
AUD 139 1 12 72 -1 0 16777216 0 0 0 0 0 16777217 84 139 331 139 0 0 0 4 139
AUD 140 12 28 -1 1 0 16777217 84 77 331 77 0 16777217 84 77 336 140 0 0 0 4 140
AUD 141 2 13 -1 -1 0 16777217 20 59 266 59 0 16777216 0 0 0 0 0 0 0 4 141
AUD 142 1 13 73 -1 0 16777216 0 0 0 0 0 16777217 20 142 266 142 0 0 0 4 142
AUD 143 2 13 -1 -1 0 16777217 20 142 266 142 0 16777216 0 0 0 0 0 0 0 4 143
AUD 144 1 13 74 -1 0 16777216 0 0 0 0 0 16777217 18 144 266 144 0 0 0 4 144
AUD 145 12 27 -1 2 0 16777217 88 28 336 80 0 16777217 88 28 346 145 0 0 0 4 145
AUD 146 2 13 -1 -1 0 16777217 18 144 266 144 0 16777216 0 0 0 0 0 0 0 4 146
AUD 147 1 13 75 -1 0 16777216 0 0 0 0 0 16777217 84 147 331 147 0 0 0 4 147
AUD 148 2 15 -1 -1 0 16777217 20 16 266 16 0 16777216 0 0 0 0 0 0 0 4 148
AUD 149 1 15 76 -1 0 16777216 0 0 0 0 0 16777217 20 149 266 149 0 0 0 4 149
AUD 150 12 2 -1 1 0 16777217 88 87 331 87 0 16777217 88 87 336 150 0 0 0 4 150
AUD 151 2 15 -1 -1 0 16777217 20 149 266 149 0 16777216 0 0 0 0 0 0 0 4 151
AUD 152 1 15 77 -1 0 16777216 0 0 0 0 0 16777217 18 152 266 152 0 0 0 4 152
AUD 153 12 30 -1 2 0 16777217 88 32 336 88 0 16777217 88 32 346 153 0 0 0 4 153
AUD 154 2 15 -1 -1 0 16777217 18 152 266 152 0 16777216 0 0 0 0 0 0 0 4 154
AUD 155 1 15 78 -1 0 16777216 0 0 0 0 0 16777217 84 155 331 155 0 0 0 4 155
AUD 156 2 18 -1 -1 0 16777217 20 19 266 19 0 16777216 0 0 0 0 0 0 0 4 156
AUD 157 1 18 79 -1 0 16777216 0 0 0 0 0 16777217 20 157 266 157 0 0 0 4 157
AUD 158 12 3 -1 1 0 16777217 88 95 331 95 0 16777217 88 95 336 158 0 0 0 4 158
AUD 159 2 18 -1 -1 0 16777217 20 157 266 157 0 16777216 0 0 0 0 0 0 0 4 159
AUD 160 1 18 80 -1 0 16777216 0 0 0 0 0 16777217 18 160 266 160 0 0 0 4 160
AUD 161 2 18 -1 -1 0 16777217 18 160 266 160 0 16777216 0 0 0 0 0 0 0 4 161
AUD 162 1 18 81 -1 0 16777216 0 0 0 0 0 16777217 16 162 266 162 0 0 0 4 162
AUD 163 12 8 -1 2 0 16777217 86 40 336 98 0 16777217 86 40 346 163 0 0 0 4 163
AUD 164 2 18 -1 -1 0 16777217 16 162 266 162 0 16777216 0 0 0 0 0 0 0 4 164
AUD 165 1 18 82 -1 0 16777216 0 0 0 0 0 16777217 88 165 331 165 0 0 0 4 165
AUD 166 12 5 -1 1 0 16777217 88 103 331 103 0 16777217 88 103 336 166 0 0 0 4 166
AUD 167 2 19 -1 -1 0 16777217 20 66 266 66 0 16777216 0 0 0 0 0 0 0 4 167
AUD 168 1 19 83 -1 0 16777216 0 0 0 0 0 16777217 86 168 331 168 0 0 0 4 168
AUD 169 2 21 -1 -1 0 16777217 20 22 266 22 0 16777216 0 0 0 0 0 0 0 4 169
AUD 170 1 21 84 -1 0 16777216 0 0 0 0 0 16777217 16 170 266 170 0 0 0 4 170
AUD 171 12 23 -1 2 0 16777217 86 47 336 106 0 16777217 86 47 346 171 0 0 0 4 171
AUD 172 2 21 -1 -1 0 16777217 16 170 266 170 0 16777216 0 0 0 0 0 0 0 4 172
AUD 173 1 21 85 -1 0 16777216 0 0 0 0 0 16777217 88 173 331 173 0 0 0 4 173
AUD 174 2 25 -1 -1 0 16777217 20 72 266 72 0 16777216 0 0 0 0 0 0 0 4 174
AUD 175 1 25 86 -1 0 16777216 0 0 0 0 0 16777217 18 175 266 175 0 0 0 4 175
AUD 176 12 6 -1 1 0 16777217 86 113 331 113 0 16777217 86 113 336 176 0 0 0 4 176
AUD 177 2 25 -1 -1 0 16777217 18 175 266 175 0 16777216 0 0 0 0 0 0 0 4 177
AUD 178 1 25 87 -1 0 16777216 0 0 0 0 0 16777217 16 178 266 178 0 0 0 4 178
AUD 179 12 29 -1 2 0 16777217 86 54 336 114 0 16777217 86 54 346 179 0 0 0 4 179
AUD 180 2 25 -1 -1 0 16777217 16 178 266 178 0 16777216 0 0 0 0 0 0 0 4 180
AUD 181 1 25 88 -1 0 16777216 0 0 0 0 0 16777217 88 181 331 181 0 0 0 4 181
AUD 182 2 26 -1 -1 0 16777217 20 52 266 52 0 16777216 0 0 0 0 0 0 0 4 182
AUD 183 1 26 89 -1 0 16777216 0 0 0 0 0 16777217 18 183 266 183 0 0 0 4 183
AUD 184 12 9 -1 1 0 16777217 86 121 331 121 0 16777217 86 121 336 184 0 0 0 4 184
AUD 185 2 26 -1 -1 0 16777217 18 183 266 183 0 16777216 0 0 0 0 0 0 0 4 185
AUD 186 1 26 90 -1 0 16777216 0 0 0 0 0 16777217 16 186 266 186 0 0 0 4 186
AUD 187 2 26 -1 -1 0 16777217 16 186 266 186 0 16777216 0 0 0 0 0 0 0 4 187
AUD 188 1 26 91 -1 0 16777216 0 0 0 0 0 16777217 20 188 266 188 0 0 0 4 188
AUD 189 12 16 -1 2 0 16777217 84 63 336 124 0 16777217 84 63 346 189 0 0 0 4 189
AUD 190 2 26 -1 -1 0 16777217 20 188 266 188 0 16777216 0 0 0 0 0 0 0 4 190
AUD 191 1 26 92 -1 0 16777216 0 0 0 0 0 16777217 86 191 331 191 0 0 0 4 191
AUD 192 12 11 -1 1 0 16777217 86 129 331 129 0 16777217 86 129 336 192 0 0 0 4 192
AUD 193 2 31 -1 -1 0 16777217 20 79 266 79 0 16777216 0 0 0 0 0 0 0 4 193
AUD 194 1 31 93 -1 0 16777216 0 0 0 0 0 16777217 16 194 266 194 0 0 0 4 194
AUD 195 2 31 -1 -1 0 16777217 16 194 266 194 0 16777216 0 0 0 0 0 0 0 4 195
AUD 196 1 31 94 -1 0 16777216 0 0 0 0 0 16777217 20 196 266 196 0 0 0 4 196
AUD 197 12 22 -1 2 0 16777217 84 70 336 132 0 16777217 84 70 346 197 0 0 0 4 197
AUD 198 2 31 -1 -1 0 16777217 20 196 266 196 0 16777216 0 0 0 0 0 0 0 4 198
AUD 199 1 31 95 -1 0 16777216 0 0 0 0 0 16777217 86 199 331 199 0 0 0 4 199
AUD 200 2 12 -1 -1 0 16777217 84 139 331 139 0 16777216 0 0 0 0 0 0 0 4 200
AUD 201 1 12 96 -1 0 16777216 0 0 0 0 0 16777217 16 201 266 201 0 0 0 4 201
AUD 202 2 12 -1 -1 0 16777217 16 201 266 201 0 16777216 0 0 0 0 0 0 0 4 202
AUD 203 1 12 97 -1 0 16777216 0 0 0 0 0 16777217 20 203 266 203 0 0 0 4 203
AUD 204 12 28 -1 2 0 16777217 84 77 336 140 0 16777217 84 77 346 204 0 0 0 4 204
AUD 205 2 12 -1 -1 0 16777217 20 203 266 203 0 16777216 0 0 0 0 0 0 0 4 205
AUD 206 1 12 98 -1 0 16777216 0 0 0 0 0 16777217 86 206 331 206 0 0 0 4 206
AUD 207 2 13 -1 -1 0 16777217 84 147 331 147 0 16777216 0 0 0 0 0 0 0 4 207
AUD 208 1 13 99 -1 0 16777216 0 0 0 0 0 16777217 16 208 266 208 0 0 0 4 208
AUD 209 2 13 -1 -1 0 16777217 16 208 266 208 0 16777216 0 0 0 0 0 0 0 4 209
AUD 210 1 13 100 -1 0 16777216 0 0 0 0 0 16777217 20 210 266 210 0 0 0 4 210
AUD 211 2 13 -1 -1 0 16777217 20 210 266 210 0 16777216 0 0 0 0 0 0 0 4 211
AUD 212 1 13 101 -1 0 16777216 0 0 0 0 0 16777217 18 212 266 212 0 0 0 4 212
AUD 213 12 2 -1 2 0 16777217 88 87 336 150 0 16777217 88 87 346 213 0 0 0 4 213
AUD 214 2 13 -1 -1 0 16777217 18 212 266 212 0 16777216 0 0 0 0 0 0 0 4 214
AUD 215 1 13 102 -1 0 16777216 0 0 0 0 0 16777217 84 215 331 215 0 0 0 4 215
AUD 216 12 15 -1 1 0 16777217 84 155 331 155 0 16777217 84 155 336 216 0 0 0 4 216
AUD 217 2 13 -1 -1 0 16777217 84 215 331 215 0 16777216 0 0 0 0 0 0 0 4 217
AUD 218 1 13 103 -1 0 16777216 0 0 0 0 0 16777217 20 218 266 218 0 0 0 4 218
AUD 219 2 13 -1 -1 0 16777217 20 218 266 218 0 16777216 0 0 0 0 0 0 0 4 219
AUD 220 1 13 104 -1 0 16777216 0 0 0 0 0 16777217 18 220 266 220 0 0 0 4 220
AUD 221 12 3 -1 2 0 16777217 88 95 336 158 0 16777217 88 95 346 221 0 0 0 4 221
AUD 222 2 13 -1 -1 0 16777217 18 220 266 220 0 16777216 0 0 0 0 0 0 0 4 222
AUD 223 1 13 105 -1 0 16777216 0 0 0 0 0 16777217 84 223 331 223 0 0 0 4 223
AUD 224 2 13 -1 -1 0 16777217 84 223 331 223 0 16777216 0 0 0 0 0 0 0 4 224
AUD 225 1 13 106 -1 0 16777216 0 0 0 0 0 16777217 20 225 266 225 0 0 0 4 225
AUD 226 12 18 -1 1 0 16777217 88 165 331 165 0 16777217 88 165 336 226 0 0 0 4 226
AUD 227 2 13 -1 -1 0 16777217 20 225 266 225 0 16777216 0 0 0 0 0 0 0 4 227
AUD 228 1 13 107 -1 0 16777216 0 0 0 0 0 16777217 18 228 266 228 0 0 0 4 228
AUD 229 12 5 -1 2 0 16777217 88 103 336 166 0 16777217 88 103 346 229 0 0 0 4 229
AUD 230 2 13 -1 -1 0 16777217 18 228 266 228 0 16777216 0 0 0 0 0 0 0 4 230
AUD 231 1 13 108 -1 0 16777216 0 0 0 0 0 16777217 84 231 331 231 0 0 0 4 231
AUD 232 2 13 -1 -1 0 16777217 84 231 331 231 0 16777216 0 0 0 0 0 0 0 4 232
AUD 233 1 13 109 -1 0 16777216 0 0 0 0 0 16777217 20 233 266 233 0 0 0 4 233
AUD 234 12 21 -1 1 0 16777217 88 173 331 173 0 16777217 88 173 336 234 0 0 0 4 234
AUD 235 2 13 -1 -1 0 16777217 20 233 266 233 0 16777216 0 0 0 0 0 0 0 4 235
AUD 236 1 13 110 -1 0 16777216 0 0 0 0 0 16777217 18 236 266 236 0 0 0 4 236
AUD 237 2 13 -1 -1 0 16777217 18 236 266 236 0 16777216 0 0 0 0 0 0 0 4 237
AUD 238 1 13 111 -1 0 16777216 0 0 0 0 0 16777217 16 238 266 238 0 0 0 4 238
AUD 239 12 6 -1 2 0 16777217 86 113 336 176 0 16777217 86 113 346 239 0 0 0 4 239
AUD 240 2 13 -1 -1 0 16777217 16 238 266 238 0 16777216 0 0 0 0 0 0 0 4 240
AUD 241 1 13 112 -1 0 16777216 0 0 0 0 0 16777217 88 241 331 241 0 0 0 4 241
AUD 242 12 25 -1 1 0 16777217 88 181 331 181 0 16777217 88 181 336 242 0 0 0 4 242
AUD 243 2 12 -1 -1 0 16777217 86 206 331 206 0 16777216 0 0 0 0 0 0 0 4 243
AUD 244 1 12 113 -1 0 16777216 0 0 0 0 0 16777217 18 244 266 244 0 0 0 4 244
AUD 245 2 12 -1 -1 0 16777217 18 244 266 244 0 16777216 0 0 0 0 0 0 0 4 245
AUD 246 1 12 114 -1 0 16777216 0 0 0 0 0 16777217 16 246 266 246 0 0 0 4 246
AUD 247 12 9 -1 2 0 16777217 86 121 336 184 0 16777217 86 121 346 247 0 0 0 4 247
AUD 248 2 12 -1 -1 0 16777217 16 246 266 246 0 16777216 0 0 0 0 0 0 0 4 248
AUD 249 1 12 115 -1 0 16777216 0 0 0 0 0 16777217 88 249 331 249 0 0 0 4 249
AUD 250 2 19 -1 -1 0 16777217 86 168 331 168 0 16777216 0 0 0 0 0 0 0 4 250
AUD 251 1 19 116 -1 0 16777216 0 0 0 0 0 16777217 18 251 266 251 0 0 0 4 251
AUD 252 12 26 -1 1 0 16777217 86 191 331 191 0 16777217 86 191 336 252 0 0 0 4 252
AUD 253 2 19 -1 -1 0 16777217 18 251 266 251 0 16777216 0 0 0 0 0 0 0 4 253
AUD 254 1 19 117 -1 0 16777216 0 0 0 0 0 16777217 16 254 266 254 0 0 0 4 254
AUD 255 12 11 -1 2 0 16777217 86 129 336 192 0 16777217 86 129 346 255 0 0 0 4 255
AUD 256 2 19 -1 -1 0 16777217 16 254 266 254 0 16777216 0 0 0 0 0 0 0 4 256
AUD 257 1 19 118 -1 0 16777216 0 0 0 0 0 16777217 88 257 331 257 0 0 0 4 257
AUD 258 2 31 -1 -1 0 16777217 86 199 331 199 0 16777216 0 0 0 0 0 0 0 4 258
AUD 259 1 31 119 -1 0 16777216 0 0 0 0 0 16777217 18 259 266 259 0 0 0 4 259
AUD 260 2 31 -1 -1 0 16777217 18 259 266 259 0 16777216 0 0 0 0 0 0 0 4 260
AUD 261 1 31 120 -1 0 16777216 0 0 0 0 0 16777217 16 261 266 261 0 0 0 4 261
AUD 262 2 31 -1 -1 0 16777217 16 261 266 261 0 16777216 0 0 0 0 0 0 0 4 262
AUD 263 1 31 121 -1 0 16777216 0 0 0 0 0 16777217 20 263 266 263 0 0 0 4 263
AUD 264 2 31 -1 -1 0 16777217 20 263 266 263 0 16777216 0 0 0 0 0 0 0 4 264
AUD 265 1 31 122 -1 0 16777216 0 0 0 0 0 16777217 86 265 331 265 0 0 0 4 265
AUD 266 2 31 -1 -1 0 16777217 86 265 331 265 0 16777216 0 0 0 0 0 0 0 4 266
AUD 267 1 31 123 -1 0 16777216 0 0 0 0 0 16777217 16 267 266 267 0 0 0 4 267
AUD 268 2 31 -1 -1 0 16777217 16 267 266 267 0 16777216 0 0 0 0 0 0 0 4 268
AUD 269 1 31 124 -1 0 16777216 0 0 0 0 0 16777217 20 269 266 269 0 0 0 4 269
AUD 270 2 31 -1 -1 0 16777217 20 269 266 269 0 16777216 0 0 0 0 0 0 0 4 270
AUD 271 1 31 125 -1 0 16777216 0 0 0 0 0 16777217 86 271 331 271 0 0 0 4 271
AUD 272 2 31 -1 -1 0 16777217 86 271 331 271 0 16777216 0 0 0 0 0 0 0 4 272
AUD 273 1 31 126 -1 0 16777216 0 0 0 0 0 16777217 16 273 266 273 0 0 0 4 273
AUD 274 2 31 -1 -1 0 16777217 16 273 266 273 0 16777216 0 0 0 0 0 0 0 4 274
AUD 275 1 31 127 -1 0 16777216 0 0 0 0 0 16777217 20 275 266 275 0 0 0 4 275
AUD 276 12 15 -1 2 0 16777217 84 155 336 216 0 16777217 84 155 346 276 0 0 0 4 276
AUD 277 2 31 -1 -1 0 16777217 20 275 266 275 0 16777216 0 0 0 0 0 0 0 4 277
AUD 278 1 31 128 -1 0 16777216 0 0 0 0 0 16777217 86 278 331 278 0 0 0 4 278
AUD 279 2 31 -1 -1 0 16777217 86 278 331 278 0 16777216 0 0 0 0 0 0 0 4 279
AUD 280 1 31 129 -1 0 16777216 0 0 0 0 0 16777217 16 280 266 280 0 0 0 4 280
AUD 281 2 31 -1 -1 0 16777217 16 280 266 280 0 16777216 0 0 0 0 0 0 0 4 281
AUD 282 1 31 130 -1 0 16777216 0 0 0 0 0 16777217 20 282 266 282 0 0 0 4 282
AUD 283 2 31 -1 -1 0 16777217 20 282 266 282 0 16777216 0 0 0 0 0 0 0 4 283
AUD 284 1 31 131 -1 0 16777216 0 0 0 0 0 16777217 18 284 266 284 0 0 0 4 284
AUD 285 12 18 -1 2 0 16777217 88 165 336 226 0 16777217 88 165 346 285 0 0 0 4 285
AUD 286 2 31 -1 -1 0 16777217 18 284 266 284 0 16777216 0 0 0 0 0 0 0 4 286
AUD 287 1 31 132 -1 0 16777216 0 0 0 0 0 16777217 84 287 331 287 0 0 0 4 287
AUD 288 2 31 -1 -1 0 16777217 84 287 331 287 0 16777216 0 0 0 0 0 0 0 4 288
AUD 289 1 31 133 -1 0 16777216 0 0 0 0 0 16777217 20 289 266 289 0 0 0 4 289
AUD 290 2 31 -1 -1 0 16777217 20 289 266 289 0 16777216 0 0 0 0 0 0 0 4 290
AUD 291 1 31 134 -1 0 16777216 0 0 0 0 0 16777217 18 291 266 291 0 0 0 4 291
AUD 292 12 21 -1 2 0 16777217 88 173 336 234 0 16777217 88 173 346 292 0 0 0 4 292
AUD 293 2 31 -1 -1 0 16777217 18 291 266 291 0 16777216 0 0 0 0 0 0 0 4 293
AUD 294 1 31 135 -1 0 16777216 0 0 0 0 0 16777217 84 294 331 294 0 0 0 4 294
AUD 295 2 31 -1 -1 0 16777217 84 294 331 294 0 16777216 0 0 0 0 0 0 0 4 295
AUD 296 1 31 136 -1 0 16777216 0 0 0 0 0 16777217 20 296 266 296 0 0 0 4 296
AUD 297 12 13 -1 1 0 16777217 88 241 331 241 0 16777217 88 241 336 297 0 0 0 4 297
AUD 298 2 31 -1 -1 0 16777217 20 296 266 296 0 16777216 0 0 0 0 0 0 0 4 298
AUD 299 1 31 137 -1 0 16777216 0 0 0 0 0 16777217 18 299 266 299 0 0 0 4 299
AUD 300 12 25 -1 2 0 16777217 88 181 336 242 0 16777217 88 181 346 300 0 0 0 4 300
AUD 301 2 31 -1 -1 0 16777217 18 299 266 299 0 16777216 0 0 0 0 0 0 0 4 301
AUD 302 1 31 138 -1 0 16777216 0 0 0 0 0 16777217 84 302 331 302 0 0 0 4 302
AUD 303 2 31 -1 -1 0 16777217 84 302 331 302 0 16777216 0 0 0 0 0 0 0 4 303
AUD 304 1 31 139 -1 0 16777216 0 0 0 0 0 16777217 20 304 266 304 0 0 0 4 304
AUD 305 12 12 -1 1 0 16777217 88 249 331 249 0 16777217 88 249 336 305 0 0 0 4 305
AUD 306 2 31 -1 -1 0 16777217 20 304 266 304 0 16777216 0 0 0 0 0 0 0 4 306
AUD 307 1 31 140 -1 0 16777216 0 0 0 0 0 16777217 18 307 266 307 0 0 0 4 307
AUD 308 2 31 -1 -1 0 16777217 18 307 266 307 0 16777216 0 0 0 0 0 0 0 4 308
AUD 309 1 31 141 -1 0 16777216 0 0 0 0 0 16777217 16 309 266 309 0 0 0 4 309
AUD 310 12 26 -1 2 0 16777217 86 191 336 252 0 16777217 86 191 346 310 0 0 0 4 310
AUD 311 2 31 -1 -1 0 16777217 16 309 266 309 0 16777216 0 0 0 0 0 0 0 4 311
AUD 312 1 31 142 -1 0 16777216 0 0 0 0 0 16777217 88 312 331 312 0 0 0 4 312
AUD 313 12 19 -1 1 0 16777217 88 257 331 257 0 16777217 88 257 336 313 0 0 0 4 313
AUD 314 2 31 -1 -1 0 16777217 88 312 331 312 0 16777216 0 0 0 0 0 0 0 4 314
AUD 315 1 31 143 -1 0 16777216 0 0 0 0 0 16777217 18 315 266 315 0 0 0 4 315
AUD 316 2 31 -1 -1 0 16777217 18 315 266 315 0 16777216 0 0 0 0 0 0 0 4 316
AUD 317 1 31 144 -1 0 16777216 0 0 0 0 0 16777217 16 317 266 317 0 0 0 4 317
AUD 318 2 31 -1 -1 0 16777217 16 317 266 317 0 16777216 0 0 0 0 0 0 0 4 318
AUD 319 1 31 145 -1 0 16777216 0 0 0 0 0 16777217 88 319 331 319 0 0 0 4 319
AUD 320 2 31 -1 -1 0 16777217 88 319 331 319 0 16777216 0 0 0 0 0 0 0 4 320
AUD 321 1 31 146 -1 0 16777216 0 0 0 0 0 16777217 18 321 266 321 0 0 0 4 321
AUD 322 2 31 -1 -1 0 16777217 18 321 266 321 0 16777216 0 0 0 0 0 0 0 4 322
AUD 323 1 31 147 -1 0 16777216 0 0 0 0 0 16777217 16 323 266 323 0 0 0 4 323
AUD 324 2 31 -1 -1 0 16777217 16 323 266 323 0 16777216 0 0 0 0 0 0 0 4 324
AUD 325 1 31 148 -1 0 16777216 0 0 0 0 0 16777217 88 325 331 325 0 0 0 4 325
AUD 326 2 31 -1 -1 0 16777217 88 325 331 325 0 16777216 0 0 0 0 0 0 0 4 326
AUD 327 1 31 149 -1 0 16777216 0 0 0 0 0 16777217 18 327 266 327 0 0 0 4 327
AUD 328 2 31 -1 -1 0 16777217 18 327 266 327 0 16777216 0 0 0 0 0 0 0 4 328
AUD 329 1 31 150 -1 0 16777216 0 0 0 0 0 16777217 16 329 266 329 0 0 0 4 329
AUD 330 2 31 -1 -1 0 16777217 16 329 266 329 0 16777216 0 0 0 0 0 0 0 4 330
AUD 331 1 31 151 -1 0 16777216 0 0 0 0 0 16777217 20 331 266 331 0 0 0 4 331
AUD 332 2 31 -1 -1 0 16777217 20 331 266 331 0 16777216 0 0 0 0 0 0 0 4 332
AUD 333 1 31 152 -1 0 16777216 0 0 0 0 0 16777217 86 333 331 333 0 0 0 4 333
AUD 334 2 31 -1 -1 0 16777217 86 333 331 333 0 16777216 0 0 0 0 0 0 0 4 334
AUD 335 1 31 153 -1 0 16777216 0 0 0 0 0 16777217 16 335 266 335 0 0 0 4 335
AUD 336 2 31 -1 -1 0 16777217 16 335 266 335 0 16777216 0 0 0 0 0 0 0 4 336
AUD 337 1 31 154 -1 0 16777216 0 0 0 0 0 16777217 20 337 266 337 0 0 0 4 337
AUD 338 2 31 -1 -1 0 16777217 20 337 266 337 0 16777216 0 0 0 0 0 0 0 4 338
AUD 339 1 31 155 -1 0 16777216 0 0 0 0 0 16777217 86 339 331 339 0 0 0 4 339
AUD 340 2 31 -1 -1 0 16777217 86 339 331 339 0 16777216 0 0 0 0 0 0 0 4 340
AUD 341 1 31 156 -1 0 16777216 0 0 0 0 0 16777217 16 341 266 341 0 0 0 4 341
AUD 342 2 31 -1 -1 0 16777217 16 341 266 341 0 16777216 0 0 0 0 0 0 0 4 342
AUD 343 1 31 157 -1 0 16777216 0 0 0 0 0 16777217 20 343 266 343 0 0 0 4 343
AUD 344 2 31 -1 -1 0 16777217 20 343 266 343 0 16777216 0 0 0 0 0 0 0 4 344
AUD 345 1 31 158 -1 0 16777216 0 0 0 0 0 16777217 86 345 331 345 0 0 0 4 345
AUD 346 2 31 -1 -1 0 16777217 86 345 331 345 0 16777216 0 0 0 0 0 0 0 4 346
AUD 347 1 31 159 -1 0 16777216 0 0 0 0 0 16777217 16 347 266 347 0 0 0 4 347
AUD 348 2 31 -1 -1 0 16777217 16 347 266 347 0 16777216 0 0 0 0 0 0 0 4 348
AUD 349 1 31 160 -1 0 16777216 0 0 0 0 0 16777217 20 349 266 349 0 0 0 4 349
AUD 350 2 31 -1 -1 0 16777217 20 349 266 349 0 16777216 0 0 0 0 0 0 0 4 350
AUD 351 1 31 161 -1 0 16777216 0 0 0 0 0 16777217 18 351 266 351 0 0 0 4 351
AUD 352 12 13 -1 2 0 16777217 88 241 336 297 0 16777217 88 241 346 352 0 0 0 4 352
AUD 353 2 31 -1 -1 0 16777217 18 351 266 351 0 16777216 0 0 0 0 0 0 0 4 353
AUD 354 1 31 162 -1 0 16777216 0 0 0 0 0 16777217 84 354 331 354 0 0 0 4 354
AUD 355 2 31 -1 -1 0 16777217 84 354 331 354 0 16777216 0 0 0 0 0 0 0 4 355
AUD 356 1 31 163 -1 0 16777216 0 0 0 0 0 16777217 20 356 266 356 0 0 0 4 356
AUD 357 2 31 -1 -1 0 16777217 20 356 266 356 0 16777216 0 0 0 0 0 0 0 4 357
AUD 358 1 31 164 -1 0 16777216 0 0 0 0 0 16777217 18 358 266 358 0 0 0 4 358
AUD 359 12 12 -1 2 0 16777217 88 249 336 305 0 16777217 88 249 346 359 0 0 0 4 359
AUD 360 2 31 -1 -1 0 16777217 18 358 266 358 0 16777216 0 0 0 0 0 0 0 4 360
AUD 361 1 31 165 -1 0 16777216 0 0 0 0 0 16777217 84 361 331 361 0 0 0 4 361
AUD 362 2 31 -1 -1 0 16777217 84 361 331 361 0 16777216 0 0 0 0 0 0 0 4 362
AUD 363 1 31 166 -1 0 16777216 0 0 0 0 0 16777217 88 363 331 363 0 0 0 4 363
AUD 364 2 31 -1 -1 0 16777217 88 363 331 363 0 16777216 0 0 0 0 0 0 0 4 364
AUD 365 1 31 167 -1 0 16777216 0 0 0 0 0 16777217 18 365 266 365 0 0 0 4 365
AUD 366 12 19 -1 2 0 16777217 88 257 336 313 0 16777217 88 257 346 366 0 0 0 4 366
AUD 367 2 31 -1 -1 0 16777217 18 365 266 365 0 16777216 0 0 0 0 0 0 0 4 367
AUD 368 1 31 168 -1 0 16777216 0 0 0 0 0 16777217 84 368 331 368 0 0 0 4 368
AUD 369 2 31 -1 -1 0 16777217 84 368 331 368 0 16777216 0 0 0 0 0 0 0 4 369
AUD 370 1 31 169 -1 0 16777216 0 0 0 0 0 16777217 20 370 266 370 0 0 0 4 370
AUD 371 2 31 -1 -1 0 16777217 20 370 266 370 0 16777216 0 0 0 0 0 0 0 4 371
AUD 372 1 31 170 -1 0 16777216 0 0 0 0 0 16777217 18 372 266 372 0 0 0 4 372
AUD 373 2 31 -1 -1 0 16777217 18 372 266 372 0 16777216 0 0 0 0 0 0 0 4 373
AUD 374 1 31 171 -1 0 16777216 0 0 0 0 0 16777217 16 374 266 374 0 0 0 4 374
AUD 375 2 31 -1 -1 0 16777217 16 374 266 374 0 16777216 0 0 0 0 0 0 0 4 375
AUD 376 1 31 172 -1 0 16777216 0 0 0 0 0 16777217 88 376 331 376 0 0 0 4 376
AUD 377 2 31 -1 -1 0 16777217 88 376 331 376 0 16777216 0 0 0 0 0 0 0 4 377
AUD 378 1 31 173 -1 0 16777216 0 0 0 0 0 16777217 18 378 266 378 0 0 0 4 378
AUD 379 2 31 -1 -1 0 16777217 18 378 266 378 0 16777216 0 0 0 0 0 0 0 4 379
AUD 380 1 31 174 -1 0 16777216 0 0 0 0 0 16777217 16 380 266 380 0 0 0 4 380
AUD 381 2 31 -1 -1 0 16777217 16 380 266 380 0 16777216 0 0 0 0 0 0 0 4 381
AUD 382 1 31 175 -1 0 16777216 0 0 0 0 0 16777217 88 382 331 382 0 0 0 4 382
AUD 383 2 31 -1 -1 0 16777217 88 382 331 382 0 16777216 0 0 0 0 0 0 0 4 383
AUD 384 1 31 176 -1 0 16777216 0 0 0 0 0 16777217 18 384 266 384 0 0 0 4 384
AUD 385 2 31 -1 -1 0 16777217 18 384 266 384 0 16777216 0 0 0 0 0 0 0 4 385
AUD 386 1 31 177 -1 0 16777216 0 0 0 0 0 16777217 16 386 266 386 0 0 0 4 386
AUD 387 2 31 -1 -1 0 16777217 16 386 266 386 0 16777216 0 0 0 0 0 0 0 4 387
AUD 388 1 31 178 -1 0 16777216 0 0 0 0 0 16777217 88 388 331 388 0 0 0 4 388
AUD 389 2 31 -1 -1 0 16777217 88 388 331 388 0 16777216 0 0 0 0 0 0 0 4 389
AUD 390 1 31 179 -1 0 16777216 0 0 0 0 0 16777217 18 390 266 390 0 0 0 4 390
AUD 391 2 31 -1 -1 0 16777217 18 390 266 390 0 16777216 0 0 0 0 0 0 0 4 391
AUD 392 1 31 180 -1 0 16777216 0 0 0 0 0 16777217 16 392 266 392 0 0 0 4 392
AUD 393 2 31 -1 -1 0 16777217 16 392 266 392 0 16777216 0 0 0 0 0 0 0 4 393
AUD 394 1 31 181 -1 0 16777216 0 0 0 0 0 16777217 20 394 266 394 0 0 0 4 394
AUD 395 2 31 -1 -1 0 16777217 20 394 266 394 0 16777216 0 0 0 0 0 0 0 4 395
AUD 396 1 31 182 -1 0 16777216 0 0 0 0 0 16777217 86 396 331 396 0 0 0 4 396
AUD 397 2 31 -1 -1 0 16777217 86 396 331 396 0 16777216 0 0 0 0 0 0 0 4 397
AUD 398 1 31 183 -1 0 16777216 0 0 0 0 0 16777217 16 398 266 398 0 0 0 4 398
AUD 399 2 31 -1 -1 0 16777217 16 398 266 398 0 16777216 0 0 0 0 0 0 0 4 399
AUD 400 1 31 184 -1 0 16777216 0 0 0 0 0 16777217 20 400 266 400 0 0 0 4 400
AUD 401 2 31 -1 -1 0 16777217 20 400 266 400 0 16777216 0 0 0 0 0 0 0 4 401
AUD 402 1 31 185 -1 0 16777216 0 0 0 0 0 16777217 86 402 331 402 0 0 0 4 402
AUD 403 2 31 -1 -1 0 16777217 86 402 331 402 0 16777216 0 0 0 0 0 0 0 4 403
AUD 404 1 31 186 -1 0 16777216 0 0 0 0 0 16777217 16 404 266 404 0 0 0 4 404
AUD 405 2 31 -1 -1 0 16777217 16 404 266 404 0 16777216 0 0 0 0 0 0 0 4 405
AUD 406 1 31 187 -1 0 16777216 0 0 0 0 0 16777217 20 406 266 406 0 0 0 4 406
AUD 407 2 31 -1 -1 0 16777217 20 406 266 406 0 16777216 0 0 0 0 0 0 0 4 407
AUD 408 1 31 188 -1 0 16777216 0 0 0 0 0 16777217 86 408 331 408 0 0 0 4 408
AUD 409 2 31 -1 -1 0 16777217 86 408 331 408 0 16777216 0 0 0 0 0 0 0 4 409
AUD 410 1 31 189 -1 0 16777216 0 0 0 0 0 16777217 16 410 266 410 0 0 0 4 410
AUD 411 2 31 -1 -1 0 16777217 16 410 266 410 0 16777216 0 0 0 0 0 0 0 4 411
AUD 412 1 31 190 -1 0 16777216 0 0 0 0 0 16777217 20 412 266 412 0 0 0 4 412
AUD 413 2 31 -1 -1 0 16777217 20 412 266 412 0 16777216 0 0 0 0 0 0 0 4 413
AUD 414 1 31 191 -1 0 16777216 0 0 0 0 0 16777217 18 414 266 414 0 0 0 4 414
AUD 415 2 31 -1 -1 0 16777217 18 414 266 414 0 16777216 0 0 0 0 0 0 0 4 415
AUD 416 1 31 192 -1 0 16777216 0 0 0 0 0 16777217 84 416 331 416 0 0 0 4 416
AUD 417 2 31 -1 -1 0 16777217 84 416 331 416 0 16777216 0 0 0 0 0 0 0 4 417
AUD 418 1 31 193 -1 0 16777216 0 0 0 0 0 16777217 20 418 266 418 0 0 0 4 418
AUD 419 2 31 -1 -1 0 16777217 20 418 266 418 0 16777216 0 0 0 0 0 0 0 4 419
AUD 420 1 31 194 -1 0 16777216 0 0 0 0 0 16777217 18 420 266 420 0 0 0 4 420
AUD 421 2 31 -1 -1 0 16777217 18 420 266 420 0 16777216 0 0 0 0 0 0 0 4 421
AUD 422 1 31 195 -1 0 16777216 0 0 0 0 0 16777217 84 422 331 422 0 0 0 4 422
AUD 423 2 31 -1 -1 0 16777217 84 422 331 422 0 16777216 0 0 0 0 0 0 0 4 423
AUD 424 1 31 196 -1 0 16777216 0 0 0 0 0 16777217 20 424 266 424 0 0 0 4 424
AUD 425 2 31 -1 -1 0 16777217 20 424 266 424 0 16777216 0 0 0 0 0 0 0 4 425
AUD 426 1 31 197 -1 0 16777216 0 0 0 0 0 16777217 18 426 266 426 0 0 0 4 426
AUD 427 2 31 -1 -1 0 16777217 18 426 266 426 0 16777216 0 0 0 0 0 0 0 4 427
AUD 428 1 31 198 -1 0 16777216 0 0 0 0 0 16777217 84 428 331 428 0 0 0 4 428
AUD 429 2 31 -1 -1 0 16777217 84 428 331 428 0 16777216 0 0 0 0 0 0 0 4 429
AUD 430 1 31 199 -1 0 16777216 0 0 0 0 0 16777217 20 430 266 430 0 0 0 4 430
AUD 431 2 31 -1 -1 0 16777217 20 430 266 430 0 16777216 0 0 0 0 0 0 0 4 431
AUD 432 1 31 200 -1 0 16777216 0 0 0 0 0 16777217 18 432 266 432 0 0 0 4 432
AUD 433 2 31 -1 -1 0 16777217 18 432 266 432 0 16777216 0 0 0 0 0 0 0 4 433
AUD 434 1 31 201 -1 0 16777216 0 0 0 0 0 16777217 16 434 266 434 0 0 0 4 434
AUD 435 2 31 -1 -1 0 16777217 16 434 266 434 0 16777216 0 0 0 0 0 0 0 4 435
AUD 436 1 31 202 -1 0 16777216 0 0 0 0 0 16777217 88 436 331 436 0 0 0 4 436
AUD 437 2 31 -1 -1 0 16777217 88 436 331 436 0 16777216 0 0 0 0 0 0 0 4 437
AUD 438 1 31 203 -1 0 16777216 0 0 0 0 0 16777217 18 438 266 438 0 0 0 4 438
AUD 439 2 31 -1 -1 0 16777217 18 438 266 438 0 16777216 0 0 0 0 0 0 0 4 439
AUD 440 1 31 204 -1 0 16777216 0 0 0 0 0 16777217 16 440 266 440 0 0 0 4 440
AUD 441 2 31 -1 -1 0 16777217 16 440 266 440 0 16777216 0 0 0 0 0 0 0 4 441
AUD 442 1 31 205 -1 0 16777216 0 0 0 0 0 16777217 88 442 331 442 0 0 0 4 442
AUD 443 2 31 -1 -1 0 16777217 88 442 331 442 0 16777216 0 0 0 0 0 0 0 4 443
AUD 444 1 31 206 -1 0 16777216 0 0 0 0 0 16777217 18 444 266 444 0 0 0 4 444
AUD 445 2 31 -1 -1 0 16777217 18 444 266 444 0 16777216 0 0 0 0 0 0 0 4 445
AUD 446 1 31 207 -1 0 16777216 0 0 0 0 0 16777217 16 446 266 446 0 0 0 4 446
AUD 447 2 31 -1 -1 0 16777217 16 446 266 446 0 16777216 0 0 0 0 0 0 0 4 447
AUD 448 1 31 208 -1 0 16777216 0 0 0 0 0 16777217 88 448 331 448 0 0 0 4 448
AUD 449 2 31 -1 -1 0 16777217 88 448 331 448 0 16777216 0 0 0 0 0 0 0 4 449
AUD 450 1 31 209 -1 0 16777216 0 0 0 0 0 16777217 18 450 266 450 0 0 0 4 450
AUD 451 2 31 -1 -1 0 16777217 18 450 266 450 0 16777216 0 0 0 0 0 0 0 4 451
AUD 452 1 31 210 -1 0 16777216 0 0 0 0 0 16777217 16 452 266 452 0 0 0 4 452
AUD 453 2 31 -1 -1 0 16777217 16 452 266 452 0 16777216 0 0 0 0 0 0 0 4 453
AUD 454 1 31 211 -1 0 16777216 0 0 0 0 0 16777217 20 454 266 454 0 0 0 4 454
AUD 455 2 31 -1 -1 0 16777217 20 454 266 454 0 16777216 0 0 0 0 0 0 0 4 455
AUD 456 1 31 212 -1 0 16777216 0 0 0 0 0 16777217 86 456 331 456 0 0 0 4 456
AUD 457 2 31 -1 -1 0 16777217 86 456 331 456 0 16777216 0 0 0 0 0 0 0 4 457
AUD 458 1 31 213 -1 0 16777216 0 0 0 0 0 16777217 16 458 266 458 0 0 0 4 458
AUD 459 2 31 -1 -1 0 16777217 16 458 266 458 0 16777216 0 0 0 0 0 0 0 4 459
AUD 460 1 31 214 -1 0 16777216 0 0 0 0 0 16777217 20 460 266 460 0 0 0 4 460
AUD 461 2 31 -1 -1 0 16777217 20 460 266 460 0 16777216 0 0 0 0 0 0 0 4 461
AUD 462 1 31 215 -1 0 16777216 0 0 0 0 0 16777217 86 462 331 462 0 0 0 4 462
AUD 463 2 31 -1 -1 0 16777217 86 462 331 462 0 16777216 0 0 0 0 0 0 0 4 463
AUD 464 1 31 216 -1 0 16777216 0 0 0 0 0 16777217 16 464 266 464 0 0 0 4 464
AUD 465 2 31 -1 -1 0 16777217 16 464 266 464 0 16777216 0 0 0 0 0 0 0 4 465
AUD 466 1 31 217 -1 0 16777216 0 0 0 0 0 16777217 20 466 266 466 0 0 0 4 466
AUD 467 2 31 -1 -1 0 16777217 20 466 266 466 0 16777216 0 0 0 0 0 0 0 4 467
AUD 468 1 31 218 -1 0 16777216 0 0 0 0 0 16777217 86 468 331 468 0 0 0 4 468
AUD 469 2 31 -1 -1 0 16777217 86 468 331 468 0 16777216 0 0 0 0 0 0 0 4 469
AUD 470 1 31 219 -1 0 16777216 0 0 0 0 0 16777217 16 470 266 470 0 0 0 4 470
AUD 471 2 31 -1 -1 0 16777217 16 470 266 470 0 16777216 0 0 0 0 0 0 0 4 471
AUD 472 1 31 220 -1 0 16777216 0 0 0 0 0 16777217 20 472 266 472 0 0 0 4 472
AUD 473 2 31 -1 -1 0 16777217 20 472 266 472 0 16777216 0 0 0 0 0 0 0 4 473
AUD 474 1 31 221 -1 0 16777216 0 0 0 0 0 16777217 18 474 266 474 0 0 0 4 474
AUD 475 2 31 -1 -1 0 16777217 18 474 266 474 0 16777216 0 0 0 0 0 0 0 4 475
AUD 476 1 31 222 -1 0 16777216 0 0 0 0 0 16777217 84 476 331 476 0 0 0 4 476
AUD 477 2 31 -1 -1 0 16777217 84 476 331 476 0 16777216 0 0 0 0 0 0 0 4 477
AUD 478 1 31 223 -1 0 16777216 0 0 0 0 0 16777217 20 478 266 478 0 0 0 4 478
AUD 479 2 31 -1 -1 0 16777217 20 478 266 478 0 16777216 0 0 0 0 0 0 0 4 479
AUD 480 1 31 224 -1 0 16777216 0 0 0 0 0 16777217 18 480 266 480 0 0 0 4 480
AUD 481 2 31 -1 -1 0 16777217 18 480 266 480 0 16777216 0 0 0 0 0 0 0 4 481
AUD 482 1 31 225 -1 0 16777216 0 0 0 0 0 16777217 84 482 331 482 0 0 0 4 482
AUD 483 2 31 -1 -1 0 16777217 84 482 331 482 0 16777216 0 0 0 0 0 0 0 4 483
AUD 484 1 31 226 -1 0 16777216 0 0 0 0 0 16777217 20 484 266 484 0 0 0 4 484
AUD 485 2 31 -1 -1 0 16777217 20 484 266 484 0 16777216 0 0 0 0 0 0 0 4 485
AUD 486 1 31 227 -1 0 16777216 0 0 0 0 0 16777217 18 486 266 486 0 0 0 4 486
AUD 487 2 31 -1 -1 0 16777217 18 486 266 486 0 16777216 0 0 0 0 0 0 0 4 487
AUD 488 1 31 228 -1 0 16777216 0 0 0 0 0 16777217 84 488 331 488 0 0 0 4 488
AUD 489 2 31 -1 -1 0 16777217 84 488 331 488 0 16777216 0 0 0 0 0 0 0 4 489
AUD 490 1 31 229 -1 0 16777216 0 0 0 0 0 16777217 20 490 266 490 0 0 0 4 490
AUD 491 2 31 -1 -1 0 16777217 20 490 266 490 0 16777216 0 0 0 0 0 0 0 4 491
AUD 492 1 31 230 -1 0 16777216 0 0 0 0 0 16777217 18 492 266 492 0 0 0 4 492
AUD 493 2 31 -1 -1 0 16777217 18 492 266 492 0 16777216 0 0 0 0 0 0 0 4 493
AUD 494 1 31 231 -1 0 16777216 0 0 0 0 0 16777217 16 494 266 494 0 0 0 4 494
AUD 495 2 31 -1 -1 0 16777217 16 494 266 494 0 16777216 0 0 0 0 0 0 0 4 495
AUD 496 1 31 232 -1 0 16777216 0 0 0 0 0 16777217 88 496 331 496 0 0 0 4 496
AUD 497 2 31 -1 -1 0 16777217 88 496 331 496 0 16777216 0 0 0 0 0 0 0 4 497
AUD 498 1 31 233 -1 0 16777216 0 0 0 0 0 16777217 18 498 266 498 0 0 0 4 498
AUD 499 2 31 -1 -1 0 16777217 18 498 266 498 0 16777216 0 0 0 0 0 0 0 4 499
AUD 500 1 31 234 -1 0 16777216 0 0 0 0 0 16777217 16 500 266 500 0 0 0 4 500
AUD 501 2 31 -1 -1 0 16777217 16 500 266 500 0 16777216 0 0 0 0 0 0 0 4 501
AUD 502 1 31 235 -1 0 16777216 0 0 0 0 0 16777217 88 502 331 502 0 0 0 4 502
AUD 503 2 31 -1 -1 0 16777217 88 502 331 502 0 16777216 0 0 0 0 0 0 0 4 503
AUD 504 1 31 236 -1 0 16777216 0 0 0 0 0 16777217 18 504 266 504 0 0 0 4 504
AUD 505 2 31 -1 -1 0 16777217 18 504 266 504 0 16777216 0 0 0 0 0 0 0 4 505
AUD 506 1 31 237 -1 0 16777216 0 0 0 0 0 16777217 16 506 266 506 0 0 0 4 506
AUD 507 2 31 -1 -1 0 16777217 16 506 266 506 0 16777216 0 0 0 0 0 0 0 4 507
AUD 508 1 31 238 -1 0 16777216 0 0 0 0 0 16777217 88 508 331 508 0 0 0 4 508
AUD 509 2 31 -1 -1 0 16777217 88 508 331 508 0 16777216 0 0 0 0 0 0 0 4 509
AUD 510 1 31 239 -1 0 16777216 0 0 0 0 0 16777217 18 510 266 510 0 0 0 4 510
AUD 511 2 31 -1 -1 0 16777217 18 510 266 510 0 16777216 0 0 0 0 0 0 0 4 511
AUD 512 1 31 240 -1 0 16777216 0 0 0 0 0 16777217 16 512 266 512 0 0 0 4 512
AUD 513 2 31 -1 -1 0 16777217 16 512 266 512 0 16777216 0 0 0 0 0 0 0 4 513
AUD 514 1 31 241 -1 0 16777216 0 0 0 0 0 16777217 20 514 266 514 0 0 0 4 514
AUD 515 2 31 -1 -1 0 16777217 20 514 266 514 0 16777216 0 0 0 0 0 0 0 4 515
AUD 516 1 31 242 -1 0 16777216 0 0 0 0 0 16777217 86 516 331 516 0 0 0 4 516
AUD 517 2 31 -1 -1 0 16777217 86 516 331 516 0 16777216 0 0 0 0 0 0 0 4 517
AUD 518 1 31 243 -1 0 16777216 0 0 0 0 0 16777217 16 518 266 518 0 0 0 4 518
AUD 519 2 31 -1 -1 0 16777217 16 518 266 518 0 16777216 0 0 0 0 0 0 0 4 519
AUD 520 1 31 244 -1 0 16777216 0 0 0 0 0 16777217 20 520 266 520 0 0 0 4 520
AUD 521 2 31 -1 -1 0 16777217 20 520 266 520 0 16777216 0 0 0 0 0 0 0 4 521
AUD 522 1 31 245 -1 0 16777216 0 0 0 0 0 16777217 86 522 331 522 0 0 0 4 522
AUD 523 2 31 -1 -1 0 16777217 86 522 331 522 0 16777216 0 0 0 0 0 0 0 4 523
AUD 524 1 31 246 -1 0 16777216 0 0 0 0 0 16777217 16 524 266 524 0 0 0 4 524
AUD 525 2 31 -1 -1 0 16777217 16 524 266 524 0 16777216 0 0 0 0 0 0 0 4 525
AUD 526 1 31 247 -1 0 16777216 0 0 0 0 0 16777217 20 526 266 526 0 0 0 4 526
AUD 527 2 31 -1 -1 0 16777217 20 526 266 526 0 16777216 0 0 0 0 0 0 0 4 527
AUD 528 1 31 248 -1 0 16777216 0 0 0 0 0 16777217 86 528 331 528 0 0 0 4 528
AUD 529 2 31 -1 -1 0 16777217 86 528 331 528 0 16777216 0 0 0 0 0 0 0 4 529
AUD 530 1 31 249 -1 0 16777216 0 0 0 0 0 16777217 16 530 266 530 0 0 0 4 530
AUD 531 2 31 -1 -1 0 16777217 16 530 266 530 0 16777216 0 0 0 0 0 0 0 4 531
AUD 532 1 31 250 -1 0 16777216 0 0 0 0 0 16777217 88 532 331 532 0 0 0 4 532
AUD 533 2 31 -1 -1 0 16777217 88 532 331 532 0 16777216 0 0 0 0 0 0 0 4 533
AUD 534 1 31 251 -1 0 16777216 0 0 0 0 0 16777217 18 534 266 534 0 0 0 4 534
AUD 535 2 31 -1 -1 0 16777217 18 534 266 534 0 16777216 0 0 0 0 0 0 0 4 535
AUD 536 1 31 252 -1 0 16777216 0 0 0 0 0 16777217 84 536 331 536 0 0 0 4 536
AUD 537 2 31 -1 -1 0 16777217 84 536 331 536 0 16777216 0 0 0 0 0 0 0 4 537
AUD 538 1 31 253 -1 0 16777216 0 0 0 0 0 16777217 20 538 266 538 0 0 0 4 538
AUD 539 2 31 -1 -1 0 16777217 20 538 266 538 0 16777216 0 0 0 0 0 0 0 4 539
AUD 540 1 31 254 -1 0 16777216 0 0 0 0 0 16777217 18 540 266 540 0 0 0 4 540
AUD 541 2 31 -1 -1 0 16777217 18 540 266 540 0 16777216 0 0 0 0 0 0 0 4 541
AUD 542 1 31 255 -1 0 16777216 0 0 0 0 0 16777217 84 542 331 542 0 0 0 4 542
AUD 543 2 31 -1 -1 0 16777217 84 542 331 542 0 16777216 0 0 0 0 0 0 0 4 543
AUD 544 1 31 256 -1 0 16777216 0 0 0 0 0 16777217 20 544 266 544 0 0 0 4 544
AUD 545 2 31 -1 -1 0 16777217 20 544 266 544 0 16777216 0 0 0 0 0 0 0 4 545
AUD 546 1 31 257 -1 0 16777216 0 0 0 0 0 16777217 18 546 266 546 0 0 0 4 546
AUD 547 2 31 -1 -1 0 16777217 18 546 266 546 0 16777216 0 0 0 0 0 0 0 4 547
AUD 548 1 31 258 -1 0 16777216 0 0 0 0 0 16777217 84 548 331 548 0 0 0 4 548
AUD 549 2 31 -1 -1 0 16777217 84 548 331 548 0 16777216 0 0 0 0 0 0 0 4 549
AUD 550 1 31 259 -1 0 16777216 0 0 0 0 0 16777217 20 550 266 550 0 0 0 4 550
AUD 551 2 31 -1 -1 0 16777217 20 550 266 550 0 16777216 0 0 0 0 0 0 0 4 551
AUD 552 1 31 260 -1 0 16777216 0 0 0 0 0 16777217 18 552 266 552 0 0 0 4 552
AUD 553 2 31 -1 -1 0 16777217 18 552 266 552 0 16777216 0 0 0 0 0 0 0 4 553
AUD 554 1 31 261 -1 0 16777216 0 0 0 0 0 16777217 16 554 266 554 0 0 0 4 554
AUD 555 2 31 -1 -1 0 16777217 16 554 266 554 0 16777216 0 0 0 0 0 0 0 4 555
AUD 556 1 31 262 -1 0 16777216 0 0 0 0 0 16777217 88 556 331 556 0 0 0 4 556
AUD 557 2 31 -1 -1 0 16777217 88 556 331 556 0 16777216 0 0 0 0 0 0 0 4 557
AUD 558 1 31 263 -1 0 16777216 0 0 0 0 0 16777217 18 558 266 558 0 0 0 4 558
AUD 559 2 31 -1 -1 0 16777217 18 558 266 558 0 16777216 0 0 0 0 0 0 0 4 559
AUD 560 1 31 264 -1 0 16777216 0 0 0 0 0 16777217 16 560 266 560 0 0 0 4 560
AUD 561 2 31 -1 -1 0 16777217 16 560 266 560 0 16777216 0 0 0 0 0 0 0 4 561
AUD 562 1 31 265 -1 0 16777216 0 0 0 0 0 16777217 88 562 331 562 0 0 0 4 562
AUD 563 2 31 -1 -1 0 16777217 88 562 331 562 0 16777216 0 0 0 0 0 0 0 4 563
AUD 564 1 31 266 -1 0 16777216 0 0 0 0 0 16777217 18 564 266 564 0 0 0 4 564
AUD 565 2 31 -1 -1 0 16777217 18 564 266 564 0 16777216 0 0 0 0 0 0 0 4 565
AUD 566 1 31 267 -1 0 16777216 0 0 0 0 0 16777217 16 566 266 566 0 0 0 4 566
AUD 567 2 31 -1 -1 0 16777217 16 566 266 566 0 16777216 0 0 0 0 0 0 0 4 567
AUD 568 1 31 268 -1 0 16777216 0 0 0 0 0 16777217 88 568 331 568 0 0 0 4 568
AUD 569 2 31 -1 -1 0 16777217 88 568 331 568 0 16777216 0 0 0 0 0 0 0 4 569
AUD 570 1 31 269 -1 0 16777216 0 0 0 0 0 16777217 18 570 266 570 0 0 0 4 570
AUD 571 2 31 -1 -1 0 16777217 18 570 266 570 0 16777216 0 0 0 0 0 0 0 4 571
AUD 572 1 31 270 -1 0 16777216 0 0 0 0 0 16777217 16 572 266 572 0 0 0 4 572
AUD 573 2 31 -1 -1 0 16777217 16 572 266 572 0 16777216 0 0 0 0 0 0 0 4 573
AUD 574 1 31 271 -1 0 16777216 0 0 0 0 0 16777217 20 574 266 574 0 0 0 4 574
AUD 575 2 31 -1 -1 0 16777217 20 574 266 574 0 16777216 0 0 0 0 0 0 0 4 575
AUD 576 1 31 272 -1 0 16777216 0 0 0 0 0 16777217 86 576 331 576 0 0 0 4 576
AUD 577 2 31 -1 -1 0 16777217 86 576 331 576 0 16777216 0 0 0 0 0 0 0 4 577
AUD 578 1 31 273 -1 0 16777216 0 0 0 0 0 16777217 16 578 266 578 0 0 0 4 578
AUD 579 2 31 -1 -1 0 16777217 16 578 266 578 0 16777216 0 0 0 0 0 0 0 4 579
AUD 580 1 31 274 -1 0 16777216 0 0 0 0 0 16777217 20 580 266 580 0 0 0 4 580
AUD 581 2 31 -1 -1 0 16777217 20 580 266 580 0 16777216 0 0 0 0 0 0 0 4 581
AUD 582 1 31 275 -1 0 16777216 0 0 0 0 0 16777217 86 582 331 582 0 0 0 4 582
AUD 583 2 31 -1 -1 0 16777217 86 582 331 582 0 16777216 0 0 0 0 0 0 0 4 583
AUD 584 1 31 276 -1 0 16777216 0 0 0 0 0 16777217 16 584 266 584 0 0 0 4 584
AUD 585 2 31 -1 -1 0 16777217 16 584 266 584 0 16777216 0 0 0 0 0 0 0 4 585
AUD 586 1 31 277 -1 0 16777216 0 0 0 0 0 16777217 20 586 266 586 0 0 0 4 586
AUD 587 2 31 -1 -1 0 16777217 20 586 266 586 0 16777216 0 0 0 0 0 0 0 4 587
AUD 588 1 31 278 -1 0 16777216 0 0 0 0 0 16777217 86 588 331 588 0 0 0 4 588
AUD 589 2 31 -1 -1 0 16777217 86 588 331 588 0 16777216 0 0 0 0 0 0 0 4 589
AUD 590 1 31 279 -1 0 16777216 0 0 0 0 0 16777217 16 590 266 590 0 0 0 4 590
AUD 591 2 31 -1 -1 0 16777217 16 590 266 590 0 16777216 0 0 0 0 0 0 0 4 591
AUD 592 1 31 280 -1 0 16777216 0 0 0 0 0 16777217 20 592 266 592 0 0 0 4 592
AUD 593 2 31 -1 -1 0 16777217 20 592 266 592 0 16777216 0 0 0 0 0 0 0 4 593
AUD 594 1 31 281 -1 0 16777216 0 0 0 0 0 16777217 18 594 266 594 0 0 0 4 594
AUD 595 2 31 -1 -1 0 16777217 18 594 266 594 0 16777216 0 0 0 0 0 0 0 4 595
AUD 596 1 31 282 -1 0 16777216 0 0 0 0 0 16777217 84 596 331 596 0 0 0 4 596
AUD 597 2 31 -1 -1 0 16777217 84 596 331 596 0 16777216 0 0 0 0 0 0 0 4 597
AUD 598 1 31 283 -1 0 16777216 0 0 0 0 0 16777217 20 598 266 598 0 0 0 4 598
AUD 599 2 31 -1 -1 0 16777217 20 598 266 598 0 16777216 0 0 0 0 0 0 0 4 599
AUD 600 1 31 284 -1 0 16777216 0 0 0 0 0 16777217 18 600 266 600 0 0 0 4 600
AUD 601 2 31 -1 -1 0 16777217 18 600 266 600 0 16777216 0 0 0 0 0 0 0 4 601
AUD 602 1 31 285 -1 0 16777216 0 0 0 0 0 16777217 84 602 331 602 0 0 0 4 602
AUD 603 2 31 -1 -1 0 16777217 84 602 331 602 0 16777216 0 0 0 0 0 0 0 4 603
AUD 604 1 31 286 -1 0 16777216 0 0 0 0 0 16777217 20 604 266 604 0 0 0 4 604
AUD 605 2 31 -1 -1 0 16777217 20 604 266 604 0 16777216 0 0 0 0 0 0 0 4 605
AUD 606 1 31 287 -1 0 16777216 0 0 0 0 0 16777217 18 606 266 606 0 0 0 4 606
AUD 607 2 31 -1 -1 0 16777217 18 606 266 606 0 16777216 0 0 0 0 0 0 0 4 607
AUD 608 1 31 288 -1 0 16777216 0 0 0 0 0 16777217 84 608 331 608 0 0 0 4 608
AUD 609 2 31 -1 -1 0 16777217 84 608 331 608 0 16777216 0 0 0 0 0 0 0 4 609
AUD 610 1 31 289 -1 0 16777216 0 0 0 0 0 16777217 20 610 266 610 0 0 0 4 610
AUD 611 2 31 -1 -1 0 16777217 20 610 266 610 0 16777216 0 0 0 0 0 0 0 4 611
AUD 612 1 31 290 -1 0 16777216 0 0 0 0 0 16777217 18 612 266 612 0 0 0 4 612
AUD 613 2 31 -1 -1 0 16777217 18 612 266 612 0 16777216 0 0 0 0 0 0 0 4 613
AUD 614 1 31 291 -1 0 16777216 0 0 0 0 0 16777217 16 614 266 614 0 0 0 4 614
AUD 615 2 31 -1 -1 0 16777217 16 614 266 614 0 16777216 0 0 0 0 0 0 0 4 615
AUD 616 1 31 292 -1 0 16777216 0 0 0 0 0 16777217 88 616 331 616 0 0 0 4 616
AUD 617 2 31 -1 -1 0 16777217 88 616 331 616 0 16777216 0 0 0 0 0 0 0 4 617
AUD 618 1 31 293 -1 0 16777216 0 0 0 0 0 16777217 18 618 266 618 0 0 0 4 618
AUD 619 2 31 -1 -1 0 16777217 18 618 266 618 0 16777216 0 0 0 0 0 0 0 4 619
AUD 620 1 31 294 -1 0 16777216 0 0 0 0 0 16777217 16 620 266 620 0 0 0 4 620
AUD 621 2 31 -1 -1 0 16777217 16 620 266 620 0 16777216 0 0 0 0 0 0 0 4 621
AUD 622 1 31 295 -1 0 16777216 0 0 0 0 0 16777217 88 622 331 622 0 0 0 4 622
AUD 623 2 31 -1 -1 0 16777217 88 622 331 622 0 16777216 0 0 0 0 0 0 0 4 623
AUD 624 1 31 296 -1 0 16777216 0 0 0 0 0 16777217 18 624 266 624 0 0 0 4 624
AUD 625 2 31 -1 -1 0 16777217 18 624 266 624 0 16777216 0 0 0 0 0 0 0 4 625
AUD 626 1 31 297 -1 0 16777216 0 0 0 0 0 16777217 16 626 266 626 0 0 0 4 626
AUD 627 2 31 -1 -1 0 16777217 16 626 266 626 0 16777216 0 0 0 0 0 0 0 4 627
AUD 628 1 31 298 -1 0 16777216 0 0 0 0 0 16777217 88 628 331 628 0 0 0 4 628
AUD 629 2 31 -1 -1 0 16777217 88 628 331 628 0 16777216 0 0 0 0 0 0 0 4 629
AUD 630 1 31 299 -1 0 16777216 0 0 0 0 0 16777217 18 630 266 630 0 0 0 4 630
AUD 631 2 31 -1 -1 0 16777217 18 630 266 630 0 16777216 0 0 0 0 0 0 0 4 631
AUD 632 1 31 300 -1 0 16777216 0 0 0 0 0 16777217 16 632 266 632 0 0 0 4 632
AUD 633 2 31 -1 -1 0 16777217 16 632 266 632 0 16777216 0 0 0 0 0 0 0 4 633
AUD 634 1 31 301 -1 0 16777216 0 0 0 0 0 16777217 20 634 266 634 0 0 0 4 634
AUD 635 2 31 -1 -1 0 16777217 20 634 266 634 0 16777216 0 0 0 0 0 0 0 4 635
AUD 636 1 31 302 -1 0 16777216 0 0 0 0 0 16777217 86 636 331 636 0 0 0 4 636
AUD 637 2 31 -1 -1 0 16777217 86 636 331 636 0 16777216 0 0 0 0 0 0 0 4 637
AUD 638 1 31 303 -1 0 16777216 0 0 0 0 0 16777217 16 638 266 638 0 0 0 4 638
AUD 639 2 31 -1 -1 0 16777217 16 638 266 638 0 16777216 0 0 0 0 0 0 0 4 639
AUD 640 1 31 304 -1 0 16777216 0 0 0 0 0 16777217 20 640 266 640 0 0 0 4 640
AUD 641 2 31 -1 -1 0 16777217 20 640 266 640 0 16777216 0 0 0 0 0 0 0 4 641
AUD 642 1 31 305 -1 0 16777216 0 0 0 0 0 16777217 86 642 331 642 0 0 0 4 642
AUD 643 2 31 -1 -1 0 16777217 86 642 331 642 0 16777216 0 0 0 0 0 0 0 4 643
AUD 644 1 31 306 -1 0 16777216 0 0 0 0 0 16777217 16 644 266 644 0 0 0 4 644
AUD 645 2 31 -1 -1 0 16777217 16 644 266 644 0 16777216 0 0 0 0 0 0 0 4 645
AUD 646 1 31 307 -1 0 16777216 0 0 0 0 0 16777217 20 646 266 646 0 0 0 4 646
AUD 647 2 31 -1 -1 0 16777217 20 646 266 646 0 16777216 0 0 0 0 0 0 0 4 647
AUD 648 1 31 308 -1 0 16777216 0 0 0 0 0 16777217 86 648 331 648 0 0 0 4 648
AUD 649 2 31 -1 -1 0 16777217 86 648 331 648 0 16777216 0 0 0 0 0 0 0 4 649
AUD 650 1 31 309 -1 0 16777216 0 0 0 0 0 16777217 16 650 266 650 0 0 0 4 650
AUD 651 2 31 -1 -1 0 16777217 16 650 266 650 0 16777216 0 0 0 0 0 0 0 4 651
AUD 652 1 31 310 -1 0 16777216 0 0 0 0 0 16777217 20 652 266 652 0 0 0 4 652
AUD 653 2 31 -1 -1 0 16777217 20 652 266 652 0 16777216 0 0 0 0 0 0 0 4 653
AUD 654 1 31 311 -1 0 16777216 0 0 0 0 0 16777217 18 654 266 654 0 0 0 4 654
AUD 655 2 31 -1 -1 0 16777217 18 654 266 654 0 16777216 0 0 0 0 0 0 0 4 655
AUD 656 1 31 312 -1 0 16777216 0 0 0 0 0 16777217 84 656 331 656 0 0 0 4 656
AUD 657 2 31 -1 -1 0 16777217 84 656 331 656 0 16777216 0 0 0 0 0 0 0 4 657
AUD 658 1 31 313 -1 0 16777216 0 0 0 0 0 16777217 20 658 266 658 0 0 0 4 658
AUD 659 2 31 -1 -1 0 16777217 20 658 266 658 0 16777216 0 0 0 0 0 0 0 4 659
AUD 660 1 31 314 -1 0 16777216 0 0 0 0 0 16777217 18 660 266 660 0 0 0 4 660
AUD 661 2 31 -1 -1 0 16777217 18 660 266 660 0 16777216 0 0 0 0 0 0 0 4 661
AUD 662 1 31 315 -1 0 16777216 0 0 0 0 0 16777217 84 662 331 662 0 0 0 4 662
AUD 663 2 31 -1 -1 0 16777217 84 662 331 662 0 16777216 0 0 0 0 0 0 0 4 663
AUD 664 1 31 316 -1 0 16777216 0 0 0 0 0 16777217 20 664 266 664 0 0 0 4 664
AUD 665 2 31 -1 -1 0 16777217 20 664 266 664 0 16777216 0 0 0 0 0 0 0 4 665
AUD 666 1 31 317 -1 0 16777216 0 0 0 0 0 16777217 18 666 266 666 0 0 0 4 666
AUD 667 2 31 -1 -1 0 16777217 18 666 266 666 0 16777216 0 0 0 0 0 0 0 4 667
AUD 668 1 31 318 -1 0 16777216 0 0 0 0 0 16777217 84 668 331 668 0 0 0 4 668
AUD 669 2 31 -1 -1 0 16777217 84 668 331 668 0 16777216 0 0 0 0 0 0 0 4 669
AUD 670 1 31 319 -1 0 16777216 0 0 0 0 0 16777217 20 670 266 670 0 0 0 4 670
AUD 671 2 31 -1 -1 0 16777217 20 670 266 670 0 16777216 0 0 0 0 0 0 0 4 671
AUD 672 1 31 320 -1 0 16777216 0 0 0 0 0 16777217 18 672 266 672 0 0 0 4 672
AUD 673 2 31 -1 -1 0 16777217 18 672 266 672 0 16777216 0 0 0 0 0 0 0 4 673
AUD 674 1 31 321 -1 0 16777216 0 0 0 0 0 16777217 16 674 266 674 0 0 0 4 674
AUD 675 2 31 -1 -1 0 16777217 16 674 266 674 0 16777216 0 0 0 0 0 0 0 4 675
AUD 676 1 31 322 -1 0 16777216 0 0 0 0 0 16777217 88 676 331 676 0 0 0 4 676
AUD 677 2 31 -1 -1 0 16777217 88 676 331 676 0 16777216 0 0 0 0 0 0 0 4 677
AUD 678 1 31 323 -1 0 16777216 0 0 0 0 0 16777217 18 678 266 678 0 0 0 4 678
AUD 679 2 31 -1 -1 0 16777217 18 678 266 678 0 16777216 0 0 0 0 0 0 0 4 679
AUD 680 1 31 324 -1 0 16777216 0 0 0 0 0 16777217 16 680 266 680 0 0 0 4 680
AUD 681 2 31 -1 -1 0 16777217 16 680 266 680 0 16777216 0 0 0 0 0 0 0 4 681
AUD 682 1 31 325 -1 0 16777216 0 0 0 0 0 16777217 88 682 331 682 0 0 0 4 682
AUD 683 2 31 -1 -1 0 16777217 88 682 331 682 0 16777216 0 0 0 0 0 0 0 4 683
AUD 684 1 31 326 -1 0 16777216 0 0 0 0 0 16777217 18 684 266 684 0 0 0 4 684
AUD 685 2 31 -1 -1 0 16777217 18 684 266 684 0 16777216 0 0 0 0 0 0 0 4 685
AUD 686 1 31 327 -1 0 16777216 0 0 0 0 0 16777217 16 686 266 686 0 0 0 4 686
AUD 687 2 31 -1 -1 0 16777217 16 686 266 686 0 16777216 0 0 0 0 0 0 0 4 687
AUD 688 1 31 328 -1 0 16777216 0 0 0 0 0 16777217 88 688 331 688 0 0 0 4 688
AUD 689 2 31 -1 -1 0 16777217 88 688 331 688 0 16777216 0 0 0 0 0 0 0 4 689
AUD 690 1 31 329 -1 0 16777216 0 0 0 0 0 16777217 18 690 266 690 0 0 0 4 690
AUD 691 2 31 -1 -1 0 16777217 18 690 266 690 0 16777216 0 0 0 0 0 0 0 4 691
AUD 692 1 31 330 -1 0 16777216 0 0 0 0 0 16777217 16 692 266 692 0 0 0 4 692
AUD 693 2 31 -1 -1 0 16777217 16 692 266 692 0 16777216 0 0 0 0 0 0 0 4 693
AUD 694 1 31 331 -1 0 16777216 0 0 0 0 0 16777217 20 694 266 694 0 0 0 4 694
AUD 695 2 31 -1 -1 0 16777217 20 694 266 694 0 16777216 0 0 0 0 0 0 0 4 695
AUD 696 1 31 332 -1 0 16777216 0 0 0 0 0 16777217 86 696 331 696 0 0 0 4 696
AUD 697 2 31 -1 -1 0 16777217 86 696 331 696 0 16777216 0 0 0 0 0 0 0 4 697
AUD 698 1 31 333 -1 0 16777216 0 0 0 0 0 16777217 84 698 331 698 0 0 0 4 698
AUD 699 2 31 -1 -1 0 16777217 84 698 331 698 0 16777216 0 0 0 0 0 0 0 4 699
AUD 700 1 31 334 -1 0 16777216 0 0 0 0 0 16777217 20 700 266 700 0 0 0 4 700
AUD 701 2 31 -1 -1 0 16777217 20 700 266 700 0 16777216 0 0 0 0 0 0 0 4 701
AUD 702 1 31 335 -1 0 16777216 0 0 0 0 0 16777217 86 702 331 702 0 0 0 4 702
AUD 703 2 31 -1 -1 0 16777217 86 702 331 702 0 16777216 0 0 0 0 0 0 0 4 703
AUD 704 1 31 336 -1 0 16777216 0 0 0 0 0 16777217 16 704 266 704 0 0 0 4 704
AUD 705 2 31 -1 -1 0 16777217 16 704 266 704 0 16777216 0 0 0 0 0 0 0 4 705
AUD 706 1 31 337 -1 0 16777216 0 0 0 0 0 16777217 20 706 266 706 0 0 0 4 706
AUD 707 2 31 -1 -1 0 16777217 20 706 266 706 0 16777216 0 0 0 0 0 0 0 4 707
AUD 708 1 31 338 -1 0 16777216 0 0 0 0 0 16777217 86 708 331 708 0 0 0 4 708
AUD 709 2 31 -1 -1 0 16777217 86 708 331 708 0 16777216 0 0 0 0 0 0 0 4 709
AUD 710 1 31 339 -1 0 16777216 0 0 0 0 0 16777217 16 710 266 710 0 0 0 4 710
AUD 711 2 31 -1 -1 0 16777217 16 710 266 710 0 16777216 0 0 0 0 0 0 0 4 711
AUD 712 1 31 340 -1 0 16777216 0 0 0 0 0 16777217 20 712 266 712 0 0 0 4 712
AUD 713 2 31 -1 -1 0 16777217 20 712 266 712 0 16777216 0 0 0 0 0 0 0 4 713
AUD 714 1 31 341 -1 0 16777216 0 0 0 0 0 16777217 18 714 266 714 0 0 0 4 714
AUD 715 2 31 -1 -1 0 16777217 18 714 266 714 0 16777216 0 0 0 0 0 0 0 4 715
AUD 716 1 31 342 -1 0 16777216 0 0 0 0 0 16777217 84 716 331 716 0 0 0 4 716
AUD 717 2 31 -1 -1 0 16777217 84 716 331 716 0 16777216 0 0 0 0 0 0 0 4 717
AUD 718 1 31 343 -1 0 16777216 0 0 0 0 0 16777217 20 718 266 718 0 0 0 4 718
AUD 719 2 31 -1 -1 0 16777217 20 718 266 718 0 16777216 0 0 0 0 0 0 0 4 719
AUD 720 1 31 344 -1 0 16777216 0 0 0 0 0 16777217 18 720 266 720 0 0 0 4 720
AUD 721 2 31 -1 -1 0 16777217 18 720 266 720 0 16777216 0 0 0 0 0 0 0 4 721
AUD 722 1 31 345 -1 0 16777216 0 0 0 0 0 16777217 84 722 331 722 0 0 0 4 722
AUD 723 2 31 -1 -1 0 16777217 84 722 331 722 0 16777216 0 0 0 0 0 0 0 4 723
AUD 724 1 31 346 -1 0 16777216 0 0 0 0 0 16777217 20 724 266 724 0 0 0 4 724
AUD 725 2 31 -1 -1 0 16777217 20 724 266 724 0 16777216 0 0 0 0 0 0 0 4 725
AUD 726 1 31 347 -1 0 16777216 0 0 0 0 0 16777217 18 726 266 726 0 0 0 4 726
AUD 727 2 31 -1 -1 0 16777217 18 726 266 726 0 16777216 0 0 0 0 0 0 0 4 727
AUD 728 1 31 348 -1 0 16777216 0 0 0 0 0 16777217 84 728 331 728 0 0 0 4 728
AUD 729 2 31 -1 -1 0 16777217 84 728 331 728 0 16777216 0 0 0 0 0 0 0 4 729
AUD 730 1 31 349 -1 0 16777216 0 0 0 0 0 16777217 20 730 266 730 0 0 0 4 730
AUD 731 2 31 -1 -1 0 16777217 20 730 266 730 0 16777216 0 0 0 0 0 0 0 4 731
AUD 732 1 31 350 -1 0 16777216 0 0 0 0 0 16777217 18 732 266 732 0 0 0 4 732
AUD 733 2 31 -1 -1 0 16777217 18 732 266 732 0 16777216 0 0 0 0 0 0 0 4 733
AUD 734 1 31 351 -1 0 16777216 0 0 0 0 0 16777217 16 734 266 734 0 0 0 4 734
AUD 735 2 31 -1 -1 0 16777217 16 734 266 734 0 16777216 0 0 0 0 0 0 0 4 735
AUD 736 1 31 352 -1 0 16777216 0 0 0 0 0 16777217 88 736 331 736 0 0 0 4 736
AUD 737 2 31 -1 -1 0 16777217 88 736 331 736 0 16777216 0 0 0 0 0 0 0 4 737
AUD 738 1 31 353 -1 0 16777216 0 0 0 0 0 16777217 18 738 266 738 0 0 0 4 738
AUD 739 2 31 -1 -1 0 16777217 18 738 266 738 0 16777216 0 0 0 0 0 0 0 4 739
AUD 740 1 31 354 -1 0 16777216 0 0 0 0 0 16777217 16 740 266 740 0 0 0 4 740
AUD 741 2 31 -1 -1 0 16777217 16 740 266 740 0 16777216 0 0 0 0 0 0 0 4 741
AUD 742 1 31 355 -1 0 16777216 0 0 0 0 0 16777217 88 742 331 742 0 0 0 4 742
AUD 743 2 31 -1 -1 0 16777217 88 742 331 742 0 16777216 0 0 0 0 0 0 0 4 743
AUD 744 1 31 356 -1 0 16777216 0 0 0 0 0 16777217 18 744 266 744 0 0 0 4 744
AUD 745 2 31 -1 -1 0 16777217 18 744 266 744 0 16777216 0 0 0 0 0 0 0 4 745
AUD 746 1 31 357 -1 0 16777216 0 0 0 0 0 16777217 16 746 266 746 0 0 0 4 746
AUD 747 2 31 -1 -1 0 16777217 16 746 266 746 0 16777216 0 0 0 0 0 0 0 4 747
AUD 748 1 31 358 -1 0 16777216 0 0 0 0 0 16777217 88 748 331 748 0 0 0 4 748
AUD 749 2 31 -1 -1 0 16777217 88 748 331 748 0 16777216 0 0 0 0 0 0 0 4 749
AUD 750 1 31 359 -1 0 16777216 0 0 0 0 0 16777217 18 750 266 750 0 0 0 4 750
AUD 751 2 31 -1 -1 0 16777217 18 750 266 750 0 16777216 0 0 0 0 0 0 0 4 751
AUD 752 1 31 360 -1 0 16777216 0 0 0 0 0 16777217 16 752 266 752 0 0 0 4 752
AUD 753 2 31 -1 -1 0 16777217 16 752 266 752 0 16777216 0 0 0 0 0 0 0 4 753
AUD 754 1 31 361 -1 0 16777216 0 0 0 0 0 16777217 20 754 266 754 0 0 0 4 754
AUD 755 2 31 -1 -1 0 16777217 20 754 266 754 0 16777216 0 0 0 0 0 0 0 4 755
AUD 756 1 31 362 -1 0 16777216 0 0 0 0 0 16777217 86 756 331 756 0 0 0 4 756
AUD 757 2 31 -1 -1 0 16777217 86 756 331 756 0 16777216 0 0 0 0 0 0 0 4 757
AUD 758 1 31 363 -1 0 16777216 0 0 0 0 0 16777217 16 758 266 758 0 0 0 4 758
AUD 759 2 31 -1 -1 0 16777217 16 758 266 758 0 16777216 0 0 0 0 0 0 0 4 759
AUD 760 1 31 364 -1 0 16777216 0 0 0 0 0 16777217 20 760 266 760 0 0 0 4 760
AUD 761 2 31 -1 -1 0 16777217 20 760 266 760 0 16777216 0 0 0 0 0 0 0 4 761
AUD 762 1 31 365 -1 0 16777216 0 0 0 0 0 16777217 86 762 331 762 0 0 0 4 762
AUD 763 2 31 -1 -1 0 16777217 86 762 331 762 0 16777216 0 0 0 0 0 0 0 4 763
AUD 764 1 31 366 -1 0 16777216 0 0 0 0 0 16777217 16 764 266 764 0 0 0 4 764
AUD 765 2 31 -1 -1 0 16777217 16 764 266 764 0 16777216 0 0 0 0 0 0 0 4 765
AUD 766 1 31 367 -1 0 16777216 0 0 0 0 0 16777217 20 766 266 766 0 0 0 4 766
AUD 767 2 31 -1 -1 0 16777217 20 766 266 766 0 16777216 0 0 0 0 0 0 0 4 767
AUD 768 1 31 368 -1 0 16777216 0 0 0 0 0 16777217 86 768 331 768 0 0 0 4 768
AUD 769 2 31 -1 -1 0 16777217 86 768 331 768 0 16777216 0 0 0 0 0 0 0 4 769
AUD 770 1 31 369 -1 0 16777216 0 0 0 0 0 16777217 16 770 266 770 0 0 0 4 770
AUD 771 2 31 -1 -1 0 16777217 16 770 266 770 0 16777216 0 0 0 0 0 0 0 4 771
AUD 772 1 31 370 -1 0 16777216 0 0 0 0 0 16777217 20 772 266 772 0 0 0 4 772
AUD 773 2 31 -1 -1 0 16777217 20 772 266 772 0 16777216 0 0 0 0 0 0 0 4 773
AUD 774 1 31 371 -1 0 16777216 0 0 0 0 0 16777217 18 774 266 774 0 0 0 4 774
AUD 775 2 31 -1 -1 0 16777217 18 774 266 774 0 16777216 0 0 0 0 0 0 0 4 775
AUD 776 1 31 372 -1 0 16777216 0 0 0 0 0 16777217 84 776 331 776 0 0 0 4 776
AUD 777 2 31 -1 -1 0 16777217 84 776 331 776 0 16777216 0 0 0 0 0 0 0 4 777
AUD 778 1 31 373 -1 0 16777216 0 0 0 0 0 16777217 20 778 266 778 0 0 0 4 778
AUD 779 2 31 -1 -1 0 16777217 20 778 266 778 0 16777216 0 0 0 0 0 0 0 4 779
AUD 780 1 31 374 -1 0 16777216 0 0 0 0 0 16777217 18 780 266 780 0 0 0 4 780
AUD 781 2 31 -1 -1 0 16777217 18 780 266 780 0 16777216 0 0 0 0 0 0 0 4 781
AUD 782 1 31 375 -1 0 16777216 0 0 0 0 0 16777217 84 782 331 782 0 0 0 4 782
AUD 783 2 31 -1 -1 0 16777217 84 782 331 782 0 16777216 0 0 0 0 0 0 0 4 783
AUD 784 1 31 376 -1 0 16777216 0 0 0 0 0 16777217 20 784 266 784 0 0 0 4 784
AUD 785 2 31 -1 -1 0 16777217 20 784 266 784 0 16777216 0 0 0 0 0 0 0 4 785
AUD 786 1 31 377 -1 0 16777216 0 0 0 0 0 16777217 18 786 266 786 0 0 0 4 786
AUD 787 2 31 -1 -1 0 16777217 18 786 266 786 0 16777216 0 0 0 0 0 0 0 4 787
AUD 788 1 31 378 -1 0 16777216 0 0 0 0 0 16777217 84 788 331 788 0 0 0 4 788
AUD 789 2 31 -1 -1 0 16777217 84 788 331 788 0 16777216 0 0 0 0 0 0 0 4 789
AUD 790 1 31 379 -1 0 16777216 0 0 0 0 0 16777217 20 790 266 790 0 0 0 4 790
AUD 791 2 31 -1 -1 0 16777217 20 790 266 790 0 16777216 0 0 0 0 0 0 0 4 791
AUD 792 1 31 380 -1 0 16777216 0 0 0 0 0 16777217 18 792 266 792 0 0 0 4 792
AUD 793 2 31 -1 -1 0 16777217 18 792 266 792 0 16777216 0 0 0 0 0 0 0 4 793
AUD 794 1 31 381 -1 0 16777216 0 0 0 0 0 16777217 16 794 266 794 0 0 0 4 794
AUD 795 2 31 -1 -1 0 16777217 16 794 266 794 0 16777216 0 0 0 0 0 0 0 4 795
AUD 796 1 31 382 -1 0 16777216 0 0 0 0 0 16777217 88 796 331 796 0 0 0 4 796
AUD 797 2 31 -1 -1 0 16777217 88 796 331 796 0 16777216 0 0 0 0 0 0 0 4 797
AUD 798 1 31 383 -1 0 16777216 0 0 0 0 0 16777217 18 798 266 798 0 0 0 4 798
AUD 799 2 31 -1 -1 0 16777217 18 798 266 798 0 16777216 0 0 0 0 0 0 0 4 799
AUD 800 1 31 384 -1 0 16777216 0 0 0 0 0 16777217 16 800 266 800 0 0 0 4 800
AUD 801 2 31 -1 -1 0 16777217 16 800 266 800 0 16777216 0 0 0 0 0 0 0 4 801
AUD 802 1 31 385 -1 0 16777216 0 0 0 0 0 16777217 88 802 331 802 0 0 0 4 802
AUD 803 2 31 -1 -1 0 16777217 88 802 331 802 0 16777216 0 0 0 0 0 0 0 4 803
AUD 804 1 31 386 -1 0 16777216 0 0 0 0 0 16777217 18 804 266 804 0 0 0 4 804
AUD 805 2 31 -1 -1 0 16777217 18 804 266 804 0 16777216 0 0 0 0 0 0 0 4 805
AUD 806 1 31 387 -1 0 16777216 0 0 0 0 0 16777217 16 806 266 806 0 0 0 4 806
AUD 807 2 31 -1 -1 0 16777217 16 806 266 806 0 16777216 0 0 0 0 0 0 0 4 807
AUD 808 1 31 388 -1 0 16777216 0 0 0 0 0 16777217 88 808 331 808 0 0 0 4 808
AUD 809 2 31 -1 -1 0 16777217 88 808 331 808 0 16777216 0 0 0 0 0 0 0 4 809
AUD 810 1 31 389 -1 0 16777216 0 0 0 0 0 16777217 18 810 266 810 0 0 0 4 810
AUD 811 2 31 -1 -1 0 16777217 18 810 266 810 0 16777216 0 0 0 0 0 0 0 4 811
AUD 812 1 31 390 -1 0 16777216 0 0 0 0 0 16777217 16 812 266 812 0 0 0 4 812
AUD 813 2 31 -1 -1 0 16777217 16 812 266 812 0 16777216 0 0 0 0 0 0 0 4 813
AUD 814 1 31 391 -1 0 16777216 0 0 0 0 0 16777217 20 814 266 814 0 0 0 4 814
AUD 815 2 31 -1 -1 0 16777217 20 814 266 814 0 16777216 0 0 0 0 0 0 0 4 815
AUD 816 1 31 392 -1 0 16777216 0 0 0 0 0 16777217 86 816 331 816 0 0 0 4 816
AUD 817 2 31 -1 -1 0 16777217 86 816 331 816 0 16777216 0 0 0 0 0 0 0 4 817
AUD 818 1 31 393 -1 0 16777216 0 0 0 0 0 16777217 16 818 266 818 0 0 0 4 818
AUD 819 2 31 -1 -1 0 16777217 16 818 266 818 0 16777216 0 0 0 0 0 0 0 4 819
AUD 820 1 31 394 -1 0 16777216 0 0 0 0 0 16777217 20 820 266 820 0 0 0 4 820
AUD 821 2 31 -1 -1 0 16777217 20 820 266 820 0 16777216 0 0 0 0 0 0 0 4 821
AUD 822 1 31 395 -1 0 16777216 0 0 0 0 0 16777217 86 822 331 822 0 0 0 4 822
AUD 823 2 31 -1 -1 0 16777217 86 822 331 822 0 16777216 0 0 0 0 0 0 0 4 823
AUD 824 1 31 396 -1 0 16777216 0 0 0 0 0 16777217 16 824 266 824 0 0 0 4 824
AUD 825 2 31 -1 -1 0 16777217 16 824 266 824 0 16777216 0 0 0 0 0 0 0 4 825
AUD 826 1 31 397 -1 0 16777216 0 0 0 0 0 16777217 20 826 266 826 0 0 0 4 826
AUD 827 2 31 -1 -1 0 16777217 20 826 266 826 0 16777216 0 0 0 0 0 0 0 4 827
AUD 828 1 31 398 -1 0 16777216 0 0 0 0 0 16777217 86 828 331 828 0 0 0 4 828
AUD 829 2 31 -1 -1 0 16777217 86 828 331 828 0 16777216 0 0 0 0 0 0 0 4 829
AUD 830 1 31 399 -1 0 16777216 0 0 0 0 0 16777217 16 830 266 830 0 0 0 4 830
AUD 831 2 31 -1 -1 0 16777217 16 830 266 830 0 16777216 0 0 0 0 0 0 0 4 831
AUD 832 1 31 400 -1 0 16777216 0 0 0 0 0 16777217 20 832 266 832 0 0 0 4 832
AUD 833 2 31 -1 -1 0 16777217 20 832 266 832 0 16777216 0 0 0 0 0 0 0 4 833
AUD 834 1 31 401 -1 0 16777216 0 0 0 0 0 16777217 18 834 266 834 0 0 0 4 834
AUD 835 2 31 -1 -1 0 16777217 18 834 266 834 0 16777216 0 0 0 0 0 0 0 4 835
AUD 836 1 31 402 -1 0 16777216 0 0 0 0 0 16777217 84 836 331 836 0 0 0 4 836
AUD 837 2 31 -1 -1 0 16777217 84 836 331 836 0 16777216 0 0 0 0 0 0 0 4 837
AUD 838 1 31 403 -1 0 16777216 0 0 0 0 0 16777217 20 838 266 838 0 0 0 4 838
AUD 839 2 31 -1 -1 0 16777217 20 838 266 838 0 16777216 0 0 0 0 0 0 0 4 839
AUD 840 1 31 404 -1 0 16777216 0 0 0 0 0 16777217 18 840 266 840 0 0 0 4 840
AUD 841 2 31 -1 -1 0 16777217 18 840 266 840 0 16777216 0 0 0 0 0 0 0 4 841
AUD 842 1 31 405 -1 0 16777216 0 0 0 0 0 16777217 84 842 331 842 0 0 0 4 842
AUD 843 2 31 -1 -1 0 16777217 84 842 331 842 0 16777216 0 0 0 0 0 0 0 4 843
AUD 844 1 31 406 -1 0 16777216 0 0 0 0 0 16777217 20 844 266 844 0 0 0 4 844
AUD 845 2 31 -1 -1 0 16777217 20 844 266 844 0 16777216 0 0 0 0 0 0 0 4 845
AUD 846 1 31 407 -1 0 16777216 0 0 0 0 0 16777217 18 846 266 846 0 0 0 4 846
AUD 847 2 31 -1 -1 0 16777217 18 846 266 846 0 16777216 0 0 0 0 0 0 0 4 847
AUD 848 1 31 408 -1 0 16777216 0 0 0 0 0 16777217 84 848 331 848 0 0 0 4 848
AUD 849 2 31 -1 -1 0 16777217 84 848 331 848 0 16777216 0 0 0 0 0 0 0 4 849
AUD 850 1 31 409 -1 0 16777216 0 0 0 0 0 16777217 20 850 266 850 0 0 0 4 850
AUD 851 2 31 -1 -1 0 16777217 20 850 266 850 0 16777216 0 0 0 0 0 0 0 4 851
AUD 852 1 31 410 -1 0 16777216 0 0 0 0 0 16777217 18 852 266 852 0 0 0 4 852
AUD 853 2 31 -1 -1 0 16777217 18 852 266 852 0 16777216 0 0 0 0 0 0 0 4 853
AUD 854 1 31 411 -1 0 16777216 0 0 0 0 0 16777217 16 854 266 854 0 0 0 4 854
AUD 855 2 31 -1 -1 0 16777217 16 854 266 854 0 16777216 0 0 0 0 0 0 0 4 855
AUD 856 1 31 412 -1 0 16777216 0 0 0 0 0 16777217 88 856 331 856 0 0 0 4 856
AUD 857 2 31 -1 -1 0 16777217 88 856 331 856 0 16777216 0 0 0 0 0 0 0 4 857
AUD 858 1 31 413 -1 0 16777216 0 0 0 0 0 16777217 18 858 266 858 0 0 0 4 858
AUD 859 2 31 -1 -1 0 16777217 18 858 266 858 0 16777216 0 0 0 0 0 0 0 4 859
AUD 860 1 31 414 -1 0 16777216 0 0 0 0 0 16777217 16 860 266 860 0 0 0 4 860
AUD 861 2 31 -1 -1 0 16777217 16 860 266 860 0 16777216 0 0 0 0 0 0 0 4 861
AUD 862 1 31 415 -1 0 16777216 0 0 0 0 0 16777217 88 862 331 862 0 0 0 4 862
AUD 863 2 31 -1 -1 0 16777217 88 862 331 862 0 16777216 0 0 0 0 0 0 0 4 863
AUD 864 1 31 416 -1 0 16777216 0 0 0 0 0 16777217 86 864 331 864 0 0 0 4 864
AUD 865 2 31 -1 -1 0 16777217 86 864 331 864 0 16777216 0 0 0 0 0 0 0 4 865
AUD 866 1 31 417 -1 0 16777216 0 0 0 0 0 16777217 16 866 266 866 0 0 0 4 866
AUD 867 2 31 -1 -1 0 16777217 16 866 266 866 0 16777216 0 0 0 0 0 0 0 4 867
AUD 868 1 31 418 -1 0 16777216 0 0 0 0 0 16777217 88 868 331 868 0 0 0 4 868
AUD 869 2 31 -1 -1 0 16777217 88 868 331 868 0 16777216 0 0 0 0 0 0 0 4 869
AUD 870 1 31 419 -1 0 16777216 0 0 0 0 0 16777217 18 870 266 870 0 0 0 4 870
AUD 871 2 31 -1 -1 0 16777217 18 870 266 870 0 16777216 0 0 0 0 0 0 0 4 871
AUD 872 1 31 420 -1 0 16777216 0 0 0 0 0 16777217 16 872 266 872 0 0 0 4 872
AUD 873 2 31 -1 -1 0 16777217 16 872 266 872 0 16777216 0 0 0 0 0 0 0 4 873
AUD 874 1 31 421 -1 0 16777216 0 0 0 0 0 16777217 20 874 266 874 0 0 0 4 874
AUD 875 2 31 -1 -1 0 16777217 20 874 266 874 0 16777216 0 0 0 0 0 0 0 4 875
AUD 876 1 31 422 -1 0 16777216 0 0 0 0 0 16777217 86 876 331 876 0 0 0 4 876
AUD 877 2 31 -1 -1 0 16777217 86 876 331 876 0 16777216 0 0 0 0 0 0 0 4 877
AUD 878 1 31 423 -1 0 16777216 0 0 0 0 0 16777217 16 878 266 878 0 0 0 4 878
AUD 879 2 31 -1 -1 0 16777217 16 878 266 878 0 16777216 0 0 0 0 0 0 0 4 879
AUD 880 1 31 424 -1 0 16777216 0 0 0 0 0 16777217 20 880 266 880 0 0 0 4 880
AUD 881 2 31 -1 -1 0 16777217 20 880 266 880 0 16777216 0 0 0 0 0 0 0 4 881
AUD 882 1 31 425 -1 0 16777216 0 0 0 0 0 16777217 86 882 331 882 0 0 0 4 882
AUD 883 2 31 -1 -1 0 16777217 86 882 331 882 0 16777216 0 0 0 0 0 0 0 4 883
AUD 884 1 31 426 -1 0 16777216 0 0 0 0 0 16777217 16 884 266 884 0 0 0 4 884
AUD 885 2 31 -1 -1 0 16777217 16 884 266 884 0 16777216 0 0 0 0 0 0 0 4 885
AUD 886 1 31 427 -1 0 16777216 0 0 0 0 0 16777217 20 886 266 886 0 0 0 4 886
AUD 887 2 31 -1 -1 0 16777217 20 886 266 886 0 16777216 0 0 0 0 0 0 0 4 887
AUD 888 1 31 428 -1 0 16777216 0 0 0 0 0 16777217 86 888 331 888 0 0 0 4 888
AUD 889 2 31 -1 -1 0 16777217 86 888 331 888 0 16777216 0 0 0 0 0 0 0 4 889
AUD 890 1 31 429 -1 0 16777216 0 0 0 0 0 16777217 16 890 266 890 0 0 0 4 890
AUD 891 2 31 -1 -1 0 16777217 16 890 266 890 0 16777216 0 0 0 0 0 0 0 4 891
AUD 892 1 31 430 -1 0 16777216 0 0 0 0 0 16777217 20 892 266 892 0 0 0 4 892
AUD 893 2 31 -1 -1 0 16777217 20 892 266 892 0 16777216 0 0 0 0 0 0 0 4 893
AUD 894 1 31 431 -1 0 16777216 0 0 0 0 0 16777217 18 894 266 894 0 0 0 4 894
AUD 895 2 31 -1 -1 0 16777217 18 894 266 894 0 16777216 0 0 0 0 0 0 0 4 895
AUD 896 1 31 432 -1 0 16777216 0 0 0 0 0 16777217 84 896 331 896 0 0 0 4 896
AUD 897 2 31 -1 -1 0 16777217 84 896 331 896 0 16777216 0 0 0 0 0 0 0 4 897
AUD 898 1 31 433 -1 0 16777216 0 0 0 0 0 16777217 20 898 266 898 0 0 0 4 898
AUD 899 2 31 -1 -1 0 16777217 20 898 266 898 0 16777216 0 0 0 0 0 0 0 4 899
AUD 900 1 31 434 -1 0 16777216 0 0 0 0 0 16777217 18 900 266 900 0 0 0 4 900
AUD 901 2 31 -1 -1 0 16777217 18 900 266 900 0 16777216 0 0 0 0 0 0 0 4 901
AUD 902 1 31 435 -1 0 16777216 0 0 0 0 0 16777217 84 902 331 902 0 0 0 4 902
AUD 903 2 31 -1 -1 0 16777217 84 902 331 902 0 16777216 0 0 0 0 0 0 0 4 903
AUD 904 1 31 436 -1 0 16777216 0 0 0 0 0 16777217 20 904 266 904 0 0 0 4 904
AUD 905 2 31 -1 -1 0 16777217 20 904 266 904 0 16777216 0 0 0 0 0 0 0 4 905
AUD 906 1 31 437 -1 0 16777216 0 0 0 0 0 16777217 18 906 266 906 0 0 0 4 906
AUD 907 2 31 -1 -1 0 16777217 18 906 266 906 0 16777216 0 0 0 0 0 0 0 4 907
AUD 908 1 31 438 -1 0 16777216 0 0 0 0 0 16777217 84 908 331 908 0 0 0 4 908
AUD 909 2 31 -1 -1 0 16777217 84 908 331 908 0 16777216 0 0 0 0 0 0 0 4 909
AUD 910 1 31 439 -1 0 16777216 0 0 0 0 0 16777217 20 910 266 910 0 0 0 4 910
AUD 911 2 31 -1 -1 0 16777217 20 910 266 910 0 16777216 0 0 0 0 0 0 0 4 911
AUD 912 1 31 440 -1 0 16777216 0 0 0 0 0 16777217 18 912 266 912 0 0 0 4 912
AUD 913 2 31 -1 -1 0 16777217 18 912 266 912 0 16777216 0 0 0 0 0 0 0 4 913
AUD 914 1 31 441 -1 0 16777216 0 0 0 0 0 16777217 16 914 266 914 0 0 0 4 914
AUD 915 2 31 -1 -1 0 16777217 16 914 266 914 0 16777216 0 0 0 0 0 0 0 4 915
AUD 916 1 31 442 -1 0 16777216 0 0 0 0 0 16777217 88 916 331 916 0 0 0 4 916
AUD 917 2 31 -1 -1 0 16777217 88 916 331 916 0 16777216 0 0 0 0 0 0 0 4 917
AUD 918 1 31 443 -1 0 16777216 0 0 0 0 0 16777217 18 918 266 918 0 0 0 4 918
AUD 919 2 31 -1 -1 0 16777217 18 918 266 918 0 16777216 0 0 0 0 0 0 0 4 919
AUD 920 1 31 444 -1 0 16777216 0 0 0 0 0 16777217 16 920 266 920 0 0 0 4 920
AUD 921 2 31 -1 -1 0 16777217 16 920 266 920 0 16777216 0 0 0 0 0 0 0 4 921
AUD 922 1 31 445 -1 0 16777216 0 0 0 0 0 16777217 88 922 331 922 0 0 0 4 922
AUD 923 2 31 -1 -1 0 16777217 88 922 331 922 0 16777216 0 0 0 0 0 0 0 4 923
AUD 924 1 31 446 -1 0 16777216 0 0 0 0 0 16777217 18 924 266 924 0 0 0 4 924
AUD 925 2 31 -1 -1 0 16777217 18 924 266 924 0 16777216 0 0 0 0 0 0 0 4 925
AUD 926 1 31 447 -1 0 16777216 0 0 0 0 0 16777217 16 926 266 926 0 0 0 4 926
AUD 927 2 31 -1 -1 0 16777217 16 926 266 926 0 16777216 0 0 0 0 0 0 0 4 927
AUD 928 1 31 448 -1 0 16777216 0 0 0 0 0 16777217 88 928 331 928 0 0 0 4 928
AUD 929 2 31 -1 -1 0 16777217 88 928 331 928 0 16777216 0 0 0 0 0 0 0 4 929
AUD 930 1 31 449 -1 0 16777216 0 0 0 0 0 16777217 18 930 266 930 0 0 0 4 930
AUD 931 2 31 -1 -1 0 16777217 18 930 266 930 0 16777216 0 0 0 0 0 0 0 4 931
AUD 932 1 31 450 -1 0 16777216 0 0 0 0 0 16777217 16 932 266 932 0 0 0 4 932
AUD 933 2 31 -1 -1 0 16777217 16 932 266 932 0 16777216 0 0 0 0 0 0 0 4 933
AUD 934 1 31 451 -1 0 16777216 0 0 0 0 0 16777217 20 934 266 934 0 0 0 4 934
AUD 935 2 31 -1 -1 0 16777217 20 934 266 934 0 16777216 0 0 0 0 0 0 0 4 935
AUD 936 1 31 452 -1 0 16777216 0 0 0 0 0 16777217 86 936 331 936 0 0 0 4 936
AUD 937 2 31 -1 -1 0 16777217 86 936 331 936 0 16777216 0 0 0 0 0 0 0 4 937
AUD 938 1 31 453 -1 0 16777216 0 0 0 0 0 16777217 16 938 266 938 0 0 0 4 938
AUD 939 2 31 -1 -1 0 16777217 16 938 266 938 0 16777216 0 0 0 0 0 0 0 4 939
AUD 940 1 31 454 -1 0 16777216 0 0 0 0 0 16777217 20 940 266 940 0 0 0 4 940
AUD 941 2 31 -1 -1 0 16777217 20 940 266 940 0 16777216 0 0 0 0 0 0 0 4 941
AUD 942 1 31 455 -1 0 16777216 0 0 0 0 0 16777217 86 942 331 942 0 0 0 4 942
AUD 943 2 31 -1 -1 0 16777217 86 942 331 942 0 16777216 0 0 0 0 0 0 0 4 943
AUD 944 1 31 456 -1 0 16777216 0 0 0 0 0 16777217 16 944 266 944 0 0 0 4 944
AUD 945 2 31 -1 -1 0 16777217 16 944 266 944 0 16777216 0 0 0 0 0 0 0 4 945
AUD 946 1 31 457 -1 0 16777216 0 0 0 0 0 16777217 20 946 266 946 0 0 0 4 946
AUD 947 2 31 -1 -1 0 16777217 20 946 266 946 0 16777216 0 0 0 0 0 0 0 4 947
AUD 948 1 31 458 -1 0 16777216 0 0 0 0 0 16777217 86 948 331 948 0 0 0 4 948
AUD 949 2 31 -1 -1 0 16777217 86 948 331 948 0 16777216 0 0 0 0 0 0 0 4 949
AUD 950 1 31 459 -1 0 16777216 0 0 0 0 0 16777217 16 950 266 950 0 0 0 4 950
AUD 951 2 31 -1 -1 0 16777217 16 950 266 950 0 16777216 0 0 0 0 0 0 0 4 951
AUD 952 1 31 460 -1 0 16777216 0 0 0 0 0 16777217 20 952 266 952 0 0 0 4 952
AUD 953 2 31 -1 -1 0 16777217 20 952 266 952 0 16777216 0 0 0 0 0 0 0 4 953
AUD 954 1 31 461 -1 0 16777216 0 0 0 0 0 16777217 18 954 266 954 0 0 0 4 954
AUD 955 2 31 -1 -1 0 16777217 18 954 266 954 0 16777216 0 0 0 0 0 0 0 4 955
AUD 956 1 31 462 -1 0 16777216 0 0 0 0 0 16777217 84 956 331 956 0 0 0 4 956
AUD 957 2 31 -1 -1 0 16777217 84 956 331 956 0 16777216 0 0 0 0 0 0 0 4 957
AUD 958 1 31 463 -1 0 16777216 0 0 0 0 0 16777217 20 958 266 958 0 0 0 4 958
AUD 959 2 31 -1 -1 0 16777217 20 958 266 958 0 16777216 0 0 0 0 0 0 0 4 959
AUD 960 1 31 464 -1 0 16777216 0 0 0 0 0 16777217 18 960 266 960 0 0 0 4 960
AUD 961 2 31 -1 -1 0 16777217 18 960 266 960 0 16777216 0 0 0 0 0 0 0 4 961
AUD 962 1 31 465 -1 0 16777216 0 0 0 0 0 16777217 84 962 331 962 0 0 0 4 962
AUD 963 2 31 -1 -1 0 16777217 84 962 331 962 0 16777216 0 0 0 0 0 0 0 4 963
AUD 964 1 31 466 -1 0 16777216 0 0 0 0 0 16777217 20 964 266 964 0 0 0 4 964
AUD 965 2 31 -1 -1 0 16777217 20 964 266 964 0 16777216 0 0 0 0 0 0 0 4 965
AUD 966 1 31 467 -1 0 16777216 0 0 0 0 0 16777217 18 966 266 966 0 0 0 4 966
AUD 967 2 31 -1 -1 0 16777217 18 966 266 966 0 16777216 0 0 0 0 0 0 0 4 967
AUD 968 1 31 468 -1 0 16777216 0 0 0 0 0 16777217 84 968 331 968 0 0 0 4 968
AUD 969 2 31 -1 -1 0 16777217 84 968 331 968 0 16777216 0 0 0 0 0 0 0 4 969
AUD 970 1 31 469 -1 0 16777216 0 0 0 0 0 16777217 20 970 266 970 0 0 0 4 970
AUD 971 2 31 -1 -1 0 16777217 20 970 266 970 0 16777216 0 0 0 0 0 0 0 4 971
AUD 972 1 31 470 -1 0 16777216 0 0 0 0 0 16777217 18 972 266 972 0 0 0 4 972
AUD 973 2 31 -1 -1 0 16777217 18 972 266 972 0 16777216 0 0 0 0 0 0 0 4 973
AUD 974 1 31 471 -1 0 16777216 0 0 0 0 0 16777217 16 974 266 974 0 0 0 4 974
AUD 975 2 31 -1 -1 0 16777217 16 974 266 974 0 16777216 0 0 0 0 0 0 0 4 975
AUD 976 1 31 472 -1 0 16777216 0 0 0 0 0 16777217 88 976 331 976 0 0 0 4 976
AUD 977 2 31 -1 -1 0 16777217 88 976 331 976 0 16777216 0 0 0 0 0 0 0 4 977
AUD 978 1 31 473 -1 0 16777216 0 0 0 0 0 16777217 18 978 266 978 0 0 0 4 978
AUD 979 2 31 -1 -1 0 16777217 18 978 266 978 0 16777216 0 0 0 0 0 0 0 4 979
AUD 980 1 31 474 -1 0 16777216 0 0 0 0 0 16777217 16 980 266 980 0 0 0 4 980
AUD 981 2 31 -1 -1 0 16777217 16 980 266 980 0 16777216 0 0 0 0 0 0 0 4 981
AUD 982 1 31 475 -1 0 16777216 0 0 0 0 0 16777217 88 982 331 982 0 0 0 4 982
AUD 983 2 31 -1 -1 0 16777217 88 982 331 982 0 16777216 0 0 0 0 0 0 0 4 983
AUD 984 1 31 476 -1 0 16777216 0 0 0 0 0 16777217 18 984 266 984 0 0 0 4 984
AUD 985 2 31 -1 -1 0 16777217 18 984 266 984 0 16777216 0 0 0 0 0 0 0 4 985
AUD 986 1 31 477 -1 0 16777216 0 0 0 0 0 16777217 16 986 266 986 0 0 0 4 986
AUD 987 2 31 -1 -1 0 16777217 16 986 266 986 0 16777216 0 0 0 0 0 0 0 4 987
AUD 988 1 31 478 -1 0 16777216 0 0 0 0 0 16777217 88 988 331 988 0 0 0 4 988
AUD 989 2 31 -1 -1 0 16777217 88 988 331 988 0 16777216 0 0 0 0 0 0 0 4 989
AUD 990 1 31 479 -1 0 16777216 0 0 0 0 0 16777217 18 990 266 990 0 0 0 4 990
AUD 991 2 31 -1 -1 0 16777217 18 990 266 990 0 16777216 0 0 0 0 0 0 0 4 991
AUD 992 1 31 480 -1 0 16777216 0 0 0 0 0 16777217 16 992 266 992 0 0 0 4 992
AUD 993 2 31 -1 -1 0 16777217 16 992 266 992 0 16777216 0 0 0 0 0 0 0 4 993
AUD 994 1 31 481 -1 0 16777216 0 0 0 0 0 16777217 20 994 266 994 0 0 0 4 994
AUD 995 2 31 -1 -1 0 16777217 20 994 266 994 0 16777216 0 0 0 0 0 0 0 4 995
AUD 996 1 31 482 -1 0 16777216 0 0 0 0 0 16777217 86 996 331 996 0 0 0 4 996
AUD 997 2 31 -1 -1 0 16777217 86 996 331 996 0 16777216 0 0 0 0 0 0 0 4 997
AUD 998 1 31 483 -1 0 16777216 0 0 0 0 0 16777217 16 998 266 998 0 0 0 4 998
AUD 999 2 31 -1 -1 0 16777217 16 998 266 998 0 16777216 0 0 0 0 0 0 0 4 999
AUD 1000 1 31 484 -1 0 16777216 0 0 0 0 0 16777217 20 1000 266 1000 0 0 0 4 1000
AUD 1001 2 31 -1 -1 0 16777217 20 1000 266 1000 0 16777216 0 0 0 0 0 0 0 4 1001
AUD 1002 1 31 485 -1 0 16777216 0 0 0 0 0 16777217 86 1002 331 1002 0 0 0 4 1002
AUD 1003 2 31 -1 -1 0 16777217 86 1002 331 1002 0 16777216 0 0 0 0 0 0 0 4 1003
AUD 1004 1 31 486 -1 0 16777216 0 0 0 0 0 16777217 16 1004 266 1004 0 0 0 4 1004
AUD 1005 2 31 -1 -1 0 16777217 16 1004 266 1004 0 16777216 0 0 0 0 0 0 0 4 1005
AUD 1006 1 31 487 -1 0 16777216 0 0 0 0 0 16777217 20 1006 266 1006 0 0 0 4 1006
AUD 1007 2 31 -1 -1 0 16777217 20 1006 266 1006 0 16777216 0 0 0 0 0 0 0 4 1007
AUD 1008 1 31 488 -1 0 16777216 0 0 0 0 0 16777217 86 1008 331 1008 0 0 0 4 1008
AUD 1009 2 31 -1 -1 0 16777217 86 1008 331 1008 0 16777216 0 0 0 0 0 0 0 4 1009
AUD 1010 1 31 489 -1 0 16777216 0 0 0 0 0 16777217 16 1010 266 1010 0 0 0 4 1010
AUD 1011 2 31 -1 -1 0 16777217 16 1010 266 1010 0 16777216 0 0 0 0 0 0 0 4 1011
AUD 1012 1 31 490 -1 0 16777216 0 0 0 0 0 16777217 20 1012 266 1012 0 0 0 4 1012
AUD 1013 2 31 -1 -1 0 16777217 20 1012 266 1012 0 16777216 0 0 0 0 0 0 0 4 1013
AUD 1014 1 31 491 -1 0 16777216 0 0 0 0 0 16777217 18 1014 266 1014 0 0 0 4 1014
AUD 1015 2 31 -1 -1 0 16777217 18 1014 266 1014 0 16777216 0 0 0 0 0 0 0 4 1015
AUD 1016 1 31 492 -1 0 16777216 0 0 0 0 0 16777217 84 1016 331 1016 0 0 0 4 1016
AUD 1017 2 31 -1 -1 0 16777217 84 1016 331 1016 0 16777216 0 0 0 0 0 0 0 4 1017
AUD 1018 1 31 493 -1 0 16777216 0 0 0 0 0 16777217 20 1018 266 1018 0 0 0 4 1018
AUD 1019 2 31 -1 -1 0 16777217 20 1018 266 1018 0 16777216 0 0 0 0 0 0 0 4 1019
AUD 1020 1 31 494 -1 0 16777216 0 0 0 0 0 16777217 18 1020 266 1020 0 0 0 4 1020
AUD 1021 2 31 -1 -1 0 16777217 18 1020 266 1020 0 16777216 0 0 0 0 0 0 0 4 1021
AUD 1022 1 31 495 -1 0 16777216 0 0 0 0 0 16777217 84 1022 331 1022 0 0 0 4 1022
AUD 1023 2 31 -1 -1 0 16777217 84 1022 331 1022 0 16777216 0 0 0 0 0 0 0 4 1023
AUD 1024 1 31 496 -1 0 16777216 0 0 0 0 0 16777217 20 1024 266 1024 0 0 0 4 1024
AUD 1025 2 31 -1 -1 0 16777217 20 1024 266 1024 0 16777216 0 0 0 0 0 0 0 4 1025
AUD 1026 1 31 497 -1 0 16777216 0 0 0 0 0 16777217 18 1026 266 1026 0 0 0 4 1026
AUD 1027 2 31 -1 -1 0 16777217 18 1026 266 1026 0 16777216 0 0 0 0 0 0 0 4 1027
AUD 1028 1 31 498 -1 0 16777216 0 0 0 0 0 16777217 84 1028 331 1028 0 0 0 4 1028
AUD 1029 2 31 -1 -1 0 16777217 84 1028 331 1028 0 16777216 0 0 0 0 0 0 0 4 1029
AUD 1030 1 31 499 -1 0 16777216 0 0 0 0 0 16777217 20 1030 266 1030 0 0 0 4 1030
AUD_DONE 1031
AUD_FP -1123662686
