AUD 0 1 0 -1 -1 0 0 0 0 0 0 0 65537 95 0 0 0 0 0 0 0 0
AUD 1 1 1 -1 -1 0 0 0 0 0 0 0 65537 90 1 0 1 0 0 0 0 1
AUD 2 8 -1 4 -1 0 0 0 0 0 0 0 0 0 0 0 0 0 0 0 4 2
AUD 3 1 2 0 -1 0 0 0 0 0 0 0 16777217 86 3 331 3 0 0 0 4 3
AUD 4 1 3 1 -1 0 0 0 0 0 0 0 16777217 84 4 331 4 0 0 0 4 4
AUD 5 1 4 2 -1 0 0 0 0 0 0 0 16777217 20 5 266 5 0 0 0 4 5
AUD 6 1 5 3 -1 0 0 0 0 0 0 0 16777217 18 6 266 6 0 0 0 4 6
AUD 7 1 6 4 -1 0 0 0 0 0 0 0 16777217 84 7 331 7 0 0 0 4 7
AUD 8 1 7 5 -1 0 0 0 0 0 0 0 16777217 20 8 266 8 0 0 0 4 8
AUD 9 1 8 6 -1 0 0 0 0 0 0 0 16777217 18 9 266 9 0 0 0 4 9
AUD 10 1 9 7 -1 0 0 0 0 0 0 0 16777217 84 10 331 10 0 0 0 4 10
AUD 11 1 10 8 -1 0 0 0 0 0 0 0 16777217 20 11 266 11 0 0 0 4 11
AUD 12 1 11 9 -1 0 0 0 0 0 0 0 16777217 18 12 266 12 0 0 0 4 12
AUD 13 1 12 10 -1 0 0 0 0 0 0 0 16777217 16 13 266 13 0 0 0 4 13
AUD 14 1 13 11 -1 0 0 0 0 0 0 0 16777217 88 14 331 14 0 0 0 4 14
AUD 15 1 14 12 -1 0 0 0 0 0 0 0 16777217 18 15 266 15 0 0 0 4 15
AUD 16 1 15 13 -1 0 0 0 0 0 0 0 16777217 16 16 266 16 0 0 0 4 16
AUD 17 1 16 14 -1 0 0 0 0 0 0 0 16777217 88 17 331 17 0 0 0 4 17
AUD 18 1 17 15 -1 0 0 0 0 0 0 0 16777217 18 18 266 18 0 0 0 4 18
AUD 19 1 18 16 -1 0 0 0 0 0 0 0 16777217 16 19 266 19 0 0 0 4 19
AUD 20 1 19 17 -1 0 0 0 0 0 0 0 16777217 88 20 331 20 0 0 0 4 20
AUD 21 1 20 18 -1 0 0 0 0 0 0 0 16777217 18 21 266 21 0 0 0 4 21
AUD 22 1 21 19 -1 0 0 0 0 0 0 0 16777217 16 22 266 22 0 0 0 4 22
AUD 23 1 22 20 -1 0 0 0 0 0 0 0 16777217 20 23 266 23 0 0 0 4 23
AUD 24 1 23 21 -1 0 0 0 0 0 0 0 16777217 86 24 331 24 0 0 0 4 24
AUD 25 1 24 22 -1 0 0 0 0 0 0 0 16777217 16 25 266 25 0 0 0 4 25
AUD 26 1 25 23 -1 0 0 0 0 0 0 0 16777217 20 26 266 26 0 0 0 4 26
AUD 27 1 26 24 -1 0 0 0 0 0 0 0 16777217 86 27 331 27 0 0 0 4 27
AUD 28 1 27 25 -1 0 0 0 0 0 0 0 16777217 16 28 266 28 0 0 0 4 28
AUD 29 12 3 -1 1 0 16777217 84 4 331 4 0 16777217 84 4 336 29 0 0 0 4 29
AUD 30 1 28 26 -1 0 0 0 0 0 0 0 16777217 20 30 266 30 0 0 0 4 30
AUD 31 1 29 27 -1 0 0 0 0 0 0 0 16777217 86 31 331 31 0 0 0 4 31
AUD 32 1 30 28 -1 0 0 0 0 0 0 0 16777217 16 32 266 32 0 0 0 4 32
AUD 33 12 6 -1 1 0 16777217 84 7 331 7 0 16777217 84 7 336 33 0 0 0 4 33
AUD 34 1 31 29 -1 0 0 0 0 0 0 0 16777217 20 34 266 34 0 0 0 4 34
AUD 35 2 12 -1 -1 0 16777217 16 13 266 13 0 16777216 0 0 0 0 0 0 0 4 35
AUD 36 1 12 30 -1 0 16777216 0 0 0 0 0 16777217 18 36 266 36 0 0 0 4 36
AUD 37 2 15 -1 -1 0 16777217 16 16 266 16 0 16777216 0 0 0 0 0 0 0 4 37
AUD 38 1 15 31 -1 0 16777216 0 0 0 0 0 16777217 84 38 331 38 0 0 0 4 38
AUD 39 12 9 -1 1 0 16777217 84 10 331 10 0 16777217 84 10 336 39 0 0 0 4 39
AUD 40 2 18 -1 -1 0 16777217 16 19 266 19 0 16777216 0 0 0 0 0 0 0 4 40
AUD 41 1 18 32 -1 0 16777216 0 0 0 0 0 16777217 20 41 266 41 0 0 0 4 41
AUD 42 2 21 -1 -1 0 16777217 16 22 266 22 0 16777216 0 0 0 0 0 0 0 4 42
AUD 43 1 21 33 -1 0 16777216 0 0 0 0 0 16777217 18 43 266 43 0 0 0 4 43
AUD 44 2 24 -1 -1 0 16777217 16 25 266 25 0 16777216 0 0 0 0 0 0 0 4 44
AUD 45 1 24 34 -1 0 16777216 0 0 0 0 0 16777217 84 45 331 45 0 0 0 4 45
AUD 46 2 27 -1 -1 0 16777217 16 28 266 28 0 16777216 0 0 0 0 0 0 0 4 46
AUD 47 1 27 35 -1 0 16777216 0 0 0 0 0 16777217 20 47 266 47 0 0 0 4 47
AUD 48 12 13 -1 1 0 16777217 88 14 331 14 0 16777217 88 14 336 48 0 0 0 4 48
AUD 49 2 30 -1 -1 0 16777217 16 32 266 32 0 16777216 0 0 0 0 0 0 0 4 49
AUD 50 1 30 36 -1 0 16777216 0 0 0 0 0 16777217 18 50 266 50 0 0 0 4 50
AUD 51 2 5 -1 -1 0 16777217 18 6 266 6 0 16777216 0 0 0 0 0 0 0 4 51
AUD 52 1 5 37 -1 0 16777216 0 0 0 0 0 16777217 84 52 331 52 0 0 0 4 52
AUD 53 2 8 -1 -1 0 16777217 18 9 266 9 0 16777216 0 0 0 0 0 0 0 4 53
AUD 54 1 8 38 -1 0 16777216 0 0 0 0 0 16777217 20 54 266 54 0 0 0 4 54
AUD 55 12 16 -1 1 0 16777217 88 17 331 17 0 16777217 88 17 336 55 0 0 0 4 55
AUD 56 2 11 -1 -1 0 16777217 18 12 266 12 0 16777216 0 0 0 0 0 0 0 4 56
AUD 57 1 11 39 -1 0 16777216 0 0 0 0 0 16777217 18 57 266 57 0 0 0 4 57
AUD 58 2 11 -1 -1 0 16777217 18 57 266 57 0 16777216 0 0 0 0 0 0 0 4 58
AUD 59 1 11 40 -1 0 16777216 0 0 0 0 0 16777217 16 59 266 59 0 0 0 4 59
AUD 60 2 11 -1 -1 0 16777217 16 59 266 59 0 16777216 0 0 0 0 0 0 0 4 60
AUD 61 1 11 41 -1 0 16777216 0 0 0 0 0 16777217 88 61 331 61 0 0 0 4 61
AUD 62 12 19 -1 1 0 16777217 88 20 331 20 0 16777217 88 20 336 62 0 0 0 4 62
AUD 63 2 12 -1 -1 0 16777217 18 36 266 36 0 16777216 0 0 0 0 0 0 0 4 63
AUD 64 1 12 42 -1 0 16777216 0 0 0 0 0 16777217 18 64 266 64 0 0 0 4 64
AUD 65 2 12 -1 -1 0 16777217 18 64 266 64 0 16777216 0 0 0 0 0 0 0 4 65
AUD 66 1 12 43 -1 0 16777216 0 0 0 0 0 16777217 16 66 266 66 0 0 0 4 66
AUD 67 2 12 -1 -1 0 16777217 16 66 266 66 0 16777216 0 0 0 0 0 0 0 4 67
AUD 68 1 12 44 -1 0 16777216 0 0 0 0 0 16777217 88 68 331 68 0 0 0 4 68
AUD 69 2 14 -1 -1 0 16777217 18 15 266 15 0 16777216 0 0 0 0 0 0 0 4 69
AUD 70 1 14 45 -1 0 16777216 0 0 0 0 0 16777217 18 70 266 70 0 0 0 4 70
AUD 71 12 23 -1 1 0 16777217 86 24 331 24 0 16777217 86 24 336 71 0 0 0 4 71
AUD 72 2 14 -1 -1 0 16777217 18 70 266 70 0 16777216 0 0 0 0 0 0 0 4 72
AUD 73 1 14 46 -1 0 16777216 0 0 0 0 0 16777217 16 73 266 73 0 0 0 4 73
AUD 74 2 14 -1 -1 0 16777217 16 73 266 73 0 16777216 0 0 0 0 0 0 0 4 74
AUD 75 1 14 47 -1 0 16777216 0 0 0 0 0 16777217 88 75 331 75 0 0 0 4 75
AUD 76 2 17 -1 -1 0 16777217 18 18 266 18 0 16777216 0 0 0 0 0 0 0 4 76
AUD 77 1 17 48 -1 0 16777216 0 0 0 0 0 16777217 18 77 266 77 0 0 0 4 77
AUD 78 12 26 -1 1 0 16777217 86 27 331 27 0 16777217 86 27 336 78 0 0 0 4 78
AUD 79 2 17 -1 -1 0 16777217 18 77 266 77 0 16777216 0 0 0 0 0 0 0 4 79
AUD 80 1 17 49 -1 0 16777216 0 0 0 0 0 16777217 16 80 266 80 0 0 0 4 80
AUD 81 2 2 -1 -1 0 16777217 86 3 331 3 0 16777216 0 0 0 0 0 0 0 4 81
AUD 82 1 2 50 -1 0 16777216 0 0 0 0 0 16777217 20 82 266 82 0 0 0 4 82
AUD 83 12 3 -1 2 0 16777217 84 4 336 29 0 16777217 84 4 346 83 0 0 0 4 83
AUD 84 2 17 -1 -1 0 16777217 16 80 266 80 0 16777216 0 0 0 0 0 0 0 4 84
AUD 85 1 17 51 -1 0 16777216 0 0 0 0 0 16777217 86 85 331 85 0 0 0 4 85
AUD 86 12 29 -1 1 0 16777217 86 31 331 31 0 16777217 86 31 336 86 0 0 0 4 86
AUD 87 2 20 -1 -1 0 16777217 18 21 266 21 0 16777216 0 0 0 0 0 0 0 4 87
AUD 88 1 20 52 -1 0 16777216 0 0 0 0 0 16777217 16 88 266 88 0 0 0 4 88
AUD 89 2 20 -1 -1 0 16777217 16 88 266 88 0 16777216 0 0 0 0 0 0 0 4 89
AUD 90 1 20 53 -1 0 16777216 0 0 0 0 0 16777217 20 90 266 90 0 0 0 4 90
AUD 91 12 6 -1 2 0 16777217 84 7 336 33 0 16777217 84 7 346 91 0 0 0 4 91
AUD 92 2 21 -1 -1 0 16777217 18 43 266 43 0 16777216 0 0 0 0 0 0 0 4 92
AUD 93 1 21 54 -1 0 16777216 0 0 0 0 0 16777217 86 93 331 93 0 0 0 4 93
AUD 94 2 30 -1 -1 0 16777217 18 50 266 50 0 16777216 0 0 0 0 0 0 0 4 94
AUD 95 1 30 55 -1 0 16777216 0 0 0 0 0 16777217 16 95 266 95 0 0 0 4 95
AUD 96 12 15 -1 1 0 16777217 84 38 331 38 0 16777217 84 38 336 96 0 0 0 4 96
AUD 97 2 30 -1 -1 0 16777217 16 95 266 95 0 16777216 0 0 0 0 0 0 0 4 97
AUD 98 1 30 56 -1 0 16777216 0 0 0 0 0 16777217 20 98 266 98 0 0 0 4 98
AUD 99 12 9 -1 2 0 16777217 84 10 336 39 0 16777217 84 10 346 99 0 0 0 4 99
AUD 100 2 2 -1 -1 0 16777217 20 82 266 82 0 16777216 0 0 0 0 0 0 0 4 100
AUD 101 1 2 57 -1 0 16777216 0 0 0 0 0 16777217 86 101 331 101 0 0 0 4 101
AUD 102 2 4 -1 -1 0 16777217 20 5 266 5 0 16777216 0 0 0 0 0 0 0 4 102
AUD 103 1 4 58 -1 0 16777216 0 0 0 0 0 16777217 16 103 266 103 0 0 0 4 103
AUD 104 12 24 -1 1 0 16777217 84 45 331 45 0 16777217 84 45 336 104 0 0 0 4 104
AUD 105 2 4 -1 -1 0 16777217 16 103 266 103 0 16777216 0 0 0 0 0 0 0 4 105
AUD 106 1 4 59 -1 0 16777216 0 0 0 0 0 16777217 20 106 266 106 0 0 0 4 106
AUD 107 2 4 -1 -1 0 16777217 20 106 266 106 0 16777216 0 0 0 0 0 0 0 4 107
AUD 108 1 4 60 -1 0 16777216 0 0 0 0 0 16777217 18 108 266 108 0 0 0 4 108
AUD 109 12 13 -1 2 0 16777217 88 14 336 48 0 16777217 88 14 346 109 0 0 0 4 109
AUD 110 2 4 -1 -1 0 16777217 18 108 266 108 0 16777216 0 0 0 0 0 0 0 4 110
AUD 111 1 4 61 -1 0 16777216 0 0 0 0 0 16777217 84 111 331 111 0 0 0 4 111
AUD 112 12 5 -1 1 0 16777217 84 52 331 52 0 16777217 84 52 336 112 0 0 0 4 112
AUD 113 2 7 -1 -1 0 16777217 20 8 266 8 0 16777216 0 0 0 0 0 0 0 4 113
AUD 114 1 7 62 -1 0 16777216 0 0 0 0 0 16777217 20 114 266 114 0 0 0 4 114
AUD 115 2 7 -1 -1 0 16777217 20 114 266 114 0 16777216 0 0 0 0 0 0 0 4 115
AUD 116 1 7 63 -1 0 16777216 0 0 0 0 0 16777217 18 116 266 116 0 0 0 4 116
AUD 117 12 16 -1 2 0 16777217 88 17 336 55 0 16777217 88 17 346 117 0 0 0 4 117
AUD 118 2 7 -1 -1 0 16777217 18 116 266 116 0 16777216 0 0 0 0 0 0 0 4 118
AUD 119 1 7 64 -1 0 16777216 0 0 0 0 0 16777217 84 119 331 119 0 0 0 4 119
AUD 120 2 8 -1 -1 0 16777217 20 54 266 54 0 16777216 0 0 0 0 0 0 0 4 120
AUD 121 1 8 65 -1 0 16777216 0 0 0 0 0 16777217 20 121 266 121 0 0 0 4 121
AUD 122 12 11 -1 1 0 16777217 88 61 331 61 0 16777217 88 61 336 122 0 0 0 4 122
AUD 123 2 8 -1 -1 0 16777217 20 121 266 121 0 16777216 0 0 0 0 0 0 0 4 123
AUD 124 1 8 66 -1 0 16777216 0 0 0 0 0 16777217 18 124 266 124 0 0 0 4 124
AUD 125 12 19 -1 2 0 16777217 88 20 336 62 0 16777217 88 20 346 125 0 0 0 4 125
AUD 126 2 8 -1 -1 0 16777217 18 124 266 124 0 16777216 0 0 0 0 0 0 0 4 126
AUD 127 1 8 67 -1 0 16777216 0 0 0 0 0 16777217 84 127 331 127 0 0 0 4 127
AUD 128 2 10 -1 -1 0 16777217 20 11 266 11 0 16777216 0 0 0 0 0 0 0 4 128
AUD 129 1 10 68 -1 0 16777216 0 0 0 0 0 16777217 20 129 266 129 0 0 0 4 129
AUD 130 12 12 -1 1 0 16777217 88 68 331 68 0 16777217 88 68 336 130 0 0 0 4 130
AUD 131 2 10 -1 -1 0 16777217 20 129 266 129 0 16777216 0 0 0 0 0 0 0 4 131
AUD 132 1 10 69 -1 0 16777216 0 0 0 0 0 16777217 18 132 266 132 0 0 0 4 132
AUD 133 2 10 -1 -1 0 16777217 18 132 266 132 0 16777216 0 0 0 0 0 0 0 4 133
AUD 134 1 10 70 -1 0 16777216 0 0 0 0 0 16777217 16 134 266 134 0 0 0 4 134
AUD 135 12 23 -1 2 0 16777217 86 24 336 71 0 16777217 86 24 346 135 0 0 0 4 135
AUD 136 2 10 -1 -1 0 16777217 16 134 266 134 0 16777216 0 0 0 0 0 0 0 4 136
AUD 137 1 10 71 -1 0 16777216 0 0 0 0 0 16777217 88 137 331 137 0 0 0 4 137
AUD 138 12 14 -1 1 0 16777217 88 75 331 75 0 16777217 88 75 336 138 0 0 0 4 138
AUD 139 2 18 -1 -1 0 16777217 20 41 266 41 0 16777216 0 0 0 0 0 0 0 4 139
AUD 140 1 18 72 -1 0 16777216 0 0 0 0 0 16777217 18 140 266 140 0 0 0 4 140
AUD 141 2 18 -1 -1 0 16777217 18 140 266 140 0 16777216 0 0 0 0 0 0 0 4 141
AUD 142 1 18 73 -1 0 16777216 0 0 0 0 0 16777217 16 142 266 142 0 0 0 4 142
AUD 143 12 26 -1 2 0 16777217 86 27 336 78 0 16777217 86 27 346 143 0 0 0 4 143
AUD 144 2 18 -1 -1 0 16777217 16 142 266 142 0 16777216 0 0 0 0 0 0 0 4 144
AUD 145 1 18 74 -1 0 16777216 0 0 0 0 0 16777217 88 145 331 145 0 0 0 4 145
AUD 146 2 20 -1 -1 0 16777217 20 90 266 90 0 16777216 0 0 0 0 0 0 0 4 146
AUD 147 1 20 75 -1 0 16777216 0 0 0 0 0 16777217 18 147 266 147 0 0 0 4 147
AUD 148 12 17 -1 1 0 16777217 86 85 331 85 0 16777217 86 85 336 148 0 0 0 4 148
AUD 149 2 20 -1 -1 0 16777217 18 147 266 147 0 16777216 0 0 0 0 0 0 0 4 149
AUD 150 1 20 76 -1 0 16777216 0 0 0 0 0 16777217 16 150 266 150 0 0 0 4 150
AUD 151 12 29 -1 2 0 16777217 86 31 336 86 0 16777217 86 31 346 151 0 0 0 4 151
AUD 152 2 20 -1 -1 0 16777217 16 150 266 150 0 16777216 0 0 0 0 0 0 0 4 152
AUD 153 1 20 77 -1 0 16777216 0 0 0 0 0 16777217 88 153 331 153 0 0 0 4 153
AUD 154 2 22 -1 -1 0 16777217 20 23 266 23 0 16777216 0 0 0 0 0 0 0 4 154
AUD 155 1 22 78 -1 0 16777216 0 0 0 0 0 16777217 18 155 266 155 0 0 0 4 155
AUD 156 12 21 -1 1 0 16777217 86 93 331 93 0 16777217 86 93 336 156 0 0 0 4 156
AUD 157 2 22 -1 -1 0 16777217 18 155 266 155 0 16777216 0 0 0 0 0 0 0 4 157
AUD 158 1 22 79 -1 0 16777216 0 0 0 0 0 16777217 16 158 266 158 0 0 0 4 158
AUD 159 2 22 -1 -1 0 16777217 16 158 266 158 0 16777216 0 0 0 0 0 0 0 4 159
AUD 160 1 22 80 -1 0 16777216 0 0 0 0 0 16777217 20 160 266 160 0 0 0 4 160
AUD 161 12 15 -1 2 0 16777217 84 38 336 96 0 16777217 84 38 346 161 0 0 0 4 161
AUD 162 2 22 -1 -1 0 16777217 20 160 266 160 0 16777216 0 0 0 0 0 0 0 4 162
AUD 163 1 22 81 -1 0 16777216 0 0 0 0 0 16777217 86 163 331 163 0 0 0 4 163
AUD 164 12 2 -1 1 0 16777217 86 101 331 101 0 16777217 86 101 336 164 0 0 0 4 164
AUD 165 2 25 -1 -1 0 16777217 20 26 266 26 0 16777216 0 0 0 0 0 0 0 4 165
AUD 166 1 25 82 -1 0 16777216 0 0 0 0 0 16777217 16 166 266 166 0 0 0 4 166
AUD 167 2 25 -1 -1 0 16777217 16 166 266 166 0 16777216 0 0 0 0 0 0 0 4 167
AUD 168 1 25 83 -1 0 16777216 0 0 0 0 0 16777217 88 168 331 168 0 0 0 4 168
AUD 169 12 24 -1 2 0 16777217 84 45 336 104 0 16777217 84 45 346 169 0 0 0 4 169
AUD 170 2 27 -1 -1 0 16777217 20 47 266 47 0 16777216 0 0 0 0 0 0 0 4 170
AUD 171 1 27 84 -1 0 16777216 0 0 0 0 0 16777217 86 171 331 171 0 0 0 4 171
AUD 172 2 28 -1 -1 0 16777217 20 30 266 30 0 16777216 0 0 0 0 0 0 0 4 172
AUD 173 1 28 85 -1 0 16777216 0 0 0 0 0 16777217 16 173 266 173 0 0 0 4 173
AUD 174 12 4 -1 1 0 16777217 84 111 331 111 0 16777217 84 111 336 174 0 0 0 4 174
AUD 175 2 28 -1 -1 0 16777217 16 173 266 173 0 16777216 0 0 0 0 0 0 0 4 175
AUD 176 1 28 86 -1 0 16777216 0 0 0 0 0 16777217 20 176 266 176 0 0 0 4 176
AUD 177 12 5 -1 2 0 16777217 84 52 336 112 0 16777217 84 52 346 177 0 0 0 4 177
AUD 178 2 28 -1 -1 0 16777217 20 176 266 176 0 16777216 0 0 0 0 0 0 0 4 178
AUD 179 1 28 87 -1 0 16777216 0 0 0 0 0 16777217 86 179 331 179 0 0 0 4 179
AUD 180 2 30 -1 -1 0 16777217 20 98 266 98 0 16777216 0 0 0 0 0 0 0 4 180
AUD 181 1 30 88 -1 0 16777216 0 0 0 0 0 16777217 16 181 266 181 0 0 0 4 181
AUD 182 12 7 -1 1 0 16777217 84 119 331 119 0 16777217 84 119 336 182 0 0 0 4 182
AUD 183 2 30 -1 -1 0 16777217 16 181 266 181 0 16777216 0 0 0 0 0 0 0 4 183
AUD 184 1 30 89 -1 0 16777216 0 0 0 0 0 16777217 20 184 266 184 0 0 0 4 184
AUD 185 2 30 -1 -1 0 16777217 20 184 266 184 0 16777216 0 0 0 0 0 0 0 4 185
AUD 186 1 30 90 -1 0 16777216 0 0 0 0 0 16777217 18 186 266 186 0 0 0 4 186
AUD 187 12 11 -1 2 0 16777217 88 61 336 122 0 16777217 88 61 346 187 0 0 0 4 187
AUD 188 2 30 -1 -1 0 16777217 18 186 266 186 0 16777216 0 0 0 0 0 0 0 4 188
AUD 189 1 30 91 -1 0 16777216 0 0 0 0 0 16777217 84 189 331 189 0 0 0 4 189
AUD 190 12 8 -1 1 0 16777217 84 127 331 127 0 16777217 84 127 336 190 0 0 0 4 190
AUD 191 2 31 -1 -1 0 16777217 20 34 266 34 0 16777216 0 0 0 0 0 0 0 4 191
AUD 192 1 31 92 -1 0 16777216 0 0 0 0 0 16777217 20 192 266 192 0 0 0 4 192
AUD 193 2 31 -1 -1 0 16777217 20 192 266 192 0 16777216 0 0 0 0 0 0 0 4 193
AUD 194 1 31 93 -1 0 16777216 0 0 0 0 0 16777217 18 194 266 194 0 0 0 4 194
AUD 195 12 12 -1 2 0 16777217 88 68 336 130 0 16777217 88 68 346 195 0 0 0 4 195
AUD 196 2 31 -1 -1 0 16777217 18 194 266 194 0 16777216 0 0 0 0 0 0 0 4 196
AUD 197 1 31 94 -1 0 16777216 0 0 0 0 0 16777217 84 197 331 197 0 0 0 4 197
AUD 198 2 30 -1 -1 0 16777217 84 189 331 189 0 16777216 0 0 0 0 0 0 0 4 198
AUD 199 1 30 95 -1 0 16777216 0 0 0 0 0 16777217 20 199 266 199 0 0 0 4 199
AUD 200 12 10 -1 1 0 16777217 88 137 331 137 0 16777217 88 137 336 200 0 0 0 4 200
AUD 201 2 30 -1 -1 0 16777217 20 199 266 199 0 16777216 0 0 0 0 0 0 0 4 201
AUD 202 1 30 96 -1 0 16777216 0 0 0 0 0 16777217 18 202 266 202 0 0 0 4 202
AUD 203 12 14 -1 2 0 16777217 88 75 336 138 0 16777217 88 75 346 203 0 0 0 4 203
AUD 204 2 30 -1 -1 0 16777217 18 202 266 202 0 16777216 0 0 0 0 0 0 0 4 204
AUD 205 1 30 97 -1 0 16777216 0 0 0 0 0 16777217 84 205 331 205 0 0 0 4 205
AUD 206 2 30 -1 -1 0 16777217 84 205 331 205 0 16777216 0 0 0 0 0 0 0 4 206
AUD 207 1 30 98 -1 0 16777216 0 0 0 0 0 16777217 20 207 266 207 0 0 0 4 207
AUD 208 12 18 -1 1 0 16777217 88 145 331 145 0 16777217 88 145 336 208 0 0 0 4 208
AUD 209 2 30 -1 -1 0 16777217 20 207 266 207 0 16777216 0 0 0 0 0 0 0 4 209
AUD 210 1 30 99 -1 0 16777216 0 0 0 0 0 16777217 18 210 266 210 0 0 0 4 210
AUD 211 2 30 -1 -1 0 16777217 18 210 266 210 0 16777216 0 0 0 0 0 0 0 4 211
AUD 212 1 30 100 -1 0 16777216 0 0 0 0 0 16777217 16 212 266 212 0 0 0 4 212
AUD 213 12 17 -1 2 0 16777217 86 85 336 148 0 16777217 86 85 346 213 0 0 0 4 213
AUD 214 2 30 -1 -1 0 16777217 16 212 266 212 0 16777216 0 0 0 0 0 0 0 4 214
AUD 215 1 30 101 -1 0 16777216 0 0 0 0 0 16777217 88 215 331 215 0 0 0 4 215
AUD 216 12 20 -1 1 0 16777217 88 153 331 153 0 16777217 88 153 336 216 0 0 0 4 216
AUD 217 2 31 -1 -1 0 16777217 84 197 331 197 0 16777216 0 0 0 0 0 0 0 4 217
AUD 218 1 31 102 -1 0 16777216 0 0 0 0 0 16777217 18 218 266 218 0 0 0 4 218
AUD 219 2 31 -1 -1 0 16777217 18 218 266 218 0 16777216 0 0 0 0 0 0 0 4 219
AUD 220 1 31 103 -1 0 16777216 0 0 0 0 0 16777217 16 220 266 220 0 0 0 4 220
AUD 221 12 21 -1 2 0 16777217 86 93 336 156 0 16777217 86 93 346 221 0 0 0 4 221
AUD 222 2 31 -1 -1 0 16777217 16 220 266 220 0 16777216 0 0 0 0 0 0 0 4 222
AUD 223 1 31 104 -1 0 16777216 0 0 0 0 0 16777217 88 223 331 223 0 0 0 4 223
AUD 224 2 22 -1 -1 0 16777217 86 163 331 163 0 16777216 0 0 0 0 0 0 0 4 224
AUD 225 1 22 105 -1 0 16777216 0 0 0 0 0 16777217 18 225 266 225 0 0 0 4 225
AUD 226 2 22 -1 -1 0 16777217 18 225 266 225 0 16777216 0 0 0 0 0 0 0 4 226
AUD 227 1 22 106 -1 0 16777216 0 0 0 0 0 16777217 16 227 266 227 0 0 0 4 227
AUD 228 12 2 -1 2 0 16777217 86 101 336 164 0 16777217 86 101 346 228 0 0 0 4 228
AUD 229 2 22 -1 -1 0 16777217 16 227 266 227 0 16777216 0 0 0 0 0 0 0 4 229
AUD 230 1 22 107 -1 0 16777216 0 0 0 0 0 16777217 88 230 331 230 0 0 0 4 230
AUD 231 2 27 -1 -1 0 16777217 86 171 331 171 0 16777216 0 0 0 0 0 0 0 4 231
AUD 232 1 27 108 -1 0 16777216 0 0 0 0 0 16777217 18 232 266 232 0 0 0 4 232
AUD 233 2 27 -1 -1 0 16777217 18 232 266 232 0 16777216 0 0 0 0 0 0 0 4 233
AUD 234 1 27 109 -1 0 16777216 0 0 0 0 0 16777217 16 234 266 234 0 0 0 4 234
AUD 235 2 27 -1 -1 0 16777217 16 234 266 234 0 16777216 0 0 0 0 0 0 0 4 235
AUD 236 1 27 110 -1 0 16777216 0 0 0 0 0 16777217 20 236 266 236 0 0 0 4 236
AUD 237 12 4 -1 2 0 16777217 84 111 336 174 0 16777217 84 111 346 237 0 0 0 4 237
AUD 238 2 27 -1 -1 0 16777217 20 236 266 236 0 16777216 0 0 0 0 0 0 0 4 238
AUD 239 1 27 111 -1 0 16777216 0 0 0 0 0 16777217 86 239 331 239 0 0 0 4 239
AUD 240 12 28 -1 1 0 16777217 86 179 331 179 0 16777217 86 179 336 240 0 0 0 4 240
AUD 241 2 27 -1 -1 0 16777217 86 239 331 239 0 16777216 0 0 0 0 0 0 0 4 241
AUD 242 1 27 112 -1 0 16777216 0 0 0 0 0 16777217 16 242 266 242 0 0 0 4 242
AUD 243 2 27 -1 -1 0 16777217 16 242 266 242 0 16777216 0 0 0 0 0 0 0 4 243
AUD 244 1 27 113 -1 0 16777216 0 0 0 0 0 16777217 20 244 266 244 0 0 0 4 244
AUD 245 12 7 -1 2 0 16777217 84 119 336 182 0 16777217 84 119 346 245 0 0 0 4 245
AUD 246 2 27 -1 -1 0 16777217 20 244 266 244 0 16777216 0 0 0 0 0 0 0 4 246
AUD 247 1 27 114 -1 0 16777216 0 0 0 0 0 16777217 86 247 331 247 0 0 0 4 247
AUD 248 2 27 -1 -1 0 16777217 86 247 331 247 0 16777216 0 0 0 0 0 0 0 4 248
AUD 249 1 27 115 -1 0 16777216 0 0 0 0 0 16777217 16 249 266 249 0 0 0 4 249
AUD 250 2 27 -1 -1 0 16777217 16 249 266 249 0 16777216 0 0 0 0 0 0 0 4 250
AUD 251 1 27 116 -1 0 16777216 0 0 0 0 0 16777217 20 251 266 251 0 0 0 4 251
AUD 252 12 8 -1 2 0 16777217 84 127 336 190 0 16777217 84 127 346 252 0 0 0 4 252
AUD 253 2 27 -1 -1 0 16777217 20 251 266 251 0 16777216 0 0 0 0 0 0 0 4 253
AUD 254 1 27 117 -1 0 16777216 0 0 0 0 0 16777217 86 254 331 254 0 0 0 4 254
AUD 255 2 27 -1 -1 0 16777217 86 254 331 254 0 16777216 0 0 0 0 0 0 0 4 255
AUD 256 1 27 118 -1 0 16777216 0 0 0 0 0 16777217 16 256 266 256 0 0 0 4 256
AUD 257 2 27 -1 -1 0 16777217 16 256 266 256 0 16777216 0 0 0 0 0 0 0 4 257
AUD 258 1 27 119 -1 0 16777216 0 0 0 0 0 16777217 20 258 266 258 0 0 0 4 258
AUD 259 2 27 -1 -1 0 16777217 20 258 266 258 0 16777216 0 0 0 0 0 0 0 4 259
AUD 260 1 27 120 -1 0 16777216 0 0 0 0 0 16777217 18 260 266 260 0 0 0 4 260
AUD 261 12 10 -1 2 0 16777217 88 137 336 200 0 16777217 88 137 346 261 0 0 0 4 261
AUD 262 2 27 -1 -1 0 16777217 18 260 266 260 0 16777216 0 0 0 0 0 0 0 4 262
AUD 263 1 27 121 -1 0 16777216 0 0 0 0 0 16777217 84 263 331 263 0 0 0 4 263
AUD 264 2 27 -1 -1 0 16777217 84 263 331 263 0 16777216 0 0 0 0 0 0 0 4 264
AUD 265 1 27 122 -1 0 16777216 0 0 0 0 0 16777217 20 265 266 265 0 0 0 4 265
AUD 266 2 27 -1 -1 0 16777217 20 265 266 265 0 16777216 0 0 0 0 0 0 0 4 266
AUD 267 1 27 123 -1 0 16777216 0 0 0 0 0 16777217 18 267 266 267 0 0 0 4 267
AUD 268 12 18 -1 2 0 16777217 88 145 336 208 0 16777217 88 145 346 268 0 0 0 4 268
AUD 269 2 27 -1 -1 0 16777217 18 267 266 267 0 16777216 0 0 0 0 0 0 0 4 269
AUD 270 1 27 124 -1 0 16777216 0 0 0 0 0 16777217 84 270 331 270 0 0 0 4 270
AUD 271 2 27 -1 -1 0 16777217 84 270 331 270 0 16777216 0 0 0 0 0 0 0 4 271
AUD 272 1 27 125 -1 0 16777216 0 0 0 0 0 16777217 20 272 266 272 0 0 0 4 272
AUD 273 12 30 -1 1 0 16777217 88 215 331 215 0 16777217 88 215 336 273 0 0 0 4 273
AUD 274 2 27 -1 -1 0 16777217 20 272 266 272 0 16777216 0 0 0 0 0 0 0 4 274
AUD 275 1 27 126 -1 0 16777216 0 0 0 0 0 16777217 18 275 266 275 0 0 0 4 275
AUD 276 12 20 -1 2 0 16777217 88 153 336 216 0 16777217 88 153 346 276 0 0 0 4 276
AUD 277 2 27 -1 -1 0 16777217 18 275 266 275 0 16777216 0 0 0 0 0 0 0 4 277
AUD 278 1 27 127 -1 0 16777216 0 0 0 0 0 16777217 84 278 331 278 0 0 0 4 278
AUD 279 2 27 -1 -1 0 16777217 84 278 331 278 0 16777216 0 0 0 0 0 0 0 4 279
AUD 280 1 27 128 -1 0 16777216 0 0 0 0 0 16777217 20 280 266 280 0 0 0 4 280
AUD 281 12 31 -1 1 0 16777217 88 223 331 223 0 16777217 88 223 336 281 0 0 0 4 281
AUD 282 2 27 -1 -1 0 16777217 20 280 266 280 0 16777216 0 0 0 0 0 0 0 4 282
AUD 283 1 27 129 -1 0 16777216 0 0 0 0 0 16777217 18 283 266 283 0 0 0 4 283
AUD 284 2 27 -1 -1 0 16777217 18 283 266 283 0 16777216 0 0 0 0 0 0 0 4 284
AUD 285 1 27 130 -1 0 16777216 0 0 0 0 0 16777217 16 285 266 285 0 0 0 4 285
AUD 286 2 27 -1 -1 0 16777217 16 285 266 285 0 16777216 0 0 0 0 0 0 0 4 286
AUD 287 1 27 131 -1 0 16777216 0 0 0 0 0 16777217 88 287 331 287 0 0 0 4 287
AUD 288 12 22 -1 1 0 16777217 88 230 331 230 0 16777217 88 230 336 288 0 0 0 4 288
AUD 289 2 25 -1 -1 0 16777217 88 168 331 168 0 16777216 0 0 0 0 0 0 0 4 289
AUD 290 1 25 132 -1 0 16777216 0 0 0 0 0 16777217 18 290 266 290 0 0 0 4 290
AUD 291 2 25 -1 -1 0 16777217 18 290 266 290 0 16777216 0 0 0 0 0 0 0 4 291
AUD 292 1 25 133 -1 0 16777216 0 0 0 0 0 16777217 16 292 266 292 0 0 0 4 292
AUD 293 2 25 -1 -1 0 16777217 16 292 266 292 0 16777216 0 0 0 0 0 0 0 4 293
AUD 294 1 25 134 -1 0 16777216 0 0 0 0 0 16777217 88 294 331 294 0 0 0 4 294
AUD 295 2 25 -1 -1 0 16777217 88 294 331 294 0 16777216 0 0 0 0 0 0 0 4 295
AUD 296 1 25 135 -1 0 16777216 0 0 0 0 0 16777217 18 296 266 296 0 0 0 4 296
AUD 297 2 25 -1 -1 0 16777217 18 296 266 296 0 16777216 0 0 0 0 0 0 0 4 297
AUD 298 1 25 136 -1 0 16777216 0 0 0 0 0 16777217 16 298 266 298 0 0 0 4 298
AUD 299 12 28 -1 2 0 16777217 86 179 336 240 0 16777217 86 179 346 299 0 0 0 4 299
AUD 300 2 25 -1 -1 0 16777217 16 298 266 298 0 16777216 0 0 0 0 0 0 0 4 300
AUD 301 1 25 137 -1 0 16777216 0 0 0 0 0 16777217 88 301 331 301 0 0 0 4 301
AUD 302 2 25 -1 -1 0 16777217 88 301 331 301 0 16777216 0 0 0 0 0 0 0 4 302
AUD 303 1 25 138 -1 0 16777216 0 0 0 0 0 16777217 18 303 266 303 0 0 0 4 303
AUD 304 2 25 -1 -1 0 16777217 18 303 266 303 0 16777216 0 0 0 0 0 0 0 4 304
AUD 305 1 25 139 -1 0 16777216 0 0 0 0 0 16777217 16 305 266 305 0 0 0 4 305
AUD 306 2 25 -1 -1 0 16777217 16 305 266 305 0 16777216 0 0 0 0 0 0 0 4 306
AUD 307 1 25 140 -1 0 16777216 0 0 0 0 0 16777217 20 307 266 307 0 0 0 4 307
AUD 308 2 25 -1 -1 0 16777217 20 307 266 307 0 16777216 0 0 0 0 0 0 0 4 308
AUD 309 1 25 141 -1 0 16777216 0 0 0 0 0 16777217 86 309 331 309 0 0 0 4 309
AUD 310 2 25 -1 -1 0 16777217 86 309 331 309 0 16777216 0 0 0 0 0 0 0 4 310
AUD 311 1 25 142 -1 0 16777216 0 0 0 0 0 16777217 16 311 266 311 0 0 0 4 311
AUD 312 2 25 -1 -1 0 16777217 16 311 266 311 0 16777216 0 0 0 0 0 0 0 4 312
AUD 313 1 25 143 -1 0 16777216 0 0 0 0 0 16777217 20 313 266 313 0 0 0 4 313
AUD 314 2 25 -1 -1 0 16777217 20 313 266 313 0 16777216 0 0 0 0 0 0 0 4 314
AUD 315 1 25 144 -1 0 16777216 0 0 0 0 0 16777217 86 315 331 315 0 0 0 4 315
AUD 316 2 25 -1 -1 0 16777217 86 315 331 315 0 16777216 0 0 0 0 0 0 0 4 316
AUD 317 1 25 145 -1 0 16777216 0 0 0 0 0 16777217 16 317 266 317 0 0 0 4 317
AUD 318 2 25 -1 -1 0 16777217 16 317 266 317 0 16777216 0 0 0 0 0 0 0 4 318
AUD 319 1 25 146 -1 0 16777216 0 0 0 0 0 16777217 20 319 266 319 0 0 0 4 319
AUD 320 2 25 -1 -1 0 16777217 20 319 266 319 0 16777216 0 0 0 0 0 0 0 4 320
AUD 321 1 25 147 -1 0 16777216 0 0 0 0 0 16777217 86 321 331 321 0 0 0 4 321
AUD 322 2 25 -1 -1 0 16777217 86 321 331 321 0 16777216 0 0 0 0 0 0 0 4 322
AUD 323 1 25 148 -1 0 16777216 0 0 0 0 0 16777217 16 323 266 323 0 0 0 4 323
AUD 324 2 25 -1 -1 0 16777217 16 323 266 323 0 16777216 0 0 0 0 0 0 0 4 324
AUD 325 1 25 149 -1 0 16777216 0 0 0 0 0 16777217 20 325 266 325 0 0 0 4 325
AUD 326 2 25 -1 -1 0 16777217 20 325 266 325 0 16777216 0 0 0 0 0 0 0 4 326
AUD 327 1 25 150 -1 0 16777216 0 0 0 0 0 16777217 18 327 266 327 0 0 0 4 327
AUD 328 12 30 -1 2 0 16777217 88 215 336 273 0 16777217 88 215 346 328 0 0 0 4 328
AUD 329 2 25 -1 -1 0 16777217 18 327 266 327 0 16777216 0 0 0 0 0 0 0 4 329
AUD 330 1 25 151 -1 0 16777216 0 0 0 0 0 16777217 84 330 331 330 0 0 0 4 330
AUD 331 2 25 -1 -1 0 16777217 84 330 331 330 0 16777216 0 0 0 0 0 0 0 4 331
AUD 332 1 25 152 -1 0 16777216 0 0 0 0 0 16777217 20 332 266 332 0 0 0 4 332
AUD 333 2 25 -1 -1 0 16777217 20 332 266 332 0 16777216 0 0 0 0 0 0 0 4 333
AUD 334 1 25 153 -1 0 16777216 0 0 0 0 0 16777217 18 334 266 334 0 0 0 4 334
AUD 335 12 31 -1 2 0 16777217 88 223 336 281 0 16777217 88 223 346 335 0 0 0 4 335
AUD 336 2 25 -1 -1 0 16777217 18 334 266 334 0 16777216 0 0 0 0 0 0 0 4 336
AUD 337 1 25 154 -1 0 16777216 0 0 0 0 0 16777217 84 337 331 337 0 0 0 4 337
AUD 338 2 25 -1 -1 0 16777217 84 337 331 337 0 16777216 0 0 0 0 0 0 0 4 338
AUD 339 1 25 155 -1 0 16777216 0 0 0 0 0 16777217 20 339 266 339 0 0 0 4 339
AUD 340 12 27 -1 1 0 16777217 88 287 331 287 0 16777217 88 287 336 340 0 0 0 4 340
AUD 341 2 25 -1 -1 0 16777217 20 339 266 339 0 16777216 0 0 0 0 0 0 0 4 341
AUD 342 1 25 156 -1 0 16777216 0 0 0 0 0 16777217 18 342 266 342 0 0 0 4 342
AUD 343 12 22 -1 2 0 16777217 88 230 336 288 0 16777217 88 230 346 343 0 0 0 4 343
AUD 344 2 25 -1 -1 0 16777217 18 342 266 342 0 16777216 0 0 0 0 0 0 0 4 344
AUD 345 1 25 157 -1 0 16777216 0 0 0 0 0 16777217 84 345 331 345 0 0 0 4 345
AUD 346 2 25 -1 -1 0 16777217 84 345 331 345 0 16777216 0 0 0 0 0 0 0 4 346
AUD 347 1 25 158 -1 0 16777216 0 0 0 0 0 16777217 20 347 266 347 0 0 0 4 347
AUD 348 2 25 -1 -1 0 16777217 20 347 266 347 0 16777216 0 0 0 0 0 0 0 4 348
AUD 349 1 25 159 -1 0 16777216 0 0 0 0 0 16777217 18 349 266 349 0 0 0 4 349
AUD 350 2 25 -1 -1 0 16777217 18 349 266 349 0 16777216 0 0 0 0 0 0 0 4 350
AUD 351 1 25 160 -1 0 16777216 0 0 0 0 0 16777217 16 351 266 351 0 0 0 4 351
AUD 352 2 25 -1 -1 0 16777217 16 351 266 351 0 16777216 0 0 0 0 0 0 0 4 352
AUD 353 1 25 161 -1 0 16777216 0 0 0 0 0 16777217 88 353 331 353 0 0 0 4 353
AUD 354 2 25 -1 -1 0 16777217 88 353 331 353 0 16777216 0 0 0 0 0 0 0 4 354
AUD 355 1 25 162 -1 0 16777216 0 0 0 0 0 16777217 18 355 266 355 0 0 0 4 355
AUD 356 2 25 -1 -1 0 16777217 18 355 266 355 0 16777216 0 0 0 0 0 0 0 4 356
AUD 357 1 25 163 -1 0 16777216 0 0 0 0 0 16777217 16 357 266 357 0 0 0 4 357
AUD 358 2 25 -1 -1 0 16777217 16 357 266 357 0 16777216 0 0 0 0 0 0 0 4 358
AUD 359 1 25 164 -1 0 16777216 0 0 0 0 0 16777217 88 359 331 359 0 0 0 4 359
AUD 360 2 25 -1 -1 0 16777217 88 359 331 359 0 16777216 0 0 0 0 0 0 0 4 360
AUD 361 1 25 165 -1 0 16777216 0 0 0 0 0 16777217 18 361 266 361 0 0 0 4 361
AUD 362 2 25 -1 -1 0 16777217 18 361 266 361 0 16777216 0 0 0 0 0 0 0 4 362
AUD 363 1 25 166 -1 0 16777216 0 0 0 0 0 16777217 84 363 331 363 0 0 0 4 363
AUD 364 2 25 -1 -1 0 16777217 84 363 331 363 0 16777216 0 0 0 0 0 0 0 4 364
AUD 365 1 25 167 -1 0 16777216 0 0 0 0 0 16777217 88 365 331 365 0 0 0 4 365
AUD 366 2 25 -1 -1 0 16777217 88 365 331 365 0 16777216 0 0 0 0 0 0 0 4 366
AUD 367 1 25 168 -1 0 16777216 0 0 0 0 0 16777217 18 367 266 367 0 0 0 4 367
AUD 368 2 25 -1 -1 0 16777217 18 367 266 367 0 16777216 0 0 0 0 0 0 0 4 368
AUD 369 1 25 169 -1 0 16777216 0 0 0 0 0 16777217 16 369 266 369 0 0 0 4 369
AUD 370 2 25 -1 -1 0 16777217 16 369 266 369 0 16777216 0 0 0 0 0 0 0 4 370
AUD 371 1 25 170 -1 0 16777216 0 0 0 0 0 16777217 20 371 266 371 0 0 0 4 371
AUD 372 2 25 -1 -1 0 16777217 20 371 266 371 0 16777216 0 0 0 0 0 0 0 4 372
AUD 373 1 25 171 -1 0 16777216 0 0 0 0 0 16777217 86 373 331 373 0 0 0 4 373
AUD 374 2 25 -1 -1 0 16777217 86 373 331 373 0 16777216 0 0 0 0 0 0 0 4 374
AUD 375 1 25 172 -1 0 16777216 0 0 0 0 0 16777217 16 375 266 375 0 0 0 4 375
AUD 376 2 25 -1 -1 0 16777217 16 375 266 375 0 16777216 0 0 0 0 0 0 0 4 376
AUD 377 1 25 173 -1 0 16777216 0 0 0 0 0 16777217 20 377 266 377 0 0 0 4 377
AUD 378 2 25 -1 -1 0 16777217 20 377 266 377 0 16777216 0 0 0 0 0 0 0 4 378
AUD 379 1 25 174 -1 0 16777216 0 0 0 0 0 16777217 86 379 331 379 0 0 0 4 379
AUD 380 2 25 -1 -1 0 16777217 86 379 331 379 0 16777216 0 0 0 0 0 0 0 4 380
AUD 381 1 25 175 -1 0 16777216 0 0 0 0 0 16777217 16 381 266 381 0 0 0 4 381
AUD 382 2 25 -1 -1 0 16777217 16 381 266 381 0 16777216 0 0 0 0 0 0 0 4 382
AUD 383 1 25 176 -1 0 16777216 0 0 0 0 0 16777217 20 383 266 383 0 0 0 4 383
AUD 384 2 25 -1 -1 0 16777217 20 383 266 383 0 16777216 0 0 0 0 0 0 0 4 384
AUD 385 1 25 177 -1 0 16777216 0 0 0 0 0 16777217 86 385 331 385 0 0 0 4 385
AUD 386 2 25 -1 -1 0 16777217 86 385 331 385 0 16777216 0 0 0 0 0 0 0 4 386
AUD 387 1 25 178 -1 0 16777216 0 0 0 0 0 16777217 16 387 266 387 0 0 0 4 387
AUD 388 2 25 -1 -1 0 16777217 16 387 266 387 0 16777216 0 0 0 0 0 0 0 4 388
AUD 389 1 25 179 -1 0 16777216 0 0 0 0 0 16777217 20 389 266 389 0 0 0 4 389
AUD 390 2 25 -1 -1 0 16777217 20 389 266 389 0 16777216 0 0 0 0 0 0 0 4 390
AUD 391 1 25 180 -1 0 16777216 0 0 0 0 0 16777217 18 391 266 391 0 0 0 4 391
AUD 392 12 27 -1 2 0 16777217 88 287 336 340 0 16777217 88 287 346 392 0 0 0 4 392
AUD 393 2 25 -1 -1 0 16777217 18 391 266 391 0 16777216 0 0 0 0 0 0 0 4 393
AUD 394 1 25 181 -1 0 16777216 0 0 0 0 0 16777217 84 394 331 394 0 0 0 4 394
AUD 395 2 25 -1 -1 0 16777217 84 394 331 394 0 16777216 0 0 0 0 0 0 0 4 395
AUD 396 1 25 182 -1 0 16777216 0 0 0 0 0 16777217 20 396 266 396 0 0 0 4 396
AUD 397 2 25 -1 -1 0 16777217 20 396 266 396 0 16777216 0 0 0 0 0 0 0 4 397
AUD 398 1 25 183 -1 0 16777216 0 0 0 0 0 16777217 18 398 266 398 0 0 0 4 398
AUD 399 2 25 -1 -1 0 16777217 18 398 266 398 0 16777216 0 0 0 0 0 0 0 4 399
AUD 400 1 25 184 -1 0 16777216 0 0 0 0 0 16777217 84 400 331 400 0 0 0 4 400
AUD 401 2 25 -1 -1 0 16777217 84 400 331 400 0 16777216 0 0 0 0 0 0 0 4 401
AUD 402 1 25 185 -1 0 16777216 0 0 0 0 0 16777217 20 402 266 402 0 0 0 4 402
AUD 403 2 25 -1 -1 0 16777217 20 402 266 402 0 16777216 0 0 0 0 0 0 0 4 403
AUD 404 1 25 186 -1 0 16777216 0 0 0 0 0 16777217 18 404 266 404 0 0 0 4 404
AUD 405 2 25 -1 -1 0 16777217 18 404 266 404 0 16777216 0 0 0 0 0 0 0 4 405
AUD 406 1 25 187 -1 0 16777216 0 0 0 0 0 16777217 84 406 331 406 0 0 0 4 406
AUD 407 2 25 -1 -1 0 16777217 84 406 331 406 0 16777216 0 0 0 0 0 0 0 4 407
AUD 408 1 25 188 -1 0 16777216 0 0 0 0 0 16777217 20 408 266 408 0 0 0 4 408
AUD 409 2 25 -1 -1 0 16777217 20 408 266 408 0 16777216 0 0 0 0 0 0 0 4 409
AUD 410 1 25 189 -1 0 16777216 0 0 0 0 0 16777217 18 410 266 410 0 0 0 4 410
AUD 411 2 25 -1 -1 0 16777217 18 410 266 410 0 16777216 0 0 0 0 0 0 0 4 411
AUD 412 1 25 190 -1 0 16777216 0 0 0 0 0 16777217 16 412 266 412 0 0 0 4 412
AUD 413 2 25 -1 -1 0 16777217 16 412 266 412 0 16777216 0 0 0 0 0 0 0 4 413
AUD 414 1 25 191 -1 0 16777216 0 0 0 0 0 16777217 88 414 331 414 0 0 0 4 414
AUD 415 2 25 -1 -1 0 16777217 88 414 331 414 0 16777216 0 0 0 0 0 0 0 4 415
AUD 416 1 25 192 -1 0 16777216 0 0 0 0 0 16777217 18 416 266 416 0 0 0 4 416
AUD 417 2 25 -1 -1 0 16777217 18 416 266 416 0 16777216 0 0 0 0 0 0 0 4 417
AUD 418 1 25 193 -1 0 16777216 0 0 0 0 0 16777217 16 418 266 418 0 0 0 4 418
AUD 419 2 25 -1 -1 0 16777217 16 418 266 418 0 16777216 0 0 0 0 0 0 0 4 419
AUD 420 1 25 194 -1 0 16777216 0 0 0 0 0 16777217 88 420 331 420 0 0 0 4 420
AUD 421 2 25 -1 -1 0 16777217 88 420 331 420 0 16777216 0 0 0 0 0 0 0 4 421
AUD 422 1 25 195 -1 0 16777216 0 0 0 0 0 16777217 18 422 266 422 0 0 0 4 422
AUD 423 2 25 -1 -1 0 16777217 18 422 266 422 0 16777216 0 0 0 0 0 0 0 4 423
AUD 424 1 25 196 -1 0 16777216 0 0 0 0 0 16777217 16 424 266 424 0 0 0 4 424
AUD 425 2 25 -1 -1 0 16777217 16 424 266 424 0 16777216 0 0 0 0 0 0 0 4 425
AUD 426 1 25 197 -1 0 16777216 0 0 0 0 0 16777217 88 426 331 426 0 0 0 4 426
AUD 427 2 25 -1 -1 0 16777217 88 426 331 426 0 16777216 0 0 0 0 0 0 0 4 427
AUD 428 1 25 198 -1 0 16777216 0 0 0 0 0 16777217 18 428 266 428 0 0 0 4 428
AUD 429 2 25 -1 -1 0 16777217 18 428 266 428 0 16777216 0 0 0 0 0 0 0 4 429
AUD 430 1 25 199 -1 0 16777216 0 0 0 0 0 16777217 16 430 266 430 0 0 0 4 430
AUD 431 2 25 -1 -1 0 16777217 16 430 266 430 0 16777216 0 0 0 0 0 0 0 4 431
AUD 432 1 25 200 -1 0 16777216 0 0 0 0 0 16777217 20 432 266 432 0 0 0 4 432
AUD 433 2 25 -1 -1 0 16777217 20 432 266 432 0 16777216 0 0 0 0 0 0 0 4 433
AUD 434 1 25 201 -1 0 16777216 0 0 0 0 0 16777217 86 434 331 434 0 0 0 4 434
AUD 435 2 25 -1 -1 0 16777217 86 434 331 434 0 16777216 0 0 0 0 0 0 0 4 435
AUD 436 1 25 202 -1 0 16777216 0 0 0 0 0 16777217 16 436 266 436 0 0 0 4 436
AUD 437 2 25 -1 -1 0 16777217 16 436 266 436 0 16777216 0 0 0 0 0 0 0 4 437
AUD 438 1 25 203 -1 0 16777216 0 0 0 0 0 16777217 20 438 266 438 0 0 0 4 438
AUD 439 2 25 -1 -1 0 16777217 20 438 266 438 0 16777216 0 0 0 0 0 0 0 4 439
AUD 440 1 25 204 -1 0 16777216 0 0 0 0 0 16777217 86 440 331 440 0 0 0 4 440
AUD 441 2 25 -1 -1 0 16777217 86 440 331 440 0 16777216 0 0 0 0 0 0 0 4 441
AUD 442 1 25 205 -1 0 16777216 0 0 0 0 0 16777217 16 442 266 442 0 0 0 4 442
AUD 443 2 25 -1 -1 0 16777217 16 442 266 442 0 16777216 0 0 0 0 0 0 0 4 443
AUD 444 1 25 206 -1 0 16777216 0 0 0 0 0 16777217 20 444 266 444 0 0 0 4 444
AUD 445 2 25 -1 -1 0 16777217 20 444 266 444 0 16777216 0 0 0 0 0 0 0 4 445
AUD 446 1 25 207 -1 0 16777216 0 0 0 0 0 16777217 86 446 331 446 0 0 0 4 446
AUD 447 2 25 -1 -1 0 16777217 86 446 331 446 0 16777216 0 0 0 0 0 0 0 4 447
AUD 448 1 25 208 -1 0 16777216 0 0 0 0 0 16777217 16 448 266 448 0 0 0 4 448
AUD 449 2 25 -1 -1 0 16777217 16 448 266 448 0 16777216 0 0 0 0 0 0 0 4 449
AUD 450 1 25 209 -1 0 16777216 0 0 0 0 0 16777217 20 450 266 450 0 0 0 4 450
AUD 451 2 25 -1 -1 0 16777217 20 450 266 450 0 16777216 0 0 0 0 0 0 0 4 451
AUD 452 1 25 210 -1 0 16777216 0 0 0 0 0 16777217 18 452 266 452 0 0 0 4 452
AUD 453 2 25 -1 -1 0 16777217 18 452 266 452 0 16777216 0 0 0 0 0 0 0 4 453
AUD 454 1 25 211 -1 0 16777216 0 0 0 0 0 16777217 84 454 331 454 0 0 0 4 454
AUD 455 2 25 -1 -1 0 16777217 84 454 331 454 0 16777216 0 0 0 0 0 0 0 4 455
AUD 456 1 25 212 -1 0 16777216 0 0 0 0 0 16777217 20 456 266 456 0 0 0 4 456
AUD 457 2 25 -1 -1 0 16777217 20 456 266 456 0 16777216 0 0 0 0 0 0 0 4 457
AUD 458 1 25 213 -1 0 16777216 0 0 0 0 0 16777217 18 458 266 458 0 0 0 4 458
AUD 459 2 25 -1 -1 0 16777217 18 458 266 458 0 16777216 0 0 0 0 0 0 0 4 459
AUD 460 1 25 214 -1 0 16777216 0 0 0 0 0 16777217 84 460 331 460 0 0 0 4 460
AUD 461 2 25 -1 -1 0 16777217 84 460 331 460 0 16777216 0 0 0 0 0 0 0 4 461
AUD 462 1 25 215 -1 0 16777216 0 0 0 0 0 16777217 20 462 266 462 0 0 0 4 462
AUD 463 2 25 -1 -1 0 16777217 20 462 266 462 0 16777216 0 0 0 0 0 0 0 4 463
AUD 464 1 25 216 -1 0 16777216 0 0 0 0 0 16777217 18 464 266 464 0 0 0 4 464
AUD 465 2 25 -1 -1 0 16777217 18 464 266 464 0 16777216 0 0 0 0 0 0 0 4 465
AUD 466 1 25 217 -1 0 16777216 0 0 0 0 0 16777217 84 466 331 466 0 0 0 4 466
AUD 467 2 25 -1 -1 0 16777217 84 466 331 466 0 16777216 0 0 0 0 0 0 0 4 467
AUD 468 1 25 218 -1 0 16777216 0 0 0 0 0 16777217 20 468 266 468 0 0 0 4 468
AUD 469 2 25 -1 -1 0 16777217 20 468 266 468 0 16777216 0 0 0 0 0 0 0 4 469
AUD 470 1 25 219 -1 0 16777216 0 0 0 0 0 16777217 18 470 266 470 0 0 0 4 470
AUD 471 2 25 -1 -1 0 16777217 18 470 266 470 0 16777216 0 0 0 0 0 0 0 4 471
AUD 472 1 25 220 -1 0 16777216 0 0 0 0 0 16777217 16 472 266 472 0 0 0 4 472
AUD 473 2 25 -1 -1 0 16777217 16 472 266 472 0 16777216 0 0 0 0 0 0 0 4 473
AUD 474 1 25 221 -1 0 16777216 0 0 0 0 0 16777217 88 474 331 474 0 0 0 4 474
AUD 475 2 25 -1 -1 0 16777217 88 474 331 474 0 16777216 0 0 0 0 0 0 0 4 475
AUD 476 1 25 222 -1 0 16777216 0 0 0 0 0 16777217 18 476 266 476 0 0 0 4 476
AUD 477 2 25 -1 -1 0 16777217 18 476 266 476 0 16777216 0 0 0 0 0 0 0 4 477
AUD 478 1 25 223 -1 0 16777216 0 0 0 0 0 16777217 16 478 266 478 0 0 0 4 478
AUD 479 2 25 -1 -1 0 16777217 16 478 266 478 0 16777216 0 0 0 0 0 0 0 4 479
AUD 480 1 25 224 -1 0 16777216 0 0 0 0 0 16777217 88 480 331 480 0 0 0 4 480
AUD 481 2 25 -1 -1 0 16777217 88 480 331 480 0 16777216 0 0 0 0 0 0 0 4 481
AUD 482 1 25 225 -1 0 16777216 0 0 0 0 0 16777217 18 482 266 482 0 0 0 4 482
AUD 483 2 25 -1 -1 0 16777217 18 482 266 482 0 16777216 0 0 0 0 0 0 0 4 483
AUD 484 1 25 226 -1 0 16777216 0 0 0 0 0 16777217 16 484 266 484 0 0 0 4 484
AUD 485 2 25 -1 -1 0 16777217 16 484 266 484 0 16777216 0 0 0 0 0 0 0 4 485
AUD 486 1 25 227 -1 0 16777216 0 0 0 0 0 16777217 88 486 331 486 0 0 0 4 486
AUD 487 2 25 -1 -1 0 16777217 88 486 331 486 0 16777216 0 0 0 0 0 0 0 4 487
AUD 488 1 25 228 -1 0 16777216 0 0 0 0 0 16777217 18 488 266 488 0 0 0 4 488
AUD 489 2 25 -1 -1 0 16777217 18 488 266 488 0 16777216 0 0 0 0 0 0 0 4 489
AUD 490 1 25 229 -1 0 16777216 0 0 0 0 0 16777217 16 490 266 490 0 0 0 4 490
AUD 491 2 25 -1 -1 0 16777217 16 490 266 490 0 16777216 0 0 0 0 0 0 0 4 491
AUD 492 1 25 230 -1 0 16777216 0 0 0 0 0 16777217 20 492 266 492 0 0 0 4 492
AUD 493 2 25 -1 -1 0 16777217 20 492 266 492 0 16777216 0 0 0 0 0 0 0 4 493
AUD 494 1 25 231 -1 0 16777216 0 0 0 0 0 16777217 86 494 331 494 0 0 0 4 494
AUD 495 2 25 -1 -1 0 16777217 86 494 331 494 0 16777216 0 0 0 0 0 0 0 4 495
AUD 496 1 25 232 -1 0 16777216 0 0 0 0 0 16777217 16 496 266 496 0 0 0 4 496
AUD 497 2 25 -1 -1 0 16777217 16 496 266 496 0 16777216 0 0 0 0 0 0 0 4 497
AUD 498 1 25 233 -1 0 16777216 0 0 0 0 0 16777217 20 498 266 498 0 0 0 4 498
AUD 499 2 25 -1 -1 0 16777217 20 498 266 498 0 16777216 0 0 0 0 0 0 0 4 499
AUD 500 1 25 234 -1 0 16777216 0 0 0 0 0 16777217 86 500 331 500 0 0 0 4 500
AUD 501 2 25 -1 -1 0 16777217 86 500 331 500 0 16777216 0 0 0 0 0 0 0 4 501
AUD 502 1 25 235 -1 0 16777216 0 0 0 0 0 16777217 16 502 266 502 0 0 0 4 502
AUD 503 2 25 -1 -1 0 16777217 16 502 266 502 0 16777216 0 0 0 0 0 0 0 4 503
AUD 504 1 25 236 -1 0 16777216 0 0 0 0 0 16777217 20 504 266 504 0 0 0 4 504
AUD 505 2 25 -1 -1 0 16777217 20 504 266 504 0 16777216 0 0 0 0 0 0 0 4 505
AUD 506 1 25 237 -1 0 16777216 0 0 0 0 0 16777217 86 506 331 506 0 0 0 4 506
AUD 507 2 25 -1 -1 0 16777217 86 506 331 506 0 16777216 0 0 0 0 0 0 0 4 507
AUD 508 1 25 238 -1 0 16777216 0 0 0 0 0 16777217 16 508 266 508 0 0 0 4 508
AUD 509 2 25 -1 -1 0 16777217 16 508 266 508 0 16777216 0 0 0 0 0 0 0 4 509
AUD 510 1 25 239 -1 0 16777216 0 0 0 0 0 16777217 20 510 266 510 0 0 0 4 510
AUD 511 2 25 -1 -1 0 16777217 20 510 266 510 0 16777216 0 0 0 0 0 0 0 4 511
AUD 512 1 25 240 -1 0 16777216 0 0 0 0 0 16777217 18 512 266 512 0 0 0 4 512
AUD 513 2 25 -1 -1 0 16777217 18 512 266 512 0 16777216 0 0 0 0 0 0 0 4 513
AUD 514 1 25 241 -1 0 16777216 0 0 0 0 0 16777217 84 514 331 514 0 0 0 4 514
AUD 515 2 25 -1 -1 0 16777217 84 514 331 514 0 16777216 0 0 0 0 0 0 0 4 515
AUD 516 1 25 242 -1 0 16777216 0 0 0 0 0 16777217 20 516 266 516 0 0 0 4 516
AUD 517 2 25 -1 -1 0 16777217 20 516 266 516 0 16777216 0 0 0 0 0 0 0 4 517
AUD 518 1 25 243 -1 0 16777216 0 0 0 0 0 16777217 18 518 266 518 0 0 0 4 518
AUD 519 2 25 -1 -1 0 16777217 18 518 266 518 0 16777216 0 0 0 0 0 0 0 4 519
AUD 520 1 25 244 -1 0 16777216 0 0 0 0 0 16777217 84 520 331 520 0 0 0 4 520
AUD 521 2 25 -1 -1 0 16777217 84 520 331 520 0 16777216 0 0 0 0 0 0 0 4 521
AUD 522 1 25 245 -1 0 16777216 0 0 0 0 0 16777217 20 522 266 522 0 0 0 4 522
AUD 523 2 25 -1 -1 0 16777217 20 522 266 522 0 16777216 0 0 0 0 0 0 0 4 523
AUD 524 1 25 246 -1 0 16777216 0 0 0 0 0 16777217 18 524 266 524 0 0 0 4 524
AUD 525 2 25 -1 -1 0 16777217 18 524 266 524 0 16777216 0 0 0 0 0 0 0 4 525
AUD 526 1 25 247 -1 0 16777216 0 0 0 0 0 16777217 84 526 331 526 0 0 0 4 526
AUD 527 2 25 -1 -1 0 16777217 84 526 331 526 0 16777216 0 0 0 0 0 0 0 4 527
AUD 528 1 25 248 -1 0 16777216 0 0 0 0 0 16777217 20 528 266 528 0 0 0 4 528
AUD 529 2 25 -1 -1 0 16777217 20 528 266 528 0 16777216 0 0 0 0 0 0 0 4 529
AUD 530 1 25 249 -1 0 16777216 0 0 0 0 0 16777217 18 530 266 530 0 0 0 4 530
AUD 531 2 25 -1 -1 0 16777217 18 530 266 530 0 16777216 0 0 0 0 0 0 0 4 531
AUD 532 1 25 250 -1 0 16777216 0 0 0 0 0 16777217 84 532 331 532 0 0 0 4 532
AUD 533 2 25 -1 -1 0 16777217 84 532 331 532 0 16777216 0 0 0 0 0 0 0 4 533
AUD 534 1 25 251 -1 0 16777216 0 0 0 0 0 16777217 88 534 331 534 0 0 0 4 534
AUD 535 2 25 -1 -1 0 16777217 88 534 331 534 0 16777216 0 0 0 0 0 0 0 4 535
AUD 536 1 25 252 -1 0 16777216 0 0 0 0 0 16777217 18 536 266 536 0 0 0 4 536
AUD 537 2 25 -1 -1 0 16777217 18 536 266 536 0 16777216 0 0 0 0 0 0 0 4 537
AUD 538 1 25 253 -1 0 16777216 0 0 0 0 0 16777217 16 538 266 538 0 0 0 4 538
AUD 539 2 25 -1 -1 0 16777217 16 538 266 538 0 16777216 0 0 0 0 0 0 0 4 539
AUD 540 1 25 254 -1 0 16777216 0 0 0 0 0 16777217 88 540 331 540 0 0 0 4 540
AUD 541 2 25 -1 -1 0 16777217 88 540 331 540 0 16777216 0 0 0 0 0 0 0 4 541
AUD 542 1 25 255 -1 0 16777216 0 0 0 0 0 16777217 18 542 266 542 0 0 0 4 542
AUD 543 2 25 -1 -1 0 16777217 18 542 266 542 0 16777216 0 0 0 0 0 0 0 4 543
AUD 544 1 25 256 -1 0 16777216 0 0 0 0 0 16777217 16 544 266 544 0 0 0 4 544
AUD 545 2 25 -1 -1 0 16777217 16 544 266 544 0 16777216 0 0 0 0 0 0 0 4 545
AUD 546 1 25 257 -1 0 16777216 0 0 0 0 0 16777217 88 546 331 546 0 0 0 4 546
AUD 547 2 25 -1 -1 0 16777217 88 546 331 546 0 16777216 0 0 0 0 0 0 0 4 547
AUD 548 1 25 258 -1 0 16777216 0 0 0 0 0 16777217 18 548 266 548 0 0 0 4 548
AUD 549 2 25 -1 -1 0 16777217 18 548 266 548 0 16777216 0 0 0 0 0 0 0 4 549
AUD 550 1 25 259 -1 0 16777216 0 0 0 0 0 16777217 16 550 266 550 0 0 0 4 550
AUD 551 2 25 -1 -1 0 16777217 16 550 266 550 0 16777216 0 0 0 0 0 0 0 4 551
AUD 552 1 25 260 -1 0 16777216 0 0 0 0 0 16777217 20 552 266 552 0 0 0 4 552
AUD 553 2 25 -1 -1 0 16777217 20 552 266 552 0 16777216 0 0 0 0 0 0 0 4 553
AUD 554 1 25 261 -1 0 16777216 0 0 0 0 0 16777217 86 554 331 554 0 0 0 4 554
AUD 555 2 25 -1 -1 0 16777217 86 554 331 554 0 16777216 0 0 0 0 0 0 0 4 555
AUD 556 1 25 262 -1 0 16777216 0 0 0 0 0 16777217 16 556 266 556 0 0 0 4 556
AUD 557 2 25 -1 -1 0 16777217 16 556 266 556 0 16777216 0 0 0 0 0 0 0 4 557
AUD 558 1 25 263 -1 0 16777216 0 0 0 0 0 16777217 20 558 266 558 0 0 0 4 558
AUD 559 2 25 -1 -1 0 16777217 20 558 266 558 0 16777216 0 0 0 0 0 0 0 4 559
AUD 560 1 25 264 -1 0 16777216 0 0 0 0 0 16777217 86 560 331 560 0 0 0 4 560
AUD 561 2 25 -1 -1 0 16777217 86 560 331 560 0 16777216 0 0 0 0 0 0 0 4 561
AUD 562 1 25 265 -1 0 16777216 0 0 0 0 0 16777217 16 562 266 562 0 0 0 4 562
AUD 563 2 25 -1 -1 0 16777217 16 562 266 562 0 16777216 0 0 0 0 0 0 0 4 563
AUD 564 1 25 266 -1 0 16777216 0 0 0 0 0 16777217 20 564 266 564 0 0 0 4 564
AUD 565 2 25 -1 -1 0 16777217 20 564 266 564 0 16777216 0 0 0 0 0 0 0 4 565
AUD 566 1 25 267 -1 0 16777216 0 0 0 0 0 16777217 86 566 331 566 0 0 0 4 566
AUD 567 2 25 -1 -1 0 16777217 86 566 331 566 0 16777216 0 0 0 0 0 0 0 4 567
AUD 568 1 25 268 -1 0 16777216 0 0 0 0 0 16777217 16 568 266 568 0 0 0 4 568
AUD 569 2 25 -1 -1 0 16777217 16 568 266 568 0 16777216 0 0 0 0 0 0 0 4 569
AUD 570 1 25 269 -1 0 16777216 0 0 0 0 0 16777217 20 570 266 570 0 0 0 4 570
AUD 571 2 25 -1 -1 0 16777217 20 570 266 570 0 16777216 0 0 0 0 0 0 0 4 571
AUD 572 1 25 270 -1 0 16777216 0 0 0 0 0 16777217 18 572 266 572 0 0 0 4 572
AUD 573 2 25 -1 -1 0 16777217 18 572 266 572 0 16777216 0 0 0 0 0 0 0 4 573
AUD 574 1 25 271 -1 0 16777216 0 0 0 0 0 16777217 84 574 331 574 0 0 0 4 574
AUD 575 2 25 -1 -1 0 16777217 84 574 331 574 0 16777216 0 0 0 0 0 0 0 4 575
AUD 576 1 25 272 -1 0 16777216 0 0 0 0 0 16777217 20 576 266 576 0 0 0 4 576
AUD 577 2 25 -1 -1 0 16777217 20 576 266 576 0 16777216 0 0 0 0 0 0 0 4 577
AUD 578 1 25 273 -1 0 16777216 0 0 0 0 0 16777217 18 578 266 578 0 0 0 4 578
AUD 579 2 25 -1 -1 0 16777217 18 578 266 578 0 16777216 0 0 0 0 0 0 0 4 579
AUD 580 1 25 274 -1 0 16777216 0 0 0 0 0 16777217 84 580 331 580 0 0 0 4 580
AUD 581 2 25 -1 -1 0 16777217 84 580 331 580 0 16777216 0 0 0 0 0 0 0 4 581
AUD 582 1 25 275 -1 0 16777216 0 0 0 0 0 16777217 20 582 266 582 0 0 0 4 582
AUD 583 2 25 -1 -1 0 16777217 20 582 266 582 0 16777216 0 0 0 0 0 0 0 4 583
AUD 584 1 25 276 -1 0 16777216 0 0 0 0 0 16777217 18 584 266 584 0 0 0 4 584
AUD 585 2 25 -1 -1 0 16777217 18 584 266 584 0 16777216 0 0 0 0 0 0 0 4 585
AUD 586 1 25 277 -1 0 16777216 0 0 0 0 0 16777217 84 586 331 586 0 0 0 4 586
AUD 587 2 25 -1 -1 0 16777217 84 586 331 586 0 16777216 0 0 0 0 0 0 0 4 587
AUD 588 1 25 278 -1 0 16777216 0 0 0 0 0 16777217 20 588 266 588 0 0 0 4 588
AUD 589 2 25 -1 -1 0 16777217 20 588 266 588 0 16777216 0 0 0 0 0 0 0 4 589
AUD 590 1 25 279 -1 0 16777216 0 0 0 0 0 16777217 18 590 266 590 0 0 0 4 590
AUD 591 2 25 -1 -1 0 16777217 18 590 266 590 0 16777216 0 0 0 0 0 0 0 4 591
AUD 592 1 25 280 -1 0 16777216 0 0 0 0 0 16777217 16 592 266 592 0 0 0 4 592
AUD 593 2 25 -1 -1 0 16777217 16 592 266 592 0 16777216 0 0 0 0 0 0 0 4 593
AUD 594 1 25 281 -1 0 16777216 0 0 0 0 0 16777217 88 594 331 594 0 0 0 4 594
AUD 595 2 25 -1 -1 0 16777217 88 594 331 594 0 16777216 0 0 0 0 0 0 0 4 595
AUD 596 1 25 282 -1 0 16777216 0 0 0 0 0 16777217 18 596 266 596 0 0 0 4 596
AUD 597 2 25 -1 -1 0 16777217 18 596 266 596 0 16777216 0 0 0 0 0 0 0 4 597
AUD 598 1 25 283 -1 0 16777216 0 0 0 0 0 16777217 16 598 266 598 0 0 0 4 598
AUD 599 2 25 -1 -1 0 16777217 16 598 266 598 0 16777216 0 0 0 0 0 0 0 4 599
AUD 600 1 25 284 -1 0 16777216 0 0 0 0 0 16777217 88 600 331 600 0 0 0 4 600
AUD 601 2 25 -1 -1 0 16777217 88 600 331 600 0 16777216 0 0 0 0 0 0 0 4 601
AUD 602 1 25 285 -1 0 16777216 0 0 0 0 0 16777217 18 602 266 602 0 0 0 4 602
AUD 603 2 25 -1 -1 0 16777217 18 602 266 602 0 16777216 0 0 0 0 0 0 0 4 603
AUD 604 1 25 286 -1 0 16777216 0 0 0 0 0 16777217 16 604 266 604 0 0 0 4 604
AUD 605 2 25 -1 -1 0 16777217 16 604 266 604 0 16777216 0 0 0 0 0 0 0 4 605
AUD 606 1 25 287 -1 0 16777216 0 0 0 0 0 16777217 88 606 331 606 0 0 0 4 606
AUD 607 2 25 -1 -1 0 16777217 88 606 331 606 0 16777216 0 0 0 0 0 0 0 4 607
AUD 608 1 25 288 -1 0 16777216 0 0 0 0 0 16777217 18 608 266 608 0 0 0 4 608
AUD 609 2 25 -1 -1 0 16777217 18 608 266 608 0 16777216 0 0 0 0 0 0 0 4 609
AUD 610 1 25 289 -1 0 16777216 0 0 0 0 0 16777217 16 610 266 610 0 0 0 4 610
AUD 611 2 25 -1 -1 0 16777217 16 610 266 610 0 16777216 0 0 0 0 0 0 0 4 611
AUD 612 1 25 290 -1 0 16777216 0 0 0 0 0 16777217 20 612 266 612 0 0 0 4 612
AUD 613 2 25 -1 -1 0 16777217 20 612 266 612 0 16777216 0 0 0 0 0 0 0 4 613
AUD 614 1 25 291 -1 0 16777216 0 0 0 0 0 16777217 86 614 331 614 0 0 0 4 614
AUD 615 2 25 -1 -1 0 16777217 86 614 331 614 0 16777216 0 0 0 0 0 0 0 4 615
AUD 616 1 25 292 -1 0 16777216 0 0 0 0 0 16777217 16 616 266 616 0 0 0 4 616
AUD 617 2 25 -1 -1 0 16777217 16 616 266 616 0 16777216 0 0 0 0 0 0 0 4 617
AUD 618 1 25 293 -1 0 16777216 0 0 0 0 0 16777217 20 618 266 618 0 0 0 4 618
AUD 619 2 25 -1 -1 0 16777217 20 618 266 618 0 16777216 0 0 0 0 0 0 0 4 619
AUD 620 1 25 294 -1 0 16777216 0 0 0 0 0 16777217 86 620 331 620 0 0 0 4 620
AUD 621 2 25 -1 -1 0 16777217 86 620 331 620 0 16777216 0 0 0 0 0 0 0 4 621
AUD 622 1 25 295 -1 0 16777216 0 0 0 0 0 16777217 16 622 266 622 0 0 0 4 622
AUD 623 2 25 -1 -1 0 16777217 16 622 266 622 0 16777216 0 0 0 0 0 0 0 4 623
AUD 624 1 25 296 -1 0 16777216 0 0 0 0 0 16777217 20 624 266 624 0 0 0 4 624
AUD 625 2 25 -1 -1 0 16777217 20 624 266 624 0 16777216 0 0 0 0 0 0 0 4 625
AUD 626 1 25 297 -1 0 16777216 0 0 0 0 0 16777217 86 626 331 626 0 0 0 4 626
AUD 627 2 25 -1 -1 0 16777217 86 626 331 626 0 16777216 0 0 0 0 0 0 0 4 627
AUD 628 1 25 298 -1 0 16777216 0 0 0 0 0 16777217 16 628 266 628 0 0 0 4 628
AUD 629 2 25 -1 -1 0 16777217 16 628 266 628 0 16777216 0 0 0 0 0 0 0 4 629
AUD 630 1 25 299 -1 0 16777216 0 0 0 0 0 16777217 20 630 266 630 0 0 0 4 630
AUD 631 2 25 -1 -1 0 16777217 20 630 266 630 0 16777216 0 0 0 0 0 0 0 4 631
AUD 632 1 25 300 -1 0 16777216 0 0 0 0 0 16777217 18 632 266 632 0 0 0 4 632
AUD 633 2 25 -1 -1 0 16777217 18 632 266 632 0 16777216 0 0 0 0 0 0 0 4 633
AUD 634 1 25 301 -1 0 16777216 0 0 0 0 0 16777217 84 634 331 634 0 0 0 4 634
AUD 635 2 25 -1 -1 0 16777217 84 634 331 634 0 16777216 0 0 0 0 0 0 0 4 635
AUD 636 1 25 302 -1 0 16777216 0 0 0 0 0 16777217 20 636 266 636 0 0 0 4 636
AUD 637 2 25 -1 -1 0 16777217 20 636 266 636 0 16777216 0 0 0 0 0 0 0 4 637
AUD 638 1 25 303 -1 0 16777216 0 0 0 0 0 16777217 18 638 266 638 0 0 0 4 638
AUD 639 2 25 -1 -1 0 16777217 18 638 266 638 0 16777216 0 0 0 0 0 0 0 4 639
AUD 640 1 25 304 -1 0 16777216 0 0 0 0 0 16777217 84 640 331 640 0 0 0 4 640
AUD 641 2 25 -1 -1 0 16777217 84 640 331 640 0 16777216 0 0 0 0 0 0 0 4 641
AUD 642 1 25 305 -1 0 16777216 0 0 0 0 0 16777217 20 642 266 642 0 0 0 4 642
AUD 643 2 25 -1 -1 0 16777217 20 642 266 642 0 16777216 0 0 0 0 0 0 0 4 643
AUD 644 1 25 306 -1 0 16777216 0 0 0 0 0 16777217 18 644 266 644 0 0 0 4 644
AUD 645 2 25 -1 -1 0 16777217 18 644 266 644 0 16777216 0 0 0 0 0 0 0 4 645
AUD 646 1 25 307 -1 0 16777216 0 0 0 0 0 16777217 84 646 331 646 0 0 0 4 646
AUD 647 2 25 -1 -1 0 16777217 84 646 331 646 0 16777216 0 0 0 0 0 0 0 4 647
AUD 648 1 25 308 -1 0 16777216 0 0 0 0 0 16777217 20 648 266 648 0 0 0 4 648
AUD 649 2 25 -1 -1 0 16777217 20 648 266 648 0 16777216 0 0 0 0 0 0 0 4 649
AUD 650 1 25 309 -1 0 16777216 0 0 0 0 0 16777217 18 650 266 650 0 0 0 4 650
AUD 651 2 25 -1 -1 0 16777217 18 650 266 650 0 16777216 0 0 0 0 0 0 0 4 651
AUD 652 1 25 310 -1 0 16777216 0 0 0 0 0 16777217 16 652 266 652 0 0 0 4 652
AUD 653 2 25 -1 -1 0 16777217 16 652 266 652 0 16777216 0 0 0 0 0 0 0 4 653
AUD 654 1 25 311 -1 0 16777216 0 0 0 0 0 16777217 88 654 331 654 0 0 0 4 654
AUD 655 2 25 -1 -1 0 16777217 88 654 331 654 0 16777216 0 0 0 0 0 0 0 4 655
AUD 656 1 25 312 -1 0 16777216 0 0 0 0 0 16777217 18 656 266 656 0 0 0 4 656
AUD 657 2 25 -1 -1 0 16777217 18 656 266 656 0 16777216 0 0 0 0 0 0 0 4 657
AUD 658 1 25 313 -1 0 16777216 0 0 0 0 0 16777217 16 658 266 658 0 0 0 4 658
AUD 659 2 25 -1 -1 0 16777217 16 658 266 658 0 16777216 0 0 0 0 0 0 0 4 659
AUD 660 1 25 314 -1 0 16777216 0 0 0 0 0 16777217 88 660 331 660 0 0 0 4 660
AUD 661 2 25 -1 -1 0 16777217 88 660 331 660 0 16777216 0 0 0 0 0 0 0 4 661
AUD 662 1 25 315 -1 0 16777216 0 0 0 0 0 16777217 18 662 266 662 0 0 0 4 662
AUD 663 2 25 -1 -1 0 16777217 18 662 266 662 0 16777216 0 0 0 0 0 0 0 4 663
AUD 664 1 25 316 -1 0 16777216 0 0 0 0 0 16777217 16 664 266 664 0 0 0 4 664
AUD 665 2 25 -1 -1 0 16777217 16 664 266 664 0 16777216 0 0 0 0 0 0 0 4 665
AUD 666 1 25 317 -1 0 16777216 0 0 0 0 0 16777217 88 666 331 666 0 0 0 4 666
AUD 667 2 25 -1 -1 0 16777217 88 666 331 666 0 16777216 0 0 0 0 0 0 0 4 667
AUD 668 1 25 318 -1 0 16777216 0 0 0 0 0 16777217 18 668 266 668 0 0 0 4 668
AUD 669 2 25 -1 -1 0 16777217 18 668 266 668 0 16777216 0 0 0 0 0 0 0 4 669
AUD 670 1 25 319 -1 0 16777216 0 0 0 0 0 16777217 16 670 266 670 0 0 0 4 670
AUD 671 2 25 -1 -1 0 16777217 16 670 266 670 0 16777216 0 0 0 0 0 0 0 4 671
AUD 672 1 25 320 -1 0 16777216 0 0 0 0 0 16777217 20 672 266 672 0 0 0 4 672
AUD 673 2 25 -1 -1 0 16777217 20 672 266 672 0 16777216 0 0 0 0 0 0 0 4 673
AUD 674 1 25 321 -1 0 16777216 0 0 0 0 0 16777217 86 674 331 674 0 0 0 4 674
AUD 675 2 25 -1 -1 0 16777217 86 674 331 674 0 16777216 0 0 0 0 0 0 0 4 675
AUD 676 1 25 322 -1 0 16777216 0 0 0 0 0 16777217 16 676 266 676 0 0 0 4 676
AUD 677 2 25 -1 -1 0 16777217 16 676 266 676 0 16777216 0 0 0 0 0 0 0 4 677
AUD 678 1 25 323 -1 0 16777216 0 0 0 0 0 16777217 20 678 266 678 0 0 0 4 678
AUD 679 2 25 -1 -1 0 16777217 20 678 266 678 0 16777216 0 0 0 0 0 0 0 4 679
AUD 680 1 25 324 -1 0 16777216 0 0 0 0 0 16777217 86 680 331 680 0 0 0 4 680
AUD 681 2 25 -1 -1 0 16777217 86 680 331 680 0 16777216 0 0 0 0 0 0 0 4 681
AUD 682 1 25 325 -1 0 16777216 0 0 0 0 0 16777217 16 682 266 682 0 0 0 4 682
AUD 683 2 25 -1 -1 0 16777217 16 682 266 682 0 16777216 0 0 0 0 0 0 0 4 683
AUD 684 1 25 326 -1 0 16777216 0 0 0 0 0 16777217 20 684 266 684 0 0 0 4 684
AUD 685 2 25 -1 -1 0 16777217 20 684 266 684 0 16777216 0 0 0 0 0 0 0 4 685
AUD 686 1 25 327 -1 0 16777216 0 0 0 0 0 16777217 86 686 331 686 0 0 0 4 686
AUD 687 2 25 -1 -1 0 16777217 86 686 331 686 0 16777216 0 0 0 0 0 0 0 4 687
AUD 688 1 25 328 -1 0 16777216 0 0 0 0 0 16777217 16 688 266 688 0 0 0 4 688
AUD 689 2 25 -1 -1 0 16777217 16 688 266 688 0 16777216 0 0 0 0 0 0 0 4 689
AUD 690 1 25 329 -1 0 16777216 0 0 0 0 0 16777217 20 690 266 690 0 0 0 4 690
AUD 691 2 25 -1 -1 0 16777217 20 690 266 690 0 16777216 0 0 0 0 0 0 0 4 691
AUD 692 1 25 330 -1 0 16777216 0 0 0 0 0 16777217 18 692 266 692 0 0 0 4 692
AUD 693 2 25 -1 -1 0 16777217 18 692 266 692 0 16777216 0 0 0 0 0 0 0 4 693
AUD 694 1 25 331 -1 0 16777216 0 0 0 0 0 16777217 84 694 331 694 0 0 0 4 694
AUD 695 2 25 -1 -1 0 16777217 84 694 331 694 0 16777216 0 0 0 0 0 0 0 4 695
AUD 696 1 25 332 -1 0 16777216 0 0 0 0 0 16777217 20 696 266 696 0 0 0 4 696
AUD 697 2 25 -1 -1 0 16777217 20 696 266 696 0 16777216 0 0 0 0 0 0 0 4 697
AUD 698 1 25 333 -1 0 16777216 0 0 0 0 0 16777217 86 698 331 698 0 0 0 4 698
AUD 699 2 25 -1 -1 0 16777217 86 698 331 698 0 16777216 0 0 0 0 0 0 0 4 699
AUD 700 1 25 334 -1 0 16777216 0 0 0 0 0 16777217 84 700 331 700 0 0 0 4 700
AUD 701 2 25 -1 -1 0 16777217 84 700 331 700 0 16777216 0 0 0 0 0 0 0 4 701
AUD 702 1 25 335 -1 0 16777216 0 0 0 0 0 16777217 20 702 266 702 0 0 0 4 702
AUD 703 2 25 -1 -1 0 16777217 20 702 266 702 0 16777216 0 0 0 0 0 0 0 4 703
AUD 704 1 25 336 -1 0 16777216 0 0 0 0 0 16777217 18 704 266 704 0 0 0 4 704
AUD 705 2 25 -1 -1 0 16777217 18 704 266 704 0 16777216 0 0 0 0 0 0 0 4 705
AUD 706 1 25 337 -1 0 16777216 0 0 0 0 0 16777217 84 706 331 706 0 0 0 4 706
AUD 707 2 25 -1 -1 0 16777217 84 706 331 706 0 16777216 0 0 0 0 0 0 0 4 707
AUD 708 1 25 338 -1 0 16777216 0 0 0 0 0 16777217 20 708 266 708 0 0 0 4 708
AUD 709 2 25 -1 -1 0 16777217 20 708 266 708 0 16777216 0 0 0 0 0 0 0 4 709
AUD 710 1 25 339 -1 0 16777216 0 0 0 0 0 16777217 18 710 266 710 0 0 0 4 710
AUD 711 2 25 -1 -1 0 16777217 18 710 266 710 0 16777216 0 0 0 0 0 0 0 4 711
AUD 712 1 25 340 -1 0 16777216 0 0 0 0 0 16777217 16 712 266 712 0 0 0 4 712
AUD 713 2 25 -1 -1 0 16777217 16 712 266 712 0 16777216 0 0 0 0 0 0 0 4 713
AUD 714 1 25 341 -1 0 16777216 0 0 0 0 0 16777217 88 714 331 714 0 0 0 4 714
AUD 715 2 25 -1 -1 0 16777217 88 714 331 714 0 16777216 0 0 0 0 0 0 0 4 715
AUD 716 1 25 342 -1 0 16777216 0 0 0 0 0 16777217 18 716 266 716 0 0 0 4 716
AUD 717 2 25 -1 -1 0 16777217 18 716 266 716 0 16777216 0 0 0 0 0 0 0 4 717
AUD 718 1 25 343 -1 0 16777216 0 0 0 0 0 16777217 16 718 266 718 0 0 0 4 718
AUD 719 2 25 -1 -1 0 16777217 16 718 266 718 0 16777216 0 0 0 0 0 0 0 4 719
AUD 720 1 25 344 -1 0 16777216 0 0 0 0 0 16777217 88 720 331 720 0 0 0 4 720
AUD 721 2 25 -1 -1 0 16777217 88 720 331 720 0 16777216 0 0 0 0 0 0 0 4 721
AUD 722 1 25 345 -1 0 16777216 0 0 0 0 0 16777217 18 722 266 722 0 0 0 4 722
AUD 723 2 25 -1 -1 0 16777217 18 722 266 722 0 16777216 0 0 0 0 0 0 0 4 723
AUD 724 1 25 346 -1 0 16777216 0 0 0 0 0 16777217 16 724 266 724 0 0 0 4 724
AUD 725 2 25 -1 -1 0 16777217 16 724 266 724 0 16777216 0 0 0 0 0 0 0 4 725
AUD 726 1 25 347 -1 0 16777216 0 0 0 0 0 16777217 88 726 331 726 0 0 0 4 726
AUD 727 2 25 -1 -1 0 16777217 88 726 331 726 0 16777216 0 0 0 0 0 0 0 4 727
AUD 728 1 25 348 -1 0 16777216 0 0 0 0 0 16777217 18 728 266 728 0 0 0 4 728
AUD 729 2 25 -1 -1 0 16777217 18 728 266 728 0 16777216 0 0 0 0 0 0 0 4 729
AUD 730 1 25 349 -1 0 16777216 0 0 0 0 0 16777217 16 730 266 730 0 0 0 4 730
AUD 731 2 25 -1 -1 0 16777217 16 730 266 730 0 16777216 0 0 0 0 0 0 0 4 731
AUD 732 1 25 350 -1 0 16777216 0 0 0 0 0 16777217 20 732 266 732 0 0 0 4 732
AUD 733 2 25 -1 -1 0 16777217 20 732 266 732 0 16777216 0 0 0 0 0 0 0 4 733
AUD 734 1 25 351 -1 0 16777216 0 0 0 0 0 16777217 86 734 331 734 0 0 0 4 734
AUD 735 2 25 -1 -1 0 16777217 86 734 331 734 0 16777216 0 0 0 0 0 0 0 4 735
AUD 736 1 25 352 -1 0 16777216 0 0 0 0 0 16777217 16 736 266 736 0 0 0 4 736
AUD 737 2 25 -1 -1 0 16777217 16 736 266 736 0 16777216 0 0 0 0 0 0 0 4 737
AUD 738 1 25 353 -1 0 16777216 0 0 0 0 0 16777217 20 738 266 738 0 0 0 4 738
AUD 739 2 25 -1 -1 0 16777217 20 738 266 738 0 16777216 0 0 0 0 0 0 0 4 739
AUD 740 1 25 354 -1 0 16777216 0 0 0 0 0 16777217 86 740 331 740 0 0 0 4 740
AUD 741 2 25 -1 -1 0 16777217 86 740 331 740 0 16777216 0 0 0 0 0 0 0 4 741
AUD 742 1 25 355 -1 0 16777216 0 0 0 0 0 16777217 16 742 266 742 0 0 0 4 742
AUD 743 2 25 -1 -1 0 16777217 16 742 266 742 0 16777216 0 0 0 0 0 0 0 4 743
AUD 744 1 25 356 -1 0 16777216 0 0 0 0 0 16777217 20 744 266 744 0 0 0 4 744
AUD 745 2 25 -1 -1 0 16777217 20 744 266 744 0 16777216 0 0 0 0 0 0 0 4 745
AUD 746 1 25 357 -1 0 16777216 0 0 0 0 0 16777217 86 746 331 746 0 0 0 4 746
AUD 747 2 25 -1 -1 0 16777217 86 746 331 746 0 16777216 0 0 0 0 0 0 0 4 747
AUD 748 1 25 358 -1 0 16777216 0 0 0 0 0 16777217 16 748 266 748 0 0 0 4 748
AUD 749 2 25 -1 -1 0 16777217 16 748 266 748 0 16777216 0 0 0 0 0 0 0 4 749
AUD 750 1 25 359 -1 0 16777216 0 0 0 0 0 16777217 20 750 266 750 0 0 0 4 750
AUD 751 2 25 -1 -1 0 16777217 20 750 266 750 0 16777216 0 0 0 0 0 0 0 4 751
AUD 752 1 25 360 -1 0 16777216 0 0 0 0 0 16777217 18 752 266 752 0 0 0 4 752
AUD 753 2 25 -1 -1 0 16777217 18 752 266 752 0 16777216 0 0 0 0 0 0 0 4 753
AUD 754 1 25 361 -1 0 16777216 0 0 0 0 0 16777217 84 754 331 754 0 0 0 4 754
AUD 755 2 25 -1 -1 0 16777217 84 754 331 754 0 16777216 0 0 0 0 0 0 0 4 755
AUD 756 1 25 362 -1 0 16777216 0 0 0 0 0 16777217 20 756 266 756 0 0 0 4 756
AUD 757 2 25 -1 -1 0 16777217 20 756 266 756 0 16777216 0 0 0 0 0 0 0 4 757
AUD 758 1 25 363 -1 0 16777216 0 0 0 0 0 16777217 18 758 266 758 0 0 0 4 758
AUD 759 2 25 -1 -1 0 16777217 18 758 266 758 0 16777216 0 0 0 0 0 0 0 4 759
AUD 760 1 25 364 -1 0 16777216 0 0 0 0 0 16777217 84 760 331 760 0 0 0 4 760
AUD 761 2 25 -1 -1 0 16777217 84 760 331 760 0 16777216 0 0 0 0 0 0 0 4 761
AUD 762 1 25 365 -1 0 16777216 0 0 0 0 0 16777217 20 762 266 762 0 0 0 4 762
AUD 763 2 25 -1 -1 0 16777217 20 762 266 762 0 16777216 0 0 0 0 0 0 0 4 763
AUD 764 1 25 366 -1 0 16777216 0 0 0 0 0 16777217 18 764 266 764 0 0 0 4 764
AUD 765 2 25 -1 -1 0 16777217 18 764 266 764 0 16777216 0 0 0 0 0 0 0 4 765
AUD 766 1 25 367 -1 0 16777216 0 0 0 0 0 16777217 84 766 331 766 0 0 0 4 766
AUD 767 2 25 -1 -1 0 16777217 84 766 331 766 0 16777216 0 0 0 0 0 0 0 4 767
AUD 768 1 25 368 -1 0 16777216 0 0 0 0 0 16777217 20 768 266 768 0 0 0 4 768
AUD 769 2 25 -1 -1 0 16777217 20 768 266 768 0 16777216 0 0 0 0 0 0 0 4 769
AUD 770 1 25 369 -1 0 16777216 0 0 0 0 0 16777217 18 770 266 770 0 0 0 4 770
AUD 771 2 25 -1 -1 0 16777217 18 770 266 770 0 16777216 0 0 0 0 0 0 0 4 771
AUD 772 1 25 370 -1 0 16777216 0 0 0 0 0 16777217 16 772 266 772 0 0 0 4 772
AUD 773 2 25 -1 -1 0 16777217 16 772 266 772 0 16777216 0 0 0 0 0 0 0 4 773
AUD 774 1 25 371 -1 0 16777216 0 0 0 0 0 16777217 88 774 331 774 0 0 0 4 774
AUD 775 2 25 -1 -1 0 16777217 88 774 331 774 0 16777216 0 0 0 0 0 0 0 4 775
AUD 776 1 25 372 -1 0 16777216 0 0 0 0 0 16777217 18 776 266 776 0 0 0 4 776
AUD 777 2 25 -1 -1 0 16777217 18 776 266 776 0 16777216 0 0 0 0 0 0 0 4 777
AUD 778 1 25 373 -1 0 16777216 0 0 0 0 0 16777217 16 778 266 778 0 0 0 4 778
AUD 779 2 25 -1 -1 0 16777217 16 778 266 778 0 16777216 0 0 0 0 0 0 0 4 779
AUD 780 1 25 374 -1 0 16777216 0 0 0 0 0 16777217 88 780 331 780 0 0 0 4 780
AUD 781 2 25 -1 -1 0 16777217 88 780 331 780 0 16777216 0 0 0 0 0 0 0 4 781
AUD 782 1 25 375 -1 0 16777216 0 0 0 0 0 16777217 18 782 266 782 0 0 0 4 782
AUD 783 2 25 -1 -1 0 16777217 18 782 266 782 0 16777216 0 0 0 0 0 0 0 4 783
AUD 784 1 25 376 -1 0 16777216 0 0 0 0 0 16777217 16 784 266 784 0 0 0 4 784
AUD 785 2 25 -1 -1 0 16777217 16 784 266 784 0 16777216 0 0 0 0 0 0 0 4 785
AUD 786 1 25 377 -1 0 16777216 0 0 0 0 0 16777217 88 786 331 786 0 0 0 4 786
AUD 787 2 25 -1 -1 0 16777217 88 786 331 786 0 16777216 0 0 0 0 0 0 0 4 787
AUD 788 1 25 378 -1 0 16777216 0 0 0 0 0 16777217 18 788 266 788 0 0 0 4 788
AUD 789 2 25 -1 -1 0 16777217 18 788 266 788 0 16777216 0 0 0 0 0 0 0 4 789
AUD 790 1 25 379 -1 0 16777216 0 0 0 0 0 16777217 16 790 266 790 0 0 0 4 790
AUD 791 2 25 -1 -1 0 16777217 16 790 266 790 0 16777216 0 0 0 0 0 0 0 4 791
AUD 792 1 25 380 -1 0 16777216 0 0 0 0 0 16777217 20 792 266 792 0 0 0 4 792
AUD 793 2 25 -1 -1 0 16777217 20 792 266 792 0 16777216 0 0 0 0 0 0 0 4 793
AUD 794 1 25 381 -1 0 16777216 0 0 0 0 0 16777217 86 794 331 794 0 0 0 4 794
AUD 795 2 25 -1 -1 0 16777217 86 794 331 794 0 16777216 0 0 0 0 0 0 0 4 795
AUD 796 1 25 382 -1 0 16777216 0 0 0 0 0 16777217 16 796 266 796 0 0 0 4 796
AUD 797 2 25 -1 -1 0 16777217 16 796 266 796 0 16777216 0 0 0 0 0 0 0 4 797
AUD 798 1 25 383 -1 0 16777216 0 0 0 0 0 16777217 20 798 266 798 0 0 0 4 798
AUD 799 2 25 -1 -1 0 16777217 20 798 266 798 0 16777216 0 0 0 0 0 0 0 4 799
AUD 800 1 25 384 -1 0 16777216 0 0 0 0 0 16777217 86 800 331 800 0 0 0 4 800
AUD 801 2 25 -1 -1 0 16777217 86 800 331 800 0 16777216 0 0 0 0 0 0 0 4 801
AUD 802 1 25 385 -1 0 16777216 0 0 0 0 0 16777217 16 802 266 802 0 0 0 4 802
AUD 803 2 25 -1 -1 0 16777217 16 802 266 802 0 16777216 0 0 0 0 0 0 0 4 803
AUD 804 1 25 386 -1 0 16777216 0 0 0 0 0 16777217 20 804 266 804 0 0 0 4 804
AUD 805 2 25 -1 -1 0 16777217 20 804 266 804 0 16777216 0 0 0 0 0 0 0 4 805
AUD 806 1 25 387 -1 0 16777216 0 0 0 0 0 16777217 86 806 331 806 0 0 0 4 806
AUD 807 2 25 -1 -1 0 16777217 86 806 331 806 0 16777216 0 0 0 0 0 0 0 4 807
AUD 808 1 25 388 -1 0 16777216 0 0 0 0 0 16777217 16 808 266 808 0 0 0 4 808
AUD 809 2 25 -1 -1 0 16777217 16 808 266 808 0 16777216 0 0 0 0 0 0 0 4 809
AUD 810 1 25 389 -1 0 16777216 0 0 0 0 0 16777217 20 810 266 810 0 0 0 4 810
AUD 811 2 25 -1 -1 0 16777217 20 810 266 810 0 16777216 0 0 0 0 0 0 0 4 811
AUD 812 1 25 390 -1 0 16777216 0 0 0 0 0 16777217 18 812 266 812 0 0 0 4 812
AUD 813 2 25 -1 -1 0 16777217 18 812 266 812 0 16777216 0 0 0 0 0 0 0 4 813
AUD 814 1 25 391 -1 0 16777216 0 0 0 0 0 16777217 84 814 331 814 0 0 0 4 814
AUD 815 2 25 -1 -1 0 16777217 84 814 331 814 0 16777216 0 0 0 0 0 0 0 4 815
AUD 816 1 25 392 -1 0 16777216 0 0 0 0 0 16777217 20 816 266 816 0 0 0 4 816
AUD 817 2 25 -1 -1 0 16777217 20 816 266 816 0 16777216 0 0 0 0 0 0 0 4 817
AUD 818 1 25 393 -1 0 16777216 0 0 0 0 0 16777217 18 818 266 818 0 0 0 4 818
AUD 819 2 25 -1 -1 0 16777217 18 818 266 818 0 16777216 0 0 0 0 0 0 0 4 819
AUD 820 1 25 394 -1 0 16777216 0 0 0 0 0 16777217 84 820 331 820 0 0 0 4 820
AUD 821 2 25 -1 -1 0 16777217 84 820 331 820 0 16777216 0 0 0 0 0 0 0 4 821
AUD 822 1 25 395 -1 0 16777216 0 0 0 0 0 16777217 20 822 266 822 0 0 0 4 822
AUD 823 2 25 -1 -1 0 16777217 20 822 266 822 0 16777216 0 0 0 0 0 0 0 4 823
AUD 824 1 25 396 -1 0 16777216 0 0 0 0 0 16777217 18 824 266 824 0 0 0 4 824
AUD 825 2 25 -1 -1 0 16777217 18 824 266 824 0 16777216 0 0 0 0 0 0 0 4 825
AUD 826 1 25 397 -1 0 16777216 0 0 0 0 0 16777217 84 826 331 826 0 0 0 4 826
AUD 827 2 25 -1 -1 0 16777217 84 826 331 826 0 16777216 0 0 0 0 0 0 0 4 827
AUD 828 1 25 398 -1 0 16777216 0 0 0 0 0 16777217 20 828 266 828 0 0 0 4 828
AUD 829 2 25 -1 -1 0 16777217 20 828 266 828 0 16777216 0 0 0 0 0 0 0 4 829
AUD 830 1 25 399 -1 0 16777216 0 0 0 0 0 16777217 18 830 266 830 0 0 0 4 830
AUD 831 2 25 -1 -1 0 16777217 18 830 266 830 0 16777216 0 0 0 0 0 0 0 4 831
AUD 832 1 25 400 -1 0 16777216 0 0 0 0 0 16777217 16 832 266 832 0 0 0 4 832
AUD 833 2 25 -1 -1 0 16777217 16 832 266 832 0 16777216 0 0 0 0 0 0 0 4 833
AUD 834 1 25 401 -1 0 16777216 0 0 0 0 0 16777217 88 834 331 834 0 0 0 4 834
AUD 835 2 25 -1 -1 0 16777217 88 834 331 834 0 16777216 0 0 0 0 0 0 0 4 835
AUD 836 1 25 402 -1 0 16777216 0 0 0 0 0 16777217 18 836 266 836 0 0 0 4 836
AUD 837 2 25 -1 -1 0 16777217 18 836 266 836 0 16777216 0 0 0 0 0 0 0 4 837
AUD 838 1 25 403 -1 0 16777216 0 0 0 0 0 16777217 16 838 266 838 0 0 0 4 838
AUD 839 2 25 -1 -1 0 16777217 16 838 266 838 0 16777216 0 0 0 0 0 0 0 4 839
AUD 840 1 25 404 -1 0 16777216 0 0 0 0 0 16777217 88 840 331 840 0 0 0 4 840
AUD 841 2 25 -1 -1 0 16777217 88 840 331 840 0 16777216 0 0 0 0 0 0 0 4 841
AUD 842 1 25 405 -1 0 16777216 0 0 0 0 0 16777217 18 842 266 842 0 0 0 4 842
AUD 843 2 25 -1 -1 0 16777217 18 842 266 842 0 16777216 0 0 0 0 0 0 0 4 843
AUD 844 1 25 406 -1 0 16777216 0 0 0 0 0 16777217 16 844 266 844 0 0 0 4 844
AUD 845 2 25 -1 -1 0 16777217 16 844 266 844 0 16777216 0 0 0 0 0 0 0 4 845
AUD 846 1 25 407 -1 0 16777216 0 0 0 0 0 16777217 88 846 331 846 0 0 0 4 846
AUD 847 2 25 -1 -1 0 16777217 88 846 331 846 0 16777216 0 0 0 0 0 0 0 4 847
AUD 848 1 25 408 -1 0 16777216 0 0 0 0 0 16777217 18 848 266 848 0 0 0 4 848
AUD 849 2 25 -1 -1 0 16777217 18 848 266 848 0 16777216 0 0 0 0 0 0 0 4 849
AUD 850 1 25 409 -1 0 16777216 0 0 0 0 0 16777217 16 850 266 850 0 0 0 4 850
AUD 851 2 25 -1 -1 0 16777217 16 850 266 850 0 16777216 0 0 0 0 0 0 0 4 851
AUD 852 1 25 410 -1 0 16777216 0 0 0 0 0 16777217 20 852 266 852 0 0 0 4 852
AUD 853 2 25 -1 -1 0 16777217 20 852 266 852 0 16777216 0 0 0 0 0 0 0 4 853
AUD 854 1 25 411 -1 0 16777216 0 0 0 0 0 16777217 86 854 331 854 0 0 0 4 854
AUD 855 2 25 -1 -1 0 16777217 86 854 331 854 0 16777216 0 0 0 0 0 0 0 4 855
AUD 856 1 25 412 -1 0 16777216 0 0 0 0 0 16777217 16 856 266 856 0 0 0 4 856
AUD 857 2 25 -1 -1 0 16777217 16 856 266 856 0 16777216 0 0 0 0 0 0 0 4 857
AUD 858 1 25 413 -1 0 16777216 0 0 0 0 0 16777217 20 858 266 858 0 0 0 4 858
AUD 859 2 25 -1 -1 0 16777217 20 858 266 858 0 16777216 0 0 0 0 0 0 0 4 859
AUD 860 1 25 414 -1 0 16777216 0 0 0 0 0 16777217 86 860 331 860 0 0 0 4 860
AUD 861 2 25 -1 -1 0 16777217 86 860 331 860 0 16777216 0 0 0 0 0 0 0 4 861
AUD 862 1 25 415 -1 0 16777216 0 0 0 0 0 16777217 16 862 266 862 0 0 0 4 862
AUD 863 2 25 -1 -1 0 16777217 16 862 266 862 0 16777216 0 0 0 0 0 0 0 4 863
AUD 864 1 25 416 -1 0 16777216 0 0 0 0 0 16777217 88 864 331 864 0 0 0 4 864
AUD 865 2 25 -1 -1 0 16777217 88 864 331 864 0 16777216 0 0 0 0 0 0 0 4 865
AUD 866 1 25 417 -1 0 16777216 0 0 0 0 0 16777217 86 866 331 866 0 0 0 4 866
AUD 867 2 25 -1 -1 0 16777217 86 866 331 866 0 16777216 0 0 0 0 0 0 0 4 867
AUD 868 1 25 418 -1 0 16777216 0 0 0 0 0 16777217 16 868 266 868 0 0 0 4 868
AUD 869 2 25 -1 -1 0 16777217 16 868 266 868 0 16777216 0 0 0 0 0 0 0 4 869
AUD 870 1 25 419 -1 0 16777216 0 0 0 0 0 16777217 20 870 266 870 0 0 0 4 870
AUD 871 2 25 -1 -1 0 16777217 20 870 266 870 0 16777216 0 0 0 0 0 0 0 4 871
AUD 872 1 25 420 -1 0 16777216 0 0 0 0 0 16777217 18 872 266 872 0 0 0 4 872
AUD 873 2 25 -1 -1 0 16777217 18 872 266 872 0 16777216 0 0 0 0 0 0 0 4 873
AUD 874 1 25 421 -1 0 16777216 0 0 0 0 0 16777217 84 874 331 874 0 0 0 4 874
AUD 875 2 25 -1 -1 0 16777217 84 874 331 874 0 16777216 0 0 0 0 0 0 0 4 875
AUD 876 1 25 422 -1 0 16777216 0 0 0 0 0 16777217 20 876 266 876 0 0 0 4 876
AUD 877 2 25 -1 -1 0 16777217 20 876 266 876 0 16777216 0 0 0 0 0 0 0 4 877
AUD 878 1 25 423 -1 0 16777216 0 0 0 0 0 16777217 18 878 266 878 0 0 0 4 878
AUD 879 2 25 -1 -1 0 16777217 18 878 266 878 0 16777216 0 0 0 0 0 0 0 4 879
AUD 880 1 25 424 -1 0 16777216 0 0 0 0 0 16777217 84 880 331 880 0 0 0 4 880
AUD 881 2 25 -1 -1 0 16777217 84 880 331 880 0 16777216 0 0 0 0 0 0 0 4 881
AUD 882 1 25 425 -1 0 16777216 0 0 0 0 0 16777217 20 882 266 882 0 0 0 4 882
AUD 883 2 25 -1 -1 0 16777217 20 882 266 882 0 16777216 0 0 0 0 0 0 0 4 883
AUD 884 1 25 426 -1 0 16777216 0 0 0 0 0 16777217 18 884 266 884 0 0 0 4 884
AUD 885 2 25 -1 -1 0 16777217 18 884 266 884 0 16777216 0 0 0 0 0 0 0 4 885
AUD 886 1 25 427 -1 0 16777216 0 0 0 0 0 16777217 84 886 331 886 0 0 0 4 886
AUD 887 2 25 -1 -1 0 16777217 84 886 331 886 0 16777216 0 0 0 0 0 0 0 4 887
AUD 888 1 25 428 -1 0 16777216 0 0 0 0 0 16777217 20 888 266 888 0 0 0 4 888
AUD 889 2 25 -1 -1 0 16777217 20 888 266 888 0 16777216 0 0 0 0 0 0 0 4 889
AUD 890 1 25 429 -1 0 16777216 0 0 0 0 0 16777217 18 890 266 890 0 0 0 4 890
AUD 891 2 25 -1 -1 0 16777217 18 890 266 890 0 16777216 0 0 0 0 0 0 0 4 891
AUD 892 1 25 430 -1 0 16777216 0 0 0 0 0 16777217 16 892 266 892 0 0 0 4 892
AUD 893 2 25 -1 -1 0 16777217 16 892 266 892 0 16777216 0 0 0 0 0 0 0 4 893
AUD 894 1 25 431 -1 0 16777216 0 0 0 0 0 16777217 88 894 331 894 0 0 0 4 894
AUD 895 2 25 -1 -1 0 16777217 88 894 331 894 0 16777216 0 0 0 0 0 0 0 4 895
AUD 896 1 25 432 -1 0 16777216 0 0 0 0 0 16777217 18 896 266 896 0 0 0 4 896
AUD 897 2 25 -1 -1 0 16777217 18 896 266 896 0 16777216 0 0 0 0 0 0 0 4 897
AUD 898 1 25 433 -1 0 16777216 0 0 0 0 0 16777217 16 898 266 898 0 0 0 4 898
AUD 899 2 25 -1 -1 0 16777217 16 898 266 898 0 16777216 0 0 0 0 0 0 0 4 899
AUD 900 1 25 434 -1 0 16777216 0 0 0 0 0 16777217 88 900 331 900 0 0 0 4 900
AUD 901 2 25 -1 -1 0 16777217 88 900 331 900 0 16777216 0 0 0 0 0 0 0 4 901
AUD 902 1 25 435 -1 0 16777216 0 0 0 0 0 16777217 18 902 266 902 0 0 0 4 902
AUD 903 2 25 -1 -1 0 16777217 18 902 266 902 0 16777216 0 0 0 0 0 0 0 4 903
AUD 904 1 25 436 -1 0 16777216 0 0 0 0 0 16777217 16 904 266 904 0 0 0 4 904
AUD 905 2 25 -1 -1 0 16777217 16 904 266 904 0 16777216 0 0 0 0 0 0 0 4 905
AUD 906 1 25 437 -1 0 16777216 0 0 0 0 0 16777217 88 906 331 906 0 0 0 4 906
AUD 907 2 25 -1 -1 0 16777217 88 906 331 906 0 16777216 0 0 0 0 0 0 0 4 907
AUD 908 1 25 438 -1 0 16777216 0 0 0 0 0 16777217 18 908 266 908 0 0 0 4 908
AUD 909 2 25 -1 -1 0 16777217 18 908 266 908 0 16777216 0 0 0 0 0 0 0 4 909
AUD 910 1 25 439 -1 0 16777216 0 0 0 0 0 16777217 16 910 266 910 0 0 0 4 910
AUD 911 2 25 -1 -1 0 16777217 16 910 266 910 0 16777216 0 0 0 0 0 0 0 4 911
AUD 912 1 25 440 -1 0 16777216 0 0 0 0 0 16777217 20 912 266 912 0 0 0 4 912
AUD 913 2 25 -1 -1 0 16777217 20 912 266 912 0 16777216 0 0 0 0 0 0 0 4 913
AUD 914 1 25 441 -1 0 16777216 0 0 0 0 0 16777217 86 914 331 914 0 0 0 4 914
AUD 915 2 25 -1 -1 0 16777217 86 914 331 914 0 16777216 0 0 0 0 0 0 0 4 915
AUD 916 1 25 442 -1 0 16777216 0 0 0 0 0 16777217 16 916 266 916 0 0 0 4 916
AUD 917 2 25 -1 -1 0 16777217 16 916 266 916 0 16777216 0 0 0 0 0 0 0 4 917
AUD 918 1 25 443 -1 0 16777216 0 0 0 0 0 16777217 20 918 266 918 0 0 0 4 918
AUD 919 2 25 -1 -1 0 16777217 20 918 266 918 0 16777216 0 0 0 0 0 0 0 4 919
AUD 920 1 25 444 -1 0 16777216 0 0 0 0 0 16777217 86 920 331 920 0 0 0 4 920
AUD 921 2 25 -1 -1 0 16777217 86 920 331 920 0 16777216 0 0 0 0 0 0 0 4 921
AUD 922 1 25 445 -1 0 16777216 0 0 0 0 0 16777217 16 922 266 922 0 0 0 4 922
AUD 923 2 25 -1 -1 0 16777217 16 922 266 922 0 16777216 0 0 0 0 0 0 0 4 923
AUD 924 1 25 446 -1 0 16777216 0 0 0 0 0 16777217 20 924 266 924 0 0 0 4 924
AUD 925 2 25 -1 -1 0 16777217 20 924 266 924 0 16777216 0 0 0 0 0 0 0 4 925
AUD 926 1 25 447 -1 0 16777216 0 0 0 0 0 16777217 86 926 331 926 0 0 0 4 926
AUD 927 2 25 -1 -1 0 16777217 86 926 331 926 0 16777216 0 0 0 0 0 0 0 4 927
AUD 928 1 25 448 -1 0 16777216 0 0 0 0 0 16777217 16 928 266 928 0 0 0 4 928
AUD 929 2 25 -1 -1 0 16777217 16 928 266 928 0 16777216 0 0 0 0 0 0 0 4 929
AUD 930 1 25 449 -1 0 16777216 0 0 0 0 0 16777217 20 930 266 930 0 0 0 4 930
AUD 931 2 25 -1 -1 0 16777217 20 930 266 930 0 16777216 0 0 0 0 0 0 0 4 931
AUD 932 1 25 450 -1 0 16777216 0 0 0 0 0 16777217 18 932 266 932 0 0 0 4 932
AUD 933 2 25 -1 -1 0 16777217 18 932 266 932 0 16777216 0 0 0 0 0 0 0 4 933
AUD 934 1 25 451 -1 0 16777216 0 0 0 0 0 16777217 84 934 331 934 0 0 0 4 934
AUD 935 2 25 -1 -1 0 16777217 84 934 331 934 0 16777216 0 0 0 0 0 0 0 4 935
AUD 936 1 25 452 -1 0 16777216 0 0 0 0 0 16777217 20 936 266 936 0 0 0 4 936
AUD 937 2 25 -1 -1 0 16777217 20 936 266 936 0 16777216 0 0 0 0 0 0 0 4 937
AUD 938 1 25 453 -1 0 16777216 0 0 0 0 0 16777217 18 938 266 938 0 0 0 4 938
AUD 939 2 25 -1 -1 0 16777217 18 938 266 938 0 16777216 0 0 0 0 0 0 0 4 939
AUD 940 1 25 454 -1 0 16777216 0 0 0 0 0 16777217 84 940 331 940 0 0 0 4 940
AUD 941 2 25 -1 -1 0 16777217 84 940 331 940 0 16777216 0 0 0 0 0 0 0 4 941
AUD 942 1 25 455 -1 0 16777216 0 0 0 0 0 16777217 20 942 266 942 0 0 0 4 942
AUD 943 2 25 -1 -1 0 16777217 20 942 266 942 0 16777216 0 0 0 0 0 0 0 4 943
AUD 944 1 25 456 -1 0 16777216 0 0 0 0 0 16777217 18 944 266 944 0 0 0 4 944
AUD 945 2 25 -1 -1 0 16777217 18 944 266 944 0 16777216 0 0 0 0 0 0 0 4 945
AUD 946 1 25 457 -1 0 16777216 0 0 0 0 0 16777217 84 946 331 946 0 0 0 4 946
AUD 947 2 25 -1 -1 0 16777217 84 946 331 946 0 16777216 0 0 0 0 0 0 0 4 947
AUD 948 1 25 458 -1 0 16777216 0 0 0 0 0 16777217 20 948 266 948 0 0 0 4 948
AUD 949 2 25 -1 -1 0 16777217 20 948 266 948 0 16777216 0 0 0 0 0 0 0 4 949
AUD 950 1 25 459 -1 0 16777216 0 0 0 0 0 16777217 18 950 266 950 0 0 0 4 950
AUD 951 2 25 -1 -1 0 16777217 18 950 266 950 0 16777216 0 0 0 0 0 0 0 4 951
AUD 952 1 25 460 -1 0 16777216 0 0 0 0 0 16777217 16 952 266 952 0 0 0 4 952
AUD 953 2 25 -1 -1 0 16777217 16 952 266 952 0 16777216 0 0 0 0 0 0 0 4 953
AUD 954 1 25 461 -1 0 16777216 0 0 0 0 0 16777217 88 954 331 954 0 0 0 4 954
AUD 955 2 25 -1 -1 0 16777217 88 954 331 954 0 16777216 0 0 0 0 0 0 0 4 955
AUD 956 1 25 462 -1 0 16777216 0 0 0 0 0 16777217 18 956 266 956 0 0 0 4 956
AUD 957 2 25 -1 -1 0 16777217 18 956 266 956 0 16777216 0 0 0 0 0 0 0 4 957
AUD 958 1 25 463 -1 0 16777216 0 0 0 0 0 16777217 16 958 266 958 0 0 0 4 958
AUD 959 2 25 -1 -1 0 16777217 16 958 266 958 0 16777216 0 0 0 0 0 0 0 4 959
AUD 960 1 25 464 -1 0 16777216 0 0 0 0 0 16777217 88 960 331 960 0 0 0 4 960
AUD 961 2 25 -1 -1 0 16777217 88 960 331 960 0 16777216 0 0 0 0 0 0 0 4 961
AUD 962 1 25 465 -1 0 16777216 0 0 0 0 0 16777217 18 962 266 962 0 0 0 4 962
AUD 963 2 25 -1 -1 0 16777217 18 962 266 962 0 16777216 0 0 0 0 0 0 0 4 963
AUD 964 1 25 466 -1 0 16777216 0 0 0 0 0 16777217 16 964 266 964 0 0 0 4 964
AUD 965 2 25 -1 -1 0 16777217 16 964 266 964 0 16777216 0 0 0 0 0 0 0 4 965
AUD 966 1 25 467 -1 0 16777216 0 0 0 0 0 16777217 88 966 331 966 0 0 0 4 966
AUD 967 2 25 -1 -1 0 16777217 88 966 331 966 0 16777216 0 0 0 0 0 0 0 4 967
AUD 968 1 25 468 -1 0 16777216 0 0 0 0 0 16777217 18 968 266 968 0 0 0 4 968
AUD 969 2 25 -1 -1 0 16777217 18 968 266 968 0 16777216 0 0 0 0 0 0 0 4 969
AUD 970 1 25 469 -1 0 16777216 0 0 0 0 0 16777217 16 970 266 970 0 0 0 4 970
AUD 971 2 25 -1 -1 0 16777217 16 970 266 970 0 16777216 0 0 0 0 0 0 0 4 971
AUD 972 1 25 470 -1 0 16777216 0 0 0 0 0 16777217 20 972 266 972 0 0 0 4 972
AUD 973 2 25 -1 -1 0 16777217 20 972 266 972 0 16777216 0 0 0 0 0 0 0 4 973
AUD 974 1 25 471 -1 0 16777216 0 0 0 0 0 16777217 86 974 331 974 0 0 0 4 974
AUD 975 2 25 -1 -1 0 16777217 86 974 331 974 0 16777216 0 0 0 0 0 0 0 4 975
AUD 976 1 25 472 -1 0 16777216 0 0 0 0 0 16777217 16 976 266 976 0 0 0 4 976
AUD 977 2 25 -1 -1 0 16777217 16 976 266 976 0 16777216 0 0 0 0 0 0 0 4 977
AUD 978 1 25 473 -1 0 16777216 0 0 0 0 0 16777217 20 978 266 978 0 0 0 4 978
AUD 979 2 25 -1 -1 0 16777217 20 978 266 978 0 16777216 0 0 0 0 0 0 0 4 979
AUD 980 1 25 474 -1 0 16777216 0 0 0 0 0 16777217 86 980 331 980 0 0 0 4 980
AUD 981 2 25 -1 -1 0 16777217 86 980 331 980 0 16777216 0 0 0 0 0 0 0 4 981
AUD 982 1 25 475 -1 0 16777216 0 0 0 0 0 16777217 16 982 266 982 0 0 0 4 982
AUD 983 2 25 -1 -1 0 16777217 16 982 266 982 0 16777216 0 0 0 0 0 0 0 4 983
AUD 984 1 25 476 -1 0 16777216 0 0 0 0 0 16777217 20 984 266 984 0 0 0 4 984
AUD 985 2 25 -1 -1 0 16777217 20 984 266 984 0 16777216 0 0 0 0 0 0 0 4 985
AUD 986 1 25 477 -1 0 16777216 0 0 0 0 0 16777217 86 986 331 986 0 0 0 4 986
AUD 987 2 25 -1 -1 0 16777217 86 986 331 986 0 16777216 0 0 0 0 0 0 0 4 987
AUD 988 1 25 478 -1 0 16777216 0 0 0 0 0 16777217 16 988 266 988 0 0 0 4 988
AUD 989 2 25 -1 -1 0 16777217 16 988 266 988 0 16777216 0 0 0 0 0 0 0 4 989
AUD 990 1 25 479 -1 0 16777216 0 0 0 0 0 16777217 20 990 266 990 0 0 0 4 990
AUD 991 2 25 -1 -1 0 16777217 20 990 266 990 0 16777216 0 0 0 0 0 0 0 4 991
AUD 992 1 25 480 -1 0 16777216 0 0 0 0 0 16777217 18 992 266 992 0 0 0 4 992
AUD 993 2 25 -1 -1 0 16777217 18 992 266 992 0 16777216 0 0 0 0 0 0 0 4 993
AUD 994 1 25 481 -1 0 16777216 0 0 0 0 0 16777217 84 994 331 994 0 0 0 4 994
AUD 995 2 25 -1 -1 0 16777217 84 994 331 994 0 16777216 0 0 0 0 0 0 0 4 995
AUD 996 1 25 482 -1 0 16777216 0 0 0 0 0 16777217 20 996 266 996 0 0 0 4 996
AUD 997 2 25 -1 -1 0 16777217 20 996 266 996 0 16777216 0 0 0 0 0 0 0 4 997
AUD 998 1 25 483 -1 0 16777216 0 0 0 0 0 16777217 18 998 266 998 0 0 0 4 998
AUD 999 2 25 -1 -1 0 16777217 18 998 266 998 0 16777216 0 0 0 0 0 0 0 4 999
AUD 1000 1 25 484 -1 0 16777216 0 0 0 0 0 16777217 84 1000 331 1000 0 0 0 4 1000
AUD 1001 2 25 -1 -1 0 16777217 84 1000 331 1000 0 16777216 0 0 0 0 0 0 0 4 1001
AUD 1002 1 25 485 -1 0 16777216 0 0 0 0 0 16777217 20 1002 266 1002 0 0 0 4 1002
AUD 1003 2 25 -1 -1 0 16777217 20 1002 266 1002 0 16777216 0 0 0 0 0 0 0 4 1003
AUD 1004 1 25 486 -1 0 16777216 0 0 0 0 0 16777217 18 1004 266 1004 0 0 0 4 1004
AUD 1005 2 25 -1 -1 0 16777217 18 1004 266 1004 0 16777216 0 0 0 0 0 0 0 4 1005
AUD 1006 1 25 487 -1 0 16777216 0 0 0 0 0 16777217 84 1006 331 1006 0 0 0 4 1006
AUD 1007 2 25 -1 -1 0 16777217 84 1006 331 1006 0 16777216 0 0 0 0 0 0 0 4 1007
AUD 1008 1 25 488 -1 0 16777216 0 0 0 0 0 16777217 20 1008 266 1008 0 0 0 4 1008
AUD 1009 2 25 -1 -1 0 16777217 20 1008 266 1008 0 16777216 0 0 0 0 0 0 0 4 1009
AUD 1010 1 25 489 -1 0 16777216 0 0 0 0 0 16777217 18 1010 266 1010 0 0 0 4 1010
AUD 1011 2 25 -1 -1 0 16777217 18 1010 266 1010 0 16777216 0 0 0 0 0 0 0 4 1011
AUD 1012 1 25 490 -1 0 16777216 0 0 0 0 0 16777217 16 1012 266 1012 0 0 0 4 1012
AUD 1013 2 25 -1 -1 0 16777217 16 1012 266 1012 0 16777216 0 0 0 0 0 0 0 4 1013
AUD 1014 1 25 491 -1 0 16777216 0 0 0 0 0 16777217 88 1014 331 1014 0 0 0 4 1014
AUD 1015 2 25 -1 -1 0 16777217 88 1014 331 1014 0 16777216 0 0 0 0 0 0 0 4 1015
AUD 1016 1 25 492 -1 0 16777216 0 0 0 0 0 16777217 18 1016 266 1016 0 0 0 4 1016
AUD 1017 2 25 -1 -1 0 16777217 18 1016 266 1016 0 16777216 0 0 0 0 0 0 0 4 1017
AUD 1018 1 25 493 -1 0 16777216 0 0 0 0 0 16777217 16 1018 266 1018 0 0 0 4 1018
AUD 1019 2 25 -1 -1 0 16777217 16 1018 266 1018 0 16777216 0 0 0 0 0 0 0 4 1019
AUD 1020 1 25 494 -1 0 16777216 0 0 0 0 0 16777217 88 1020 331 1020 0 0 0 4 1020
AUD 1021 2 25 -1 -1 0 16777217 88 1020 331 1020 0 16777216 0 0 0 0 0 0 0 4 1021
AUD 1022 1 25 495 -1 0 16777216 0 0 0 0 0 16777217 18 1022 266 1022 0 0 0 4 1022
AUD 1023 2 25 -1 -1 0 16777217 18 1022 266 1022 0 16777216 0 0 0 0 0 0 0 4 1023
AUD 1024 1 25 496 -1 0 16777216 0 0 0 0 0 16777217 16 1024 266 1024 0 0 0 4 1024
AUD 1025 2 25 -1 -1 0 16777217 16 1024 266 1024 0 16777216 0 0 0 0 0 0 0 4 1025
AUD 1026 1 25 497 -1 0 16777216 0 0 0 0 0 16777217 88 1026 331 1026 0 0 0 4 1026
AUD 1027 2 25 -1 -1 0 16777217 88 1026 331 1026 0 16777216 0 0 0 0 0 0 0 4 1027
AUD 1028 1 25 498 -1 0 16777216 0 0 0 0 0 16777217 18 1028 266 1028 0 0 0 4 1028
AUD 1029 2 25 -1 -1 0 16777217 18 1028 266 1028 0 16777216 0 0 0 0 0 0 0 4 1029
AUD 1030 1 25 499 -1 0 16777216 0 0 0 0 0 16777217 16 1030 266 1030 0 0 0 4 1030
AUD_DONE 1031
AUD_FP -1123796190
