AUD 0 1 0 -1 -1 0 0 0 0 0 0 0 65537 95 0 0 0 0 0 0 0 0
AUD 1 1 1 -1 -1 0 0 0 0 0 0 0 65537 90 1 0 1 0 0 0 0 1
AUD 2 8 -1 4 -1 0 0 0 0 0 0 0 0 0 0 0 0 0 0 0 4 2
AUD 3 1 2 0 -1 0 0 0 0 0 0 0 16777217 18 3 266 3 0 0 0 4 3
AUD 4 1 3 1 -1 0 0 0 0 0 0 0 16777217 84 4 331 4 0 0 0 4 4
AUD 5 1 4 2 -1 0 0 0 0 0 0 0 16777217 20 5 266 5 0 0 0 4 5
AUD 6 1 5 3 -1 0 0 0 0 0 0 0 16777217 18 6 266 6 0 0 0 4 6
AUD 7 1 6 4 -1 0 0 0 0 0 0 0 16777217 84 7 331 7 0 0 0 4 7
AUD 8 1 7 5 -1 0 0 0 0 0 0 0 16777217 20 8 266 8 0 0 0 4 8
AUD 9 1 8 6 -1 0 0 0 0 0 0 0 16777217 18 9 266 9 0 0 0 4 9
AUD 10 1 9 7 -1 0 0 0 0 0 0 0 16777217 84 10 331 10 0 0 0 4 10
AUD 11 14 9 7 80 0 16777217 84 10 331 10 0 16777217 84 10 592 11 0 1 7 4 11
AUD 12 1 10 8 -1 0 0 0 0 0 0 0 16777217 88 12 331 12 0 0 0 4 12
AUD 13 14 10 8 80 0 16777217 88 12 331 12 0 16777217 88 12 592 13 0 1 7 4 13
AUD 14 1 11 9 -1 0 0 0 0 0 0 0 16777217 86 14 331 14 0 0 0 4 14
AUD 15 14 11 9 80 0 16777217 86 14 331 14 0 16777217 86 14 592 15 0 1 7 4 15
AUD 16 1 12 10 -1 0 0 0 0 0 0 0 16777217 16 16 266 16 0 0 0 4 16
AUD 17 1 13 11 -1 0 0 0 0 0 0 0 16777217 88 17 331 17 0 0 0 4 17
AUD 18 1 14 12 -1 0 0 0 0 0 0 0 16777217 18 18 266 18 0 0 0 4 18
AUD 19 1 15 13 -1 0 0 0 0 0 0 0 16777217 16 19 266 19 0 0 0 4 19
AUD 20 1 16 14 -1 0 0 0 0 0 0 0 16777217 88 20 331 20 0 0 0 4 20
AUD 21 1 17 15 -1 0 0 0 0 0 0 0 16777217 18 21 266 21 0 0 0 4 21
AUD 22 1 18 16 -1 0 0 0 0 0 0 0 16777217 16 22 266 22 0 0 0 4 22
AUD 23 1 19 17 -1 0 0 0 0 0 0 0 16777217 88 23 331 23 0 0 0 4 23
AUD 24 1 20 18 -1 0 0 0 0 0 0 0 16777217 86 24 331 24 0 0 0 4 24
AUD 25 1 21 19 -1 0 0 0 0 0 0 0 16777217 84 25 331 25 0 0 0 4 25
AUD 26 1 22 20 -1 0 0 0 0 0 0 0 16777217 20 26 266 26 0 0 0 4 26
AUD 27 1 23 21 -1 0 0 0 0 0 0 0 16777217 86 27 331 27 0 0 0 4 27
AUD 28 1 24 22 -1 0 0 0 0 0 0 0 16777217 16 28 266 28 0 0 0 4 28
AUD 29 1 25 23 -1 0 0 0 0 0 0 0 16777217 20 29 266 29 0 0 0 4 29
AUD 30 1 26 24 -1 0 0 0 0 0 0 0 16777217 86 30 331 30 0 0 0 4 30
AUD 31 1 27 25 -1 0 0 0 0 0 0 0 16777217 16 31 266 31 0 0 0 4 31
AUD 32 12 3 -1 1 0 16777217 84 4 331 4 0 16777217 84 4 336 32 0 0 0 4 32
AUD 33 1 28 26 -1 0 0 0 0 0 0 0 16777217 20 33 266 33 0 0 0 4 33
AUD 34 1 29 27 -1 0 0 0 0 0 0 0 16777217 86 34 331 34 0 0 0 4 34
AUD 35 1 30 28 -1 0 0 0 0 0 0 0 16777217 84 35 331 35 0 0 0 4 35
AUD 36 12 6 -1 1 0 16777217 84 7 331 7 0 16777217 84 7 336 36 0 0 0 4 36
AUD 37 1 31 29 -1 0 0 0 0 0 0 0 16777217 88 37 331 37 0 0 0 4 37
AUD 38 2 12 -1 -1 0 16777217 16 16 266 16 0 16777216 0 0 0 0 0 0 0 4 38
AUD 39 1 12 30 -1 0 16777216 0 0 0 0 0 16777217 18 39 266 39 0 0 0 4 39
AUD 40 2 15 -1 -1 0 16777217 16 19 266 19 0 16777216 0 0 0 0 0 0 0 4 40
AUD 41 1 15 31 -1 0 16777216 0 0 0 0 0 16777217 84 41 331 41 0 0 0 4 41
AUD 42 12 9 -1 1 0 16777217 84 10 592 11 0 16777217 84 10 336 42 0 0 0 4 42
AUD 43 2 18 -1 -1 0 16777217 16 22 266 22 0 16777216 0 0 0 0 0 0 0 4 43
AUD 44 1 18 32 -1 0 16777216 0 0 0 0 0 16777217 20 44 266 44 0 0 0 4 44
AUD 45 12 10 -1 1 0 16777217 88 12 592 13 0 16777217 88 12 336 45 0 0 0 4 45
AUD 46 2 24 -1 -1 0 16777217 16 28 266 28 0 16777216 0 0 0 0 0 0 0 4 46
AUD 47 1 24 33 -1 0 16777216 0 0 0 0 0 16777217 18 47 266 47 0 0 0 4 47
AUD 48 12 11 -1 1 0 16777217 86 14 592 15 0 16777217 86 14 336 48 0 0 0 4 48
AUD 49 2 27 -1 -1 0 16777217 16 31 266 31 0 16777216 0 0 0 0 0 0 0 4 49
AUD 50 1 27 34 -1 0 16777216 0 0 0 0 0 16777217 84 50 331 50 0 0 0 4 50
AUD 51 2 2 -1 -1 0 16777217 18 3 266 3 0 16777216 0 0 0 0 0 0 0 4 51
AUD 52 1 2 35 -1 0 16777216 0 0 0 0 0 16777217 20 52 266 52 0 0 0 4 52
AUD 53 12 13 -1 1 0 16777217 88 17 331 17 0 16777217 88 17 336 53 0 0 0 4 53
AUD 54 2 5 -1 -1 0 16777217 18 6 266 6 0 16777216 0 0 0 0 0 0 0 4 54
AUD 55 1 5 36 -1 0 16777216 0 0 0 0 0 16777217 18 55 266 55 0 0 0 4 55
AUD 56 2 5 -1 -1 0 16777217 18 55 266 55 0 16777216 0 0 0 0 0 0 0 4 56
AUD 57 1 5 37 -1 0 16777216 0 0 0 0 0 16777217 84 57 331 57 0 0 0 4 57
AUD 58 2 8 -1 -1 0 16777217 18 9 266 9 0 16777216 0 0 0 0 0 0 0 4 58
AUD 59 1 8 38 -1 0 16777216 0 0 0 0 0 16777217 88 59 331 59 0 0 0 4 59
AUD 60 12 16 -1 1 0 16777217 88 20 331 20 0 16777217 88 20 336 60 0 0 0 4 60
AUD 61 2 12 -1 -1 0 16777217 18 39 266 39 0 16777216 0 0 0 0 0 0 0 4 61
AUD 62 1 12 39 -1 0 16777216 0 0 0 0 0 16777217 86 62 331 62 0 0 0 4 62
AUD 63 2 14 -1 -1 0 16777217 18 18 266 18 0 16777216 0 0 0 0 0 0 0 4 63
AUD 64 1 14 40 -1 0 16777216 0 0 0 0 0 16777217 16 64 266 64 0 0 0 4 64
AUD 65 2 14 -1 -1 0 16777217 16 64 266 64 0 16777216 0 0 0 0 0 0 0 4 65
AUD 66 1 14 41 -1 0 16777216 0 0 0 0 0 16777217 88 66 331 66 0 0 0 4 66
AUD 67 12 19 -1 1 0 16777217 88 23 331 23 0 16777217 88 23 336 67 0 0 0 4 67
AUD 68 2 17 -1 -1 0 16777217 18 21 266 21 0 16777216 0 0 0 0 0 0 0 4 68
AUD 69 1 17 42 -1 0 16777216 0 0 0 0 0 16777217 18 69 266 69 0 0 0 4 69
AUD 70 12 20 -1 1 0 16777217 86 24 331 24 0 16777217 86 24 336 70 0 0 0 4 70
AUD 71 2 17 -1 -1 0 16777217 18 69 266 69 0 16777216 0 0 0 0 0 0 0 4 71
AUD 72 1 17 43 -1 0 16777216 0 0 0 0 0 16777217 16 72 266 72 0 0 0 4 72
AUD 73 12 21 -1 1 0 16777217 84 25 331 25 0 16777217 84 25 336 73 0 0 0 4 73
AUD 74 2 17 -1 -1 0 16777217 16 72 266 72 0 16777216 0 0 0 0 0 0 0 4 74
AUD 75 1 17 44 -1 0 16777216 0 0 0 0 0 16777217 88 75 331 75 0 0 0 4 75
AUD 76 2 24 -1 -1 0 16777217 18 47 266 47 0 16777216 0 0 0 0 0 0 0 4 76
AUD 77 1 24 45 -1 0 16777216 0 0 0 0 0 16777217 18 77 266 77 0 0 0 4 77
AUD 78 12 23 -1 1 0 16777217 86 27 331 27 0 16777217 86 27 336 78 0 0 0 4 78
AUD 79 2 24 -1 -1 0 16777217 18 77 266 77 0 16777216 0 0 0 0 0 0 0 4 79
AUD 80 1 24 46 -1 0 16777216 0 0 0 0 0 16777217 16 80 266 80 0 0 0 4 80
AUD 81 2 24 -1 -1 0 16777217 16 80 266 80 0 16777216 0 0 0 0 0 0 0 4 81
AUD 82 1 24 47 -1 0 16777216 0 0 0 0 0 16777217 88 82 331 82 0 0 0 4 82
AUD 83 2 2 -1 -1 0 16777217 20 52 266 52 0 16777216 0 0 0 0 0 0 0 4 83
AUD 84 1 2 48 -1 0 16777216 0 0 0 0 0 16777217 86 84 331 84 0 0 0 4 84
AUD 85 12 26 -1 1 0 16777217 86 30 331 30 0 16777217 86 30 336 85 0 0 0 4 85
AUD 86 2 4 -1 -1 0 16777217 20 5 266 5 0 16777216 0 0 0 0 0 0 0 4 86
AUD 87 1 4 49 -1 0 16777216 0 0 0 0 0 16777217 84 87 331 87 0 0 0 4 87
AUD 88 2 7 -1 -1 0 16777217 20 8 266 8 0 16777216 0 0 0 0 0 0 0 4 88
AUD 89 1 7 50 -1 0 16777216 0 0 0 0 0 16777217 20 89 266 89 0 0 0 4 89
AUD 90 12 3 -1 2 0 16777217 84 4 336 32 0 16777217 84 4 346 90 0 0 0 4 90
AUD 91 2 7 -1 -1 0 16777217 20 89 266 89 0 16777216 0 0 0 0 0 0 0 4 91
AUD 92 1 7 51 -1 0 16777216 0 0 0 0 0 16777217 86 92 331 92 0 0 0 4 92
AUD 93 12 29 -1 1 0 16777217 86 34 331 34 0 16777217 86 34 336 93 0 0 0 4 93
AUD 94 2 18 -1 -1 0 16777217 20 44 266 44 0 16777216 0 0 0 0 0 0 0 4 94
AUD 95 1 18 52 -1 0 16777216 0 0 0 0 0 16777217 16 95 266 95 0 0 0 4 95
AUD 96 12 30 -1 1 0 16777217 84 35 331 35 0 16777217 84 35 336 96 0 0 0 4 96
AUD 97 2 18 -1 -1 0 16777217 16 95 266 95 0 16777216 0 0 0 0 0 0 0 4 97
AUD 98 1 18 53 -1 0 16777216 0 0 0 0 0 16777217 20 98 266 98 0 0 0 4 98
AUD 99 12 31 -1 1 0 16777217 88 37 331 37 0 16777217 88 37 336 99 0 0 0 4 99
AUD 100 12 6 -1 2 0 16777217 84 7 336 36 0 16777217 84 7 346 100 0 0 0 4 100
AUD 101 2 18 -1 -1 0 16777217 20 98 266 98 0 16777216 0 0 0 0 0 0 0 4 101
AUD 102 1 18 54 -1 0 16777216 0 0 0 0 0 16777217 86 102 331 102 0 0 0 4 102
AUD 103 2 22 -1 -1 0 16777217 20 26 266 26 0 16777216 0 0 0 0 0 0 0 4 103
AUD 104 1 22 55 -1 0 16777216 0 0 0 0 0 16777217 16 104 266 104 0 0 0 4 104
AUD 105 12 15 -1 1 0 16777217 84 41 331 41 0 16777217 84 41 336 105 0 0 0 4 105
AUD 106 2 22 -1 -1 0 16777217 16 104 266 104 0 16777216 0 0 0 0 0 0 0 4 106
AUD 107 1 22 56 -1 0 16777216 0 0 0 0 0 16777217 20 107 266 107 0 0 0 4 107
AUD 108 2 9 -1 -1 0 16777217 84 10 336 42 0 16777216 0 0 0 0 0 0 0 4 108
AUD 109 1 9 57 -1 0 16777216 0 0 0 0 0 16777217 86 109 331 109 0 0 0 4 109
AUD 110 14 9 57 80 0 16777217 86 109 331 109 0 16777217 86 109 592 110 0 1 7 4 110
AUD 111 2 10 -1 -1 0 16777217 88 12 336 45 0 16777216 0 0 0 0 0 0 0 4 111
AUD 112 1 10 58 -1 0 16777216 0 0 0 0 0 16777217 84 112 331 112 0 0 0 4 112
AUD 113 14 10 58 80 0 16777217 84 112 331 112 0 16777217 84 112 592 113 0 1 7 4 113
AUD 114 12 27 -1 1 0 16777217 84 50 331 50 0 16777217 84 50 336 114 0 0 0 4 114
AUD 115 2 11 -1 -1 0 16777217 86 14 336 48 0 16777216 0 0 0 0 0 0 0 4 115
AUD 116 1 11 59 -1 0 16777216 0 0 0 0 0 16777217 88 116 331 116 0 0 0 4 116
AUD 117 14 11 59 80 0 16777217 88 116 331 116 0 16777217 88 116 592 117 0 1 7 4 117
AUD 118 2 22 -1 -1 0 16777217 20 107 266 107 0 16777216 0 0 0 0 0 0 0 4 118
AUD 119 1 22 60 -1 0 16777216 0 0 0 0 0 16777217 18 119 266 119 0 0 0 4 119
AUD 120 12 13 -1 2 0 16777217 88 17 336 53 0 16777217 88 17 346 120 0 0 0 4 120
AUD 121 2 22 -1 -1 0 16777217 18 119 266 119 0 16777216 0 0 0 0 0 0 0 4 121
AUD 122 1 22 61 -1 0 16777216 0 0 0 0 0 16777217 84 122 331 122 0 0 0 4 122
AUD 123 12 5 -1 1 0 16777217 84 57 331 57 0 16777217 84 57 336 123 0 0 0 4 123
AUD 124 2 25 -1 -1 0 16777217 20 29 266 29 0 16777216 0 0 0 0 0 0 0 4 124
AUD 125 1 25 62 -1 0 16777216 0 0 0 0 0 16777217 20 125 266 125 0 0 0 4 125
AUD 126 12 8 -1 1 0 16777217 88 59 331 59 0 16777217 88 59 336 126 0 0 0 4 126
AUD 127 2 25 -1 -1 0 16777217 20 125 266 125 0 16777216 0 0 0 0 0 0 0 4 127
AUD 128 1 25 63 -1 0 16777216 0 0 0 0 0 16777217 18 128 266 128 0 0 0 4 128
AUD 129 12 12 -1 1 0 16777217 86 62 331 62 0 16777217 86 62 336 129 0 0 0 4 129
AUD 130 12 16 -1 2 0 16777217 88 20 336 60 0 16777217 88 20 346 130 0 0 0 4 130
AUD 131 2 25 -1 -1 0 16777217 18 128 266 128 0 16777216 0 0 0 0 0 0 0 4 131
AUD 132 1 25 64 -1 0 16777216 0 0 0 0 0 16777217 84 132 331 132 0 0 0 4 132
AUD 133 2 28 -1 -1 0 16777217 20 33 266 33 0 16777216 0 0 0 0 0 0 0 4 133
AUD 134 1 28 65 -1 0 16777216 0 0 0 0 0 16777217 20 134 266 134 0 0 0 4 134
AUD 135 12 14 -1 1 0 16777217 88 66 331 66 0 16777217 88 66 336 135 0 0 0 4 135
AUD 136 2 28 -1 -1 0 16777217 20 134 266 134 0 16777216 0 0 0 0 0 0 0 4 136
AUD 137 1 28 66 -1 0 16777216 0 0 0 0 0 16777217 18 137 266 137 0 0 0 4 137
AUD 138 2 19 -1 -1 0 16777217 88 23 336 67 0 16777216 0 0 0 0 0 0 0 4 138
AUD 139 1 19 67 -1 0 16777216 0 0 0 0 0 16777217 84 139 331 139 0 0 0 4 139
AUD 140 2 20 -1 -1 0 16777217 86 24 336 70 0 16777216 0 0 0 0 0 0 0 4 140
AUD 141 1 20 68 -1 0 16777216 0 0 0 0 0 16777217 88 141 331 141 0 0 0 4 141
AUD 142 12 17 -1 1 0 16777217 88 75 331 75 0 16777217 88 75 336 142 0 0 0 4 142
AUD 143 2 21 -1 -1 0 16777217 84 25 336 73 0 16777216 0 0 0 0 0 0 0 4 143
AUD 144 1 21 69 -1 0 16777216 0 0 0 0 0 16777217 86 144 331 144 0 0 0 4 144
AUD 145 2 28 -1 -1 0 16777217 18 137 266 137 0 16777216 0 0 0 0 0 0 0 4 145
AUD 146 1 28 70 -1 0 16777216 0 0 0 0 0 16777217 16 146 266 146 0 0 0 4 146
AUD 147 12 23 -1 2 0 16777217 86 27 336 78 0 16777217 86 27 346 147 0 0 0 4 147
AUD 148 2 28 -1 -1 0 16777217 16 146 266 146 0 16777216 0 0 0 0 0 0 0 4 148
AUD 149 1 28 71 -1 0 16777216 0 0 0 0 0 16777217 88 149 331 149 0 0 0 4 149
AUD 150 12 24 -1 1 0 16777217 88 82 331 82 0 16777217 88 82 336 150 0 0 0 4 150
AUD 151 2 4 -1 -1 0 16777217 84 87 331 87 0 16777216 0 0 0 0 0 0 0 4 151
AUD 152 1 4 72 -1 0 16777216 0 0 0 0 0 16777217 18 152 266 152 0 0 0 4 152
AUD 153 12 2 -1 1 0 16777217 86 84 331 84 0 16777217 86 84 336 153 0 0 0 4 153
AUD 154 2 4 -1 -1 0 16777217 18 152 266 152 0 16777216 0 0 0 0 0 0 0 4 154
AUD 155 1 4 73 -1 0 16777216 0 0 0 0 0 16777217 16 155 266 155 0 0 0 4 155
AUD 156 12 26 -1 2 0 16777217 86 30 336 85 0 16777217 86 30 346 156 0 0 0 4 156
AUD 157 2 4 -1 -1 0 16777217 16 155 266 155 0 16777216 0 0 0 0 0 0 0 4 157
AUD 158 1 4 74 -1 0 16777216 0 0 0 0 0 16777217 88 158 331 158 0 0 0 4 158
AUD 159 2 10 -1 -1 0 16777217 84 112 592 113 0 16777216 0 0 0 0 0 0 0 4 159
AUD 160 1 10 75 -1 0 16777216 0 0 0 0 0 16777217 18 160 266 160 0 0 0 4 160
AUD 161 12 7 -1 1 0 16777217 86 92 331 92 0 16777217 86 92 336 161 0 0 0 4 161
AUD 162 2 10 -1 -1 0 16777217 18 160 266 160 0 16777216 0 0 0 0 0 0 0 4 162
AUD 163 1 10 76 -1 0 16777216 0 0 0 0 0 16777217 16 163 266 163 0 0 0 4 163
AUD 164 2 29 -1 -1 0 16777217 86 34 336 93 0 16777216 0 0 0 0 0 0 0 4 164
AUD 165 1 29 77 -1 0 16777216 0 0 0 0 0 16777217 88 165 331 165 0 0 0 4 165
AUD 166 2 30 -1 -1 0 16777217 84 35 336 96 0 16777216 0 0 0 0 0 0 0 4 166
AUD 167 1 30 78 -1 0 16777216 0 0 0 0 0 16777217 86 167 331 167 0 0 0 4 167
AUD 168 12 18 -1 1 0 16777217 86 102 331 102 0 16777217 86 102 336 168 0 0 0 4 168
AUD 169 2 31 -1 -1 0 16777217 88 37 336 99 0 16777216 0 0 0 0 0 0 0 4 169
AUD 170 1 31 79 -1 0 16777216 0 0 0 0 0 16777217 84 170 331 170 0 0 0 4 170
AUD 171 2 10 -1 -1 0 16777217 16 163 266 163 0 16777216 0 0 0 0 0 0 0 4 171
AUD 172 1 10 80 -1 0 16777216 0 0 0 0 0 16777217 20 172 266 172 0 0 0 4 172
AUD 173 12 15 -1 2 0 16777217 84 41 336 105 0 16777217 84 41 346 173 0 0 0 4 173
AUD 174 2 10 -1 -1 0 16777217 20 172 266 172 0 16777216 0 0 0 0 0 0 0 4 174
AUD 175 1 10 81 -1 0 16777216 0 0 0 0 0 16777217 86 175 331 175 0 0 0 4 175
AUD 176 12 9 -1 1 0 16777217 86 109 592 110 0 16777217 86 109 336 176 0 0 0 4 176
AUD 177 2 19 -1 -1 0 16777217 84 139 331 139 0 16777216 0 0 0 0 0 0 0 4 177
AUD 178 1 19 82 -1 0 16777216 0 0 0 0 0 16777217 16 178 266 178 0 0 0 4 178
AUD 179 2 19 -1 -1 0 16777217 16 178 266 178 0 16777216 0 0 0 0 0 0 0 4 179
AUD 180 1 19 83 -1 0 16777216 0 0 0 0 0 16777217 20 180 266 180 0 0 0 4 180
AUD 181 12 11 -1 1 0 16777217 88 116 592 117 0 16777217 88 116 336 181 0 0 0 4 181
AUD 182 12 27 -1 2 0 16777217 84 50 336 114 0 16777217 84 50 346 182 0 0 0 4 182
AUD 183 2 19 -1 -1 0 16777217 20 180 266 180 0 16777216 0 0 0 0 0 0 0 4 183
AUD 184 1 19 84 -1 0 16777216 0 0 0 0 0 16777217 86 184 331 184 0 0 0 4 184
AUD 185 2 22 -1 -1 0 16777217 84 122 331 122 0 16777216 0 0 0 0 0 0 0 4 185
AUD 186 1 22 85 -1 0 16777216 0 0 0 0 0 16777217 16 186 266 186 0 0 0 4 186
AUD 187 2 22 -1 -1 0 16777217 16 186 266 186 0 16777216 0 0 0 0 0 0 0 4 187
AUD 188 1 22 86 -1 0 16777216 0 0 0 0 0 16777217 20 188 266 188 0 0 0 4 188
AUD 189 2 5 -1 -1 0 16777217 84 57 336 123 0 16777216 0 0 0 0 0 0 0 4 189
AUD 190 1 5 87 -1 0 16777216 0 0 0 0 0 16777217 86 190 331 190 0 0 0 4 190
AUD 191 2 8 -1 -1 0 16777217 88 59 336 126 0 16777216 0 0 0 0 0 0 0 4 191
AUD 192 1 8 88 -1 0 16777216 0 0 0 0 0 16777217 84 192 331 192 0 0 0 4 192
AUD 193 12 25 -1 1 0 16777217 84 132 331 132 0 16777217 84 132 336 193 0 0 0 4 193
AUD 194 2 12 -1 -1 0 16777217 86 62 336 129 0 16777216 0 0 0 0 0 0 0 4 194
AUD 195 1 12 89 -1 0 16777216 0 0 0 0 0 16777217 88 195 331 195 0 0 0 4 195
AUD 196 2 22 -1 -1 0 16777217 20 188 266 188 0 16777216 0 0 0 0 0 0 0 4 196
AUD 197 1 22 90 -1 0 16777216 0 0 0 0 0 16777217 18 197 266 197 0 0 0 4 197
AUD 198 12 14 -1 2 0 16777217 88 66 336 135 0 16777217 88 66 346 198 0 0 0 4 198
AUD 199 2 22 -1 -1 0 16777217 18 197 266 197 0 16777216 0 0 0 0 0 0 0 4 199
AUD 200 1 22 91 -1 0 16777216 0 0 0 0 0 16777217 84 200 331 200 0 0 0 4 200
AUD 201 2 8 -1 -1 0 16777217 84 192 331 192 0 16777216 0 0 0 0 0 0 0 4 201
AUD 202 1 8 92 -1 0 16777216 0 0 0 0 0 16777217 20 202 266 202 0 0 0 4 202
AUD 203 12 20 -1 1 0 16777217 88 141 331 141 0 16777217 88 141 336 203 0 0 0 4 203
AUD 204 2 8 -1 -1 0 16777217 20 202 266 202 0 16777216 0 0 0 0 0 0 0 4 204
AUD 205 1 8 93 -1 0 16777216 0 0 0 0 0 16777217 18 205 266 205 0 0 0 4 205
AUD 206 12 21 -1 1 0 16777217 86 144 331 144 0 16777217 86 144 336 206 0 0 0 4 206
AUD 207 12 17 -1 2 0 16777217 88 75 336 142 0 16777217 88 75 346 207 0 0 0 4 207
AUD 208 2 8 -1 -1 0 16777217 18 205 266 205 0 16777216 0 0 0 0 0 0 0 4 208
AUD 209 1 8 94 -1 0 16777216 0 0 0 0 0 16777217 84 209 331 209 0 0 0 4 209
AUD 210 2 8 -1 -1 0 16777217 84 209 331 209 0 16777216 0 0 0 0 0 0 0 4 210
AUD 211 1 8 95 -1 0 16777216 0 0 0 0 0 16777217 20 211 266 211 0 0 0 4 211
AUD 212 12 28 -1 1 0 16777217 88 149 331 149 0 16777217 88 149 336 212 0 0 0 4 212
AUD 213 2 8 -1 -1 0 16777217 20 211 266 211 0 16777216 0 0 0 0 0 0 0 4 213
AUD 214 1 8 96 -1 0 16777216 0 0 0 0 0 16777217 18 214 266 214 0 0 0 4 214
AUD 215 2 24 -1 -1 0 16777217 88 82 336 150 0 16777216 0 0 0 0 0 0 0 4 215
AUD 216 1 24 97 -1 0 16777216 0 0 0 0 0 16777217 84 216 331 216 0 0 0 4 216
AUD 217 2 2 -1 -1 0 16777217 86 84 336 153 0 16777216 0 0 0 0 0 0 0 4 217
AUD 218 1 2 98 -1 0 16777216 0 0 0 0 0 16777217 88 218 331 218 0 0 0 4 218
AUD 219 12 4 -1 1 0 16777217 88 158 331 158 0 16777217 88 158 336 219 0 0 0 4 219
AUD 220 2 8 -1 -1 0 16777217 18 214 266 214 0 16777216 0 0 0 0 0 0 0 4 220
AUD 221 1 8 99 -1 0 16777216 0 0 0 0 0 16777217 86 221 331 221 0 0 0 4 221
AUD 222 2 22 -1 -1 0 16777217 84 200 331 200 0 16777216 0 0 0 0 0 0 0 4 222
AUD 223 1 22 100 -1 0 16777216 0 0 0 0 0 16777217 16 223 266 223 0 0 0 4 223
AUD 224 12 7 -1 2 0 16777217 86 92 336 161 0 16777217 86 92 346 224 0 0 0 4 224
AUD 225 2 22 -1 -1 0 16777217 16 223 266 223 0 16777216 0 0 0 0 0 0 0 4 225
AUD 226 1 22 101 -1 0 16777216 0 0 0 0 0 16777217 88 226 331 226 0 0 0 4 226
AUD 227 12 29 -1 1 0 16777217 88 165 331 165 0 16777217 88 165 336 227 0 0 0 4 227
AUD 228 2 24 -1 -1 0 16777217 84 216 331 216 0 16777216 0 0 0 0 0 0 0 4 228
AUD 229 1 24 102 -1 0 16777216 0 0 0 0 0 16777217 18 229 266 229 0 0 0 4 229
AUD 230 12 30 -1 1 0 16777217 86 167 331 167 0 16777217 86 167 336 230 0 0 0 4 230
AUD 231 2 24 -1 -1 0 16777217 18 229 266 229 0 16777216 0 0 0 0 0 0 0 4 231
AUD 232 1 24 103 -1 0 16777216 0 0 0 0 0 16777217 16 232 266 232 0 0 0 4 232
AUD 233 12 31 -1 1 0 16777217 84 170 331 170 0 16777217 84 170 336 233 0 0 0 4 233
AUD 234 12 18 -1 2 0 16777217 86 102 336 168 0 16777217 86 102 346 234 0 0 0 4 234
AUD 235 2 24 -1 -1 0 16777217 16 232 266 232 0 16777216 0 0 0 0 0 0 0 4 235
AUD 236 1 24 104 -1 0 16777216 0 0 0 0 0 16777217 88 236 331 236 0 0 0 4 236
AUD 237 2 5 -1 -1 0 16777217 86 190 331 190 0 16777216 0 0 0 0 0 0 0 4 237
AUD 238 1 5 105 -1 0 16777216 0 0 0 0 0 16777217 18 238 266 238 0 0 0 4 238
AUD 239 12 10 -1 1 0 16777217 86 175 331 175 0 16777217 86 175 336 239 0 0 0 4 239
AUD 240 2 5 -1 -1 0 16777217 18 238 266 238 0 16777216 0 0 0 0 0 0 0 4 240
AUD 241 1 5 106 -1 0 16777216 0 0 0 0 0 16777217 16 241 266 241 0 0 0 4 241
AUD 242 2 9 -1 -1 0 16777217 86 109 336 176 0 16777216 0 0 0 0 0 0 0 4 242
AUD 243 1 9 107 -1 0 16777216 0 0 0 0 0 16777217 88 243 331 243 0 0 0 4 243
AUD 244 14 9 107 80 0 16777217 88 243 331 243 0 16777217 88 243 592 244 0 1 7 4 244
AUD 245 2 5 -1 -1 0 16777217 16 241 266 241 0 16777216 0 0 0 0 0 0 0 4 245
AUD 246 1 5 108 -1 0 16777216 0 0 0 0 0 16777217 86 246 331 246 0 0 0 4 246
AUD 247 14 5 108 80 0 16777217 86 246 331 246 0 16777217 86 246 592 247 0 1 7 4 247
AUD 248 12 19 -1 1 0 16777217 86 184 331 184 0 16777217 86 184 336 248 0 0 0 4 248
AUD 249 2 11 -1 -1 0 16777217 88 116 336 181 0 16777216 0 0 0 0 0 0 0 4 249
AUD 250 1 11 109 -1 0 16777216 0 0 0 0 0 16777217 84 250 331 250 0 0 0 4 250
AUD 251 14 11 109 80 0 16777217 84 250 331 250 0 16777217 84 250 592 251 0 1 7 4 251
AUD 252 2 11 -1 -1 0 16777217 84 250 592 251 0 16777216 0 0 0 0 0 0 0 4 252
AUD 253 1 11 110 -1 0 16777216 0 0 0 0 0 16777217 20 253 266 253 0 0 0 4 253
AUD 254 2 11 -1 -1 0 16777217 20 253 266 253 0 16777216 0 0 0 0 0 0 0 4 254
AUD 255 1 11 111 -1 0 16777216 0 0 0 0 0 16777217 86 255 331 255 0 0 0 4 255
AUD 256 2 5 -1 -1 0 16777217 86 246 592 247 0 16777216 0 0 0 0 0 0 0 4 256
AUD 257 1 5 112 -1 0 16777216 0 0 0 0 0 16777217 16 257 266 257 0 0 0 4 257
AUD 258 2 5 -1 -1 0 16777217 16 257 266 257 0 16777216 0 0 0 0 0 0 0 4 258
AUD 259 1 5 113 -1 0 16777216 0 0 0 0 0 16777217 20 259 266 259 0 0 0 4 259
AUD 260 12 12 -1 1 0 16777217 88 195 331 195 0 16777217 88 195 336 260 0 0 0 4 260
AUD 261 12 25 -1 2 0 16777217 84 132 336 193 0 16777217 84 132 346 261 0 0 0 4 261
AUD 262 2 5 -1 -1 0 16777217 20 259 266 259 0 16777216 0 0 0 0 0 0 0 4 262
AUD 263 1 5 114 -1 0 16777216 0 0 0 0 0 16777217 86 263 331 263 0 0 0 4 263
AUD 264 2 5 -1 -1 0 16777217 86 263 331 263 0 16777216 0 0 0 0 0 0 0 4 264
AUD 265 1 5 115 -1 0 16777216 0 0 0 0 0 16777217 16 265 266 265 0 0 0 4 265
AUD 266 2 5 -1 -1 0 16777217 16 265 266 265 0 16777216 0 0 0 0 0 0 0 4 266
AUD 267 1 5 116 -1 0 16777216 0 0 0 0 0 16777217 20 267 266 267 0 0 0 4 267
AUD 268 2 5 -1 -1 0 16777217 20 267 266 267 0 16777216 0 0 0 0 0 0 0 4 268
AUD 269 1 5 117 -1 0 16777216 0 0 0 0 0 16777217 86 269 331 269 0 0 0 4 269
AUD 270 2 20 -1 -1 0 16777217 88 141 336 203 0 16777216 0 0 0 0 0 0 0 4 270
AUD 271 1 20 118 -1 0 16777216 0 0 0 0 0 16777217 84 271 331 271 0 0 0 4 271
AUD 272 2 21 -1 -1 0 16777217 86 144 336 206 0 16777216 0 0 0 0 0 0 0 4 272
AUD 273 1 21 119 -1 0 16777216 0 0 0 0 0 16777217 88 273 331 273 0 0 0 4 273
AUD 274 2 20 -1 -1 0 16777217 84 271 331 271 0 16777216 0 0 0 0 0 0 0 4 274
AUD 275 1 20 120 -1 0 16777216 0 0 0 0 0 16777217 18 275 266 275 0 0 0 4 275
AUD 276 12 28 -1 2 0 16777217 88 149 336 212 0 16777217 88 149 346 276 0 0 0 4 276
AUD 277 2 20 -1 -1 0 16777217 18 275 266 275 0 16777216 0 0 0 0 0 0 0 4 277
AUD 278 1 20 121 -1 0 16777216 0 0 0 0 0 16777217 84 278 331 278 0 0 0 4 278
AUD 279 2 20 -1 -1 0 16777217 84 278 331 278 0 16777216 0 0 0 0 0 0 0 4 279
AUD 280 1 20 122 -1 0 16777216 0 0 0 0 0 16777217 20 280 266 280 0 0 0 4 280
AUD 281 12 2 -1 1 0 16777217 88 218 331 218 0 16777217 88 218 336 281 0 0 0 4 281
AUD 282 2 20 -1 -1 0 16777217 20 280 266 280 0 16777216 0 0 0 0 0 0 0 4 282
AUD 283 1 20 123 -1 0 16777216 0 0 0 0 0 16777217 18 283 266 283 0 0 0 4 283
AUD 284 12 8 -1 1 0 16777217 86 221 331 221 0 16777217 86 221 336 284 0 0 0 4 284
AUD 285 12 4 -1 2 0 16777217 88 158 336 219 0 16777217 88 158 346 285 0 0 0 4 285
AUD 286 2 20 -1 -1 0 16777217 18 283 266 283 0 16777216 0 0 0 0 0 0 0 4 286
AUD 287 1 20 124 -1 0 16777216 0 0 0 0 0 16777217 84 287 331 287 0 0 0 4 287
AUD 288 2 20 -1 -1 0 16777217 84 287 331 287 0 16777216 0 0 0 0 0 0 0 4 288
AUD 289 1 20 125 -1 0 16777216 0 0 0 0 0 16777217 20 289 266 289 0 0 0 4 289
AUD 290 12 22 -1 1 0 16777217 88 226 331 226 0 16777217 88 226 336 290 0 0 0 4 290
AUD 291 2 20 -1 -1 0 16777217 20 289 266 289 0 16777216 0 0 0 0 0 0 0 4 291
AUD 292 1 20 126 -1 0 16777216 0 0 0 0 0 16777217 18 292 266 292 0 0 0 4 292
AUD 293 2 29 -1 -1 0 16777217 88 165 336 227 0 16777216 0 0 0 0 0 0 0 4 293
AUD 294 1 29 127 -1 0 16777216 0 0 0 0 0 16777217 84 294 331 294 0 0 0 4 294
AUD 295 2 30 -1 -1 0 16777217 86 167 336 230 0 16777216 0 0 0 0 0 0 0 4 295
AUD 296 1 30 128 -1 0 16777216 0 0 0 0 0 16777217 88 296 331 296 0 0 0 4 296
AUD 297 12 24 -1 1 0 16777217 88 236 331 236 0 16777217 88 236 336 297 0 0 0 4 297
AUD 298 2 31 -1 -1 0 16777217 84 170 336 233 0 16777216 0 0 0 0 0 0 0 4 298
AUD 299 1 31 129 -1 0 16777216 0 0 0 0 0 16777217 86 299 331 299 0 0 0 4 299
AUD 300 2 20 -1 -1 0 16777217 18 292 266 292 0 16777216 0 0 0 0 0 0 0 4 300
AUD 301 1 20 130 -1 0 16777216 0 0 0 0 0 16777217 16 301 266 301 0 0 0 4 301
AUD 302 12 10 -1 2 0 16777217 86 175 336 239 0 16777217 86 175 346 302 0 0 0 4 302
AUD 303 2 20 -1 -1 0 16777217 16 301 266 301 0 16777216 0 0 0 0 0 0 0 4 303
AUD 304 1 20 131 -1 0 16777216 0 0 0 0 0 16777217 88 304 331 304 0 0 0 4 304
AUD 305 12 9 -1 1 0 16777217 88 243 592 244 0 16777217 88 243 336 305 0 0 0 4 305
AUD 306 2 29 -1 -1 0 16777217 84 294 331 294 0 16777216 0 0 0 0 0 0 0 4 306
AUD 307 1 29 132 -1 0 16777216 0 0 0 0 0 16777217 18 307 266 307 0 0 0 4 307
AUD 308 2 29 -1 -1 0 16777217 18 307 266 307 0 16777216 0 0 0 0 0 0 0 4 308
AUD 309 1 29 133 -1 0 16777216 0 0 0 0 0 16777217 16 309 266 309 0 0 0 4 309
AUD 310 12 19 -1 2 0 16777217 86 184 336 248 0 16777217 86 184 346 310 0 0 0 4 310
AUD 311 2 29 -1 -1 0 16777217 16 309 266 309 0 16777216 0 0 0 0 0 0 0 4 311
AUD 312 1 29 134 -1 0 16777216 0 0 0 0 0 16777217 88 312 331 312 0 0 0 4 312
AUD 313 2 5 -1 -1 0 16777217 86 269 331 269 0 16777216 0 0 0 0 0 0 0 4 313
AUD 314 1 5 135 -1 0 16777216 0 0 0 0 0 16777217 18 314 266 314 0 0 0 4 314
AUD 315 12 11 -1 1 0 16777217 86 255 331 255 0 16777217 86 255 336 315 0 0 0 4 315
AUD 316 2 5 -1 -1 0 16777217 18 314 266 314 0 16777216 0 0 0 0 0 0 0 4 316
AUD 317 1 5 136 -1 0 16777216 0 0 0 0 0 16777217 16 317 266 317 0 0 0 4 317
AUD 318 2 5 -1 -1 0 16777217 16 317 266 317 0 16777216 0 0 0 0 0 0 0 4 318
AUD 319 1 5 137 -1 0 16777216 0 0 0 0 0 16777217 88 319 331 319 0 0 0 4 319
AUD 320 2 31 -1 -1 0 16777217 86 299 331 299 0 16777216 0 0 0 0 0 0 0 4 320
AUD 321 1 31 138 -1 0 16777216 0 0 0 0 0 16777217 86 321 331 321 0 0 0 4 321
AUD 322 2 12 -1 -1 0 16777217 88 195 336 260 0 16777216 0 0 0 0 0 0 0 4 322
AUD 323 1 12 139 -1 0 16777216 0 0 0 0 0 16777217 84 323 331 323 0 0 0 4 323
AUD 324 2 12 -1 -1 0 16777217 84 323 331 323 0 16777216 0 0 0 0 0 0 0 4 324
AUD 325 1 12 140 -1 0 16777216 0 0 0 0 0 16777217 20 325 266 325 0 0 0 4 325
AUD 326 2 12 -1 -1 0 16777217 20 325 266 325 0 16777216 0 0 0 0 0 0 0 4 326
AUD 327 1 12 141 -1 0 16777216 0 0 0 0 0 16777217 86 327 331 327 0 0 0 4 327
AUD 328 2 12 -1 -1 0 16777217 86 327 331 327 0 16777216 0 0 0 0 0 0 0 4 328
AUD 329 1 12 142 -1 0 16777216 0 0 0 0 0 16777217 16 329 266 329 0 0 0 4 329
AUD 330 2 12 -1 -1 0 16777217 16 329 266 329 0 16777216 0 0 0 0 0 0 0 4 330
AUD 331 1 12 143 -1 0 16777216 0 0 0 0 0 16777217 20 331 266 331 0 0 0 4 331
AUD 332 12 21 -1 1 0 16777217 88 273 331 273 0 16777217 88 273 336 332 0 0 0 4 332
AUD 333 2 12 -1 -1 0 16777217 20 331 266 331 0 16777216 0 0 0 0 0 0 0 4 333
AUD 334 1 12 144 -1 0 16777216 0 0 0 0 0 16777217 86 334 331 334 0 0 0 4 334
AUD 335 2 12 -1 -1 0 16777217 86 334 331 334 0 16777216 0 0 0 0 0 0 0 4 335
AUD 336 1 12 145 -1 0 16777216 0 0 0 0 0 16777217 16 336 266 336 0 0 0 4 336
AUD 337 2 12 -1 -1 0 16777217 16 336 266 336 0 16777216 0 0 0 0 0 0 0 4 337
AUD 338 1 12 146 -1 0 16777216 0 0 0 0 0 16777217 20 338 266 338 0 0 0 4 338
AUD 339 2 12 -1 -1 0 16777217 20 338 266 338 0 16777216 0 0 0 0 0 0 0 4 339
AUD 340 1 12 147 -1 0 16777216 0 0 0 0 0 16777217 86 340 331 340 0 0 0 4 340
AUD 341 2 2 -1 -1 0 16777217 88 218 336 281 0 16777216 0 0 0 0 0 0 0 4 341
AUD 342 1 2 148 -1 0 16777216 0 0 0 0 0 16777217 84 342 331 342 0 0 0 4 342
AUD 343 2 8 -1 -1 0 16777217 86 221 336 284 0 16777216 0 0 0 0 0 0 0 4 343
AUD 344 1 8 149 -1 0 16777216 0 0 0 0 0 16777217 88 344 331 344 0 0 0 4 344
AUD 345 2 2 -1 -1 0 16777217 84 342 331 342 0 16777216 0 0 0 0 0 0 0 4 345
AUD 346 1 2 150 -1 0 16777216 0 0 0 0 0 16777217 18 346 266 346 0 0 0 4 346
AUD 347 12 22 -1 2 0 16777217 88 226 336 290 0 16777217 88 226 346 347 0 0 0 4 347
AUD 348 2 2 -1 -1 0 16777217 18 346 266 346 0 16777216 0 0 0 0 0 0 0 4 348
AUD 349 1 2 151 -1 0 16777216 0 0 0 0 0 16777217 84 349 331 349 0 0 0 4 349
AUD 350 2 2 -1 -1 0 16777217 84 349 331 349 0 16777216 0 0 0 0 0 0 0 4 350
AUD 351 1 2 152 -1 0 16777216 0 0 0 0 0 16777217 20 351 266 351 0 0 0 4 351
AUD 352 12 30 -1 1 0 16777217 88 296 331 296 0 16777217 88 296 336 352 0 0 0 4 352
AUD 353 2 2 -1 -1 0 16777217 20 351 266 351 0 16777216 0 0 0 0 0 0 0 4 353
AUD 354 1 2 153 -1 0 16777216 0 0 0 0 0 16777217 18 354 266 354 0 0 0 4 354
AUD 355 12 24 -1 2 0 16777217 88 236 336 297 0 16777217 88 236 346 355 0 0 0 4 355
AUD 356 2 2 -1 -1 0 16777217 18 354 266 354 0 16777216 0 0 0 0 0 0 0 4 356
AUD 357 1 2 154 -1 0 16777216 0 0 0 0 0 16777217 84 357 331 357 0 0 0 4 357
AUD 358 2 2 -1 -1 0 16777217 84 357 331 357 0 16777216 0 0 0 0 0 0 0 4 358
AUD 359 1 2 155 -1 0 16777216 0 0 0 0 0 16777217 20 359 266 359 0 0 0 4 359
AUD 360 12 20 -1 1 0 16777217 88 304 331 304 0 16777217 88 304 336 360 0 0 0 4 360
AUD 361 2 2 -1 -1 0 16777217 20 359 266 359 0 16777216 0 0 0 0 0 0 0 4 361
AUD 362 1 2 156 -1 0 16777216 0 0 0 0 0 16777217 18 362 266 362 0 0 0 4 362
AUD 363 2 9 -1 -1 0 16777217 88 243 336 305 0 16777216 0 0 0 0 0 0 0 4 363
AUD 364 1 9 157 -1 0 16777216 0 0 0 0 0 16777217 84 364 331 364 0 0 0 4 364
AUD 365 14 9 157 80 0 16777217 84 364 331 364 0 16777217 84 364 592 365 0 1 7 4 365
AUD 366 2 2 -1 -1 0 16777217 18 362 266 362 0 16777216 0 0 0 0 0 0 0 4 366
AUD 367 1 2 158 -1 0 16777216 0 0 0 0 0 16777217 88 367 331 367 0 0 0 4 367
AUD 368 14 2 158 80 0 16777217 88 367 331 367 0 16777217 88 367 592 368 0 1 7 4 368
AUD 369 12 29 -1 1 0 16777217 88 312 331 312 0 16777217 88 312 336 369 0 0 0 4 369
AUD 370 2 9 -1 -1 0 16777217 84 364 592 365 0 16777216 0 0 0 0 0 0 0 4 370
AUD 371 1 9 159 -1 0 16777216 0 0 0 0 0 16777217 86 371 331 371 0 0 0 4 371
AUD 372 14 9 159 80 0 16777217 86 371 331 371 0 16777217 86 371 592 372 0 1 7 4 372
AUD 373 2 9 -1 -1 0 16777217 86 371 592 372 0 16777216 0 0 0 0 0 0 0 4 373
AUD 374 1 9 160 -1 0 16777216 0 0 0 0 0 16777217 16 374 266 374 0 0 0 4 374
AUD 375 12 11 -1 2 0 16777217 86 255 336 315 0 16777217 86 255 346 375 0 0 0 4 375
AUD 376 2 9 -1 -1 0 16777217 16 374 266 374 0 16777216 0 0 0 0 0 0 0 4 376
AUD 377 1 9 161 -1 0 16777216 0 0 0 0 0 16777217 88 377 331 377 0 0 0 4 377
AUD 378 12 5 -1 1 0 16777217 88 319 331 319 0 16777217 88 319 336 378 0 0 0 4 378
AUD 379 2 12 -1 -1 0 16777217 86 340 331 340 0 16777216 0 0 0 0 0 0 0 4 379
AUD 380 1 12 162 -1 0 16777216 0 0 0 0 0 16777217 18 380 266 380 0 0 0 4 380
AUD 381 12 31 -1 1 0 16777217 86 321 331 321 0 16777217 86 321 336 381 0 0 0 4 381
AUD 382 2 12 -1 -1 0 16777217 18 380 266 380 0 16777216 0 0 0 0 0 0 0 4 382
AUD 383 1 12 163 -1 0 16777216 0 0 0 0 0 16777217 16 383 266 383 0 0 0 4 383
AUD 384 2 12 -1 -1 0 16777217 16 383 266 383 0 16777216 0 0 0 0 0 0 0 4 384
AUD 385 1 12 164 -1 0 16777216 0 0 0 0 0 16777217 88 385 331 385 0 0 0 4 385
AUD 386 2 2 -1 -1 0 16777217 88 367 592 368 0 16777216 0 0 0 0 0 0 0 4 386
AUD 387 1 2 165 -1 0 16777216 0 0 0 0 0 16777217 18 387 266 387 0 0 0 4 387
AUD 388 2 2 -1 -1 0 16777217 18 387 266 387 0 16777216 0 0 0 0 0 0 0 4 388
AUD 389 1 2 166 -1 0 16777216 0 0 0 0 0 16777217 16 389 266 389 0 0 0 4 389
AUD 390 2 2 -1 -1 0 16777217 16 389 266 389 0 16777216 0 0 0 0 0 0 0 4 390
AUD 391 1 2 167 -1 0 16777216 0 0 0 0 0 16777217 88 391 331 391 0 0 0 4 391
AUD 392 2 2 -1 -1 0 16777217 88 391 331 391 0 16777216 0 0 0 0 0 0 0 4 392
AUD 393 1 2 168 -1 0 16777216 0 0 0 0 0 16777217 86 393 331 393 0 0 0 4 393
AUD 394 2 21 -1 -1 0 16777217 88 273 336 332 0 16777216 0 0 0 0 0 0 0 4 394
AUD 395 1 21 169 -1 0 16777216 0 0 0 0 0 16777217 84 395 331 395 0 0 0 4 395
AUD 396 2 21 -1 -1 0 16777217 84 395 331 395 0 16777216 0 0 0 0 0 0 0 4 396
AUD 397 1 21 170 -1 0 16777216 0 0 0 0 0 16777217 20 397 266 397 0 0 0 4 397
AUD 398 2 21 -1 -1 0 16777217 20 397 266 397 0 16777216 0 0 0 0 0 0 0 4 398
AUD 399 1 21 171 -1 0 16777216 0 0 0 0 0 16777217 86 399 331 399 0 0 0 4 399
AUD 400 2 2 -1 -1 0 16777217 86 393 331 393 0 16777216 0 0 0 0 0 0 0 4 400
AUD 401 1 2 172 -1 0 16777216 0 0 0 0 0 16777217 16 401 266 401 0 0 0 4 401
AUD 402 2 2 -1 -1 0 16777217 16 401 266 401 0 16777216 0 0 0 0 0 0 0 4 402
AUD 403 1 2 173 -1 0 16777216 0 0 0 0 0 16777217 20 403 266 403 0 0 0 4 403
AUD 404 12 8 -1 1 0 16777217 88 344 331 344 0 16777217 88 344 336 404 0 0 0 4 404
AUD 405 2 2 -1 -1 0 16777217 20 403 266 403 0 16777216 0 0 0 0 0 0 0 4 405
AUD 406 1 2 174 -1 0 16777216 0 0 0 0 0 16777217 86 406 331 406 0 0 0 4 406
AUD 407 2 2 -1 -1 0 16777217 86 406 331 406 0 16777216 0 0 0 0 0 0 0 4 407
AUD 408 1 2 175 -1 0 16777216 0 0 0 0 0 16777217 16 408 266 408 0 0 0 4 408
AUD 409 2 2 -1 -1 0 16777217 16 408 266 408 0 16777216 0 0 0 0 0 0 0 4 409
AUD 410 1 2 176 -1 0 16777216 0 0 0 0 0 16777217 20 410 266 410 0 0 0 4 410
AUD 411 2 2 -1 -1 0 16777217 20 410 266 410 0 16777216 0 0 0 0 0 0 0 4 411
AUD 412 1 2 177 -1 0 16777216 0 0 0 0 0 16777217 86 412 331 412 0 0 0 4 412
AUD 413 2 30 -1 -1 0 16777217 88 296 336 352 0 16777216 0 0 0 0 0 0 0 4 413
AUD 414 1 30 178 -1 0 16777216 0 0 0 0 0 16777217 84 414 331 414 0 0 0 4 414
AUD 415 2 30 -1 -1 0 16777217 84 414 331 414 0 16777216 0 0 0 0 0 0 0 4 415
AUD 416 1 30 179 -1 0 16777216 0 0 0 0 0 16777217 88 416 331 416 0 0 0 4 416
AUD 417 2 2 -1 -1 0 16777217 86 412 331 412 0 16777216 0 0 0 0 0 0 0 4 417
AUD 418 1 2 180 -1 0 16777216 0 0 0 0 0 16777217 18 418 266 418 0 0 0 4 418
AUD 419 12 20 -1 2 0 16777217 88 304 336 360 0 16777217 88 304 346 419 0 0 0 4 419
AUD 420 2 2 -1 -1 0 16777217 18 418 266 418 0 16777216 0 0 0 0 0 0 0 4 420
AUD 421 1 2 181 -1 0 16777216 0 0 0 0 0 16777217 84 421 331 421 0 0 0 4 421
AUD 422 2 2 -1 -1 0 16777217 84 421 331 421 0 16777216 0 0 0 0 0 0 0 4 422
AUD 423 1 2 182 -1 0 16777216 0 0 0 0 0 16777217 20 423 266 423 0 0 0 4 423
AUD 424 2 2 -1 -1 0 16777217 20 423 266 423 0 16777216 0 0 0 0 0 0 0 4 424
AUD 425 1 2 183 -1 0 16777216 0 0 0 0 0 16777217 18 425 266 425 0 0 0 4 425
AUD 426 12 29 -1 2 0 16777217 88 312 336 369 0 16777217 88 312 346 426 0 0 0 4 426
AUD 427 2 2 -1 -1 0 16777217 18 425 266 425 0 16777216 0 0 0 0 0 0 0 4 427
AUD 428 1 2 184 -1 0 16777216 0 0 0 0 0 16777217 84 428 331 428 0 0 0 4 428
AUD 429 2 2 -1 -1 0 16777217 84 428 331 428 0 16777216 0 0 0 0 0 0 0 4 429
AUD 430 1 2 185 -1 0 16777216 0 0 0 0 0 16777217 20 430 266 430 0 0 0 4 430
AUD 431 12 9 -1 1 0 16777217 88 377 331 377 0 16777217 88 377 336 431 0 0 0 4 431
AUD 432 2 2 -1 -1 0 16777217 20 430 266 430 0 16777216 0 0 0 0 0 0 0 4 432
AUD 433 1 2 186 -1 0 16777216 0 0 0 0 0 16777217 18 433 266 433 0 0 0 4 433
AUD 434 2 5 -1 -1 0 16777217 88 319 336 378 0 16777216 0 0 0 0 0 0 0 4 434
AUD 435 1 5 187 -1 0 16777216 0 0 0 0 0 16777217 84 435 331 435 0 0 0 4 435
AUD 436 2 31 -1 -1 0 16777217 86 321 336 381 0 16777216 0 0 0 0 0 0 0 4 436
AUD 437 1 31 188 -1 0 16777216 0 0 0 0 0 16777217 88 437 331 437 0 0 0 4 437
AUD 438 12 12 -1 1 0 16777217 88 385 331 385 0 16777217 88 385 336 438 0 0 0 4 438
AUD 439 2 2 -1 -1 0 16777217 18 433 266 433 0 16777216 0 0 0 0 0 0 0 4 439
AUD 440 1 2 189 -1 0 16777216 0 0 0 0 0 16777217 86 440 331 440 0 0 0 4 440
AUD 441 2 5 -1 -1 0 16777217 84 435 331 435 0 16777216 0 0 0 0 0 0 0 4 441
AUD 442 1 5 190 -1 0 16777216 0 0 0 0 0 16777217 16 442 266 442 0 0 0 4 442
AUD 443 2 5 -1 -1 0 16777217 16 442 266 442 0 16777216 0 0 0 0 0 0 0 4 443
AUD 444 1 5 191 -1 0 16777216 0 0 0 0 0 16777217 88 444 331 444 0 0 0 4 444
AUD 445 2 2 -1 -1 0 16777217 86 440 331 440 0 16777216 0 0 0 0 0 0 0 4 445
AUD 446 1 2 192 -1 0 16777216 0 0 0 0 0 16777217 18 446 266 446 0 0 0 4 446
AUD 447 2 2 -1 -1 0 16777217 18 446 266 446 0 16777216 0 0 0 0 0 0 0 4 447
AUD 448 1 2 193 -1 0 16777216 0 0 0 0 0 16777217 16 448 266 448 0 0 0 4 448
AUD 449 2 2 -1 -1 0 16777217 16 448 266 448 0 16777216 0 0 0 0 0 0 0 4 449
AUD 450 1 2 194 -1 0 16777216 0 0 0 0 0 16777217 88 450 331 450 0 0 0 4 450
AUD 451 2 21 -1 -1 0 16777217 86 399 331 399 0 16777216 0 0 0 0 0 0 0 4 451
AUD 452 1 21 195 -1 0 16777216 0 0 0 0 0 16777217 18 452 266 452 0 0 0 4 452
AUD 453 2 21 -1 -1 0 16777217 18 452 266 452 0 16777216 0 0 0 0 0 0 0 4 453
AUD 454 1 21 196 -1 0 16777216 0 0 0 0 0 16777217 16 454 266 454 0 0 0 4 454
AUD 455 2 21 -1 -1 0 16777217 16 454 266 454 0 16777216 0 0 0 0 0 0 0 4 455
AUD 456 1 21 197 -1 0 16777216 0 0 0 0 0 16777217 88 456 331 456 0 0 0 4 456
AUD 457 2 2 -1 -1 0 16777217 88 450 331 450 0 16777216 0 0 0 0 0 0 0 4 457
AUD 458 1 2 198 -1 0 16777216 0 0 0 0 0 16777217 86 458 331 458 0 0 0 4 458
AUD 459 2 8 -1 -1 0 16777217 88 344 336 404 0 16777216 0 0 0 0 0 0 0 4 459
AUD 460 1 8 199 -1 0 16777216 0 0 0 0 0 16777217 84 460 331 460 0 0 0 4 460
AUD 461 2 8 -1 -1 0 16777217 84 460 331 460 0 16777216 0 0 0 0 0 0 0 4 461
AUD 462 1 8 200 -1 0 16777216 0 0 0 0 0 16777217 20 462 266 462 0 0 0 4 462
AUD 463 2 8 -1 -1 0 16777217 20 462 266 462 0 16777216 0 0 0 0 0 0 0 4 463
AUD 464 1 8 201 -1 0 16777216 0 0 0 0 0 16777217 86 464 331 464 0 0 0 4 464
AUD 465 2 2 -1 -1 0 16777217 86 458 331 458 0 16777216 0 0 0 0 0 0 0 4 465
AUD 466 1 2 202 -1 0 16777216 0 0 0 0 0 16777217 16 466 266 466 0 0 0 4 466
AUD 467 2 2 -1 -1 0 16777217 16 466 266 466 0 16777216 0 0 0 0 0 0 0 4 467
AUD 468 1 2 203 -1 0 16777216 0 0 0 0 0 16777217 20 468 266 468 0 0 0 4 468
AUD 469 12 30 -1 1 0 16777217 88 416 331 416 0 16777217 88 416 336 469 0 0 0 4 469
AUD 470 2 2 -1 -1 0 16777217 20 468 266 468 0 16777216 0 0 0 0 0 0 0 4 470
AUD 471 1 2 204 -1 0 16777216 0 0 0 0 0 16777217 86 471 331 471 0 0 0 4 471
AUD 472 2 2 -1 -1 0 16777217 86 471 331 471 0 16777216 0 0 0 0 0 0 0 4 472
AUD 473 1 2 205 -1 0 16777216 0 0 0 0 0 16777217 16 473 266 473 0 0 0 4 473
AUD 474 2 2 -1 -1 0 16777217 16 473 266 473 0 16777216 0 0 0 0 0 0 0 4 474
AUD 475 1 2 206 -1 0 16777216 0 0 0 0 0 16777217 20 475 266 475 0 0 0 4 475
AUD 476 2 2 -1 -1 0 16777217 20 475 266 475 0 16777216 0 0 0 0 0 0 0 4 476
AUD 477 1 2 207 -1 0 16777216 0 0 0 0 0 16777217 86 477 331 477 0 0 0 4 477
AUD 478 14 2 207 80 0 16777217 86 477 331 477 0 16777217 86 477 592 478 0 1 7 4 478
AUD 479 2 2 -1 -1 0 16777217 86 477 592 478 0 16777216 0 0 0 0 0 0 0 4 479
AUD 480 1 2 208 -1 0 16777216 0 0 0 0 0 16777217 84 480 331 480 0 0 0 4 480
AUD 481 14 2 208 80 0 16777217 84 480 331 480 0 16777217 84 480 592 481 0 1 7 4 481
AUD 482 2 2 -1 -1 0 16777217 84 480 592 481 0 16777216 0 0 0 0 0 0 0 4 482
AUD 483 1 2 209 -1 0 16777216 0 0 0 0 0 16777217 88 483 331 483 0 0 0 4 483
AUD 484 14 2 209 80 0 16777217 88 483 331 483 0 16777217 88 483 592 484 0 1 7 4 484
AUD 485 2 8 -1 -1 0 16777217 86 464 331 464 0 16777216 0 0 0 0 0 0 0 4 485
AUD 486 1 8 210 -1 0 16777216 0 0 0 0 0 16777217 18 486 266 486 0 0 0 4 486
AUD 487 12 9 -1 2 0 16777217 88 377 336 431 0 16777217 88 377 346 487 0 0 0 4 487
AUD 488 2 8 -1 -1 0 16777217 18 486 266 486 0 16777216 0 0 0 0 0 0 0 4 488
AUD 489 1 8 211 -1 0 16777216 0 0 0 0 0 16777217 84 489 331 489 0 0 0 4 489
AUD 490 2 8 -1 -1 0 16777217 84 489 331 489 0 16777216 0 0 0 0 0 0 0 4 490
AUD 491 1 8 212 -1 0 16777216 0 0 0 0 0 16777217 20 491 266 491 0 0 0 4 491
AUD 492 12 31 -1 1 0 16777217 88 437 331 437 0 16777217 88 437 336 492 0 0 0 4 492
AUD 493 2 8 -1 -1 0 16777217 20 491 266 491 0 16777216 0 0 0 0 0 0 0 4 493
AUD 494 1 8 213 -1 0 16777216 0 0 0 0 0 16777217 18 494 266 494 0 0 0 4 494
AUD 495 12 12 -1 2 0 16777217 88 385 336 438 0 16777217 88 385 346 495 0 0 0 4 495
AUD 496 2 8 -1 -1 0 16777217 18 494 266 494 0 16777216 0 0 0 0 0 0 0 4 496
AUD 497 1 8 214 -1 0 16777216 0 0 0 0 0 16777217 84 497 331 497 0 0 0 4 497
AUD 498 2 8 -1 -1 0 16777217 84 497 331 497 0 16777216 0 0 0 0 0 0 0 4 498
AUD 499 1 8 215 -1 0 16777216 0 0 0 0 0 16777217 20 499 266 499 0 0 0 4 499
AUD 500 12 5 -1 1 0 16777217 88 444 331 444 0 16777217 88 444 336 500 0 0 0 4 500
AUD 501 2 8 -1 -1 0 16777217 20 499 266 499 0 16777216 0 0 0 0 0 0 0 4 501
AUD 502 1 8 216 -1 0 16777216 0 0 0 0 0 16777217 18 502 266 502 0 0 0 4 502
AUD 503 2 8 -1 -1 0 16777217 18 502 266 502 0 16777216 0 0 0 0 0 0 0 4 503
AUD 504 1 8 217 -1 0 16777216 0 0 0 0 0 16777217 84 504 331 504 0 0 0 4 504
AUD 505 2 8 -1 -1 0 16777217 84 504 331 504 0 16777216 0 0 0 0 0 0 0 4 505
AUD 506 1 8 218 -1 0 16777216 0 0 0 0 0 16777217 88 506 331 506 0 0 0 4 506
AUD 507 2 2 -1 -1 0 16777217 88 483 592 484 0 16777216 0 0 0 0 0 0 0 4 507
AUD 508 1 2 219 -1 0 16777216 0 0 0 0 0 16777217 86 508 331 508 0 0 0 4 508
AUD 509 2 2 -1 -1 0 16777217 86 508 331 508 0 16777216 0 0 0 0 0 0 0 4 509
AUD 510 1 2 220 -1 0 16777216 0 0 0 0 0 16777217 16 510 266 510 0 0 0 4 510
AUD 511 2 2 -1 -1 0 16777217 16 510 266 510 0 16777216 0 0 0 0 0 0 0 4 511
AUD 512 1 2 221 -1 0 16777216 0 0 0 0 0 16777217 88 512 331 512 0 0 0 4 512
AUD 513 12 21 -1 1 0 16777217 88 456 331 456 0 16777217 88 456 336 513 0 0 0 4 513
AUD 514 2 2 -1 -1 0 16777217 88 512 331 512 0 16777216 0 0 0 0 0 0 0 4 514
AUD 515 1 2 222 -1 0 16777216 0 0 0 0 0 16777217 18 515 266 515 0 0 0 4 515
AUD 516 2 2 -1 -1 0 16777217 18 515 266 515 0 16777216 0 0 0 0 0 0 0 4 516
AUD 517 1 2 223 -1 0 16777216 0 0 0 0 0 16777217 16 517 266 517 0 0 0 4 517
AUD 518 2 2 -1 -1 0 16777217 16 517 266 517 0 16777216 0 0 0 0 0 0 0 4 518
AUD 519 1 2 224 -1 0 16777216 0 0 0 0 0 16777217 88 519 331 519 0 0 0 4 519
AUD 520 2 2 -1 -1 0 16777217 88 519 331 519 0 16777216 0 0 0 0 0 0 0 4 520
AUD 521 1 2 225 -1 0 16777216 0 0 0 0 0 16777217 18 521 266 521 0 0 0 4 521
AUD 522 2 2 -1 -1 0 16777217 18 521 266 521 0 16777216 0 0 0 0 0 0 0 4 522
AUD 523 1 2 226 -1 0 16777216 0 0 0 0 0 16777217 16 523 266 523 0 0 0 4 523
AUD 524 2 2 -1 -1 0 16777217 16 523 266 523 0 16777216 0 0 0 0 0 0 0 4 524
AUD 525 1 2 227 -1 0 16777216 0 0 0 0 0 16777217 88 525 331 525 0 0 0 4 525
AUD 526 2 2 -1 -1 0 16777217 88 525 331 525 0 16777216 0 0 0 0 0 0 0 4 526
AUD 527 1 2 228 -1 0 16777216 0 0 0 0 0 16777217 86 527 331 527 0 0 0 4 527
AUD 528 2 30 -1 -1 0 16777217 88 416 336 469 0 16777216 0 0 0 0 0 0 0 4 528
AUD 529 1 30 229 -1 0 16777216 0 0 0 0 0 16777217 84 529 331 529 0 0 0 4 529
AUD 530 2 30 -1 -1 0 16777217 84 529 331 529 0 16777216 0 0 0 0 0 0 0 4 530
AUD 531 1 30 230 -1 0 16777216 0 0 0 0 0 16777217 20 531 266 531 0 0 0 4 531
AUD 532 2 30 -1 -1 0 16777217 20 531 266 531 0 16777216 0 0 0 0 0 0 0 4 532
AUD 533 1 30 231 -1 0 16777216 0 0 0 0 0 16777217 86 533 331 533 0 0 0 4 533
AUD 534 2 2 -1 -1 0 16777217 86 527 331 527 0 16777216 0 0 0 0 0 0 0 4 534
AUD 535 1 2 232 -1 0 16777216 0 0 0 0 0 16777217 16 535 266 535 0 0 0 4 535
AUD 536 2 2 -1 -1 0 16777217 16 535 266 535 0 16777216 0 0 0 0 0 0 0 4 536
AUD 537 1 2 233 -1 0 16777216 0 0 0 0 0 16777217 20 537 266 537 0 0 0 4 537
AUD 538 2 2 -1 -1 0 16777217 20 537 266 537 0 16777216 0 0 0 0 0 0 0 4 538
AUD 539 1 2 234 -1 0 16777216 0 0 0 0 0 16777217 86 539 331 539 0 0 0 4 539
AUD 540 2 2 -1 -1 0 16777217 86 539 331 539 0 16777216 0 0 0 0 0 0 0 4 540
AUD 541 1 2 235 -1 0 16777216 0 0 0 0 0 16777217 16 541 266 541 0 0 0 4 541
AUD 542 2 2 -1 -1 0 16777217 16 541 266 541 0 16777216 0 0 0 0 0 0 0 4 542
AUD 543 1 2 236 -1 0 16777216 0 0 0 0 0 16777217 20 543 266 543 0 0 0 4 543
AUD 544 2 2 -1 -1 0 16777217 20 543 266 543 0 16777216 0 0 0 0 0 0 0 4 544
AUD 545 1 2 237 -1 0 16777216 0 0 0 0 0 16777217 86 545 331 545 0 0 0 4 545
AUD 546 2 31 -1 -1 0 16777217 88 437 336 492 0 16777216 0 0 0 0 0 0 0 4 546
AUD 547 1 31 238 -1 0 16777216 0 0 0 0 0 16777217 84 547 331 547 0 0 0 4 547
AUD 548 2 31 -1 -1 0 16777217 84 547 331 547 0 16777216 0 0 0 0 0 0 0 4 548
AUD 549 1 31 239 -1 0 16777216 0 0 0 0 0 16777217 88 549 331 549 0 0 0 4 549
AUD 550 2 2 -1 -1 0 16777217 86 545 331 545 0 16777216 0 0 0 0 0 0 0 4 550
AUD 551 1 2 240 -1 0 16777216 0 0 0 0 0 16777217 18 551 266 551 0 0 0 4 551
AUD 552 12 5 -1 2 0 16777217 88 444 336 500 0 16777217 88 444 346 552 0 0 0 4 552
AUD 553 2 2 -1 -1 0 16777217 18 551 266 551 0 16777216 0 0 0 0 0 0 0 4 553
AUD 554 1 2 241 -1 0 16777216 0 0 0 0 0 16777217 84 554 331 554 0 0 0 4 554
AUD 555 2 2 -1 -1 0 16777217 84 554 331 554 0 16777216 0 0 0 0 0 0 0 4 555
AUD 556 1 2 242 -1 0 16777216 0 0 0 0 0 16777217 20 556 266 556 0 0 0 4 556
AUD 557 12 8 -1 1 0 16777217 88 506 331 506 0 16777217 88 506 336 557 0 0 0 4 557
AUD 558 2 2 -1 -1 0 16777217 20 556 266 556 0 16777216 0 0 0 0 0 0 0 4 558
AUD 559 1 2 243 -1 0 16777216 0 0 0 0 0 16777217 18 559 266 559 0 0 0 4 559
AUD 560 2 2 -1 -1 0 16777217 18 559 266 559 0 16777216 0 0 0 0 0 0 0 4 560
AUD 561 1 2 244 -1 0 16777216 0 0 0 0 0 16777217 84 561 331 561 0 0 0 4 561
AUD 562 2 2 -1 -1 0 16777217 84 561 331 561 0 16777216 0 0 0 0 0 0 0 4 562
AUD 563 1 2 245 -1 0 16777216 0 0 0 0 0 16777217 20 563 266 563 0 0 0 4 563
AUD 564 2 2 -1 -1 0 16777217 20 563 266 563 0 16777216 0 0 0 0 0 0 0 4 564
AUD 565 1 2 246 -1 0 16777216 0 0 0 0 0 16777217 18 565 266 565 0 0 0 4 565
AUD 566 2 21 -1 -1 0 16777217 88 456 336 513 0 16777216 0 0 0 0 0 0 0 4 566
AUD 567 1 21 247 -1 0 16777216 0 0 0 0 0 16777217 84 567 331 567 0 0 0 4 567
AUD 568 2 2 -1 -1 0 16777217 18 565 266 565 0 16777216 0 0 0 0 0 0 0 4 568
AUD 569 1 2 248 -1 0 16777216 0 0 0 0 0 16777217 88 569 331 569 0 0 0 4 569
AUD 570 2 21 -1 -1 0 16777217 84 567 331 567 0 16777216 0 0 0 0 0 0 0 4 570
AUD 571 1 21 249 -1 0 16777216 0 0 0 0 0 16777217 86 571 331 571 0 0 0 4 571
AUD 572 2 21 -1 -1 0 16777217 86 571 331 571 0 16777216 0 0 0 0 0 0 0 4 572
AUD 573 1 21 250 -1 0 16777216 0 0 0 0 0 16777217 16 573 266 573 0 0 0 4 573
AUD 574 2 21 -1 -1 0 16777217 16 573 266 573 0 16777216 0 0 0 0 0 0 0 4 574
AUD 575 1 21 251 -1 0 16777216 0 0 0 0 0 16777217 88 575 331 575 0 0 0 4 575
AUD 576 2 30 -1 -1 0 16777217 86 533 331 533 0 16777216 0 0 0 0 0 0 0 4 576
AUD 577 1 30 252 -1 0 16777216 0 0 0 0 0 16777217 18 577 266 577 0 0 0 4 577
AUD 578 2 30 -1 -1 0 16777217 18 577 266 577 0 16777216 0 0 0 0 0 0 0 4 578
AUD 579 1 30 253 -1 0 16777216 0 0 0 0 0 16777217 16 579 266 579 0 0 0 4 579
AUD 580 2 30 -1 -1 0 16777217 16 579 266 579 0 16777216 0 0 0 0 0 0 0 4 580
AUD 581 1 30 254 -1 0 16777216 0 0 0 0 0 16777217 88 581 331 581 0 0 0 4 581
AUD 582 2 2 -1 -1 0 16777217 88 569 331 569 0 16777216 0 0 0 0 0 0 0 4 582
AUD 583 1 2 255 -1 0 16777216 0 0 0 0 0 16777217 18 583 266 583 0 0 0 4 583
AUD 584 2 2 -1 -1 0 16777217 18 583 266 583 0 16777216 0 0 0 0 0 0 0 4 584
AUD 585 1 2 256 -1 0 16777216 0 0 0 0 0 16777217 16 585 266 585 0 0 0 4 585
AUD 586 2 2 -1 -1 0 16777217 16 585 266 585 0 16777216 0 0 0 0 0 0 0 4 586
AUD 587 1 2 257 -1 0 16777216 0 0 0 0 0 16777217 88 587 331 587 0 0 0 4 587
AUD 588 14 2 257 80 0 16777217 88 587 331 587 0 16777217 88 587 592 588 0 1 7 4 588
AUD 589 2 2 -1 -1 0 16777217 88 587 592 588 0 16777216 0 0 0 0 0 0 0 4 589
AUD 590 1 2 258 -1 0 16777216 0 0 0 0 0 16777217 86 590 331 590 0 0 0 4 590
AUD 591 14 2 258 80 0 16777217 86 590 331 590 0 16777217 86 590 592 591 0 1 7 4 591
AUD 592 2 2 -1 -1 0 16777217 86 590 592 591 0 16777216 0 0 0 0 0 0 0 4 592
AUD 593 1 2 259 -1 0 16777216 0 0 0 0 0 16777217 84 593 331 593 0 0 0 4 593
AUD 594 14 2 259 80 0 16777217 84 593 331 593 0 16777217 84 593 592 594 0 1 7 4 594
AUD 595 2 2 -1 -1 0 16777217 84 593 592 594 0 16777216 0 0 0 0 0 0 0 4 595
AUD 596 1 2 260 -1 0 16777216 0 0 0 0 0 16777217 20 596 266 596 0 0 0 4 596
AUD 597 2 2 -1 -1 0 16777217 20 596 266 596 0 16777216 0 0 0 0 0 0 0 4 597
AUD 598 1 2 261 -1 0 16777216 0 0 0 0 0 16777217 86 598 331 598 0 0 0 4 598
AUD 599 2 2 -1 -1 0 16777217 86 598 331 598 0 16777216 0 0 0 0 0 0 0 4 599
AUD 600 1 2 262 -1 0 16777216 0 0 0 0 0 16777217 16 600 266 600 0 0 0 4 600
AUD 601 2 2 -1 -1 0 16777217 16 600 266 600 0 16777216 0 0 0 0 0 0 0 4 601
AUD 602 1 2 263 -1 0 16777216 0 0 0 0 0 16777217 20 602 266 602 0 0 0 4 602
AUD 603 12 31 -1 1 0 16777217 88 549 331 549 0 16777217 88 549 336 603 0 0 0 4 603
AUD 604 2 2 -1 -1 0 16777217 20 602 266 602 0 16777216 0 0 0 0 0 0 0 4 604
AUD 605 1 2 264 -1 0 16777216 0 0 0 0 0 16777217 86 605 331 605 0 0 0 4 605
AUD 606 2 2 -1 -1 0 16777217 86 605 331 605 0 16777216 0 0 0 0 0 0 0 4 606
AUD 607 1 2 265 -1 0 16777216 0 0 0 0 0 16777217 16 607 266 607 0 0 0 4 607
AUD 608 2 2 -1 -1 0 16777217 16 607 266 607 0 16777216 0 0 0 0 0 0 0 4 608
AUD 609 1 2 266 -1 0 16777216 0 0 0 0 0 16777217 20 609 266 609 0 0 0 4 609
AUD 610 2 2 -1 -1 0 16777217 20 609 266 609 0 16777216 0 0 0 0 0 0 0 4 610
AUD 611 1 2 267 -1 0 16777216 0 0 0 0 0 16777217 86 611 331 611 0 0 0 4 611
AUD 612 2 8 -1 -1 0 16777217 88 506 336 557 0 16777216 0 0 0 0 0 0 0 4 612
AUD 613 1 8 268 -1 0 16777216 0 0 0 0 0 16777217 84 613 331 613 0 0 0 4 613
AUD 614 2 8 -1 -1 0 16777217 84 613 331 613 0 16777216 0 0 0 0 0 0 0 4 614
AUD 615 1 8 269 -1 0 16777216 0 0 0 0 0 16777217 88 615 331 615 0 0 0 4 615
AUD 616 2 2 -1 -1 0 16777217 86 611 331 611 0 16777216 0 0 0 0 0 0 0 4 616
AUD 617 1 2 270 -1 0 16777216 0 0 0 0 0 16777217 18 617 266 617 0 0 0 4 617
AUD 618 2 2 -1 -1 0 16777217 18 617 266 617 0 16777216 0 0 0 0 0 0 0 4 618
AUD 619 1 2 271 -1 0 16777216 0 0 0 0 0 16777217 84 619 331 619 0 0 0 4 619
AUD 620 2 2 -1 -1 0 16777217 84 619 331 619 0 16777216 0 0 0 0 0 0 0 4 620
AUD 621 1 2 272 -1 0 16777216 0 0 0 0 0 16777217 20 621 266 621 0 0 0 4 621
AUD 622 2 2 -1 -1 0 16777217 20 621 266 621 0 16777216 0 0 0 0 0 0 0 4 622
AUD 623 1 2 273 -1 0 16777216 0 0 0 0 0 16777217 18 623 266 623 0 0 0 4 623
AUD 624 2 2 -1 -1 0 16777217 18 623 266 623 0 16777216 0 0 0 0 0 0 0 4 624
AUD 625 1 2 274 -1 0 16777216 0 0 0 0 0 16777217 84 625 331 625 0 0 0 4 625
AUD 626 2 2 -1 -1 0 16777217 84 625 331 625 0 16777216 0 0 0 0 0 0 0 4 626
AUD 627 1 2 275 -1 0 16777216 0 0 0 0 0 16777217 20 627 266 627 0 0 0 4 627
AUD 628 12 21 -1 1 0 16777217 88 575 331 575 0 16777217 88 575 336 628 0 0 0 4 628
AUD 629 2 2 -1 -1 0 16777217 20 627 266 627 0 16777216 0 0 0 0 0 0 0 4 629
AUD 630 1 2 276 -1 0 16777216 0 0 0 0 0 16777217 18 630 266 630 0 0 0 4 630
AUD 631 2 2 -1 -1 0 16777217 18 630 266 630 0 16777216 0 0 0 0 0 0 0 4 631
AUD 632 1 2 277 -1 0 16777216 0 0 0 0 0 16777217 84 632 331 632 0 0 0 4 632
AUD 633 2 2 -1 -1 0 16777217 84 632 331 632 0 16777216 0 0 0 0 0 0 0 4 633
AUD 634 1 2 278 -1 0 16777216 0 0 0 0 0 16777217 88 634 331 634 0 0 0 4 634
AUD 635 12 30 -1 1 0 16777217 88 581 331 581 0 16777217 88 581 336 635 0 0 0 4 635
AUD 636 2 2 -1 -1 0 16777217 88 634 331 634 0 16777216 0 0 0 0 0 0 0 4 636
AUD 637 1 2 279 -1 0 16777216 0 0 0 0 0 16777217 86 637 331 637 0 0 0 4 637
AUD 638 2 2 -1 -1 0 16777217 86 637 331 637 0 16777216 0 0 0 0 0 0 0 4 638
AUD 639 1 2 280 -1 0 16777216 0 0 0 0 0 16777217 16 639 266 639 0 0 0 4 639
AUD 640 2 2 -1 -1 0 16777217 16 639 266 639 0 16777216 0 0 0 0 0 0 0 4 640
AUD 641 1 2 281 -1 0 16777216 0 0 0 0 0 16777217 88 641 331 641 0 0 0 4 641
AUD 642 2 2 -1 -1 0 16777217 88 641 331 641 0 16777216 0 0 0 0 0 0 0 4 642
AUD 643 1 2 282 -1 0 16777216 0 0 0 0 0 16777217 18 643 266 643 0 0 0 4 643
AUD 644 2 2 -1 -1 0 16777217 18 643 266 643 0 16777216 0 0 0 0 0 0 0 4 644
AUD 645 1 2 283 -1 0 16777216 0 0 0 0 0 16777217 16 645 266 645 0 0 0 4 645
AUD 646 2 2 -1 -1 0 16777217 16 645 266 645 0 16777216 0 0 0 0 0 0 0 4 646
AUD 647 1 2 284 -1 0 16777216 0 0 0 0 0 16777217 88 647 331 647 0 0 0 4 647
AUD 648 2 2 -1 -1 0 16777217 88 647 331 647 0 16777216 0 0 0 0 0 0 0 4 648
AUD 649 1 2 285 -1 0 16777216 0 0 0 0 0 16777217 18 649 266 649 0 0 0 4 649
AUD 650 2 2 -1 -1 0 16777217 18 649 266 649 0 16777216 0 0 0 0 0 0 0 4 650
AUD 651 1 2 286 -1 0 16777216 0 0 0 0 0 16777217 16 651 266 651 0 0 0 4 651
AUD 652 2 2 -1 -1 0 16777217 16 651 266 651 0 16777216 0 0 0 0 0 0 0 4 652
AUD 653 1 2 287 -1 0 16777216 0 0 0 0 0 16777217 88 653 331 653 0 0 0 4 653
AUD 654 2 2 -1 -1 0 16777217 88 653 331 653 0 16777216 0 0 0 0 0 0 0 4 654
AUD 655 1 2 288 -1 0 16777216 0 0 0 0 0 16777217 86 655 331 655 0 0 0 4 655
AUD 656 2 31 -1 -1 0 16777217 88 549 336 603 0 16777216 0 0 0 0 0 0 0 4 656
AUD 657 1 31 289 -1 0 16777216 0 0 0 0 0 16777217 84 657 331 657 0 0 0 4 657
AUD 658 2 31 -1 -1 0 16777217 84 657 331 657 0 16777216 0 0 0 0 0 0 0 4 658
AUD 659 1 31 290 -1 0 16777216 0 0 0 0 0 16777217 20 659 266 659 0 0 0 4 659
AUD 660 2 31 -1 -1 0 16777217 20 659 266 659 0 16777216 0 0 0 0 0 0 0 4 660
AUD 661 1 31 291 -1 0 16777216 0 0 0 0 0 16777217 86 661 331 661 0 0 0 4 661
AUD 662 2 2 -1 -1 0 16777217 86 655 331 655 0 16777216 0 0 0 0 0 0 0 4 662
AUD 663 1 2 292 -1 0 16777216 0 0 0 0 0 16777217 16 663 266 663 0 0 0 4 663
AUD 664 2 2 -1 -1 0 16777217 16 663 266 663 0 16777216 0 0 0 0 0 0 0 4 664
AUD 665 1 2 293 -1 0 16777216 0 0 0 0 0 16777217 20 665 266 665 0 0 0 4 665
AUD 666 12 8 -1 1 0 16777217 88 615 331 615 0 16777217 88 615 336 666 0 0 0 4 666
AUD 667 2 2 -1 -1 0 16777217 20 665 266 665 0 16777216 0 0 0 0 0 0 0 4 667
AUD 668 1 2 294 -1 0 16777216 0 0 0 0 0 16777217 86 668 331 668 0 0 0 4 668
AUD 669 2 2 -1 -1 0 16777217 86 668 331 668 0 16777216 0 0 0 0 0 0 0 4 669
AUD 670 1 2 295 -1 0 16777216 0 0 0 0 0 16777217 16 670 266 670 0 0 0 4 670
AUD 671 2 2 -1 -1 0 16777217 16 670 266 670 0 16777216 0 0 0 0 0 0 0 4 671
AUD 672 1 2 296 -1 0 16777216 0 0 0 0 0 16777217 20 672 266 672 0 0 0 4 672
AUD 673 2 2 -1 -1 0 16777217 20 672 266 672 0 16777216 0 0 0 0 0 0 0 4 673
AUD 674 1 2 297 -1 0 16777216 0 0 0 0 0 16777217 86 674 331 674 0 0 0 4 674
AUD 675 2 2 -1 -1 0 16777217 86 674 331 674 0 16777216 0 0 0 0 0 0 0 4 675
AUD 676 1 2 298 -1 0 16777216 0 0 0 0 0 16777217 84 676 331 676 0 0 0 4 676
AUD 677 2 2 -1 -1 0 16777217 84 676 331 676 0 16777216 0 0 0 0 0 0 0 4 677
AUD 678 1 2 299 -1 0 16777216 0 0 0 0 0 16777217 88 678 331 678 0 0 0 4 678
AUD 679 2 31 -1 -1 0 16777217 86 661 331 661 0 16777216 0 0 0 0 0 0 0 4 679
AUD 680 1 31 300 -1 0 16777216 0 0 0 0 0 16777217 18 680 266 680 0 0 0 4 680
AUD 681 12 21 -1 2 0 16777217 88 575 336 628 0 16777217 88 575 346 681 0 0 0 4 681
AUD 682 2 31 -1 -1 0 16777217 18 680 266 680 0 16777216 0 0 0 0 0 0 0 4 682
AUD 683 1 31 301 -1 0 16777216 0 0 0 0 0 16777217 84 683 331 683 0 0 0 4 683
AUD 684 2 31 -1 -1 0 16777217 84 683 331 683 0 16777216 0 0 0 0 0 0 0 4 684
AUD 685 1 31 302 -1 0 16777216 0 0 0 0 0 16777217 20 685 266 685 0 0 0 4 685
AUD 686 2 31 -1 -1 0 16777217 20 685 266 685 0 16777216 0 0 0 0 0 0 0 4 686
AUD 687 1 31 303 -1 0 16777216 0 0 0 0 0 16777217 18 687 266 687 0 0 0 4 687
AUD 688 12 30 -1 2 0 16777217 88 581 336 635 0 16777217 88 581 346 688 0 0 0 4 688
AUD 689 2 31 -1 -1 0 16777217 18 687 266 687 0 16777216 0 0 0 0 0 0 0 4 689
AUD 690 1 31 304 -1 0 16777216 0 0 0 0 0 16777217 84 690 331 690 0 0 0 4 690
AUD 691 2 31 -1 -1 0 16777217 84 690 331 690 0 16777216 0 0 0 0 0 0 0 4 691
AUD 692 1 31 305 -1 0 16777216 0 0 0 0 0 16777217 20 692 266 692 0 0 0 4 692
AUD 693 2 31 -1 -1 0 16777217 20 692 266 692 0 16777216 0 0 0 0 0 0 0 4 693
AUD 694 1 31 306 -1 0 16777216 0 0 0 0 0 16777217 18 694 266 694 0 0 0 4 694
AUD 695 2 31 -1 -1 0 16777217 18 694 266 694 0 16777216 0 0 0 0 0 0 0 4 695
AUD 696 1 31 307 -1 0 16777216 0 0 0 0 0 16777217 84 696 331 696 0 0 0 4 696
AUD 697 14 31 307 80 0 16777217 84 696 331 696 0 16777217 84 696 592 697 0 1 7 4 697
AUD 698 2 31 -1 -1 0 16777217 84 696 592 697 0 16777216 0 0 0 0 0 0 0 4 698
AUD 699 1 31 308 -1 0 16777216 0 0 0 0 0 16777217 88 699 331 699 0 0 0 4 699
AUD 700 14 31 308 80 0 16777217 88 699 331 699 0 16777217 88 699 592 700 0 1 7 4 700
AUD 701 2 2 -1 -1 0 16777217 88 678 331 678 0 16777216 0 0 0 0 0 0 0 4 701
AUD 702 1 2 309 -1 0 16777216 0 0 0 0 0 16777217 86 702 331 702 0 0 0 4 702
AUD 703 14 2 309 80 0 16777217 86 702 331 702 0 16777217 86 702 592 703 0 1 7 4 703
AUD 704 2 2 -1 -1 0 16777217 86 702 592 703 0 16777216 0 0 0 0 0 0 0 4 704
AUD 705 1 2 310 -1 0 16777216 0 0 0 0 0 16777217 16 705 266 705 0 0 0 4 705
AUD 706 2 2 -1 -1 0 16777217 16 705 266 705 0 16777216 0 0 0 0 0 0 0 4 706
AUD 707 1 2 311 -1 0 16777216 0 0 0 0 0 16777217 88 707 331 707 0 0 0 4 707
AUD 708 2 2 -1 -1 0 16777217 88 707 331 707 0 16777216 0 0 0 0 0 0 0 4 708
AUD 709 1 2 312 -1 0 16777216 0 0 0 0 0 16777217 18 709 266 709 0 0 0 4 709
AUD 710 2 2 -1 -1 0 16777217 18 709 266 709 0 16777216 0 0 0 0 0 0 0 4 710
AUD 711 1 2 313 -1 0 16777216 0 0 0 0 0 16777217 16 711 266 711 0 0 0 4 711
AUD 712 2 2 -1 -1 0 16777217 16 711 266 711 0 16777216 0 0 0 0 0 0 0 4 712
AUD 713 1 2 314 -1 0 16777216 0 0 0 0 0 16777217 88 713 331 713 0 0 0 4 713
AUD 714 2 2 -1 -1 0 16777217 88 713 331 713 0 16777216 0 0 0 0 0 0 0 4 714
AUD 715 1 2 315 -1 0 16777216 0 0 0 0 0 16777217 18 715 266 715 0 0 0 4 715
AUD 716 2 2 -1 -1 0 16777217 18 715 266 715 0 16777216 0 0 0 0 0 0 0 4 716
AUD 717 1 2 316 -1 0 16777216 0 0 0 0 0 16777217 16 717 266 717 0 0 0 4 717
AUD 718 2 2 -1 -1 0 16777217 16 717 266 717 0 16777216 0 0 0 0 0 0 0 4 718
AUD 719 1 2 317 -1 0 16777216 0 0 0 0 0 16777217 88 719 331 719 0 0 0 4 719
AUD 720 2 2 -1 -1 0 16777217 88 719 331 719 0 16777216 0 0 0 0 0 0 0 4 720
AUD 721 1 2 318 -1 0 16777216 0 0 0 0 0 16777217 86 721 331 721 0 0 0 4 721
AUD 722 2 8 -1 -1 0 16777217 88 615 336 666 0 16777216 0 0 0 0 0 0 0 4 722
AUD 723 1 8 319 -1 0 16777216 0 0 0 0 0 16777217 84 723 331 723 0 0 0 4 723
AUD 724 2 8 -1 -1 0 16777217 84 723 331 723 0 16777216 0 0 0 0 0 0 0 4 724
AUD 725 1 8 320 -1 0 16777216 0 0 0 0 0 16777217 20 725 266 725 0 0 0 4 725
AUD 726 2 8 -1 -1 0 16777217 20 725 266 725 0 16777216 0 0 0 0 0 0 0 4 726
AUD 727 1 8 321 -1 0 16777216 0 0 0 0 0 16777217 86 727 331 727 0 0 0 4 727
AUD 728 2 2 -1 -1 0 16777217 86 721 331 721 0 16777216 0 0 0 0 0 0 0 4 728
AUD 729 1 2 322 -1 0 16777216 0 0 0 0 0 16777217 16 729 266 729 0 0 0 4 729
AUD 730 2 2 -1 -1 0 16777217 16 729 266 729 0 16777216 0 0 0 0 0 0 0 4 730
AUD 731 1 2 323 -1 0 16777216 0 0 0 0 0 16777217 20 731 266 731 0 0 0 4 731
AUD 732 2 2 -1 -1 0 16777217 20 731 266 731 0 16777216 0 0 0 0 0 0 0 4 732
AUD 733 1 2 324 -1 0 16777216 0 0 0 0 0 16777217 86 733 331 733 0 0 0 4 733
AUD 734 2 2 -1 -1 0 16777217 86 733 331 733 0 16777216 0 0 0 0 0 0 0 4 734
AUD 735 1 2 325 -1 0 16777216 0 0 0 0 0 16777217 16 735 266 735 0 0 0 4 735
AUD 736 2 2 -1 -1 0 16777217 16 735 266 735 0 16777216 0 0 0 0 0 0 0 4 736
AUD 737 1 2 326 -1 0 16777216 0 0 0 0 0 16777217 20 737 266 737 0 0 0 4 737
AUD 738 2 2 -1 -1 0 16777217 20 737 266 737 0 16777216 0 0 0 0 0 0 0 4 738
AUD 739 1 2 327 -1 0 16777216 0 0 0 0 0 16777217 86 739 331 739 0 0 0 4 739
AUD 740 2 2 -1 -1 0 16777217 86 739 331 739 0 16777216 0 0 0 0 0 0 0 4 740
AUD 741 1 2 328 -1 0 16777216 0 0 0 0 0 16777217 84 741 331 741 0 0 0 4 741
AUD 742 2 2 -1 -1 0 16777217 84 741 331 741 0 16777216 0 0 0 0 0 0 0 4 742
AUD 743 1 2 329 -1 0 16777216 0 0 0 0 0 16777217 88 743 331 743 0 0 0 4 743
AUD 744 2 8 -1 -1 0 16777217 86 727 331 727 0 16777216 0 0 0 0 0 0 0 4 744
AUD 745 1 8 330 -1 0 16777216 0 0 0 0 0 16777217 18 745 266 745 0 0 0 4 745
AUD 746 2 8 -1 -1 0 16777217 18 745 266 745 0 16777216 0 0 0 0 0 0 0 4 746
AUD 747 1 8 331 -1 0 16777216 0 0 0 0 0 16777217 84 747 331 747 0 0 0 4 747
AUD 748 2 8 -1 -1 0 16777217 84 747 331 747 0 16777216 0 0 0 0 0 0 0 4 748
AUD 749 1 8 332 -1 0 16777216 0 0 0 0 0 16777217 20 749 266 749 0 0 0 4 749
AUD 750 12 31 -1 1 0 16777217 88 699 592 700 0 16777217 88 699 336 750 0 0 0 4 750
AUD 751 2 8 -1 -1 0 16777217 20 749 266 749 0 16777216 0 0 0 0 0 0 0 4 751
AUD 752 1 8 333 -1 0 16777216 0 0 0 0 0 16777217 18 752 266 752 0 0 0 4 752
AUD 753 2 8 -1 -1 0 16777217 18 752 266 752 0 16777216 0 0 0 0 0 0 0 4 753
AUD 754 1 8 334 -1 0 16777216 0 0 0 0 0 16777217 84 754 331 754 0 0 0 4 754
AUD 755 2 8 -1 -1 0 16777217 84 754 331 754 0 16777216 0 0 0 0 0 0 0 4 755
AUD 756 1 8 335 -1 0 16777216 0 0 0 0 0 16777217 20 756 266 756 0 0 0 4 756
AUD 757 2 8 -1 -1 0 16777217 20 756 266 756 0 16777216 0 0 0 0 0 0 0 4 757
AUD 758 1 8 336 -1 0 16777216 0 0 0 0 0 16777217 18 758 266 758 0 0 0 4 758
AUD 759 2 8 -1 -1 0 16777217 18 758 266 758 0 16777216 0 0 0 0 0 0 0 4 759
AUD 760 1 8 337 -1 0 16777216 0 0 0 0 0 16777217 84 760 331 760 0 0 0 4 760
AUD 761 2 8 -1 -1 0 16777217 84 760 331 760 0 16777216 0 0 0 0 0 0 0 4 761
AUD 762 1 8 338 -1 0 16777216 0 0 0 0 0 16777217 88 762 331 762 0 0 0 4 762
AUD 763 2 2 -1 -1 0 16777217 88 743 331 743 0 16777216 0 0 0 0 0 0 0 4 763
AUD 764 1 2 339 -1 0 16777216 0 0 0 0 0 16777217 86 764 331 764 0 0 0 4 764
AUD 765 2 2 -1 -1 0 16777217 86 764 331 764 0 16777216 0 0 0 0 0 0 0 4 765
AUD 766 1 2 340 -1 0 16777216 0 0 0 0 0 16777217 16 766 266 766 0 0 0 4 766
AUD 767 2 2 -1 -1 0 16777217 16 766 266 766 0 16777216 0 0 0 0 0 0 0 4 767
AUD 768 1 2 341 -1 0 16777216 0 0 0 0 0 16777217 88 768 331 768 0 0 0 4 768
AUD 769 2 2 -1 -1 0 16777217 88 768 331 768 0 16777216 0 0 0 0 0 0 0 4 769
AUD 770 1 2 342 -1 0 16777216 0 0 0 0 0 16777217 18 770 266 770 0 0 0 4 770
AUD 771 2 2 -1 -1 0 16777217 18 770 266 770 0 16777216 0 0 0 0 0 0 0 4 771
AUD 772 1 2 343 -1 0 16777216 0 0 0 0 0 16777217 16 772 266 772 0 0 0 4 772
AUD 773 2 2 -1 -1 0 16777217 16 772 266 772 0 16777216 0 0 0 0 0 0 0 4 773
AUD 774 1 2 344 -1 0 16777216 0 0 0 0 0 16777217 88 774 331 774 0 0 0 4 774
AUD 775 2 2 -1 -1 0 16777217 88 774 331 774 0 16777216 0 0 0 0 0 0 0 4 775
AUD 776 1 2 345 -1 0 16777216 0 0 0 0 0 16777217 18 776 266 776 0 0 0 4 776
AUD 777 2 2 -1 -1 0 16777217 18 776 266 776 0 16777216 0 0 0 0 0 0 0 4 777
AUD 778 1 2 346 -1 0 16777216 0 0 0 0 0 16777217 16 778 266 778 0 0 0 4 778
AUD 779 2 2 -1 -1 0 16777217 16 778 266 778 0 16777216 0 0 0 0 0 0 0 4 779
AUD 780 1 2 347 -1 0 16777216 0 0 0 0 0 16777217 88 780 331 780 0 0 0 4 780
AUD 781 2 2 -1 -1 0 16777217 88 780 331 780 0 16777216 0 0 0 0 0 0 0 4 781
AUD 782 1 2 348 -1 0 16777216 0 0 0 0 0 16777217 86 782 331 782 0 0 0 4 782
AUD 783 2 2 -1 -1 0 16777217 86 782 331 782 0 16777216 0 0 0 0 0 0 0 4 783
AUD 784 1 2 349 -1 0 16777216 0 0 0 0 0 16777217 84 784 331 784 0 0 0 4 784
AUD 785 2 2 -1 -1 0 16777217 84 784 331 784 0 16777216 0 0 0 0 0 0 0 4 785
AUD 786 1 2 350 -1 0 16777216 0 0 0 0 0 16777217 20 786 266 786 0 0 0 4 786
AUD 787 2 2 -1 -1 0 16777217 20 786 266 786 0 16777216 0 0 0 0 0 0 0 4 787
AUD 788 1 2 351 -1 0 16777216 0 0 0 0 0 16777217 86 788 331 788 0 0 0 4 788
AUD 789 2 2 -1 -1 0 16777217 86 788 331 788 0 16777216 0 0 0 0 0 0 0 4 789
AUD 790 1 2 352 -1 0 16777216 0 0 0 0 0 16777217 16 790 266 790 0 0 0 4 790
AUD 791 2 2 -1 -1 0 16777217 16 790 266 790 0 16777216 0 0 0 0 0 0 0 4 791
AUD 792 1 2 353 -1 0 16777216 0 0 0 0 0 16777217 20 792 266 792 0 0 0 4 792
AUD 793 2 2 -1 -1 0 16777217 20 792 266 792 0 16777216 0 0 0 0 0 0 0 4 793
AUD 794 1 2 354 -1 0 16777216 0 0 0 0 0 16777217 86 794 331 794 0 0 0 4 794
AUD 795 2 2 -1 -1 0 16777217 86 794 331 794 0 16777216 0 0 0 0 0 0 0 4 795
AUD 796 1 2 355 -1 0 16777216 0 0 0 0 0 16777217 16 796 266 796 0 0 0 4 796
AUD 797 2 2 -1 -1 0 16777217 16 796 266 796 0 16777216 0 0 0 0 0 0 0 4 797
AUD 798 1 2 356 -1 0 16777216 0 0 0 0 0 16777217 20 798 266 798 0 0 0 4 798
AUD 799 2 2 -1 -1 0 16777217 20 798 266 798 0 16777216 0 0 0 0 0 0 0 4 799
AUD 800 1 2 357 -1 0 16777216 0 0 0 0 0 16777217 86 800 331 800 0 0 0 4 800
AUD 801 14 2 357 80 0 16777217 86 800 331 800 0 16777217 86 800 592 801 0 1 7 4 801
AUD 802 2 31 -1 -1 0 16777217 88 699 336 750 0 16777216 0 0 0 0 0 0 0 4 802
AUD 803 1 31 358 -1 0 16777216 0 0 0 0 0 16777217 84 803 331 803 0 0 0 4 803
AUD 804 14 31 358 80 0 16777217 84 803 331 803 0 16777217 84 803 592 804 0 1 7 4 804
AUD 805 2 31 -1 -1 0 16777217 84 803 592 804 0 16777216 0 0 0 0 0 0 0 4 805
AUD 806 1 31 359 -1 0 16777216 0 0 0 0 0 16777217 88 806 331 806 0 0 0 4 806
AUD 807 14 31 359 80 0 16777217 88 806 331 806 0 16777217 88 806 592 807 0 1 7 4 807
AUD 808 2 2 -1 -1 0 16777217 86 800 592 801 0 16777216 0 0 0 0 0 0 0 4 808
AUD 809 1 2 360 -1 0 16777216 0 0 0 0 0 16777217 18 809 266 809 0 0 0 4 809
AUD 810 2 2 -1 -1 0 16777217 18 809 266 809 0 16777216 0 0 0 0 0 0 0 4 810
AUD 811 1 2 361 -1 0 16777216 0 0 0 0 0 16777217 84 811 331 811 0 0 0 4 811
AUD 812 2 2 -1 -1 0 16777217 84 811 331 811 0 16777216 0 0 0 0 0 0 0 4 812
AUD 813 1 2 362 -1 0 16777216 0 0 0 0 0 16777217 20 813 266 813 0 0 0 4 813
AUD 814 12 8 -1 1 0 16777217 88 762 331 762 0 16777217 88 762 336 814 0 0 0 4 814
AUD 815 2 2 -1 -1 0 16777217 20 813 266 813 0 16777216 0 0 0 0 0 0 0 4 815
AUD 816 1 2 363 -1 0 16777216 0 0 0 0 0 16777217 18 816 266 816 0 0 0 4 816
AUD 817 2 2 -1 -1 0 16777217 18 816 266 816 0 16777216 0 0 0 0 0 0 0 4 817
AUD 818 1 2 364 -1 0 16777216 0 0 0 0 0 16777217 84 818 331 818 0 0 0 4 818
AUD 819 2 2 -1 -1 0 16777217 84 818 331 818 0 16777216 0 0 0 0 0 0 0 4 819
AUD 820 1 2 365 -1 0 16777216 0 0 0 0 0 16777217 20 820 266 820 0 0 0 4 820
AUD 821 2 2 -1 -1 0 16777217 20 820 266 820 0 16777216 0 0 0 0 0 0 0 4 821
AUD 822 1 2 366 -1 0 16777216 0 0 0 0 0 16777217 18 822 266 822 0 0 0 4 822
AUD 823 2 2 -1 -1 0 16777217 18 822 266 822 0 16777216 0 0 0 0 0 0 0 4 823
AUD 824 1 2 367 -1 0 16777216 0 0 0 0 0 16777217 84 824 331 824 0 0 0 4 824
AUD 825 2 2 -1 -1 0 16777217 84 824 331 824 0 16777216 0 0 0 0 0 0 0 4 825
AUD 826 1 2 368 -1 0 16777216 0 0 0 0 0 16777217 88 826 331 826 0 0 0 4 826
AUD 827 2 2 -1 -1 0 16777217 88 826 331 826 0 16777216 0 0 0 0 0 0 0 4 827
AUD 828 1 2 369 -1 0 16777216 0 0 0 0 0 16777217 86 828 331 828 0 0 0 4 828
AUD 829 2 2 -1 -1 0 16777217 86 828 331 828 0 16777216 0 0 0 0 0 0 0 4 829
AUD 830 1 2 370 -1 0 16777216 0 0 0 0 0 16777217 16 830 266 830 0 0 0 4 830
AUD 831 2 2 -1 -1 0 16777217 16 830 266 830 0 16777216 0 0 0 0 0 0 0 4 831
AUD 832 1 2 371 -1 0 16777216 0 0 0 0 0 16777217 88 832 331 832 0 0 0 4 832
AUD 833 2 2 -1 -1 0 16777217 88 832 331 832 0 16777216 0 0 0 0 0 0 0 4 833
AUD 834 1 2 372 -1 0 16777216 0 0 0 0 0 16777217 18 834 266 834 0 0 0 4 834
AUD 835 2 2 -1 -1 0 16777217 18 834 266 834 0 16777216 0 0 0 0 0 0 0 4 835
AUD 836 1 2 373 -1 0 16777216 0 0 0 0 0 16777217 16 836 266 836 0 0 0 4 836
AUD 837 2 2 -1 -1 0 16777217 16 836 266 836 0 16777216 0 0 0 0 0 0 0 4 837
AUD 838 1 2 374 -1 0 16777216 0 0 0 0 0 16777217 88 838 331 838 0 0 0 4 838
AUD 839 2 2 -1 -1 0 16777217 88 838 331 838 0 16777216 0 0 0 0 0 0 0 4 839
AUD 840 1 2 375 -1 0 16777216 0 0 0 0 0 16777217 18 840 266 840 0 0 0 4 840
AUD 841 2 2 -1 -1 0 16777217 18 840 266 840 0 16777216 0 0 0 0 0 0 0 4 841
AUD 842 1 2 376 -1 0 16777216 0 0 0 0 0 16777217 16 842 266 842 0 0 0 4 842
AUD 843 2 2 -1 -1 0 16777217 16 842 266 842 0 16777216 0 0 0 0 0 0 0 4 843
AUD 844 1 2 377 -1 0 16777216 0 0 0 0 0 16777217 88 844 331 844 0 0 0 4 844
AUD 845 2 2 -1 -1 0 16777217 88 844 331 844 0 16777216 0 0 0 0 0 0 0 4 845
AUD 846 1 2 378 -1 0 16777216 0 0 0 0 0 16777217 86 846 331 846 0 0 0 4 846
AUD 847 2 2 -1 -1 0 16777217 86 846 331 846 0 16777216 0 0 0 0 0 0 0 4 847
AUD 848 1 2 379 -1 0 16777216 0 0 0 0 0 16777217 84 848 331 848 0 0 0 4 848
AUD 849 2 2 -1 -1 0 16777217 84 848 331 848 0 16777216 0 0 0 0 0 0 0 4 849
AUD 850 1 2 380 -1 0 16777216 0 0 0 0 0 16777217 20 850 266 850 0 0 0 4 850
AUD 851 2 2 -1 -1 0 16777217 20 850 266 850 0 16777216 0 0 0 0 0 0 0 4 851
AUD 852 1 2 381 -1 0 16777216 0 0 0 0 0 16777217 86 852 331 852 0 0 0 4 852
AUD 853 2 2 -1 -1 0 16777217 86 852 331 852 0 16777216 0 0 0 0 0 0 0 4 853
AUD 854 1 2 382 -1 0 16777216 0 0 0 0 0 16777217 16 854 266 854 0 0 0 4 854
AUD 855 2 2 -1 -1 0 16777217 16 854 266 854 0 16777216 0 0 0 0 0 0 0 4 855
AUD 856 1 2 383 -1 0 16777216 0 0 0 0 0 16777217 20 856 266 856 0 0 0 4 856
AUD 857 12 31 -1 1 0 16777217 88 806 592 807 0 16777217 88 806 336 857 0 0 0 4 857
AUD 858 2 2 -1 -1 0 16777217 20 856 266 856 0 16777216 0 0 0 0 0 0 0 4 858
AUD 859 1 2 384 -1 0 16777216 0 0 0 0 0 16777217 86 859 331 859 0 0 0 4 859
AUD 860 2 2 -1 -1 0 16777217 86 859 331 859 0 16777216 0 0 0 0 0 0 0 4 860
AUD 861 1 2 385 -1 0 16777216 0 0 0 0 0 16777217 16 861 266 861 0 0 0 4 861
AUD 862 2 2 -1 -1 0 16777217 16 861 266 861 0 16777216 0 0 0 0 0 0 0 4 862
AUD 863 1 2 386 -1 0 16777216 0 0 0 0 0 16777217 20 863 266 863 0 0 0 4 863
AUD 864 2 2 -1 -1 0 16777217 20 863 266 863 0 16777216 0 0 0 0 0 0 0 4 864
AUD 865 1 2 387 -1 0 16777216 0 0 0 0 0 16777217 86 865 331 865 0 0 0 4 865
AUD 866 2 8 -1 -1 0 16777217 88 762 336 814 0 16777216 0 0 0 0 0 0 0 4 866
AUD 867 1 8 388 -1 0 16777216 0 0 0 0 0 16777217 84 867 331 867 0 0 0 4 867
AUD 868 2 8 -1 -1 0 16777217 84 867 331 867 0 16777216 0 0 0 0 0 0 0 4 868
AUD 869 1 8 389 -1 0 16777216 0 0 0 0 0 16777217 88 869 331 869 0 0 0 4 869
AUD 870 2 2 -1 -1 0 16777217 86 865 331 865 0 16777216 0 0 0 0 0 0 0 4 870
AUD 871 1 2 390 -1 0 16777216 0 0 0 0 0 16777217 18 871 266 871 0 0 0 4 871
AUD 872 2 2 -1 -1 0 16777217 18 871 266 871 0 16777216 0 0 0 0 0 0 0 4 872
AUD 873 1 2 391 -1 0 16777216 0 0 0 0 0 16777217 84 873 331 873 0 0 0 4 873
AUD 874 2 2 -1 -1 0 16777217 84 873 331 873 0 16777216 0 0 0 0 0 0 0 4 874
AUD 875 1 2 392 -1 0 16777216 0 0 0 0 0 16777217 20 875 266 875 0 0 0 4 875
AUD 876 2 2 -1 -1 0 16777217 20 875 266 875 0 16777216 0 0 0 0 0 0 0 4 876
AUD 877 1 2 393 -1 0 16777216 0 0 0 0 0 16777217 18 877 266 877 0 0 0 4 877
AUD 878 2 2 -1 -1 0 16777217 18 877 266 877 0 16777216 0 0 0 0 0 0 0 4 878
AUD 879 1 2 394 -1 0 16777216 0 0 0 0 0 16777217 84 879 331 879 0 0 0 4 879
AUD 880 2 2 -1 -1 0 16777217 84 879 331 879 0 16777216 0 0 0 0 0 0 0 4 880
AUD 881 1 2 395 -1 0 16777216 0 0 0 0 0 16777217 20 881 266 881 0 0 0 4 881
AUD 882 2 2 -1 -1 0 16777217 20 881 266 881 0 16777216 0 0 0 0 0 0 0 4 882
AUD 883 1 2 396 -1 0 16777216 0 0 0 0 0 16777217 18 883 266 883 0 0 0 4 883
AUD 884 2 2 -1 -1 0 16777217 18 883 266 883 0 16777216 0 0 0 0 0 0 0 4 884
AUD 885 1 2 397 -1 0 16777216 0 0 0 0 0 16777217 84 885 331 885 0 0 0 4 885
AUD 886 2 2 -1 -1 0 16777217 84 885 331 885 0 16777216 0 0 0 0 0 0 0 4 886
AUD 887 1 2 398 -1 0 16777216 0 0 0 0 0 16777217 88 887 331 887 0 0 0 4 887
AUD 888 2 2 -1 -1 0 16777217 88 887 331 887 0 16777216 0 0 0 0 0 0 0 4 888
AUD 889 1 2 399 -1 0 16777216 0 0 0 0 0 16777217 86 889 331 889 0 0 0 4 889
AUD 890 2 2 -1 -1 0 16777217 86 889 331 889 0 16777216 0 0 0 0 0 0 0 4 890
AUD 891 1 2 400 -1 0 16777216 0 0 0 0 0 16777217 16 891 266 891 0 0 0 4 891
AUD 892 2 2 -1 -1 0 16777217 16 891 266 891 0 16777216 0 0 0 0 0 0 0 4 892
AUD 893 1 2 401 -1 0 16777216 0 0 0 0 0 16777217 88 893 331 893 0 0 0 4 893
AUD 894 2 2 -1 -1 0 16777217 88 893 331 893 0 16777216 0 0 0 0 0 0 0 4 894
AUD 895 1 2 402 -1 0 16777216 0 0 0 0 0 16777217 18 895 266 895 0 0 0 4 895
AUD 896 2 2 -1 -1 0 16777217 18 895 266 895 0 16777216 0 0 0 0 0 0 0 4 896
AUD 897 1 2 403 -1 0 16777216 0 0 0 0 0 16777217 16 897 266 897 0 0 0 4 897
AUD 898 2 2 -1 -1 0 16777217 16 897 266 897 0 16777216 0 0 0 0 0 0 0 4 898
AUD 899 1 2 404 -1 0 16777216 0 0 0 0 0 16777217 88 899 331 899 0 0 0 4 899
AUD 900 2 2 -1 -1 0 16777217 88 899 331 899 0 16777216 0 0 0 0 0 0 0 4 900
AUD 901 1 2 405 -1 0 16777216 0 0 0 0 0 16777217 18 901 266 901 0 0 0 4 901
AUD 902 2 2 -1 -1 0 16777217 18 901 266 901 0 16777216 0 0 0 0 0 0 0 4 902
AUD 903 1 2 406 -1 0 16777216 0 0 0 0 0 16777217 16 903 266 903 0 0 0 4 903
AUD 904 2 2 -1 -1 0 16777217 16 903 266 903 0 16777216 0 0 0 0 0 0 0 4 904
AUD 905 1 2 407 -1 0 16777216 0 0 0 0 0 16777217 88 905 331 905 0 0 0 4 905
AUD 906 14 2 407 80 0 16777217 88 905 331 905 0 16777217 88 905 592 906 0 1 7 4 906
AUD 907 2 2 -1 -1 0 16777217 88 905 592 906 0 16777216 0 0 0 0 0 0 0 4 907
AUD 908 1 2 408 -1 0 16777216 0 0 0 0 0 16777217 86 908 331 908 0 0 0 4 908
AUD 909 14 2 408 80 0 16777217 86 908 331 908 0 16777217 86 908 592 909 0 1 7 4 909
AUD 910 2 31 -1 -1 0 16777217 88 806 336 857 0 16777216 0 0 0 0 0 0 0 4 910
AUD 911 1 31 409 -1 0 16777216 0 0 0 0 0 16777217 84 911 331 911 0 0 0 4 911
AUD 912 14 31 409 80 0 16777217 84 911 331 911 0 16777217 84 911 592 912 0 1 7 4 912
AUD 913 2 31 -1 -1 0 16777217 84 911 592 912 0 16777216 0 0 0 0 0 0 0 4 913
AUD 914 1 31 410 -1 0 16777216 0 0 0 0 0 16777217 20 914 266 914 0 0 0 4 914
AUD 915 2 31 -1 -1 0 16777217 20 914 266 914 0 16777216 0 0 0 0 0 0 0 4 915
AUD 916 1 31 411 -1 0 16777216 0 0 0 0 0 16777217 86 916 331 916 0 0 0 4 916
AUD 917 2 2 -1 -1 0 16777217 86 908 592 909 0 16777216 0 0 0 0 0 0 0 4 917
AUD 918 1 2 412 -1 0 16777216 0 0 0 0 0 16777217 16 918 266 918 0 0 0 4 918
AUD 919 2 2 -1 -1 0 16777217 16 918 266 918 0 16777216 0 0 0 0 0 0 0 4 919
AUD 920 1 2 413 -1 0 16777216 0 0 0 0 0 16777217 20 920 266 920 0 0 0 4 920
AUD 921 12 8 -1 1 0 16777217 88 869 331 869 0 16777217 88 869 336 921 0 0 0 4 921
AUD 922 2 2 -1 -1 0 16777217 20 920 266 920 0 16777216 0 0 0 0 0 0 0 4 922
AUD 923 1 2 414 -1 0 16777216 0 0 0 0 0 16777217 86 923 331 923 0 0 0 4 923
AUD 924 2 2 -1 -1 0 16777217 86 923 331 923 0 16777216 0 0 0 0 0 0 0 4 924
AUD 925 1 2 415 -1 0 16777216 0 0 0 0 0 16777217 16 925 266 925 0 0 0 4 925
AUD 926 2 2 -1 -1 0 16777217 16 925 266 925 0 16777216 0 0 0 0 0 0 0 4 926
AUD 927 1 2 416 -1 0 16777216 0 0 0 0 0 16777217 20 927 266 927 0 0 0 4 927
AUD 928 2 2 -1 -1 0 16777217 20 927 266 927 0 16777216 0 0 0 0 0 0 0 4 928
AUD 929 1 2 417 -1 0 16777216 0 0 0 0 0 16777217 86 929 331 929 0 0 0 4 929
AUD 930 2 2 -1 -1 0 16777217 86 929 331 929 0 16777216 0 0 0 0 0 0 0 4 930
AUD 931 1 2 418 -1 0 16777216 0 0 0 0 0 16777217 84 931 331 931 0 0 0 4 931
AUD 932 2 2 -1 -1 0 16777217 84 931 331 931 0 16777216 0 0 0 0 0 0 0 4 932
AUD 933 1 2 419 -1 0 16777216 0 0 0 0 0 16777217 88 933 331 933 0 0 0 4 933
AUD 934 2 31 -1 -1 0 16777217 86 916 331 916 0 16777216 0 0 0 0 0 0 0 4 934
AUD 935 1 31 420 -1 0 16777216 0 0 0 0 0 16777217 18 935 266 935 0 0 0 4 935
AUD 936 2 31 -1 -1 0 16777217 18 935 266 935 0 16777216 0 0 0 0 0 0 0 4 936
AUD 937 1 31 421 -1 0 16777216 0 0 0 0 0 16777217 84 937 331 937 0 0 0 4 937
AUD 938 2 31 -1 -1 0 16777217 84 937 331 937 0 16777216 0 0 0 0 0 0 0 4 938
AUD 939 1 31 422 -1 0 16777216 0 0 0 0 0 16777217 20 939 266 939 0 0 0 4 939
AUD 940 2 31 -1 -1 0 16777217 20 939 266 939 0 16777216 0 0 0 0 0 0 0 4 940
AUD 941 1 31 423 -1 0 16777216 0 0 0 0 0 16777217 18 941 266 941 0 0 0 4 941
AUD 942 2 31 -1 -1 0 16777217 18 941 266 941 0 16777216 0 0 0 0 0 0 0 4 942
AUD 943 1 31 424 -1 0 16777216 0 0 0 0 0 16777217 84 943 331 943 0 0 0 4 943
AUD 944 2 31 -1 -1 0 16777217 84 943 331 943 0 16777216 0 0 0 0 0 0 0 4 944
AUD 945 1 31 425 -1 0 16777216 0 0 0 0 0 16777217 20 945 266 945 0 0 0 4 945
AUD 946 2 31 -1 -1 0 16777217 20 945 266 945 0 16777216 0 0 0 0 0 0 0 4 946
AUD 947 1 31 426 -1 0 16777216 0 0 0 0 0 16777217 18 947 266 947 0 0 0 4 947
AUD 948 2 31 -1 -1 0 16777217 18 947 266 947 0 16777216 0 0 0 0 0 0 0 4 948
AUD 949 1 31 427 -1 0 16777216 0 0 0 0 0 16777217 84 949 331 949 0 0 0 4 949
AUD 950 2 31 -1 -1 0 16777217 84 949 331 949 0 16777216 0 0 0 0 0 0 0 4 950
AUD 951 1 31 428 -1 0 16777216 0 0 0 0 0 16777217 88 951 331 951 0 0 0 4 951
AUD 952 2 2 -1 -1 0 16777217 88 933 331 933 0 16777216 0 0 0 0 0 0 0 4 952
AUD 953 1 2 429 -1 0 16777216 0 0 0 0 0 16777217 86 953 331 953 0 0 0 4 953
AUD 954 2 2 -1 -1 0 16777217 86 953 331 953 0 16777216 0 0 0 0 0 0 0 4 954
AUD 955 1 2 430 -1 0 16777216 0 0 0 0 0 16777217 16 955 266 955 0 0 0 4 955
AUD 956 2 2 -1 -1 0 16777217 16 955 266 955 0 16777216 0 0 0 0 0 0 0 4 956
AUD 957 1 2 431 -1 0 16777216 0 0 0 0 0 16777217 88 957 331 957 0 0 0 4 957
AUD 958 2 2 -1 -1 0 16777217 88 957 331 957 0 16777216 0 0 0 0 0 0 0 4 958
AUD 959 1 2 432 -1 0 16777216 0 0 0 0 0 16777217 18 959 266 959 0 0 0 4 959
AUD 960 2 2 -1 -1 0 16777217 18 959 266 959 0 16777216 0 0 0 0 0 0 0 4 960
AUD 961 1 2 433 -1 0 16777216 0 0 0 0 0 16777217 16 961 266 961 0 0 0 4 961
AUD 962 2 2 -1 -1 0 16777217 16 961 266 961 0 16777216 0 0 0 0 0 0 0 4 962
AUD 963 1 2 434 -1 0 16777216 0 0 0 0 0 16777217 88 963 331 963 0 0 0 4 963
AUD 964 2 2 -1 -1 0 16777217 88 963 331 963 0 16777216 0 0 0 0 0 0 0 4 964
AUD 965 1 2 435 -1 0 16777216 0 0 0 0 0 16777217 18 965 266 965 0 0 0 4 965
AUD 966 2 2 -1 -1 0 16777217 18 965 266 965 0 16777216 0 0 0 0 0 0 0 4 966
AUD 967 1 2 436 -1 0 16777216 0 0 0 0 0 16777217 16 967 266 967 0 0 0 4 967
AUD 968 2 2 -1 -1 0 16777217 16 967 266 967 0 16777216 0 0 0 0 0 0 0 4 968
AUD 969 1 2 437 -1 0 16777216 0 0 0 0 0 16777217 88 969 331 969 0 0 0 4 969
AUD 970 2 2 -1 -1 0 16777217 88 969 331 969 0 16777216 0 0 0 0 0 0 0 4 970
AUD 971 1 2 438 -1 0 16777216 0 0 0 0 0 16777217 86 971 331 971 0 0 0 4 971
AUD 972 2 8 -1 -1 0 16777217 88 869 336 921 0 16777216 0 0 0 0 0 0 0 4 972
AUD 973 1 8 439 -1 0 16777216 0 0 0 0 0 16777217 84 973 331 973 0 0 0 4 973
AUD 974 2 8 -1 -1 0 16777217 84 973 331 973 0 16777216 0 0 0 0 0 0 0 4 974
AUD 975 1 8 440 -1 0 16777216 0 0 0 0 0 16777217 20 975 266 975 0 0 0 4 975
AUD 976 2 8 -1 -1 0 16777217 20 975 266 975 0 16777216 0 0 0 0 0 0 0 4 976
AUD 977 1 8 441 -1 0 16777216 0 0 0 0 0 16777217 86 977 331 977 0 0 0 4 977
AUD 978 2 2 -1 -1 0 16777217 86 971 331 971 0 16777216 0 0 0 0 0 0 0 4 978
AUD 979 1 2 442 -1 0 16777216 0 0 0 0 0 16777217 16 979 266 979 0 0 0 4 979
AUD 980 2 2 -1 -1 0 16777217 16 979 266 979 0 16777216 0 0 0 0 0 0 0 4 980
AUD 981 1 2 443 -1 0 16777216 0 0 0 0 0 16777217 20 981 266 981 0 0 0 4 981
AUD 982 2 2 -1 -1 0 16777217 20 981 266 981 0 16777216 0 0 0 0 0 0 0 4 982
AUD 983 1 2 444 -1 0 16777216 0 0 0 0 0 16777217 86 983 331 983 0 0 0 4 983
AUD 984 2 2 -1 -1 0 16777217 86 983 331 983 0 16777216 0 0 0 0 0 0 0 4 984
AUD 985 1 2 445 -1 0 16777216 0 0 0 0 0 16777217 16 985 266 985 0 0 0 4 985
AUD 986 2 2 -1 -1 0 16777217 16 985 266 985 0 16777216 0 0 0 0 0 0 0 4 986
AUD 987 1 2 446 -1 0 16777216 0 0 0 0 0 16777217 20 987 266 987 0 0 0 4 987
AUD 988 2 2 -1 -1 0 16777217 20 987 266 987 0 16777216 0 0 0 0 0 0 0 4 988
AUD 989 1 2 447 -1 0 16777216 0 0 0 0 0 16777217 86 989 331 989 0 0 0 4 989
AUD 990 2 2 -1 -1 0 16777217 86 989 331 989 0 16777216 0 0 0 0 0 0 0 4 990
AUD 991 1 2 448 -1 0 16777216 0 0 0 0 0 16777217 84 991 331 991 0 0 0 4 991
AUD 992 2 2 -1 -1 0 16777217 84 991 331 991 0 16777216 0 0 0 0 0 0 0 4 992
AUD 993 1 2 449 -1 0 16777216 0 0 0 0 0 16777217 88 993 331 993 0 0 0 4 993
AUD 994 2 8 -1 -1 0 16777217 86 977 331 977 0 16777216 0 0 0 0 0 0 0 4 994
AUD 995 1 8 450 -1 0 16777216 0 0 0 0 0 16777217 18 995 266 995 0 0 0 4 995
AUD 996 2 8 -1 -1 0 16777217 18 995 266 995 0 16777216 0 0 0 0 0 0 0 4 996
AUD 997 1 8 451 -1 0 16777216 0 0 0 0 0 16777217 84 997 331 997 0 0 0 4 997
AUD 998 2 8 -1 -1 0 16777217 84 997 331 997 0 16777216 0 0 0 0 0 0 0 4 998
AUD 999 1 8 452 -1 0 16777216 0 0 0 0 0 16777217 20 999 266 999 0 0 0 4 999
AUD 1000 12 31 -1 1 0 16777217 88 951 331 951 0 16777217 88 951 336 1000 0 0 0 4 1000
AUD 1001 2 8 -1 -1 0 16777217 20 999 266 999 0 16777216 0 0 0 0 0 0 0 4 1001
AUD 1002 1 8 453 -1 0 16777216 0 0 0 0 0 16777217 18 1002 266 1002 0 0 0 4 1002
AUD 1003 2 8 -1 -1 0 16777217 18 1002 266 1002 0 16777216 0 0 0 0 0 0 0 4 1003
AUD 1004 1 8 454 -1 0 16777216 0 0 0 0 0 16777217 84 1004 331 1004 0 0 0 4 1004
AUD 1005 2 8 -1 -1 0 16777217 84 1004 331 1004 0 16777216 0 0 0 0 0 0 0 4 1005
AUD 1006 1 8 455 -1 0 16777216 0 0 0 0 0 16777217 20 1006 266 1006 0 0 0 4 1006
AUD 1007 2 8 -1 -1 0 16777217 20 1006 266 1006 0 16777216 0 0 0 0 0 0 0 4 1007
AUD 1008 1 8 456 -1 0 16777216 0 0 0 0 0 16777217 18 1008 266 1008 0 0 0 4 1008
AUD 1009 2 8 -1 -1 0 16777217 18 1008 266 1008 0 16777216 0 0 0 0 0 0 0 4 1009
AUD 1010 1 8 457 -1 0 16777216 0 0 0 0 0 16777217 84 1010 331 1010 0 0 0 4 1010
AUD 1011 14 8 457 80 0 16777217 84 1010 331 1010 0 16777217 84 1010 592 1011 0 1 7 4 1011
AUD 1012 2 8 -1 -1 0 16777217 84 1010 592 1011 0 16777216 0 0 0 0 0 0 0 4 1012
AUD 1013 1 8 458 -1 0 16777216 0 0 0 0 0 16777217 88 1013 331 1013 0 0 0 4 1013
AUD 1014 14 8 458 80 0 16777217 88 1013 331 1013 0 16777217 88 1013 592 1014 0 1 7 4 1014
AUD 1015 2 2 -1 -1 0 16777217 88 993 331 993 0 16777216 0 0 0 0 0 0 0 4 1015
AUD 1016 1 2 459 -1 0 16777216 0 0 0 0 0 16777217 86 1016 331 1016 0 0 0 4 1016
AUD 1017 14 2 459 80 0 16777217 86 1016 331 1016 0 16777217 86 1016 592 1017 0 1 7 4 1017
AUD 1018 2 2 -1 -1 0 16777217 86 1016 592 1017 0 16777216 0 0 0 0 0 0 0 4 1018
AUD 1019 1 2 460 -1 0 16777216 0 0 0 0 0 16777217 16 1019 266 1019 0 0 0 4 1019
AUD 1020 2 2 -1 -1 0 16777217 16 1019 266 1019 0 16777216 0 0 0 0 0 0 0 4 1020
AUD 1021 1 2 461 -1 0 16777216 0 0 0 0 0 16777217 88 1021 331 1021 0 0 0 4 1021
AUD 1022 2 2 -1 -1 0 16777217 88 1021 331 1021 0 16777216 0 0 0 0 0 0 0 4 1022
AUD 1023 1 2 462 -1 0 16777216 0 0 0 0 0 16777217 18 1023 266 1023 0 0 0 4 1023
AUD 1024 2 2 -1 -1 0 16777217 18 1023 266 1023 0 16777216 0 0 0 0 0 0 0 4 1024
AUD 1025 1 2 463 -1 0 16777216 0 0 0 0 0 16777217 16 1025 266 1025 0 0 0 4 1025
AUD 1026 2 2 -1 -1 0 16777217 16 1025 266 1025 0 16777216 0 0 0 0 0 0 0 4 1026
AUD 1027 1 2 464 -1 0 16777216 0 0 0 0 0 16777217 88 1027 331 1027 0 0 0 4 1027
AUD 1028 2 2 -1 -1 0 16777217 88 1027 331 1027 0 16777216 0 0 0 0 0 0 0 4 1028
AUD 1029 1 2 465 -1 0 16777216 0 0 0 0 0 16777217 18 1029 266 1029 0 0 0 4 1029
AUD 1030 2 2 -1 -1 0 16777217 18 1029 266 1029 0 16777216 0 0 0 0 0 0 0 4 1030
AUD 1031 1 2 466 -1 0 16777216 0 0 0 0 0 16777217 16 1031 266 1031 0 0 0 4 1031
AUD 1032 2 2 -1 -1 0 16777217 16 1031 266 1031 0 16777216 0 0 0 0 0 0 0 4 1032
AUD 1033 1 2 467 -1 0 16777216 0 0 0 0 0 16777217 88 1033 331 1033 0 0 0 4 1033
AUD 1034 2 2 -1 -1 0 16777217 88 1033 331 1033 0 16777216 0 0 0 0 0 0 0 4 1034
AUD 1035 1 2 468 -1 0 16777216 0 0 0 0 0 16777217 86 1035 331 1035 0 0 0 4 1035
AUD 1036 2 2 -1 -1 0 16777217 86 1035 331 1035 0 16777216 0 0 0 0 0 0 0 4 1036
AUD 1037 1 2 469 -1 0 16777216 0 0 0 0 0 16777217 84 1037 331 1037 0 0 0 4 1037
AUD 1038 2 2 -1 -1 0 16777217 84 1037 331 1037 0 16777216 0 0 0 0 0 0 0 4 1038
AUD 1039 1 2 470 -1 0 16777216 0 0 0 0 0 16777217 20 1039 266 1039 0 0 0 4 1039
AUD 1040 2 2 -1 -1 0 16777217 20 1039 266 1039 0 16777216 0 0 0 0 0 0 0 4 1040
AUD 1041 1 2 471 -1 0 16777216 0 0 0 0 0 16777217 86 1041 331 1041 0 0 0 4 1041
AUD 1042 2 2 -1 -1 0 16777217 86 1041 331 1041 0 16777216 0 0 0 0 0 0 0 4 1042
AUD 1043 1 2 472 -1 0 16777216 0 0 0 0 0 16777217 16 1043 266 1043 0 0 0 4 1043
AUD 1044 2 2 -1 -1 0 16777217 16 1043 266 1043 0 16777216 0 0 0 0 0 0 0 4 1044
AUD 1045 1 2 473 -1 0 16777216 0 0 0 0 0 16777217 20 1045 266 1045 0 0 0 4 1045
AUD 1046 2 2 -1 -1 0 16777217 20 1045 266 1045 0 16777216 0 0 0 0 0 0 0 4 1046
AUD 1047 1 2 474 -1 0 16777216 0 0 0 0 0 16777217 86 1047 331 1047 0 0 0 4 1047
AUD 1048 2 2 -1 -1 0 16777217 86 1047 331 1047 0 16777216 0 0 0 0 0 0 0 4 1048
AUD 1049 1 2 475 -1 0 16777216 0 0 0 0 0 16777217 16 1049 266 1049 0 0 0 4 1049
AUD 1050 2 2 -1 -1 0 16777217 16 1049 266 1049 0 16777216 0 0 0 0 0 0 0 4 1050
AUD 1051 1 2 476 -1 0 16777216 0 0 0 0 0 16777217 20 1051 266 1051 0 0 0 4 1051
AUD 1052 2 2 -1 -1 0 16777217 20 1051 266 1051 0 16777216 0 0 0 0 0 0 0 4 1052
AUD 1053 1 2 477 -1 0 16777216 0 0 0 0 0 16777217 86 1053 331 1053 0 0 0 4 1053
AUD 1054 2 31 -1 -1 0 16777217 88 951 336 1000 0 16777216 0 0 0 0 0 0 0 4 1054
AUD 1055 1 31 478 -1 0 16777216 0 0 0 0 0 16777217 84 1055 331 1055 0 0 0 4 1055
AUD 1056 2 31 -1 -1 0 16777217 84 1055 331 1055 0 16777216 0 0 0 0 0 0 0 4 1056
AUD 1057 1 31 479 -1 0 16777216 0 0 0 0 0 16777217 88 1057 331 1057 0 0 0 4 1057
AUD 1058 2 2 -1 -1 0 16777217 86 1053 331 1053 0 16777216 0 0 0 0 0 0 0 4 1058
AUD 1059 1 2 480 -1 0 16777216 0 0 0 0 0 16777217 18 1059 266 1059 0 0 0 4 1059
AUD 1060 2 2 -1 -1 0 16777217 18 1059 266 1059 0 16777216 0 0 0 0 0 0 0 4 1060
AUD 1061 1 2 481 -1 0 16777216 0 0 0 0 0 16777217 84 1061 331 1061 0 0 0 4 1061
AUD 1062 2 2 -1 -1 0 16777217 84 1061 331 1061 0 16777216 0 0 0 0 0 0 0 4 1062
AUD 1063 1 2 482 -1 0 16777216 0 0 0 0 0 16777217 20 1063 266 1063 0 0 0 4 1063
AUD 1064 12 8 -1 1 0 16777217 88 1013 592 1014 0 16777217 88 1013 336 1064 0 0 0 4 1064
AUD 1065 2 2 -1 -1 0 16777217 20 1063 266 1063 0 16777216 0 0 0 0 0 0 0 4 1065
AUD 1066 1 2 483 -1 0 16777216 0 0 0 0 0 16777217 18 1066 266 1066 0 0 0 4 1066
AUD 1067 2 2 -1 -1 0 16777217 18 1066 266 1066 0 16777216 0 0 0 0 0 0 0 4 1067
AUD 1068 1 2 484 -1 0 16777216 0 0 0 0 0 16777217 84 1068 331 1068 0 0 0 4 1068
AUD 1069 2 2 -1 -1 0 16777217 84 1068 331 1068 0 16777216 0 0 0 0 0 0 0 4 1069
AUD 1070 1 2 485 -1 0 16777216 0 0 0 0 0 16777217 20 1070 266 1070 0 0 0 4 1070
AUD 1071 2 2 -1 -1 0 16777217 20 1070 266 1070 0 16777216 0 0 0 0 0 0 0 4 1071
AUD 1072 1 2 486 -1 0 16777216 0 0 0 0 0 16777217 18 1072 266 1072 0 0 0 4 1072
AUD 1073 2 2 -1 -1 0 16777217 18 1072 266 1072 0 16777216 0 0 0 0 0 0 0 4 1073
AUD 1074 1 2 487 -1 0 16777216 0 0 0 0 0 16777217 84 1074 331 1074 0 0 0 4 1074
AUD 1075 2 2 -1 -1 0 16777217 84 1074 331 1074 0 16777216 0 0 0 0 0 0 0 4 1075
AUD 1076 1 2 488 -1 0 16777216 0 0 0 0 0 16777217 88 1076 331 1076 0 0 0 4 1076
AUD 1077 2 2 -1 -1 0 16777217 88 1076 331 1076 0 16777216 0 0 0 0 0 0 0 4 1077
AUD 1078 1 2 489 -1 0 16777216 0 0 0 0 0 16777217 86 1078 331 1078 0 0 0 4 1078
AUD 1079 2 2 -1 -1 0 16777217 86 1078 331 1078 0 16777216 0 0 0 0 0 0 0 4 1079
AUD 1080 1 2 490 -1 0 16777216 0 0 0 0 0 16777217 16 1080 266 1080 0 0 0 4 1080
AUD 1081 2 2 -1 -1 0 16777217 16 1080 266 1080 0 16777216 0 0 0 0 0 0 0 4 1081
AUD 1082 1 2 491 -1 0 16777216 0 0 0 0 0 16777217 88 1082 331 1082 0 0 0 4 1082
AUD 1083 2 2 -1 -1 0 16777217 88 1082 331 1082 0 16777216 0 0 0 0 0 0 0 4 1083
AUD 1084 1 2 492 -1 0 16777216 0 0 0 0 0 16777217 18 1084 266 1084 0 0 0 4 1084
AUD 1085 2 2 -1 -1 0 16777217 18 1084 266 1084 0 16777216 0 0 0 0 0 0 0 4 1085
AUD 1086 1 2 493 -1 0 16777216 0 0 0 0 0 16777217 16 1086 266 1086 0 0 0 4 1086
AUD 1087 2 2 -1 -1 0 16777217 16 1086 266 1086 0 16777216 0 0 0 0 0 0 0 4 1087
AUD 1088 1 2 494 -1 0 16777216 0 0 0 0 0 16777217 88 1088 331 1088 0 0 0 4 1088
AUD 1089 2 2 -1 -1 0 16777217 88 1088 331 1088 0 16777216 0 0 0 0 0 0 0 4 1089
AUD 1090 1 2 495 -1 0 16777216 0 0 0 0 0 16777217 18 1090 266 1090 0 0 0 4 1090
AUD 1091 2 2 -1 -1 0 16777217 18 1090 266 1090 0 16777216 0 0 0 0 0 0 0 4 1091
AUD 1092 1 2 496 -1 0 16777216 0 0 0 0 0 16777217 16 1092 266 1092 0 0 0 4 1092
AUD 1093 2 2 -1 -1 0 16777217 16 1092 266 1092 0 16777216 0 0 0 0 0 0 0 4 1093
AUD 1094 1 2 497 -1 0 16777216 0 0 0 0 0 16777217 88 1094 331 1094 0 0 0 4 1094
AUD 1095 2 2 -1 -1 0 16777217 88 1094 331 1094 0 16777216 0 0 0 0 0 0 0 4 1095
AUD 1096 1 2 498 -1 0 16777216 0 0 0 0 0 16777217 86 1096 331 1096 0 0 0 4 1096
AUD 1097 2 2 -1 -1 0 16777217 86 1096 331 1096 0 16777216 0 0 0 0 0 0 0 4 1097
AUD 1098 1 2 499 -1 0 16777216 0 0 0 0 0 16777217 84 1098 331 1098 0 0 0 4 1098
AUD_DONE 1099
AUD_FP 956422756
