AUD 0 1 0 -1 -1 0 0 0 0 0 0 0 65537 95 0 0 0 0 0 0 0 0
AUD 1 1 1 -1 -1 0 0 0 0 0 0 0 65537 90 1 0 1 0 0 0 0 1
AUD 2 8 -1 4 -1 0 0 0 0 0 0 0 0 0 0 0 0 0 0 0 4 2
AUD 3 1 2 0 -1 0 0 0 0 0 0 0 16777217 88 3 331 3 0 0 0 4 3
AUD 4 1 3 1 -1 0 0 0 0 0 0 0 16777217 18 4 266 4 0 0 0 4 4
AUD 5 1 4 2 -1 0 0 0 0 0 0 0 16777217 16 5 266 5 0 0 0 4 5
AUD 6 1 5 3 -1 0 0 0 0 0 0 0 16777217 88 6 331 6 0 0 0 4 6
AUD 7 1 6 4 -1 0 0 0 0 0 0 0 16777217 18 7 266 7 0 0 0 4 7
AUD 8 1 7 5 -1 0 0 0 0 0 0 0 16777217 16 8 266 8 0 0 0 4 8
AUD 9 1 8 6 -1 0 0 0 0 0 0 0 16777217 88 9 331 9 0 0 0 4 9
AUD 10 1 9 7 -1 0 0 0 0 0 0 0 16777217 18 10 266 10 0 0 0 4 10
AUD 11 1 10 8 -1 0 0 0 0 0 0 0 16777217 16 11 266 11 0 0 0 4 11
AUD 12 1 11 9 -1 0 0 0 0 0 0 0 16777217 88 12 331 12 0 0 0 4 12
AUD 13 1 12 10 -1 0 0 0 0 0 0 0 16777217 18 13 266 13 0 0 0 4 13
AUD 14 1 13 11 -1 0 0 0 0 0 0 0 16777217 16 14 266 14 0 0 0 4 14
AUD 15 1 14 12 -1 0 0 0 0 0 0 0 16777217 20 15 266 15 0 0 0 4 15
AUD 16 1 15 13 -1 0 0 0 0 0 0 0 16777217 86 16 331 16 0 0 0 4 16
AUD 17 1 16 14 -1 0 0 0 0 0 0 0 16777217 16 17 266 17 0 0 0 4 17
AUD 18 1 17 15 -1 0 0 0 0 0 0 0 16777217 20 18 266 18 0 0 0 4 18
AUD 19 1 18 16 -1 0 0 0 0 0 0 0 16777217 86 19 331 19 0 0 0 4 19
AUD 20 1 19 17 -1 0 0 0 0 0 0 0 16777217 16 20 266 20 0 0 0 4 20
AUD 21 1 20 18 -1 0 0 0 0 0 0 0 16777217 20 21 266 21 0 0 0 4 21
AUD 22 1 21 19 -1 0 0 0 0 0 0 0 16777217 86 22 331 22 0 0 0 4 22
AUD 23 1 22 20 -1 0 0 0 0 0 0 0 16777217 16 23 266 23 0 0 0 4 23
AUD 24 1 23 21 -1 0 0 0 0 0 0 0 16777217 20 24 266 24 0 0 0 4 24
AUD 25 1 24 22 -1 0 0 0 0 0 0 0 16777217 18 25 266 25 0 0 0 4 25
AUD 26 1 25 23 -1 0 0 0 0 0 0 0 16777217 84 26 331 26 0 0 0 4 26
AUD 27 1 26 24 -1 0 0 0 0 0 0 0 16777217 20 27 266 27 0 0 0 4 27
AUD 28 1 27 25 -1 0 0 0 0 0 0 0 16777217 18 28 266 28 0 0 0 4 28
AUD 29 1 28 26 -1 0 0 0 0 0 0 0 16777217 84 29 331 29 0 0 0 4 29
AUD 30 1 29 27 -1 0 0 0 0 0 0 0 16777217 20 30 266 30 0 0 0 4 30
AUD 31 12 5 -1 1 0 16777217 88 6 331 6 0 16777217 88 6 336 31 0 0 0 4 31
AUD 32 1 30 28 -1 0 0 0 0 0 0 0 16777217 18 32 266 32 0 0 0 4 32
AUD 33 1 31 29 -1 0 0 0 0 0 0 0 16777217 84 33 331 33 0 0 0 4 33
AUD 34 2 4 -1 -1 0 16777217 16 5 266 5 0 16777216 0 0 0 0 0 0 0 4 34
AUD 35 1 4 30 -1 0 16777216 0 0 0 0 0 16777217 20 35 266 35 0 0 0 4 35
AUD 36 12 8 -1 1 0 16777217 88 9 331 9 0 16777217 88 9 336 36 0 0 0 4 36
AUD 37 2 7 -1 -1 0 16777217 16 8 266 8 0 16777216 0 0 0 0 0 0 0 4 37
AUD 38 1 7 31 -1 0 16777216 0 0 0 0 0 16777217 18 38 266 38 0 0 0 4 38
AUD 39 2 10 -1 -1 0 16777217 16 11 266 11 0 16777216 0 0 0 0 0 0 0 4 39
AUD 40 1 10 32 -1 0 16777216 0 0 0 0 0 16777217 16 40 266 40 0 0 0 4 40
AUD 41 2 10 -1 -1 0 16777217 16 40 266 40 0 16777216 0 0 0 0 0 0 0 4 41
AUD 42 1 10 33 -1 0 16777216 0 0 0 0 0 16777217 88 42 331 42 0 0 0 4 42
AUD 43 12 11 -1 1 0 16777217 88 12 331 12 0 16777217 88 12 336 43 0 0 0 4 43
AUD 44 2 13 -1 -1 0 16777217 16 14 266 14 0 16777216 0 0 0 0 0 0 0 4 44
AUD 45 1 13 34 -1 0 16777216 0 0 0 0 0 16777217 18 45 266 45 0 0 0 4 45
AUD 46 2 16 -1 -1 0 16777217 16 17 266 17 0 16777216 0 0 0 0 0 0 0 4 46
AUD 47 1 16 35 -1 0 16777216 0 0 0 0 0 16777217 16 47 266 47 0 0 0 4 47
AUD 48 2 16 -1 -1 0 16777217 16 47 266 47 0 16777216 0 0 0 0 0 0 0 4 48
AUD 49 1 16 36 -1 0 16777216 0 0 0 0 0 16777217 88 49 331 49 0 0 0 4 49
AUD 50 2 19 -1 -1 0 16777217 16 20 266 20 0 16777216 0 0 0 0 0 0 0 4 50
AUD 51 1 19 37 -1 0 16777216 0 0 0 0 0 16777217 18 51 266 51 0 0 0 4 51
AUD 52 12 15 -1 1 0 16777217 86 16 331 16 0 16777217 86 16 336 52 0 0 0 4 52
AUD 53 2 22 -1 -1 0 16777217 16 23 266 23 0 16777216 0 0 0 0 0 0 0 4 53
AUD 54 1 22 38 -1 0 16777216 0 0 0 0 0 16777217 16 54 266 54 0 0 0 4 54
AUD 55 2 22 -1 -1 0 16777217 16 54 266 54 0 16777216 0 0 0 0 0 0 0 4 55
AUD 56 1 22 39 -1 0 16777216 0 0 0 0 0 16777217 88 56 331 56 0 0 0 4 56
AUD 57 2 3 -1 -1 0 16777217 18 4 266 4 0 16777216 0 0 0 0 0 0 0 4 57
AUD 58 1 3 40 -1 0 16777216 0 0 0 0 0 16777217 18 58 266 58 0 0 0 4 58
AUD 59 12 18 -1 1 0 16777217 86 19 331 19 0 16777217 86 19 336 59 0 0 0 4 59
AUD 60 2 3 -1 -1 0 16777217 18 58 266 58 0 16777216 0 0 0 0 0 0 0 4 60
AUD 61 1 3 41 -1 0 16777216 0 0 0 0 0 16777217 16 61 266 61 0 0 0 4 61
AUD 62 2 3 -1 -1 0 16777217 16 61 266 61 0 16777216 0 0 0 0 0 0 0 4 62
AUD 63 1 3 42 -1 0 16777216 0 0 0 0 0 16777217 20 63 266 63 0 0 0 4 63
AUD 64 2 6 -1 -1 0 16777217 18 7 266 7 0 16777216 0 0 0 0 0 0 0 4 64
AUD 65 1 6 43 -1 0 16777216 0 0 0 0 0 16777217 86 65 331 65 0 0 0 4 65
AUD 66 12 21 -1 1 0 16777217 86 22 331 22 0 16777217 86 22 336 66 0 0 0 4 66
AUD 67 2 7 -1 -1 0 16777217 18 38 266 38 0 16777216 0 0 0 0 0 0 0 4 67
AUD 68 1 7 44 -1 0 16777216 0 0 0 0 0 16777217 16 68 266 68 0 0 0 4 68
AUD 69 2 7 -1 -1 0 16777217 16 68 266 68 0 16777216 0 0 0 0 0 0 0 4 69
AUD 70 1 7 45 -1 0 16777216 0 0 0 0 0 16777217 20 70 266 70 0 0 0 4 70
AUD 71 2 9 -1 -1 0 16777217 18 10 266 10 0 16777216 0 0 0 0 0 0 0 4 71
AUD 72 1 9 46 -1 0 16777216 0 0 0 0 0 16777217 86 72 331 72 0 0 0 4 72
AUD 73 2 12 -1 -1 0 16777217 18 13 266 13 0 16777216 0 0 0 0 0 0 0 4 73
AUD 74 1 12 47 -1 0 16777216 0 0 0 0 0 16777217 16 74 266 74 0 0 0 4 74
AUD 75 12 25 -1 1 0 16777217 84 26 331 26 0 16777217 84 26 336 75 0 0 0 4 75
AUD 76 2 12 -1 -1 0 16777217 16 74 266 74 0 16777216 0 0 0 0 0 0 0 4 76
AUD 77 1 12 48 -1 0 16777216 0 0 0 0 0 16777217 20 77 266 77 0 0 0 4 77
AUD 78 2 13 -1 -1 0 16777217 18 45 266 45 0 16777216 0 0 0 0 0 0 0 4 78
AUD 79 1 13 49 -1 0 16777216 0 0 0 0 0 16777217 86 79 331 79 0 0 0 4 79
AUD 80 2 2 -1 -1 0 16777217 88 3 331 3 0 16777216 0 0 0 0 0 0 0 4 80
AUD 81 1 2 50 -1 0 16777216 0 0 0 0 0 16777217 16 81 266 81 0 0 0 4 81
AUD 82 12 28 -1 1 0 16777217 84 29 331 29 0 16777217 84 29 336 82 0 0 0 4 82
AUD 83 2 2 -1 -1 0 16777217 16 81 266 81 0 16777216 0 0 0 0 0 0 0 4 83
AUD 84 1 2 51 -1 0 16777216 0 0 0 0 0 16777217 20 84 266 84 0 0 0 4 84
AUD 85 2 19 -1 -1 0 16777217 18 51 266 51 0 16777216 0 0 0 0 0 0 0 4 85
AUD 86 1 19 52 -1 0 16777216 0 0 0 0 0 16777217 18 86 266 86 0 0 0 4 86
AUD 87 12 5 -1 2 0 16777217 88 6 336 31 0 16777217 88 6 346 87 0 0 0 4 87
AUD 88 2 19 -1 -1 0 16777217 18 86 266 86 0 16777216 0 0 0 0 0 0 0 4 88
AUD 89 1 19 53 -1 0 16777216 0 0 0 0 0 16777217 84 89 331 89 0 0 0 4 89
AUD 90 12 31 -1 1 0 16777217 84 33 331 33 0 16777217 84 33 336 90 0 0 0 4 90
AUD 91 2 24 -1 -1 0 16777217 18 25 266 25 0 16777216 0 0 0 0 0 0 0 4 91
AUD 92 1 24 54 -1 0 16777216 0 0 0 0 0 16777217 20 92 266 92 0 0 0 4 92
AUD 93 2 27 -1 -1 0 16777217 18 28 266 28 0 16777216 0 0 0 0 0 0 0 4 93
AUD 94 1 27 55 -1 0 16777216 0 0 0 0 0 16777217 18 94 266 94 0 0 0 4 94
AUD 95 12 8 -1 2 0 16777217 88 9 336 36 0 16777217 88 9 346 95 0 0 0 4 95
AUD 96 2 27 -1 -1 0 16777217 18 94 266 94 0 16777216 0 0 0 0 0 0 0 4 96
AUD 97 1 27 56 -1 0 16777216 0 0 0 0 0 16777217 84 97 331 97 0 0 0 4 97
AUD 98 2 30 -1 -1 0 16777217 18 32 266 32 0 16777216 0 0 0 0 0 0 0 4 98
AUD 99 1 30 57 -1 0 16777216 0 0 0 0 0 16777217 20 99 266 99 0 0 0 4 99
AUD 100 12 10 -1 1 0 16777217 88 42 331 42 0 16777217 88 42 336 100 0 0 0 4 100
AUD 101 2 2 -1 -1 0 16777217 20 84 266 84 0 16777216 0 0 0 0 0 0 0 4 101
AUD 102 1 2 58 -1 0 16777216 0 0 0 0 0 16777217 18 102 266 102 0 0 0 4 102
AUD 103 12 11 -1 2 0 16777217 88 12 336 43 0 16777217 88 12 346 103 0 0 0 4 103
AUD 104 2 2 -1 -1 0 16777217 18 102 266 102 0 16777216 0 0 0 0 0 0 0 4 104
AUD 105 1 2 59 -1 0 16777216 0 0 0 0 0 16777217 84 105 331 105 0 0 0 4 105
AUD 106 2 3 -1 -1 0 16777217 20 63 266 63 0 16777216 0 0 0 0 0 0 0 4 106
AUD 107 1 3 60 -1 0 16777216 0 0 0 0 0 16777217 20 107 266 107 0 0 0 4 107
AUD 108 12 16 -1 1 0 16777217 88 49 331 49 0 16777217 88 49 336 108 0 0 0 4 108
AUD 109 2 3 -1 -1 0 16777217 20 107 266 107 0 16777216 0 0 0 0 0 0 0 4 109
AUD 110 1 3 61 -1 0 16777216 0 0 0 0 0 16777217 18 110 266 110 0 0 0 4 110
AUD 111 2 3 -1 -1 0 16777217 18 110 266 110 0 16777216 0 0 0 0 0 0 0 4 111
AUD 112 1 3 62 -1 0 16777216 0 0 0 0 0 16777217 16 112 266 112 0 0 0 4 112
AUD 113 12 15 -1 2 0 16777217 86 16 336 52 0 16777217 86 16 346 113 0 0 0 4 113
AUD 114 2 3 -1 -1 0 16777217 16 112 266 112 0 16777216 0 0 0 0 0 0 0 4 114
AUD 115 1 3 63 -1 0 16777216 0 0 0 0 0 16777217 88 115 331 115 0 0 0 4 115
AUD 116 12 22 -1 1 0 16777217 88 56 331 56 0 16777217 88 56 336 116 0 0 0 4 116
AUD 117 2 4 -1 -1 0 16777217 20 35 266 35 0 16777216 0 0 0 0 0 0 0 4 117
AUD 118 1 4 64 -1 0 16777216 0 0 0 0 0 16777217 18 118 266 118 0 0 0 4 118
AUD 119 2 4 -1 -1 0 16777217 18 118 266 118 0 16777216 0 0 0 0 0 0 0 4 119
AUD 120 1 4 65 -1 0 16777216 0 0 0 0 0 16777217 16 120 266 120 0 0 0 4 120
AUD 121 12 18 -1 2 0 16777217 86 19 336 59 0 16777217 86 19 346 121 0 0 0 4 121
AUD 122 2 4 -1 -1 0 16777217 16 120 266 120 0 16777216 0 0 0 0 0 0 0 4 122
AUD 123 1 4 66 -1 0 16777216 0 0 0 0 0 16777217 88 123 331 123 0 0 0 4 123
AUD 124 2 7 -1 -1 0 16777217 20 70 266 70 0 16777216 0 0 0 0 0 0 0 4 124
AUD 125 1 7 67 -1 0 16777216 0 0 0 0 0 16777217 18 125 266 125 0 0 0 4 125
AUD 126 12 6 -1 1 0 16777217 86 65 331 65 0 16777217 86 65 336 126 0 0 0 4 126
AUD 127 2 7 -1 -1 0 16777217 18 125 266 125 0 16777216 0 0 0 0 0 0 0 4 127
AUD 128 1 7 68 -1 0 16777216 0 0 0 0 0 16777217 16 128 266 128 0 0 0 4 128
AUD 129 12 21 -1 2 0 16777217 86 22 336 66 0 16777217 86 22 346 129 0 0 0 4 129
AUD 130 2 7 -1 -1 0 16777217 16 128 266 128 0 16777216 0 0 0 0 0 0 0 4 130
AUD 131 1 7 69 -1 0 16777216 0 0 0 0 0 16777217 88 131 331 131 0 0 0 4 131
AUD 132 2 12 -1 -1 0 16777217 20 77 266 77 0 16777216 0 0 0 0 0 0 0 4 132
AUD 133 1 12 70 -1 0 16777216 0 0 0 0 0 16777217 18 133 266 133 0 0 0 4 133
AUD 134 12 9 -1 1 0 16777217 86 72 331 72 0 16777217 86 72 336 134 0 0 0 4 134
AUD 135 2 12 -1 -1 0 16777217 18 133 266 133 0 16777216 0 0 0 0 0 0 0 4 135
AUD 136 1 12 71 -1 0 16777216 0 0 0 0 0 16777217 16 136 266 136 0 0 0 4 136
AUD 137 2 12 -1 -1 0 16777217 16 136 266 136 0 16777216 0 0 0 0 0 0 0 4 137
AUD 138 1 12 72 -1 0 16777216 0 0 0 0 0 16777217 20 138 266 138 0 0 0 4 138
AUD 139 12 25 -1 2 0 16777217 84 26 336 75 0 16777217 84 26 346 139 0 0 0 4 139
AUD 140 2 12 -1 -1 0 16777217 20 138 266 138 0 16777216 0 0 0 0 0 0 0 4 140
AUD 141 1 12 73 -1 0 16777216 0 0 0 0 0 16777217 86 141 331 141 0 0 0 4 141
AUD 142 12 13 -1 1 0 16777217 86 79 331 79 0 16777217 86 79 336 142 0 0 0 4 142
AUD 143 2 14 -1 -1 0 16777217 20 15 266 15 0 16777216 0 0 0 0 0 0 0 4 143
AUD 144 1 14 74 -1 0 16777216 0 0 0 0 0 16777217 16 144 266 144 0 0 0 4 144
AUD 145 2 14 -1 -1 0 16777217 16 144 266 144 0 16777216 0 0 0 0 0 0 0 4 145
AUD 146 1 14 75 -1 0 16777216 0 0 0 0 0 16777217 20 146 266 146 0 0 0 4 146
AUD 147 12 28 -1 2 0 16777217 84 29 336 82 0 16777217 84 29 346 147 0 0 0 4 147
AUD 148 2 14 -1 -1 0 16777217 20 146 266 146 0 16777216 0 0 0 0 0 0 0 4 148
AUD 149 1 14 76 -1 0 16777216 0 0 0 0 0 16777217 86 149 331 149 0 0 0 4 149
AUD 150 2 17 -1 -1 0 16777217 20 18 266 18 0 16777216 0 0 0 0 0 0 0 4 150
AUD 151 1 17 77 -1 0 16777216 0 0 0 0 0 16777217 16 151 266 151 0 0 0 4 151
AUD 152 12 19 -1 1 0 16777217 84 89 331 89 0 16777217 84 89 336 152 0 0 0 4 152
AUD 153 2 17 -1 -1 0 16777217 16 151 266 151 0 16777216 0 0 0 0 0 0 0 4 153
AUD 154 1 17 78 -1 0 16777216 0 0 0 0 0 16777217 20 154 266 154 0 0 0 4 154
AUD 155 12 31 -1 2 0 16777217 84 33 336 90 0 16777217 84 33 346 155 0 0 0 4 155
AUD 156 2 17 -1 -1 0 16777217 20 154 266 154 0 16777216 0 0 0 0 0 0 0 4 156
AUD 157 1 17 79 -1 0 16777216 0 0 0 0 0 16777217 86 157 331 157 0 0 0 4 157
AUD 158 2 20 -1 -1 0 16777217 20 21 266 21 0 16777216 0 0 0 0 0 0 0 4 158
AUD 159 1 20 80 -1 0 16777216 0 0 0 0 0 16777217 16 159 266 159 0 0 0 4 159
AUD 160 12 27 -1 1 0 16777217 84 97 331 97 0 16777217 84 97 336 160 0 0 0 4 160
AUD 161 2 20 -1 -1 0 16777217 16 159 266 159 0 16777216 0 0 0 0 0 0 0 4 161
AUD 162 1 20 81 -1 0 16777216 0 0 0 0 0 16777217 20 162 266 162 0 0 0 4 162
AUD 163 2 20 -1 -1 0 16777217 20 162 266 162 0 16777216 0 0 0 0 0 0 0 4 163
AUD 164 1 20 82 -1 0 16777216 0 0 0 0 0 16777217 18 164 266 164 0 0 0 4 164
AUD 165 12 10 -1 2 0 16777217 88 42 336 100 0 16777217 88 42 346 165 0 0 0 4 165
AUD 166 2 20 -1 -1 0 16777217 18 164 266 164 0 16777216 0 0 0 0 0 0 0 4 166
AUD 167 1 20 83 -1 0 16777216 0 0 0 0 0 16777217 84 167 331 167 0 0 0 4 167
AUD 168 12 2 -1 1 0 16777217 84 105 331 105 0 16777217 84 105 336 168 0 0 0 4 168
AUD 169 2 23 -1 -1 0 16777217 20 24 266 24 0 16777216 0 0 0 0 0 0 0 4 169
AUD 170 1 23 84 -1 0 16777216 0 0 0 0 0 16777217 20 170 266 170 0 0 0 4 170
AUD 171 2 23 -1 -1 0 16777217 20 170 266 170 0 16777216 0 0 0 0 0 0 0 4 171
AUD 172 1 23 85 -1 0 16777216 0 0 0 0 0 16777217 18 172 266 172 0 0 0 4 172
AUD 173 12 16 -1 2 0 16777217 88 49 336 108 0 16777217 88 49 346 173 0 0 0 4 173
AUD 174 2 23 -1 -1 0 16777217 18 172 266 172 0 16777216 0 0 0 0 0 0 0 4 174
AUD 175 1 23 86 -1 0 16777216 0 0 0 0 0 16777217 84 175 331 175 0 0 0 4 175
AUD 176 2 24 -1 -1 0 16777217 20 92 266 92 0 16777216 0 0 0 0 0 0 0 4 176
AUD 177 1 24 87 -1 0 16777216 0 0 0 0 0 16777217 20 177 266 177 0 0 0 4 177
AUD 178 12 3 -1 1 0 16777217 88 115 331 115 0 16777217 88 115 336 178 0 0 0 4 178
AUD 179 2 24 -1 -1 0 16777217 20 177 266 177 0 16777216 0 0 0 0 0 0 0 4 179
AUD 180 1 24 88 -1 0 16777216 0 0 0 0 0 16777217 18 180 266 180 0 0 0 4 180
AUD 181 12 22 -1 2 0 16777217 88 56 336 116 0 16777217 88 56 346 181 0 0 0 4 181
AUD 182 2 24 -1 -1 0 16777217 18 180 266 180 0 16777216 0 0 0 0 0 0 0 4 182
AUD 183 1 24 89 -1 0 16777216 0 0 0 0 0 16777217 84 183 331 183 0 0 0 4 183
AUD 184 2 26 -1 -1 0 16777217 20 27 266 27 0 16777216 0 0 0 0 0 0 0 4 184
AUD 185 1 26 90 -1 0 16777216 0 0 0 0 0 16777217 20 185 266 185 0 0 0 4 185
AUD 186 12 4 -1 1 0 16777217 88 123 331 123 0 16777217 88 123 336 186 0 0 0 4 186
AUD 187 2 26 -1 -1 0 16777217 20 185 266 185 0 16777216 0 0 0 0 0 0 0 4 187
AUD 188 1 26 91 -1 0 16777216 0 0 0 0 0 16777217 18 188 266 188 0 0 0 4 188
AUD 189 2 26 -1 -1 0 16777217 18 188 266 188 0 16777216 0 0 0 0 0 0 0 4 189
AUD 190 1 26 92 -1 0 16777216 0 0 0 0 0 16777217 16 190 266 190 0 0 0 4 190
AUD 191 12 6 -1 2 0 16777217 86 65 336 126 0 16777217 86 65 346 191 0 0 0 4 191
AUD 192 2 26 -1 -1 0 16777217 16 190 266 190 0 16777216 0 0 0 0 0 0 0 4 192
AUD 193 1 26 93 -1 0 16777216 0 0 0 0 0 16777217 88 193 331 193 0 0 0 4 193
AUD 194 12 7 -1 1 0 16777217 88 131 331 131 0 16777217 88 131 336 194 0 0 0 4 194
AUD 195 2 29 -1 -1 0 16777217 20 30 266 30 0 16777216 0 0 0 0 0 0 0 4 195
AUD 196 1 29 94 -1 0 16777216 0 0 0 0 0 16777217 18 196 266 196 0 0 0 4 196
AUD 197 2 29 -1 -1 0 16777217 18 196 266 196 0 16777216 0 0 0 0 0 0 0 4 197
AUD 198 1 29 95 -1 0 16777216 0 0 0 0 0 16777217 16 198 266 198 0 0 0 4 198
AUD 199 12 9 -1 2 0 16777217 86 72 336 134 0 16777217 86 72 346 199 0 0 0 4 199
AUD 200 2 29 -1 -1 0 16777217 16 198 266 198 0 16777216 0 0 0 0 0 0 0 4 200
AUD 201 1 29 96 -1 0 16777216 0 0 0 0 0 16777217 88 201 331 201 0 0 0 4 201
AUD 202 2 30 -1 -1 0 16777217 20 99 266 99 0 16777216 0 0 0 0 0 0 0 4 202
AUD 203 1 30 97 -1 0 16777216 0 0 0 0 0 16777217 18 203 266 203 0 0 0 4 203
AUD 204 12 12 -1 1 0 16777217 86 141 331 141 0 16777217 86 141 336 204 0 0 0 4 204
AUD 205 2 30 -1 -1 0 16777217 18 203 266 203 0 16777216 0 0 0 0 0 0 0 4 205
AUD 206 1 30 98 -1 0 16777216 0 0 0 0 0 16777217 16 206 266 206 0 0 0 4 206
AUD 207 12 13 -1 2 0 16777217 86 79 336 142 0 16777217 86 79 346 207 0 0 0 4 207
AUD 208 2 30 -1 -1 0 16777217 16 206 266 206 0 16777216 0 0 0 0 0 0 0 4 208
AUD 209 1 30 99 -1 0 16777216 0 0 0 0 0 16777217 88 209 331 209 0 0 0 4 209
AUD 210 2 20 -1 -1 0 16777217 84 167 331 167 0 16777216 0 0 0 0 0 0 0 4 210
AUD 211 1 20 100 -1 0 16777216 0 0 0 0 0 16777217 18 211 266 211 0 0 0 4 211
AUD 212 12 14 -1 1 0 16777217 86 149 331 149 0 16777217 86 149 336 212 0 0 0 4 212
AUD 213 2 20 -1 -1 0 16777217 18 211 266 211 0 16777216 0 0 0 0 0 0 0 4 213
AUD 214 1 20 101 -1 0 16777216 0 0 0 0 0 16777217 16 214 266 214 0 0 0 4 214
AUD 215 2 20 -1 -1 0 16777217 16 214 266 214 0 16777216 0 0 0 0 0 0 0 4 215
AUD 216 1 20 102 -1 0 16777216 0 0 0 0 0 16777217 20 216 266 216 0 0 0 4 216
AUD 217 12 19 -1 2 0 16777217 84 89 336 152 0 16777217 84 89 346 217 0 0 0 4 217
AUD 218 2 20 -1 -1 0 16777217 20 216 266 216 0 16777216 0 0 0 0 0 0 0 4 218
AUD 219 1 20 103 -1 0 16777216 0 0 0 0 0 16777217 86 219 331 219 0 0 0 4 219
AUD 220 12 17 -1 1 0 16777217 86 157 331 157 0 16777217 86 157 336 220 0 0 0 4 220
AUD 221 2 23 -1 -1 0 16777217 84 175 331 175 0 16777216 0 0 0 0 0 0 0 4 221
AUD 222 1 23 104 -1 0 16777216 0 0 0 0 0 16777217 16 222 266 222 0 0 0 4 222
AUD 223 2 23 -1 -1 0 16777217 16 222 266 222 0 16777216 0 0 0 0 0 0 0 4 223
AUD 224 1 23 105 -1 0 16777216 0 0 0 0 0 16777217 20 224 266 224 0 0 0 4 224
AUD 225 12 27 -1 2 0 16777217 84 97 336 160 0 16777217 84 97 346 225 0 0 0 4 225
AUD 226 2 23 -1 -1 0 16777217 20 224 266 224 0 16777216 0 0 0 0 0 0 0 4 226
AUD 227 1 23 106 -1 0 16777216 0 0 0 0 0 16777217 86 227 331 227 0 0 0 4 227
AUD 228 2 24 -1 -1 0 16777217 84 183 331 183 0 16777216 0 0 0 0 0 0 0 4 228
AUD 229 1 24 107 -1 0 16777216 0 0 0 0 0 16777217 16 229 266 229 0 0 0 4 229
AUD 230 2 24 -1 -1 0 16777217 16 229 266 229 0 16777216 0 0 0 0 0 0 0 4 230
AUD 231 1 24 108 -1 0 16777216 0 0 0 0 0 16777217 20 231 266 231 0 0 0 4 231
AUD 232 12 2 -1 2 0 16777217 84 105 336 168 0 16777217 84 105 346 232 0 0 0 4 232
AUD 233 2 24 -1 -1 0 16777217 20 231 266 231 0 16777216 0 0 0 0 0 0 0 4 233
AUD 234 1 24 109 -1 0 16777216 0 0 0 0 0 16777217 86 234 331 234 0 0 0 4 234
AUD 235 2 20 -1 -1 0 16777217 86 219 331 219 0 16777216 0 0 0 0 0 0 0 4 235
AUD 236 1 20 110 -1 0 16777216 0 0 0 0 0 16777217 16 236 266 236 0 0 0 4 236
AUD 237 2 20 -1 -1 0 16777217 16 236 266 236 0 16777216 0 0 0 0 0 0 0 4 237
AUD 238 1 20 111 -1 0 16777216 0 0 0 0 0 16777217 20 238 266 238 0 0 0 4 238
AUD 239 2 20 -1 -1 0 16777217 20 238 266 238 0 16777216 0 0 0 0 0 0 0 4 239
AUD 240 1 20 112 -1 0 16777216 0 0 0 0 0 16777217 18 240 266 240 0 0 0 4 240
AUD 241 12 3 -1 2 0 16777217 88 115 336 178 0 16777217 88 115 346 241 0 0 0 4 241
AUD 242 2 20 -1 -1 0 16777217 18 240 266 240 0 16777216 0 0 0 0 0 0 0 4 242
AUD 243 1 20 113 -1 0 16777216 0 0 0 0 0 16777217 84 243 331 243 0 0 0 4 243
AUD 244 2 20 -1 -1 0 16777217 84 243 331 243 0 16777216 0 0 0 0 0 0 0 4 244
AUD 245 1 20 114 -1 0 16777216 0 0 0 0 0 16777217 20 245 266 245 0 0 0 4 245
AUD 246 2 20 -1 -1 0 16777217 20 245 266 245 0 16777216 0 0 0 0 0 0 0 4 246
AUD 247 1 20 115 -1 0 16777216 0 0 0 0 0 16777217 18 247 266 247 0 0 0 4 247
AUD 248 12 4 -1 2 0 16777217 88 123 336 186 0 16777217 88 123 346 248 0 0 0 4 248
AUD 249 2 20 -1 -1 0 16777217 18 247 266 247 0 16777216 0 0 0 0 0 0 0 4 249
AUD 250 1 20 116 -1 0 16777216 0 0 0 0 0 16777217 84 250 331 250 0 0 0 4 250
AUD 251 2 20 -1 -1 0 16777217 84 250 331 250 0 16777216 0 0 0 0 0 0 0 4 251
AUD 252 1 20 117 -1 0 16777216 0 0 0 0 0 16777217 20 252 266 252 0 0 0 4 252
AUD 253 12 26 -1 1 0 16777217 88 193 331 193 0 16777217 88 193 336 253 0 0 0 4 253
AUD 254 2 20 -1 -1 0 16777217 20 252 266 252 0 16777216 0 0 0 0 0 0 0 4 254
AUD 255 1 20 118 -1 0 16777216 0 0 0 0 0 16777217 18 255 266 255 0 0 0 4 255
AUD 256 12 7 -1 2 0 16777217 88 131 336 194 0 16777217 88 131 346 256 0 0 0 4 256
AUD 257 2 20 -1 -1 0 16777217 18 255 266 255 0 16777216 0 0 0 0 0 0 0 4 257
AUD 258 1 20 119 -1 0 16777216 0 0 0 0 0 16777217 84 258 331 258 0 0 0 4 258
AUD 259 2 20 -1 -1 0 16777217 84 258 331 258 0 16777216 0 0 0 0 0 0 0 4 259
AUD 260 1 20 120 -1 0 16777216 0 0 0 0 0 16777217 20 260 266 260 0 0 0 4 260
AUD 261 12 29 -1 1 0 16777217 88 201 331 201 0 16777217 88 201 336 261 0 0 0 4 261
AUD 262 2 20 -1 -1 0 16777217 20 260 266 260 0 16777216 0 0 0 0 0 0 0 4 262
AUD 263 1 20 121 -1 0 16777216 0 0 0 0 0 16777217 18 263 266 263 0 0 0 4 263
AUD 264 2 20 -1 -1 0 16777217 18 263 266 263 0 16777216 0 0 0 0 0 0 0 4 264
AUD 265 1 20 122 -1 0 16777216 0 0 0 0 0 16777217 16 265 266 265 0 0 0 4 265
AUD 266 12 12 -1 2 0 16777217 86 141 336 204 0 16777217 86 141 346 266 0 0 0 4 266
AUD 267 2 20 -1 -1 0 16777217 16 265 266 265 0 16777216 0 0 0 0 0 0 0 4 267
AUD 268 1 20 123 -1 0 16777216 0 0 0 0 0 16777217 88 268 331 268 0 0 0 4 268
AUD 269 12 30 -1 1 0 16777217 88 209 331 209 0 16777217 88 209 336 269 0 0 0 4 269
AUD 270 2 23 -1 -1 0 16777217 86 227 331 227 0 16777216 0 0 0 0 0 0 0 4 270
AUD 271 1 23 124 -1 0 16777216 0 0 0 0 0 16777217 18 271 266 271 0 0 0 4 271
AUD 272 2 23 -1 -1 0 16777217 18 271 266 271 0 16777216 0 0 0 0 0 0 0 4 272
AUD 273 1 23 125 -1 0 16777216 0 0 0 0 0 16777217 16 273 266 273 0 0 0 4 273
AUD 274 12 14 -1 2 0 16777217 86 149 336 212 0 16777217 86 149 346 274 0 0 0 4 274
AUD 275 2 23 -1 -1 0 16777217 16 273 266 273 0 16777216 0 0 0 0 0 0 0 4 275
AUD 276 1 23 126 -1 0 16777216 0 0 0 0 0 16777217 88 276 331 276 0 0 0 4 276
AUD 277 2 24 -1 -1 0 16777217 86 234 331 234 0 16777216 0 0 0 0 0 0 0 4 277
AUD 278 1 24 127 -1 0 16777216 0 0 0 0 0 16777217 18 278 266 278 0 0 0 4 278
AUD 279 2 24 -1 -1 0 16777217 18 278 266 278 0 16777216 0 0 0 0 0 0 0 4 279
AUD 280 1 24 128 -1 0 16777216 0 0 0 0 0 16777217 16 280 266 280 0 0 0 4 280
AUD 281 12 17 -1 2 0 16777217 86 157 336 220 0 16777217 86 157 346 281 0 0 0 4 281
AUD 282 2 24 -1 -1 0 16777217 16 280 266 280 0 16777216 0 0 0 0 0 0 0 4 282
AUD 283 1 24 129 -1 0 16777216 0 0 0 0 0 16777217 88 283 331 283 0 0 0 4 283
AUD 284 2 20 -1 -1 0 16777217 88 268 331 268 0 16777216 0 0 0 0 0 0 0 4 284
AUD 285 1 20 130 -1 0 16777216 0 0 0 0 0 16777217 18 285 266 285 0 0 0 4 285
AUD 286 2 20 -1 -1 0 16777217 18 285 266 285 0 16777216 0 0 0 0 0 0 0 4 286
AUD 287 1 20 131 -1 0 16777216 0 0 0 0 0 16777217 16 287 266 287 0 0 0 4 287
AUD 288 2 20 -1 -1 0 16777217 16 287 266 287 0 16777216 0 0 0 0 0 0 0 4 288
AUD 289 1 20 132 -1 0 16777216 0 0 0 0 0 16777217 20 289 266 289 0 0 0 4 289
AUD 290 2 20 -1 -1 0 16777217 20 289 266 289 0 16777216 0 0 0 0 0 0 0 4 290
AUD 291 1 20 133 -1 0 16777216 0 0 0 0 0 16777217 86 291 331 291 0 0 0 4 291
AUD 292 2 20 -1 -1 0 16777217 86 291 331 291 0 16777216 0 0 0 0 0 0 0 4 292
AUD 293 1 20 134 -1 0 16777216 0 0 0 0 0 16777217 16 293 266 293 0 0 0 4 293
AUD 294 2 20 -1 -1 0 16777217 16 293 266 293 0 16777216 0 0 0 0 0 0 0 4 294
AUD 295 1 20 135 -1 0 16777216 0 0 0 0 0 16777217 20 295 266 295 0 0 0 4 295
AUD 296 2 20 -1 -1 0 16777217 20 295 266 295 0 16777216 0 0 0 0 0 0 0 4 296
AUD 297 1 20 136 -1 0 16777216 0 0 0 0 0 16777217 86 297 331 297 0 0 0 4 297
AUD 298 2 20 -1 -1 0 16777217 86 297 331 297 0 16777216 0 0 0 0 0 0 0 4 298
AUD 299 1 20 137 -1 0 16777216 0 0 0 0 0 16777217 16 299 266 299 0 0 0 4 299
AUD 300 2 20 -1 -1 0 16777217 16 299 266 299 0 16777216 0 0 0 0 0 0 0 4 300
AUD 301 1 20 138 -1 0 16777216 0 0 0 0 0 16777217 20 301 266 301 0 0 0 4 301
AUD 302 2 20 -1 -1 0 16777217 20 301 266 301 0 16777216 0 0 0 0 0 0 0 4 302
AUD 303 1 20 139 -1 0 16777216 0 0 0 0 0 16777217 86 303 331 303 0 0 0 4 303
AUD 304 2 20 -1 -1 0 16777217 86 303 331 303 0 16777216 0 0 0 0 0 0 0 4 304
AUD 305 1 20 140 -1 0 16777216 0 0 0 0 0 16777217 16 305 266 305 0 0 0 4 305
AUD 306 2 20 -1 -1 0 16777217 16 305 266 305 0 16777216 0 0 0 0 0 0 0 4 306
AUD 307 1 20 141 -1 0 16777216 0 0 0 0 0 16777217 20 307 266 307 0 0 0 4 307
AUD 308 2 20 -1 -1 0 16777217 20 307 266 307 0 16777216 0 0 0 0 0 0 0 4 308
AUD 309 1 20 142 -1 0 16777216 0 0 0 0 0 16777217 18 309 266 309 0 0 0 4 309
AUD 310 12 26 -1 2 0 16777217 88 193 336 253 0 16777217 88 193 346 310 0 0 0 4 310
AUD 311 2 20 -1 -1 0 16777217 18 309 266 309 0 16777216 0 0 0 0 0 0 0 4 311
AUD 312 1 20 143 -1 0 16777216 0 0 0 0 0 16777217 84 312 331 312 0 0 0 4 312
AUD 313 2 20 -1 -1 0 16777217 84 312 331 312 0 16777216 0 0 0 0 0 0 0 4 313
AUD 314 1 20 144 -1 0 16777216 0 0 0 0 0 16777217 20 314 266 314 0 0 0 4 314
AUD 315 2 20 -1 -1 0 16777217 20 314 266 314 0 16777216 0 0 0 0 0 0 0 4 315
AUD 316 1 20 145 -1 0 16777216 0 0 0 0 0 16777217 18 316 266 316 0 0 0 4 316
AUD 317 12 29 -1 2 0 16777217 88 201 336 261 0 16777217 88 201 346 317 0 0 0 4 317
AUD 318 2 20 -1 -1 0 16777217 18 316 266 316 0 16777216 0 0 0 0 0 0 0 4 318
AUD 319 1 20 146 -1 0 16777216 0 0 0 0 0 16777217 84 319 331 319 0 0 0 4 319
AUD 320 2 20 -1 -1 0 16777217 84 319 331 319 0 16777216 0 0 0 0 0 0 0 4 320
AUD 321 1 20 147 -1 0 16777216 0 0 0 0 0 16777217 20 321 266 321 0 0 0 4 321
AUD 322 2 20 -1 -1 0 16777217 20 321 266 321 0 16777216 0 0 0 0 0 0 0 4 322
AUD 323 1 20 148 -1 0 16777216 0 0 0 0 0 16777217 18 323 266 323 0 0 0 4 323
AUD 324 12 30 -1 2 0 16777217 88 209 336 269 0 16777217 88 209 346 324 0 0 0 4 324
AUD 325 2 20 -1 -1 0 16777217 18 323 266 323 0 16777216 0 0 0 0 0 0 0 4 325
AUD 326 1 20 149 -1 0 16777216 0 0 0 0 0 16777217 84 326 331 326 0 0 0 4 326
AUD 327 2 20 -1 -1 0 16777217 84 326 331 326 0 16777216 0 0 0 0 0 0 0 4 327
AUD 328 1 20 150 -1 0 16777216 0 0 0 0 0 16777217 20 328 266 328 0 0 0 4 328
AUD 329 12 23 -1 1 0 16777217 88 276 331 276 0 16777217 88 276 336 329 0 0 0 4 329
AUD 330 2 20 -1 -1 0 16777217 20 328 266 328 0 16777216 0 0 0 0 0 0 0 4 330
AUD 331 1 20 151 -1 0 16777216 0 0 0 0 0 16777217 18 331 266 331 0 0 0 4 331
AUD 332 2 20 -1 -1 0 16777217 18 331 266 331 0 16777216 0 0 0 0 0 0 0 4 332
AUD 333 1 20 152 -1 0 16777216 0 0 0 0 0 16777217 16 333 266 333 0 0 0 4 333
AUD 334 2 20 -1 -1 0 16777217 16 333 266 333 0 16777216 0 0 0 0 0 0 0 4 334
AUD 335 1 20 153 -1 0 16777216 0 0 0 0 0 16777217 88 335 331 335 0 0 0 4 335
AUD 336 12 24 -1 1 0 16777217 88 283 331 283 0 16777217 88 283 336 336 0 0 0 4 336
AUD 337 2 20 -1 -1 0 16777217 88 335 331 335 0 16777216 0 0 0 0 0 0 0 4 337
AUD 338 1 20 154 -1 0 16777216 0 0 0 0 0 16777217 18 338 266 338 0 0 0 4 338
AUD 339 2 20 -1 -1 0 16777217 18 338 266 338 0 16777216 0 0 0 0 0 0 0 4 339
AUD 340 1 20 155 -1 0 16777216 0 0 0 0 0 16777217 16 340 266 340 0 0 0 4 340
AUD 341 2 20 -1 -1 0 16777217 16 340 266 340 0 16777216 0 0 0 0 0 0 0 4 341
AUD 342 1 20 156 -1 0 16777216 0 0 0 0 0 16777217 88 342 331 342 0 0 0 4 342
AUD 343 2 20 -1 -1 0 16777217 88 342 331 342 0 16777216 0 0 0 0 0 0 0 4 343
AUD 344 1 20 157 -1 0 16777216 0 0 0 0 0 16777217 18 344 266 344 0 0 0 4 344
AUD 345 2 20 -1 -1 0 16777217 18 344 266 344 0 16777216 0 0 0 0 0 0 0 4 345
AUD 346 1 20 158 -1 0 16777216 0 0 0 0 0 16777217 16 346 266 346 0 0 0 4 346
AUD 347 2 20 -1 -1 0 16777217 16 346 266 346 0 16777216 0 0 0 0 0 0 0 4 347
AUD 348 1 20 159 -1 0 16777216 0 0 0 0 0 16777217 88 348 331 348 0 0 0 4 348
AUD 349 2 20 -1 -1 0 16777217 88 348 331 348 0 16777216 0 0 0 0 0 0 0 4 349
AUD 350 1 20 160 -1 0 16777216 0 0 0 0 0 16777217 18 350 266 350 0 0 0 4 350
AUD 351 2 20 -1 -1 0 16777217 18 350 266 350 0 16777216 0 0 0 0 0 0 0 4 351
AUD 352 1 20 161 -1 0 16777216 0 0 0 0 0 16777217 16 352 266 352 0 0 0 4 352
AUD 353 2 20 -1 -1 0 16777217 16 352 266 352 0 16777216 0 0 0 0 0 0 0 4 353
AUD 354 1 20 162 -1 0 16777216 0 0 0 0 0 16777217 20 354 266 354 0 0 0 4 354
AUD 355 2 20 -1 -1 0 16777217 20 354 266 354 0 16777216 0 0 0 0 0 0 0 4 355
AUD 356 1 20 163 -1 0 16777216 0 0 0 0 0 16777217 86 356 331 356 0 0 0 4 356
AUD 357 2 20 -1 -1 0 16777217 86 356 331 356 0 16777216 0 0 0 0 0 0 0 4 357
AUD 358 1 20 164 -1 0 16777216 0 0 0 0 0 16777217 16 358 266 358 0 0 0 4 358
AUD 359 2 20 -1 -1 0 16777217 16 358 266 358 0 16777216 0 0 0 0 0 0 0 4 359
AUD 360 1 20 165 -1 0 16777216 0 0 0 0 0 16777217 20 360 266 360 0 0 0 4 360
AUD 361 2 20 -1 -1 0 16777217 20 360 266 360 0 16777216 0 0 0 0 0 0 0 4 361
AUD 362 1 20 166 -1 0 16777216 0 0 0 0 0 16777217 86 362 331 362 0 0 0 4 362
AUD 363 2 20 -1 -1 0 16777217 86 362 331 362 0 16777216 0 0 0 0 0 0 0 4 363
AUD 364 1 20 167 -1 0 16777216 0 0 0 0 0 16777217 16 364 266 364 0 0 0 4 364
AUD 365 2 20 -1 -1 0 16777217 16 364 266 364 0 16777216 0 0 0 0 0 0 0 4 365
AUD 366 1 20 168 -1 0 16777216 0 0 0 0 0 16777217 20 366 266 366 0 0 0 4 366
AUD 367 2 20 -1 -1 0 16777217 20 366 266 366 0 16777216 0 0 0 0 0 0 0 4 367
AUD 368 1 20 169 -1 0 16777216 0 0 0 0 0 16777217 86 368 331 368 0 0 0 4 368
AUD 369 2 20 -1 -1 0 16777217 86 368 331 368 0 16777216 0 0 0 0 0 0 0 4 369
AUD 370 1 20 170 -1 0 16777216 0 0 0 0 0 16777217 16 370 266 370 0 0 0 4 370
AUD 371 2 20 -1 -1 0 16777217 16 370 266 370 0 16777216 0 0 0 0 0 0 0 4 371
AUD 372 1 20 171 -1 0 16777216 0 0 0 0 0 16777217 20 372 266 372 0 0 0 4 372
AUD 373 2 20 -1 -1 0 16777217 20 372 266 372 0 16777216 0 0 0 0 0 0 0 4 373
AUD 374 1 20 172 -1 0 16777216 0 0 0 0 0 16777217 18 374 266 374 0 0 0 4 374
AUD 375 2 20 -1 -1 0 16777217 18 374 266 374 0 16777216 0 0 0 0 0 0 0 4 375
AUD 376 1 20 173 -1 0 16777216 0 0 0 0 0 16777217 84 376 331 376 0 0 0 4 376
AUD 377 2 20 -1 -1 0 16777217 84 376 331 376 0 16777216 0 0 0 0 0 0 0 4 377
AUD 378 1 20 174 -1 0 16777216 0 0 0 0 0 16777217 20 378 266 378 0 0 0 4 378
AUD 379 2 20 -1 -1 0 16777217 20 378 266 378 0 16777216 0 0 0 0 0 0 0 4 379
AUD 380 1 20 175 -1 0 16777216 0 0 0 0 0 16777217 18 380 266 380 0 0 0 4 380
AUD 381 12 23 -1 2 0 16777217 88 276 336 329 0 16777217 88 276 346 381 0 0 0 4 381
AUD 382 2 20 -1 -1 0 16777217 18 380 266 380 0 16777216 0 0 0 0 0 0 0 4 382
AUD 383 1 20 176 -1 0 16777216 0 0 0 0 0 16777217 84 383 331 383 0 0 0 4 383
AUD 384 2 20 -1 -1 0 16777217 84 383 331 383 0 16777216 0 0 0 0 0 0 0 4 384
AUD 385 1 20 177 -1 0 16777216 0 0 0 0 0 16777217 20 385 266 385 0 0 0 4 385
AUD 386 2 20 -1 -1 0 16777217 20 385 266 385 0 16777216 0 0 0 0 0 0 0 4 386
AUD 387 1 20 178 -1 0 16777216 0 0 0 0 0 16777217 18 387 266 387 0 0 0 4 387
AUD 388 12 24 -1 2 0 16777217 88 283 336 336 0 16777217 88 283 346 388 0 0 0 4 388
AUD 389 2 20 -1 -1 0 16777217 18 387 266 387 0 16777216 0 0 0 0 0 0 0 4 389
AUD 390 1 20 179 -1 0 16777216 0 0 0 0 0 16777217 84 390 331 390 0 0 0 4 390
AUD 391 2 20 -1 -1 0 16777217 84 390 331 390 0 16777216 0 0 0 0 0 0 0 4 391
AUD 392 1 20 180 -1 0 16777216 0 0 0 0 0 16777217 20 392 266 392 0 0 0 4 392
AUD 393 2 20 -1 -1 0 16777217 20 392 266 392 0 16777216 0 0 0 0 0 0 0 4 393
AUD 394 1 20 181 -1 0 16777216 0 0 0 0 0 16777217 18 394 266 394 0 0 0 4 394
AUD 395 2 20 -1 -1 0 16777217 18 394 266 394 0 16777216 0 0 0 0 0 0 0 4 395
AUD 396 1 20 182 -1 0 16777216 0 0 0 0 0 16777217 16 396 266 396 0 0 0 4 396
AUD 397 2 20 -1 -1 0 16777217 16 396 266 396 0 16777216 0 0 0 0 0 0 0 4 397
AUD 398 1 20 183 -1 0 16777216 0 0 0 0 0 16777217 88 398 331 398 0 0 0 4 398
AUD 399 2 20 -1 -1 0 16777217 88 398 331 398 0 16777216 0 0 0 0 0 0 0 4 399
AUD 400 1 20 184 -1 0 16777216 0 0 0 0 0 16777217 18 400 266 400 0 0 0 4 400
AUD 401 2 20 -1 -1 0 16777217 18 400 266 400 0 16777216 0 0 0 0 0 0 0 4 401
AUD 402 1 20 185 -1 0 16777216 0 0 0 0 0 16777217 16 402 266 402 0 0 0 4 402
AUD 403 2 20 -1 -1 0 16777217 16 402 266 402 0 16777216 0 0 0 0 0 0 0 4 403
AUD 404 1 20 186 -1 0 16777216 0 0 0 0 0 16777217 88 404 331 404 0 0 0 4 404
AUD 405 2 20 -1 -1 0 16777217 88 404 331 404 0 16777216 0 0 0 0 0 0 0 4 405
AUD 406 1 20 187 -1 0 16777216 0 0 0 0 0 16777217 18 406 266 406 0 0 0 4 406
AUD 407 2 20 -1 -1 0 16777217 18 406 266 406 0 16777216 0 0 0 0 0 0 0 4 407
AUD 408 1 20 188 -1 0 16777216 0 0 0 0 0 16777217 16 408 266 408 0 0 0 4 408
AUD 409 2 20 -1 -1 0 16777217 16 408 266 408 0 16777216 0 0 0 0 0 0 0 4 409
AUD 410 1 20 189 -1 0 16777216 0 0 0 0 0 16777217 88 410 331 410 0 0 0 4 410
AUD 411 2 20 -1 -1 0 16777217 88 410 331 410 0 16777216 0 0 0 0 0 0 0 4 411
AUD 412 1 20 190 -1 0 16777216 0 0 0 0 0 16777217 18 412 266 412 0 0 0 4 412
AUD 413 2 20 -1 -1 0 16777217 18 412 266 412 0 16777216 0 0 0 0 0 0 0 4 413
AUD 414 1 20 191 -1 0 16777216 0 0 0 0 0 16777217 16 414 266 414 0 0 0 4 414
AUD 415 2 20 -1 -1 0 16777217 16 414 266 414 0 16777216 0 0 0 0 0 0 0 4 415
AUD 416 1 20 192 -1 0 16777216 0 0 0 0 0 16777217 20 416 266 416 0 0 0 4 416
AUD 417 2 20 -1 -1 0 16777217 20 416 266 416 0 16777216 0 0 0 0 0 0 0 4 417
AUD 418 1 20 193 -1 0 16777216 0 0 0 0 0 16777217 86 418 331 418 0 0 0 4 418
AUD 419 2 20 -1 -1 0 16777217 86 418 331 418 0 16777216 0 0 0 0 0 0 0 4 419
AUD 420 1 20 194 -1 0 16777216 0 0 0 0 0 16777217 16 420 266 420 0 0 0 4 420
AUD 421 2 20 -1 -1 0 16777217 16 420 266 420 0 16777216 0 0 0 0 0 0 0 4 421
AUD 422 1 20 195 -1 0 16777216 0 0 0 0 0 16777217 20 422 266 422 0 0 0 4 422
AUD 423 2 20 -1 -1 0 16777217 20 422 266 422 0 16777216 0 0 0 0 0 0 0 4 423
AUD 424 1 20 196 -1 0 16777216 0 0 0 0 0 16777217 86 424 331 424 0 0 0 4 424
AUD 425 2 20 -1 -1 0 16777217 86 424 331 424 0 16777216 0 0 0 0 0 0 0 4 425
AUD 426 1 20 197 -1 0 16777216 0 0 0 0 0 16777217 16 426 266 426 0 0 0 4 426
AUD 427 2 20 -1 -1 0 16777217 16 426 266 426 0 16777216 0 0 0 0 0 0 0 4 427
AUD 428 1 20 198 -1 0 16777216 0 0 0 0 0 16777217 20 428 266 428 0 0 0 4 428
AUD 429 2 20 -1 -1 0 16777217 20 428 266 428 0 16777216 0 0 0 0 0 0 0 4 429
AUD 430 1 20 199 -1 0 16777216 0 0 0 0 0 16777217 86 430 331 430 0 0 0 4 430
AUD 431 2 20 -1 -1 0 16777217 86 430 331 430 0 16777216 0 0 0 0 0 0 0 4 431
AUD 432 1 20 200 -1 0 16777216 0 0 0 0 0 16777217 16 432 266 432 0 0 0 4 432
AUD 433 2 20 -1 -1 0 16777217 16 432 266 432 0 16777216 0 0 0 0 0 0 0 4 433
AUD 434 1 20 201 -1 0 16777216 0 0 0 0 0 16777217 20 434 266 434 0 0 0 4 434
AUD 435 2 20 -1 -1 0 16777217 20 434 266 434 0 16777216 0 0 0 0 0 0 0 4 435
AUD 436 1 20 202 -1 0 16777216 0 0 0 0 0 16777217 18 436 266 436 0 0 0 4 436
AUD 437 2 20 -1 -1 0 16777217 18 436 266 436 0 16777216 0 0 0 0 0 0 0 4 437
AUD 438 1 20 203 -1 0 16777216 0 0 0 0 0 16777217 84 438 331 438 0 0 0 4 438
AUD 439 2 20 -1 -1 0 16777217 84 438 331 438 0 16777216 0 0 0 0 0 0 0 4 439
AUD 440 1 20 204 -1 0 16777216 0 0 0 0 0 16777217 20 440 266 440 0 0 0 4 440
AUD 441 2 20 -1 -1 0 16777217 20 440 266 440 0 16777216 0 0 0 0 0 0 0 4 441
AUD 442 1 20 205 -1 0 16777216 0 0 0 0 0 16777217 18 442 266 442 0 0 0 4 442
AUD 443 2 20 -1 -1 0 16777217 18 442 266 442 0 16777216 0 0 0 0 0 0 0 4 443
AUD 444 1 20 206 -1 0 16777216 0 0 0 0 0 16777217 84 444 331 444 0 0 0 4 444
AUD 445 2 20 -1 -1 0 16777217 84 444 331 444 0 16777216 0 0 0 0 0 0 0 4 445
AUD 446 1 20 207 -1 0 16777216 0 0 0 0 0 16777217 20 446 266 446 0 0 0 4 446
AUD 447 2 20 -1 -1 0 16777217 20 446 266 446 0 16777216 0 0 0 0 0 0 0 4 447
AUD 448 1 20 208 -1 0 16777216 0 0 0 0 0 16777217 18 448 266 448 0 0 0 4 448
AUD 449 2 20 -1 -1 0 16777217 18 448 266 448 0 16777216 0 0 0 0 0 0 0 4 449
AUD 450 1 20 209 -1 0 16777216 0 0 0 0 0 16777217 84 450 331 450 0 0 0 4 450
AUD 451 2 20 -1 -1 0 16777217 84 450 331 450 0 16777216 0 0 0 0 0 0 0 4 451
AUD 452 1 20 210 -1 0 16777216 0 0 0 0 0 16777217 20 452 266 452 0 0 0 4 452
AUD 453 2 20 -1 -1 0 16777217 20 452 266 452 0 16777216 0 0 0 0 0 0 0 4 453
AUD 454 1 20 211 -1 0 16777216 0 0 0 0 0 16777217 18 454 266 454 0 0 0 4 454
AUD 455 2 20 -1 -1 0 16777217 18 454 266 454 0 16777216 0 0 0 0 0 0 0 4 455
AUD 456 1 20 212 -1 0 16777216 0 0 0 0 0 16777217 16 456 266 456 0 0 0 4 456
AUD 457 2 20 -1 -1 0 16777217 16 456 266 456 0 16777216 0 0 0 0 0 0 0 4 457
AUD 458 1 20 213 -1 0 16777216 0 0 0 0 0 16777217 88 458 331 458 0 0 0 4 458
AUD 459 2 20 -1 -1 0 16777217 88 458 331 458 0 16777216 0 0 0 0 0 0 0 4 459
AUD 460 1 20 214 -1 0 16777216 0 0 0 0 0 16777217 18 460 266 460 0 0 0 4 460
AUD 461 2 20 -1 -1 0 16777217 18 460 266 460 0 16777216 0 0 0 0 0 0 0 4 461
AUD 462 1 20 215 -1 0 16777216 0 0 0 0 0 16777217 16 462 266 462 0 0 0 4 462
AUD 463 2 20 -1 -1 0 16777217 16 462 266 462 0 16777216 0 0 0 0 0 0 0 4 463
AUD 464 1 20 216 -1 0 16777216 0 0 0 0 0 16777217 88 464 331 464 0 0 0 4 464
AUD 465 2 20 -1 -1 0 16777217 88 464 331 464 0 16777216 0 0 0 0 0 0 0 4 465
AUD 466 1 20 217 -1 0 16777216 0 0 0 0 0 16777217 18 466 266 466 0 0 0 4 466
AUD 467 2 20 -1 -1 0 16777217 18 466 266 466 0 16777216 0 0 0 0 0 0 0 4 467
AUD 468 1 20 218 -1 0 16777216 0 0 0 0 0 16777217 16 468 266 468 0 0 0 4 468
AUD 469 2 20 -1 -1 0 16777217 16 468 266 468 0 16777216 0 0 0 0 0 0 0 4 469
AUD 470 1 20 219 -1 0 16777216 0 0 0 0 0 16777217 88 470 331 470 0 0 0 4 470
AUD 471 2 20 -1 -1 0 16777217 88 470 331 470 0 16777216 0 0 0 0 0 0 0 4 471
AUD 472 1 20 220 -1 0 16777216 0 0 0 0 0 16777217 18 472 266 472 0 0 0 4 472
AUD 473 2 20 -1 -1 0 16777217 18 472 266 472 0 16777216 0 0 0 0 0 0 0 4 473
AUD 474 1 20 221 -1 0 16777216 0 0 0 0 0 16777217 16 474 266 474 0 0 0 4 474
AUD 475 2 20 -1 -1 0 16777217 16 474 266 474 0 16777216 0 0 0 0 0 0 0 4 475
AUD 476 1 20 222 -1 0 16777216 0 0 0 0 0 16777217 20 476 266 476 0 0 0 4 476
AUD 477 2 20 -1 -1 0 16777217 20 476 266 476 0 16777216 0 0 0 0 0 0 0 4 477
AUD 478 1 20 223 -1 0 16777216 0 0 0 0 0 16777217 86 478 331 478 0 0 0 4 478
AUD 479 2 20 -1 -1 0 16777217 86 478 331 478 0 16777216 0 0 0 0 0 0 0 4 479
AUD 480 1 20 224 -1 0 16777216 0 0 0 0 0 16777217 16 480 266 480 0 0 0 4 480
AUD 481 2 20 -1 -1 0 16777217 16 480 266 480 0 16777216 0 0 0 0 0 0 0 4 481
AUD 482 1 20 225 -1 0 16777216 0 0 0 0 0 16777217 20 482 266 482 0 0 0 4 482
AUD 483 2 20 -1 -1 0 16777217 20 482 266 482 0 16777216 0 0 0 0 0 0 0 4 483
AUD 484 1 20 226 -1 0 16777216 0 0 0 0 0 16777217 86 484 331 484 0 0 0 4 484
AUD 485 2 20 -1 -1 0 16777217 86 484 331 484 0 16777216 0 0 0 0 0 0 0 4 485
AUD 486 1 20 227 -1 0 16777216 0 0 0 0 0 16777217 16 486 266 486 0 0 0 4 486
AUD 487 2 20 -1 -1 0 16777217 16 486 266 486 0 16777216 0 0 0 0 0 0 0 4 487
AUD 488 1 20 228 -1 0 16777216 0 0 0 0 0 16777217 20 488 266 488 0 0 0 4 488
AUD 489 2 20 -1 -1 0 16777217 20 488 266 488 0 16777216 0 0 0 0 0 0 0 4 489
AUD 490 1 20 229 -1 0 16777216 0 0 0 0 0 16777217 86 490 331 490 0 0 0 4 490
AUD 491 2 20 -1 -1 0 16777217 86 490 331 490 0 16777216 0 0 0 0 0 0 0 4 491
AUD 492 1 20 230 -1 0 16777216 0 0 0 0 0 16777217 16 492 266 492 0 0 0 4 492
AUD 493 2 20 -1 -1 0 16777217 16 492 266 492 0 16777216 0 0 0 0 0 0 0 4 493
AUD 494 1 20 231 -1 0 16777216 0 0 0 0 0 16777217 20 494 266 494 0 0 0 4 494
AUD 495 2 20 -1 -1 0 16777217 20 494 266 494 0 16777216 0 0 0 0 0 0 0 4 495
AUD 496 1 20 232 -1 0 16777216 0 0 0 0 0 16777217 18 496 266 496 0 0 0 4 496
AUD 497 2 20 -1 -1 0 16777217 18 496 266 496 0 16777216 0 0 0 0 0 0 0 4 497
AUD 498 1 20 233 -1 0 16777216 0 0 0 0 0 16777217 84 498 331 498 0 0 0 4 498
AUD 499 2 20 -1 -1 0 16777217 84 498 331 498 0 16777216 0 0 0 0 0 0 0 4 499
AUD 500 1 20 234 -1 0 16777216 0 0 0 0 0 16777217 20 500 266 500 0 0 0 4 500
AUD 501 2 20 -1 -1 0 16777217 20 500 266 500 0 16777216 0 0 0 0 0 0 0 4 501
AUD 502 1 20 235 -1 0 16777216 0 0 0 0 0 16777217 18 502 266 502 0 0 0 4 502
AUD 503 2 20 -1 -1 0 16777217 18 502 266 502 0 16777216 0 0 0 0 0 0 0 4 503
AUD 504 1 20 236 -1 0 16777216 0 0 0 0 0 16777217 84 504 331 504 0 0 0 4 504
AUD 505 2 20 -1 -1 0 16777217 84 504 331 504 0 16777216 0 0 0 0 0 0 0 4 505
AUD 506 1 20 237 -1 0 16777216 0 0 0 0 0 16777217 20 506 266 506 0 0 0 4 506
AUD 507 2 20 -1 -1 0 16777217 20 506 266 506 0 16777216 0 0 0 0 0 0 0 4 507
AUD 508 1 20 238 -1 0 16777216 0 0 0 0 0 16777217 18 508 266 508 0 0 0 4 508
AUD 509 2 20 -1 -1 0 16777217 18 508 266 508 0 16777216 0 0 0 0 0 0 0 4 509
AUD 510 1 20 239 -1 0 16777216 0 0 0 0 0 16777217 84 510 331 510 0 0 0 4 510
AUD 511 2 20 -1 -1 0 16777217 84 510 331 510 0 16777216 0 0 0 0 0 0 0 4 511
AUD 512 1 20 240 -1 0 16777216 0 0 0 0 0 16777217 20 512 266 512 0 0 0 4 512
AUD 513 2 20 -1 -1 0 16777217 20 512 266 512 0 16777216 0 0 0 0 0 0 0 4 513
AUD 514 1 20 241 -1 0 16777216 0 0 0 0 0 16777217 18 514 266 514 0 0 0 4 514
AUD 515 2 20 -1 -1 0 16777217 18 514 266 514 0 16777216 0 0 0 0 0 0 0 4 515
AUD 516 1 20 242 -1 0 16777216 0 0 0 0 0 16777217 16 516 266 516 0 0 0 4 516
AUD 517 2 20 -1 -1 0 16777217 16 516 266 516 0 16777216 0 0 0 0 0 0 0 4 517
AUD 518 1 20 243 -1 0 16777216 0 0 0 0 0 16777217 88 518 331 518 0 0 0 4 518
AUD 519 2 20 -1 -1 0 16777217 88 518 331 518 0 16777216 0 0 0 0 0 0 0 4 519
AUD 520 1 20 244 -1 0 16777216 0 0 0 0 0 16777217 18 520 266 520 0 0 0 4 520
AUD 521 2 20 -1 -1 0 16777217 18 520 266 520 0 16777216 0 0 0 0 0 0 0 4 521
AUD 522 1 20 245 -1 0 16777216 0 0 0 0 0 16777217 16 522 266 522 0 0 0 4 522
AUD 523 2 20 -1 -1 0 16777217 16 522 266 522 0 16777216 0 0 0 0 0 0 0 4 523
AUD 524 1 20 246 -1 0 16777216 0 0 0 0 0 16777217 88 524 331 524 0 0 0 4 524
AUD 525 2 20 -1 -1 0 16777217 88 524 331 524 0 16777216 0 0 0 0 0 0 0 4 525
AUD 526 1 20 247 -1 0 16777216 0 0 0 0 0 16777217 18 526 266 526 0 0 0 4 526
AUD 527 2 20 -1 -1 0 16777217 18 526 266 526 0 16777216 0 0 0 0 0 0 0 4 527
AUD 528 1 20 248 -1 0 16777216 0 0 0 0 0 16777217 16 528 266 528 0 0 0 4 528
AUD 529 2 20 -1 -1 0 16777217 16 528 266 528 0 16777216 0 0 0 0 0 0 0 4 529
AUD 530 1 20 249 -1 0 16777216 0 0 0 0 0 16777217 88 530 331 530 0 0 0 4 530
AUD 531 2 20 -1 -1 0 16777217 88 530 331 530 0 16777216 0 0 0 0 0 0 0 4 531
AUD 532 1 20 250 -1 0 16777216 0 0 0 0 0 16777217 86 532 331 532 0 0 0 4 532
AUD 533 2 20 -1 -1 0 16777217 86 532 331 532 0 16777216 0 0 0 0 0 0 0 4 533
AUD 534 1 20 251 -1 0 16777216 0 0 0 0 0 16777217 16 534 266 534 0 0 0 4 534
AUD 535 2 20 -1 -1 0 16777217 16 534 266 534 0 16777216 0 0 0 0 0 0 0 4 535
AUD 536 1 20 252 -1 0 16777216 0 0 0 0 0 16777217 20 536 266 536 0 0 0 4 536
AUD 537 2 20 -1 -1 0 16777217 20 536 266 536 0 16777216 0 0 0 0 0 0 0 4 537
AUD 538 1 20 253 -1 0 16777216 0 0 0 0 0 16777217 86 538 331 538 0 0 0 4 538
AUD 539 2 20 -1 -1 0 16777217 86 538 331 538 0 16777216 0 0 0 0 0 0 0 4 539
AUD 540 1 20 254 -1 0 16777216 0 0 0 0 0 16777217 16 540 266 540 0 0 0 4 540
AUD 541 2 20 -1 -1 0 16777217 16 540 266 540 0 16777216 0 0 0 0 0 0 0 4 541
AUD 542 1 20 255 -1 0 16777216 0 0 0 0 0 16777217 20 542 266 542 0 0 0 4 542
AUD 543 2 20 -1 -1 0 16777217 20 542 266 542 0 16777216 0 0 0 0 0 0 0 4 543
AUD 544 1 20 256 -1 0 16777216 0 0 0 0 0 16777217 86 544 331 544 0 0 0 4 544
AUD 545 2 20 -1 -1 0 16777217 86 544 331 544 0 16777216 0 0 0 0 0 0 0 4 545
AUD 546 1 20 257 -1 0 16777216 0 0 0 0 0 16777217 16 546 266 546 0 0 0 4 546
AUD 547 2 20 -1 -1 0 16777217 16 546 266 546 0 16777216 0 0 0 0 0 0 0 4 547
AUD 548 1 20 258 -1 0 16777216 0 0 0 0 0 16777217 20 548 266 548 0 0 0 4 548
AUD 549 2 20 -1 -1 0 16777217 20 548 266 548 0 16777216 0 0 0 0 0 0 0 4 549
AUD 550 1 20 259 -1 0 16777216 0 0 0 0 0 16777217 86 550 331 550 0 0 0 4 550
AUD 551 2 20 -1 -1 0 16777217 86 550 331 550 0 16777216 0 0 0 0 0 0 0 4 551
AUD 552 1 20 260 -1 0 16777216 0 0 0 0 0 16777217 16 552 266 552 0 0 0 4 552
AUD 553 2 20 -1 -1 0 16777217 16 552 266 552 0 16777216 0 0 0 0 0 0 0 4 553
AUD 554 1 20 261 -1 0 16777216 0 0 0 0 0 16777217 20 554 266 554 0 0 0 4 554
AUD 555 2 20 -1 -1 0 16777217 20 554 266 554 0 16777216 0 0 0 0 0 0 0 4 555
AUD 556 1 20 262 -1 0 16777216 0 0 0 0 0 16777217 18 556 266 556 0 0 0 4 556
AUD 557 2 20 -1 -1 0 16777217 18 556 266 556 0 16777216 0 0 0 0 0 0 0 4 557
AUD 558 1 20 263 -1 0 16777216 0 0 0 0 0 16777217 84 558 331 558 0 0 0 4 558
AUD 559 2 20 -1 -1 0 16777217 84 558 331 558 0 16777216 0 0 0 0 0 0 0 4 559
AUD 560 1 20 264 -1 0 16777216 0 0 0 0 0 16777217 20 560 266 560 0 0 0 4 560
AUD 561 2 20 -1 -1 0 16777217 20 560 266 560 0 16777216 0 0 0 0 0 0 0 4 561
AUD 562 1 20 265 -1 0 16777216 0 0 0 0 0 16777217 18 562 266 562 0 0 0 4 562
AUD 563 2 20 -1 -1 0 16777217 18 562 266 562 0 16777216 0 0 0 0 0 0 0 4 563
AUD 564 1 20 266 -1 0 16777216 0 0 0 0 0 16777217 84 564 331 564 0 0 0 4 564
AUD 565 2 20 -1 -1 0 16777217 84 564 331 564 0 16777216 0 0 0 0 0 0 0 4 565
AUD 566 1 20 267 -1 0 16777216 0 0 0 0 0 16777217 20 566 266 566 0 0 0 4 566
AUD 567 2 20 -1 -1 0 16777217 20 566 266 566 0 16777216 0 0 0 0 0 0 0 4 567
AUD 568 1 20 268 -1 0 16777216 0 0 0 0 0 16777217 18 568 266 568 0 0 0 4 568
AUD 569 2 20 -1 -1 0 16777217 18 568 266 568 0 16777216 0 0 0 0 0 0 0 4 569
AUD 570 1 20 269 -1 0 16777216 0 0 0 0 0 16777217 84 570 331 570 0 0 0 4 570
AUD 571 2 20 -1 -1 0 16777217 84 570 331 570 0 16777216 0 0 0 0 0 0 0 4 571
AUD 572 1 20 270 -1 0 16777216 0 0 0 0 0 16777217 20 572 266 572 0 0 0 4 572
AUD 573 2 20 -1 -1 0 16777217 20 572 266 572 0 16777216 0 0 0 0 0 0 0 4 573
AUD 574 1 20 271 -1 0 16777216 0 0 0 0 0 16777217 18 574 266 574 0 0 0 4 574
AUD 575 2 20 -1 -1 0 16777217 18 574 266 574 0 16777216 0 0 0 0 0 0 0 4 575
AUD 576 1 20 272 -1 0 16777216 0 0 0 0 0 16777217 16 576 266 576 0 0 0 4 576
AUD 577 2 20 -1 -1 0 16777217 16 576 266 576 0 16777216 0 0 0 0 0 0 0 4 577
AUD 578 1 20 273 -1 0 16777216 0 0 0 0 0 16777217 88 578 331 578 0 0 0 4 578
AUD 579 2 20 -1 -1 0 16777217 88 578 331 578 0 16777216 0 0 0 0 0 0 0 4 579
AUD 580 1 20 274 -1 0 16777216 0 0 0 0 0 16777217 18 580 266 580 0 0 0 4 580
AUD 581 2 20 -1 -1 0 16777217 18 580 266 580 0 16777216 0 0 0 0 0 0 0 4 581
AUD 582 1 20 275 -1 0 16777216 0 0 0 0 0 16777217 16 582 266 582 0 0 0 4 582
AUD 583 2 20 -1 -1 0 16777217 16 582 266 582 0 16777216 0 0 0 0 0 0 0 4 583
AUD 584 1 20 276 -1 0 16777216 0 0 0 0 0 16777217 88 584 331 584 0 0 0 4 584
AUD 585 2 20 -1 -1 0 16777217 88 584 331 584 0 16777216 0 0 0 0 0 0 0 4 585
AUD 586 1 20 277 -1 0 16777216 0 0 0 0 0 16777217 18 586 266 586 0 0 0 4 586
AUD 587 2 20 -1 -1 0 16777217 18 586 266 586 0 16777216 0 0 0 0 0 0 0 4 587
AUD 588 1 20 278 -1 0 16777216 0 0 0 0 0 16777217 16 588 266 588 0 0 0 4 588
AUD 589 2 20 -1 -1 0 16777217 16 588 266 588 0 16777216 0 0 0 0 0 0 0 4 589
AUD 590 1 20 279 -1 0 16777216 0 0 0 0 0 16777217 88 590 331 590 0 0 0 4 590
AUD 591 2 20 -1 -1 0 16777217 88 590 331 590 0 16777216 0 0 0 0 0 0 0 4 591
AUD 592 1 20 280 -1 0 16777216 0 0 0 0 0 16777217 18 592 266 592 0 0 0 4 592
AUD 593 2 20 -1 -1 0 16777217 18 592 266 592 0 16777216 0 0 0 0 0 0 0 4 593
AUD 594 1 20 281 -1 0 16777216 0 0 0 0 0 16777217 16 594 266 594 0 0 0 4 594
AUD 595 2 20 -1 -1 0 16777217 16 594 266 594 0 16777216 0 0 0 0 0 0 0 4 595
AUD 596 1 20 282 -1 0 16777216 0 0 0 0 0 16777217 20 596 266 596 0 0 0 4 596
AUD 597 2 20 -1 -1 0 16777217 20 596 266 596 0 16777216 0 0 0 0 0 0 0 4 597
AUD 598 1 20 283 -1 0 16777216 0 0 0 0 0 16777217 86 598 331 598 0 0 0 4 598
AUD 599 2 20 -1 -1 0 16777217 86 598 331 598 0 16777216 0 0 0 0 0 0 0 4 599
AUD 600 1 20 284 -1 0 16777216 0 0 0 0 0 16777217 16 600 266 600 0 0 0 4 600
AUD 601 2 20 -1 -1 0 16777217 16 600 266 600 0 16777216 0 0 0 0 0 0 0 4 601
AUD 602 1 20 285 -1 0 16777216 0 0 0 0 0 16777217 20 602 266 602 0 0 0 4 602
AUD 603 2 20 -1 -1 0 16777217 20 602 266 602 0 16777216 0 0 0 0 0 0 0 4 603
AUD 604 1 20 286 -1 0 16777216 0 0 0 0 0 16777217 86 604 331 604 0 0 0 4 604
AUD 605 2 20 -1 -1 0 16777217 86 604 331 604 0 16777216 0 0 0 0 0 0 0 4 605
AUD 606 1 20 287 -1 0 16777216 0 0 0 0 0 16777217 16 606 266 606 0 0 0 4 606
AUD 607 2 20 -1 -1 0 16777217 16 606 266 606 0 16777216 0 0 0 0 0 0 0 4 607
AUD 608 1 20 288 -1 0 16777216 0 0 0 0 0 16777217 20 608 266 608 0 0 0 4 608
AUD 609 2 20 -1 -1 0 16777217 20 608 266 608 0 16777216 0 0 0 0 0 0 0 4 609
AUD 610 1 20 289 -1 0 16777216 0 0 0 0 0 16777217 86 610 331 610 0 0 0 4 610
AUD 611 2 20 -1 -1 0 16777217 86 610 331 610 0 16777216 0 0 0 0 0 0 0 4 611
AUD 612 1 20 290 -1 0 16777216 0 0 0 0 0 16777217 16 612 266 612 0 0 0 4 612
AUD 613 2 20 -1 -1 0 16777217 16 612 266 612 0 16777216 0 0 0 0 0 0 0 4 613
AUD 614 1 20 291 -1 0 16777216 0 0 0 0 0 16777217 20 614 266 614 0 0 0 4 614
AUD 615 2 20 -1 -1 0 16777217 20 614 266 614 0 16777216 0 0 0 0 0 0 0 4 615
AUD 616 1 20 292 -1 0 16777216 0 0 0 0 0 16777217 18 616 266 616 0 0 0 4 616
AUD 617 2 20 -1 -1 0 16777217 18 616 266 616 0 16777216 0 0 0 0 0 0 0 4 617
AUD 618 1 20 293 -1 0 16777216 0 0 0 0 0 16777217 84 618 331 618 0 0 0 4 618
AUD 619 2 20 -1 -1 0 16777217 84 618 331 618 0 16777216 0 0 0 0 0 0 0 4 619
AUD 620 1 20 294 -1 0 16777216 0 0 0 0 0 16777217 20 620 266 620 0 0 0 4 620
AUD 621 2 20 -1 -1 0 16777217 20 620 266 620 0 16777216 0 0 0 0 0 0 0 4 621
AUD 622 1 20 295 -1 0 16777216 0 0 0 0 0 16777217 18 622 266 622 0 0 0 4 622
AUD 623 2 20 -1 -1 0 16777217 18 622 266 622 0 16777216 0 0 0 0 0 0 0 4 623
AUD 624 1 20 296 -1 0 16777216 0 0 0 0 0 16777217 84 624 331 624 0 0 0 4 624
AUD 625 2 20 -1 -1 0 16777217 84 624 331 624 0 16777216 0 0 0 0 0 0 0 4 625
AUD 626 1 20 297 -1 0 16777216 0 0 0 0 0 16777217 20 626 266 626 0 0 0 4 626
AUD 627 2 20 -1 -1 0 16777217 20 626 266 626 0 16777216 0 0 0 0 0 0 0 4 627
AUD 628 1 20 298 -1 0 16777216 0 0 0 0 0 16777217 18 628 266 628 0 0 0 4 628
AUD 629 2 20 -1 -1 0 16777217 18 628 266 628 0 16777216 0 0 0 0 0 0 0 4 629
AUD 630 1 20 299 -1 0 16777216 0 0 0 0 0 16777217 84 630 331 630 0 0 0 4 630
AUD 631 2 20 -1 -1 0 16777217 84 630 331 630 0 16777216 0 0 0 0 0 0 0 4 631
AUD 632 1 20 300 -1 0 16777216 0 0 0 0 0 16777217 20 632 266 632 0 0 0 4 632
AUD 633 2 20 -1 -1 0 16777217 20 632 266 632 0 16777216 0 0 0 0 0 0 0 4 633
AUD 634 1 20 301 -1 0 16777216 0 0 0 0 0 16777217 18 634 266 634 0 0 0 4 634
AUD 635 2 20 -1 -1 0 16777217 18 634 266 634 0 16777216 0 0 0 0 0 0 0 4 635
AUD 636 1 20 302 -1 0 16777216 0 0 0 0 0 16777217 16 636 266 636 0 0 0 4 636
AUD 637 2 20 -1 -1 0 16777217 16 636 266 636 0 16777216 0 0 0 0 0 0 0 4 637
AUD 638 1 20 303 -1 0 16777216 0 0 0 0 0 16777217 88 638 331 638 0 0 0 4 638
AUD 639 2 20 -1 -1 0 16777217 88 638 331 638 0 16777216 0 0 0 0 0 0 0 4 639
AUD 640 1 20 304 -1 0 16777216 0 0 0 0 0 16777217 18 640 266 640 0 0 0 4 640
AUD 641 2 20 -1 -1 0 16777217 18 640 266 640 0 16777216 0 0 0 0 0 0 0 4 641
AUD 642 1 20 305 -1 0 16777216 0 0 0 0 0 16777217 16 642 266 642 0 0 0 4 642
AUD 643 2 20 -1 -1 0 16777217 16 642 266 642 0 16777216 0 0 0 0 0 0 0 4 643
AUD 644 1 20 306 -1 0 16777216 0 0 0 0 0 16777217 88 644 331 644 0 0 0 4 644
AUD 645 2 20 -1 -1 0 16777217 88 644 331 644 0 16777216 0 0 0 0 0 0 0 4 645
AUD 646 1 20 307 -1 0 16777216 0 0 0 0 0 16777217 18 646 266 646 0 0 0 4 646
AUD 647 2 20 -1 -1 0 16777217 18 646 266 646 0 16777216 0 0 0 0 0 0 0 4 647
AUD 648 1 20 308 -1 0 16777216 0 0 0 0 0 16777217 16 648 266 648 0 0 0 4 648
AUD 649 2 20 -1 -1 0 16777217 16 648 266 648 0 16777216 0 0 0 0 0 0 0 4 649
AUD 650 1 20 309 -1 0 16777216 0 0 0 0 0 16777217 88 650 331 650 0 0 0 4 650
AUD 651 2 20 -1 -1 0 16777217 88 650 331 650 0 16777216 0 0 0 0 0 0 0 4 651
AUD 652 1 20 310 -1 0 16777216 0 0 0 0 0 16777217 18 652 266 652 0 0 0 4 652
AUD 653 2 20 -1 -1 0 16777217 18 652 266 652 0 16777216 0 0 0 0 0 0 0 4 653
AUD 654 1 20 311 -1 0 16777216 0 0 0 0 0 16777217 16 654 266 654 0 0 0 4 654
AUD 655 2 20 -1 -1 0 16777217 16 654 266 654 0 16777216 0 0 0 0 0 0 0 4 655
AUD 656 1 20 312 -1 0 16777216 0 0 0 0 0 16777217 20 656 266 656 0 0 0 4 656
AUD 657 2 20 -1 -1 0 16777217 20 656 266 656 0 16777216 0 0 0 0 0 0 0 4 657
AUD 658 1 20 313 -1 0 16777216 0 0 0 0 0 16777217 86 658 331 658 0 0 0 4 658
AUD 659 2 20 -1 -1 0 16777217 86 658 331 658 0 16777216 0 0 0 0 0 0 0 4 659
AUD 660 1 20 314 -1 0 16777216 0 0 0 0 0 16777217 16 660 266 660 0 0 0 4 660
AUD 661 2 20 -1 -1 0 16777217 16 660 266 660 0 16777216 0 0 0 0 0 0 0 4 661
AUD 662 1 20 315 -1 0 16777216 0 0 0 0 0 16777217 20 662 266 662 0 0 0 4 662
AUD 663 2 20 -1 -1 0 16777217 20 662 266 662 0 16777216 0 0 0 0 0 0 0 4 663
AUD 664 1 20 316 -1 0 16777216 0 0 0 0 0 16777217 86 664 331 664 0 0 0 4 664
AUD 665 2 20 -1 -1 0 16777217 86 664 331 664 0 16777216 0 0 0 0 0 0 0 4 665
AUD 666 1 20 317 -1 0 16777216 0 0 0 0 0 16777217 16 666 266 666 0 0 0 4 666
AUD 667 2 20 -1 -1 0 16777217 16 666 266 666 0 16777216 0 0 0 0 0 0 0 4 667
AUD 668 1 20 318 -1 0 16777216 0 0 0 0 0 16777217 20 668 266 668 0 0 0 4 668
AUD 669 2 20 -1 -1 0 16777217 20 668 266 668 0 16777216 0 0 0 0 0 0 0 4 669
AUD 670 1 20 319 -1 0 16777216 0 0 0 0 0 16777217 86 670 331 670 0 0 0 4 670
AUD 671 2 20 -1 -1 0 16777217 86 670 331 670 0 16777216 0 0 0 0 0 0 0 4 671
AUD 672 1 20 320 -1 0 16777216 0 0 0 0 0 16777217 16 672 266 672 0 0 0 4 672
AUD 673 2 20 -1 -1 0 16777217 16 672 266 672 0 16777216 0 0 0 0 0 0 0 4 673
AUD 674 1 20 321 -1 0 16777216 0 0 0 0 0 16777217 20 674 266 674 0 0 0 4 674
AUD 675 2 20 -1 -1 0 16777217 20 674 266 674 0 16777216 0 0 0 0 0 0 0 4 675
AUD 676 1 20 322 -1 0 16777216 0 0 0 0 0 16777217 18 676 266 676 0 0 0 4 676
AUD 677 2 20 -1 -1 0 16777217 18 676 266 676 0 16777216 0 0 0 0 0 0 0 4 677
AUD 678 1 20 323 -1 0 16777216 0 0 0 0 0 16777217 84 678 331 678 0 0 0 4 678
AUD 679 2 20 -1 -1 0 16777217 84 678 331 678 0 16777216 0 0 0 0 0 0 0 4 679
AUD 680 1 20 324 -1 0 16777216 0 0 0 0 0 16777217 20 680 266 680 0 0 0 4 680
AUD 681 2 20 -1 -1 0 16777217 20 680 266 680 0 16777216 0 0 0 0 0 0 0 4 681
AUD 682 1 20 325 -1 0 16777216 0 0 0 0 0 16777217 18 682 266 682 0 0 0 4 682
AUD 683 2 20 -1 -1 0 16777217 18 682 266 682 0 16777216 0 0 0 0 0 0 0 4 683
AUD 684 1 20 326 -1 0 16777216 0 0 0 0 0 16777217 84 684 331 684 0 0 0 4 684
AUD 685 2 20 -1 -1 0 16777217 84 684 331 684 0 16777216 0 0 0 0 0 0 0 4 685
AUD 686 1 20 327 -1 0 16777216 0 0 0 0 0 16777217 20 686 266 686 0 0 0 4 686
AUD 687 2 20 -1 -1 0 16777217 20 686 266 686 0 16777216 0 0 0 0 0 0 0 4 687
AUD 688 1 20 328 -1 0 16777216 0 0 0 0 0 16777217 18 688 266 688 0 0 0 4 688
AUD 689 2 20 -1 -1 0 16777217 18 688 266 688 0 16777216 0 0 0 0 0 0 0 4 689
AUD 690 1 20 329 -1 0 16777216 0 0 0 0 0 16777217 84 690 331 690 0 0 0 4 690
AUD 691 2 20 -1 -1 0 16777217 84 690 331 690 0 16777216 0 0 0 0 0 0 0 4 691
AUD 692 1 20 330 -1 0 16777216 0 0 0 0 0 16777217 20 692 266 692 0 0 0 4 692
AUD 693 2 20 -1 -1 0 16777217 20 692 266 692 0 16777216 0 0 0 0 0 0 0 4 693
AUD 694 1 20 331 -1 0 16777216 0 0 0 0 0 16777217 18 694 266 694 0 0 0 4 694
AUD 695 2 20 -1 -1 0 16777217 18 694 266 694 0 16777216 0 0 0 0 0 0 0 4 695
AUD 696 1 20 332 -1 0 16777216 0 0 0 0 0 16777217 16 696 266 696 0 0 0 4 696
AUD 697 2 20 -1 -1 0 16777217 16 696 266 696 0 16777216 0 0 0 0 0 0 0 4 697
AUD 698 1 20 333 -1 0 16777216 0 0 0 0 0 16777217 88 698 331 698 0 0 0 4 698
AUD 699 2 20 -1 -1 0 16777217 88 698 331 698 0 16777216 0 0 0 0 0 0 0 4 699
AUD 700 1 20 334 -1 0 16777216 0 0 0 0 0 16777217 18 700 266 700 0 0 0 4 700
AUD 701 2 20 -1 -1 0 16777217 18 700 266 700 0 16777216 0 0 0 0 0 0 0 4 701
AUD 702 1 20 335 -1 0 16777216 0 0 0 0 0 16777217 16 702 266 702 0 0 0 4 702
AUD 703 2 20 -1 -1 0 16777217 16 702 266 702 0 16777216 0 0 0 0 0 0 0 4 703
AUD 704 1 20 336 -1 0 16777216 0 0 0 0 0 16777217 88 704 331 704 0 0 0 4 704
AUD 705 2 20 -1 -1 0 16777217 88 704 331 704 0 16777216 0 0 0 0 0 0 0 4 705
AUD 706 1 20 337 -1 0 16777216 0 0 0 0 0 16777217 18 706 266 706 0 0 0 4 706
AUD 707 2 20 -1 -1 0 16777217 18 706 266 706 0 16777216 0 0 0 0 0 0 0 4 707
AUD 708 1 20 338 -1 0 16777216 0 0 0 0 0 16777217 16 708 266 708 0 0 0 4 708
AUD 709 2 20 -1 -1 0 16777217 16 708 266 708 0 16777216 0 0 0 0 0 0 0 4 709
AUD 710 1 20 339 -1 0 16777216 0 0 0 0 0 16777217 88 710 331 710 0 0 0 4 710
AUD 711 2 20 -1 -1 0 16777217 88 710 331 710 0 16777216 0 0 0 0 0 0 0 4 711
AUD 712 1 20 340 -1 0 16777216 0 0 0 0 0 16777217 18 712 266 712 0 0 0 4 712
AUD 713 2 20 -1 -1 0 16777217 18 712 266 712 0 16777216 0 0 0 0 0 0 0 4 713
AUD 714 1 20 341 -1 0 16777216 0 0 0 0 0 16777217 16 714 266 714 0 0 0 4 714
AUD 715 2 20 -1 -1 0 16777217 16 714 266 714 0 16777216 0 0 0 0 0 0 0 4 715
AUD 716 1 20 342 -1 0 16777216 0 0 0 0 0 16777217 20 716 266 716 0 0 0 4 716
AUD 717 2 20 -1 -1 0 16777217 20 716 266 716 0 16777216 0 0 0 0 0 0 0 4 717
AUD 718 1 20 343 -1 0 16777216 0 0 0 0 0 16777217 86 718 331 718 0 0 0 4 718
AUD 719 2 20 -1 -1 0 16777217 86 718 331 718 0 16777216 0 0 0 0 0 0 0 4 719
AUD 720 1 20 344 -1 0 16777216 0 0 0 0 0 16777217 16 720 266 720 0 0 0 4 720
AUD 721 2 20 -1 -1 0 16777217 16 720 266 720 0 16777216 0 0 0 0 0 0 0 4 721
AUD 722 1 20 345 -1 0 16777216 0 0 0 0 0 16777217 20 722 266 722 0 0 0 4 722
AUD 723 2 20 -1 -1 0 16777217 20 722 266 722 0 16777216 0 0 0 0 0 0 0 4 723
AUD 724 1 20 346 -1 0 16777216 0 0 0 0 0 16777217 86 724 331 724 0 0 0 4 724
AUD 725 2 20 -1 -1 0 16777217 86 724 331 724 0 16777216 0 0 0 0 0 0 0 4 725
AUD 726 1 20 347 -1 0 16777216 0 0 0 0 0 16777217 16 726 266 726 0 0 0 4 726
AUD 727 2 20 -1 -1 0 16777217 16 726 266 726 0 16777216 0 0 0 0 0 0 0 4 727
AUD 728 1 20 348 -1 0 16777216 0 0 0 0 0 16777217 20 728 266 728 0 0 0 4 728
AUD 729 2 20 -1 -1 0 16777217 20 728 266 728 0 16777216 0 0 0 0 0 0 0 4 729
AUD 730 1 20 349 -1 0 16777216 0 0 0 0 0 16777217 86 730 331 730 0 0 0 4 730
AUD 731 2 20 -1 -1 0 16777217 86 730 331 730 0 16777216 0 0 0 0 0 0 0 4 731
AUD 732 1 20 350 -1 0 16777216 0 0 0 0 0 16777217 16 732 266 732 0 0 0 4 732
AUD 733 2 20 -1 -1 0 16777217 16 732 266 732 0 16777216 0 0 0 0 0 0 0 4 733
AUD 734 1 20 351 -1 0 16777216 0 0 0 0 0 16777217 20 734 266 734 0 0 0 4 734
AUD 735 2 20 -1 -1 0 16777217 20 734 266 734 0 16777216 0 0 0 0 0 0 0 4 735
AUD 736 1 20 352 -1 0 16777216 0 0 0 0 0 16777217 18 736 266 736 0 0 0 4 736
AUD 737 2 20 -1 -1 0 16777217 18 736 266 736 0 16777216 0 0 0 0 0 0 0 4 737
AUD 738 1 20 353 -1 0 16777216 0 0 0 0 0 16777217 84 738 331 738 0 0 0 4 738
AUD 739 2 20 -1 -1 0 16777217 84 738 331 738 0 16777216 0 0 0 0 0 0 0 4 739
AUD 740 1 20 354 -1 0 16777216 0 0 0 0 0 16777217 20 740 266 740 0 0 0 4 740
AUD 741 2 20 -1 -1 0 16777217 20 740 266 740 0 16777216 0 0 0 0 0 0 0 4 741
AUD 742 1 20 355 -1 0 16777216 0 0 0 0 0 16777217 18 742 266 742 0 0 0 4 742
AUD 743 2 20 -1 -1 0 16777217 18 742 266 742 0 16777216 0 0 0 0 0 0 0 4 743
AUD 744 1 20 356 -1 0 16777216 0 0 0 0 0 16777217 84 744 331 744 0 0 0 4 744
AUD 745 2 20 -1 -1 0 16777217 84 744 331 744 0 16777216 0 0 0 0 0 0 0 4 745
AUD 746 1 20 357 -1 0 16777216 0 0 0 0 0 16777217 20 746 266 746 0 0 0 4 746
AUD 747 2 20 -1 -1 0 16777217 20 746 266 746 0 16777216 0 0 0 0 0 0 0 4 747
AUD 748 1 20 358 -1 0 16777216 0 0 0 0 0 16777217 18 748 266 748 0 0 0 4 748
AUD 749 2 20 -1 -1 0 16777217 18 748 266 748 0 16777216 0 0 0 0 0 0 0 4 749
AUD 750 1 20 359 -1 0 16777216 0 0 0 0 0 16777217 84 750 331 750 0 0 0 4 750
AUD 751 2 20 -1 -1 0 16777217 84 750 331 750 0 16777216 0 0 0 0 0 0 0 4 751
AUD 752 1 20 360 -1 0 16777216 0 0 0 0 0 16777217 20 752 266 752 0 0 0 4 752
AUD 753 2 20 -1 -1 0 16777217 20 752 266 752 0 16777216 0 0 0 0 0 0 0 4 753
AUD 754 1 20 361 -1 0 16777216 0 0 0 0 0 16777217 18 754 266 754 0 0 0 4 754
AUD 755 2 20 -1 -1 0 16777217 18 754 266 754 0 16777216 0 0 0 0 0 0 0 4 755
AUD 756 1 20 362 -1 0 16777216 0 0 0 0 0 16777217 16 756 266 756 0 0 0 4 756
AUD 757 2 20 -1 -1 0 16777217 16 756 266 756 0 16777216 0 0 0 0 0 0 0 4 757
AUD 758 1 20 363 -1 0 16777216 0 0 0 0 0 16777217 88 758 331 758 0 0 0 4 758
AUD 759 2 20 -1 -1 0 16777217 88 758 331 758 0 16777216 0 0 0 0 0 0 0 4 759
AUD 760 1 20 364 -1 0 16777216 0 0 0 0 0 16777217 18 760 266 760 0 0 0 4 760
AUD 761 2 20 -1 -1 0 16777217 18 760 266 760 0 16777216 0 0 0 0 0 0 0 4 761
AUD 762 1 20 365 -1 0 16777216 0 0 0 0 0 16777217 16 762 266 762 0 0 0 4 762
AUD 763 2 20 -1 -1 0 16777217 16 762 266 762 0 16777216 0 0 0 0 0 0 0 4 763
AUD 764 1 20 366 -1 0 16777216 0 0 0 0 0 16777217 88 764 331 764 0 0 0 4 764
AUD 765 2 20 -1 -1 0 16777217 88 764 331 764 0 16777216 0 0 0 0 0 0 0 4 765
AUD 766 1 20 367 -1 0 16777216 0 0 0 0 0 16777217 18 766 266 766 0 0 0 4 766
AUD 767 2 20 -1 -1 0 16777217 18 766 266 766 0 16777216 0 0 0 0 0 0 0 4 767
AUD 768 1 20 368 -1 0 16777216 0 0 0 0 0 16777217 16 768 266 768 0 0 0 4 768
AUD 769 2 20 -1 -1 0 16777217 16 768 266 768 0 16777216 0 0 0 0 0 0 0 4 769
AUD 770 1 20 369 -1 0 16777216 0 0 0 0 0 16777217 88 770 331 770 0 0 0 4 770
AUD 771 2 20 -1 -1 0 16777217 88 770 331 770 0 16777216 0 0 0 0 0 0 0 4 771
AUD 772 1 20 370 -1 0 16777216 0 0 0 0 0 16777217 18 772 266 772 0 0 0 4 772
AUD 773 2 20 -1 -1 0 16777217 18 772 266 772 0 16777216 0 0 0 0 0 0 0 4 773
AUD 774 1 20 371 -1 0 16777216 0 0 0 0 0 16777217 16 774 266 774 0 0 0 4 774
AUD 775 2 20 -1 -1 0 16777217 16 774 266 774 0 16777216 0 0 0 0 0 0 0 4 775
AUD 776 1 20 372 -1 0 16777216 0 0 0 0 0 16777217 20 776 266 776 0 0 0 4 776
AUD 777 2 20 -1 -1 0 16777217 20 776 266 776 0 16777216 0 0 0 0 0 0 0 4 777
AUD 778 1 20 373 -1 0 16777216 0 0 0 0 0 16777217 86 778 331 778 0 0 0 4 778
AUD 779 2 20 -1 -1 0 16777217 86 778 331 778 0 16777216 0 0 0 0 0 0 0 4 779
AUD 780 1 20 374 -1 0 16777216 0 0 0 0 0 16777217 16 780 266 780 0 0 0 4 780
AUD 781 2 20 -1 -1 0 16777217 16 780 266 780 0 16777216 0 0 0 0 0 0 0 4 781
AUD 782 1 20 375 -1 0 16777216 0 0 0 0 0 16777217 20 782 266 782 0 0 0 4 782
AUD 783 2 20 -1 -1 0 16777217 20 782 266 782 0 16777216 0 0 0 0 0 0 0 4 783
AUD 784 1 20 376 -1 0 16777216 0 0 0 0 0 16777217 86 784 331 784 0 0 0 4 784
AUD 785 2 20 -1 -1 0 16777217 86 784 331 784 0 16777216 0 0 0 0 0 0 0 4 785
AUD 786 1 20 377 -1 0 16777216 0 0 0 0 0 16777217 16 786 266 786 0 0 0 4 786
AUD 787 2 20 -1 -1 0 16777217 16 786 266 786 0 16777216 0 0 0 0 0 0 0 4 787
AUD 788 1 20 378 -1 0 16777216 0 0 0 0 0 16777217 20 788 266 788 0 0 0 4 788
AUD 789 2 20 -1 -1 0 16777217 20 788 266 788 0 16777216 0 0 0 0 0 0 0 4 789
AUD 790 1 20 379 -1 0 16777216 0 0 0 0 0 16777217 86 790 331 790 0 0 0 4 790
AUD 791 2 20 -1 -1 0 16777217 86 790 331 790 0 16777216 0 0 0 0 0 0 0 4 791
AUD 792 1 20 380 -1 0 16777216 0 0 0 0 0 16777217 16 792 266 792 0 0 0 4 792
AUD 793 2 20 -1 -1 0 16777217 16 792 266 792 0 16777216 0 0 0 0 0 0 0 4 793
AUD 794 1 20 381 -1 0 16777216 0 0 0 0 0 16777217 20 794 266 794 0 0 0 4 794
AUD 795 2 20 -1 -1 0 16777217 20 794 266 794 0 16777216 0 0 0 0 0 0 0 4 795
AUD 796 1 20 382 -1 0 16777216 0 0 0 0 0 16777217 18 796 266 796 0 0 0 4 796
AUD 797 2 20 -1 -1 0 16777217 18 796 266 796 0 16777216 0 0 0 0 0 0 0 4 797
AUD 798 1 20 383 -1 0 16777216 0 0 0 0 0 16777217 84 798 331 798 0 0 0 4 798
AUD 799 2 20 -1 -1 0 16777217 84 798 331 798 0 16777216 0 0 0 0 0 0 0 4 799
AUD 800 1 20 384 -1 0 16777216 0 0 0 0 0 16777217 20 800 266 800 0 0 0 4 800
AUD 801 2 20 -1 -1 0 16777217 20 800 266 800 0 16777216 0 0 0 0 0 0 0 4 801
AUD 802 1 20 385 -1 0 16777216 0 0 0 0 0 16777217 18 802 266 802 0 0 0 4 802
AUD 803 2 20 -1 -1 0 16777217 18 802 266 802 0 16777216 0 0 0 0 0 0 0 4 803
AUD 804 1 20 386 -1 0 16777216 0 0 0 0 0 16777217 84 804 331 804 0 0 0 4 804
AUD 805 2 20 -1 -1 0 16777217 84 804 331 804 0 16777216 0 0 0 0 0 0 0 4 805
AUD 806 1 20 387 -1 0 16777216 0 0 0 0 0 16777217 20 806 266 806 0 0 0 4 806
AUD 807 2 20 -1 -1 0 16777217 20 806 266 806 0 16777216 0 0 0 0 0 0 0 4 807
AUD 808 1 20 388 -1 0 16777216 0 0 0 0 0 16777217 18 808 266 808 0 0 0 4 808
AUD 809 2 20 -1 -1 0 16777217 18 808 266 808 0 16777216 0 0 0 0 0 0 0 4 809
AUD 810 1 20 389 -1 0 16777216 0 0 0 0 0 16777217 84 810 331 810 0 0 0 4 810
AUD 811 2 20 -1 -1 0 16777217 84 810 331 810 0 16777216 0 0 0 0 0 0 0 4 811
AUD 812 1 20 390 -1 0 16777216 0 0 0 0 0 16777217 20 812 266 812 0 0 0 4 812
AUD 813 2 20 -1 -1 0 16777217 20 812 266 812 0 16777216 0 0 0 0 0 0 0 4 813
AUD 814 1 20 391 -1 0 16777216 0 0 0 0 0 16777217 18 814 266 814 0 0 0 4 814
AUD 815 2 20 -1 -1 0 16777217 18 814 266 814 0 16777216 0 0 0 0 0 0 0 4 815
AUD 816 1 20 392 -1 0 16777216 0 0 0 0 0 16777217 16 816 266 816 0 0 0 4 816
AUD 817 2 20 -1 -1 0 16777217 16 816 266 816 0 16777216 0 0 0 0 0 0 0 4 817
AUD 818 1 20 393 -1 0 16777216 0 0 0 0 0 16777217 88 818 331 818 0 0 0 4 818
AUD 819 2 20 -1 -1 0 16777217 88 818 331 818 0 16777216 0 0 0 0 0 0 0 4 819
AUD 820 1 20 394 -1 0 16777216 0 0 0 0 0 16777217 18 820 266 820 0 0 0 4 820
AUD 821 2 20 -1 -1 0 16777217 18 820 266 820 0 16777216 0 0 0 0 0 0 0 4 821
AUD 822 1 20 395 -1 0 16777216 0 0 0 0 0 16777217 16 822 266 822 0 0 0 4 822
AUD 823 2 20 -1 -1 0 16777217 16 822 266 822 0 16777216 0 0 0 0 0 0 0 4 823
AUD 824 1 20 396 -1 0 16777216 0 0 0 0 0 16777217 88 824 331 824 0 0 0 4 824
AUD 825 2 20 -1 -1 0 16777217 88 824 331 824 0 16777216 0 0 0 0 0 0 0 4 825
AUD 826 1 20 397 -1 0 16777216 0 0 0 0 0 16777217 18 826 266 826 0 0 0 4 826
AUD 827 2 20 -1 -1 0 16777217 18 826 266 826 0 16777216 0 0 0 0 0 0 0 4 827
AUD 828 1 20 398 -1 0 16777216 0 0 0 0 0 16777217 16 828 266 828 0 0 0 4 828
AUD 829 2 20 -1 -1 0 16777217 16 828 266 828 0 16777216 0 0 0 0 0 0 0 4 829
AUD 830 1 20 399 -1 0 16777216 0 0 0 0 0 16777217 88 830 331 830 0 0 0 4 830
AUD 831 2 20 -1 -1 0 16777217 88 830 331 830 0 16777216 0 0 0 0 0 0 0 4 831
AUD 832 1 20 400 -1 0 16777216 0 0 0 0 0 16777217 18 832 266 832 0 0 0 4 832
AUD 833 2 20 -1 -1 0 16777217 18 832 266 832 0 16777216 0 0 0 0 0 0 0 4 833
AUD 834 1 20 401 -1 0 16777216 0 0 0 0 0 16777217 16 834 266 834 0 0 0 4 834
AUD 835 2 20 -1 -1 0 16777217 16 834 266 834 0 16777216 0 0 0 0 0 0 0 4 835
AUD 836 1 20 402 -1 0 16777216 0 0 0 0 0 16777217 20 836 266 836 0 0 0 4 836
AUD 837 2 20 -1 -1 0 16777217 20 836 266 836 0 16777216 0 0 0 0 0 0 0 4 837
AUD 838 1 20 403 -1 0 16777216 0 0 0 0 0 16777217 86 838 331 838 0 0 0 4 838
AUD 839 2 20 -1 -1 0 16777217 86 838 331 838 0 16777216 0 0 0 0 0 0 0 4 839
AUD 840 1 20 404 -1 0 16777216 0 0 0 0 0 16777217 16 840 266 840 0 0 0 4 840
AUD 841 2 20 -1 -1 0 16777217 16 840 266 840 0 16777216 0 0 0 0 0 0 0 4 841
AUD 842 1 20 405 -1 0 16777216 0 0 0 0 0 16777217 20 842 266 842 0 0 0 4 842
AUD 843 2 20 -1 -1 0 16777217 20 842 266 842 0 16777216 0 0 0 0 0 0 0 4 843
AUD 844 1 20 406 -1 0 16777216 0 0 0 0 0 16777217 86 844 331 844 0 0 0 4 844
AUD 845 2 20 -1 -1 0 16777217 86 844 331 844 0 16777216 0 0 0 0 0 0 0 4 845
AUD 846 1 20 407 -1 0 16777216 0 0 0 0 0 16777217 16 846 266 846 0 0 0 4 846
AUD 847 2 20 -1 -1 0 16777217 16 846 266 846 0 16777216 0 0 0 0 0 0 0 4 847
AUD 848 1 20 408 -1 0 16777216 0 0 0 0 0 16777217 20 848 266 848 0 0 0 4 848
AUD 849 2 20 -1 -1 0 16777217 20 848 266 848 0 16777216 0 0 0 0 0 0 0 4 849
AUD 850 1 20 409 -1 0 16777216 0 0 0 0 0 16777217 86 850 331 850 0 0 0 4 850
AUD 851 2 20 -1 -1 0 16777217 86 850 331 850 0 16777216 0 0 0 0 0 0 0 4 851
AUD 852 1 20 410 -1 0 16777216 0 0 0 0 0 16777217 16 852 266 852 0 0 0 4 852
AUD 853 2 20 -1 -1 0 16777217 16 852 266 852 0 16777216 0 0 0 0 0 0 0 4 853
AUD 854 1 20 411 -1 0 16777216 0 0 0 0 0 16777217 20 854 266 854 0 0 0 4 854
AUD 855 2 20 -1 -1 0 16777217 20 854 266 854 0 16777216 0 0 0 0 0 0 0 4 855
AUD 856 1 20 412 -1 0 16777216 0 0 0 0 0 16777217 18 856 266 856 0 0 0 4 856
AUD 857 2 20 -1 -1 0 16777217 18 856 266 856 0 16777216 0 0 0 0 0 0 0 4 857
AUD 858 1 20 413 -1 0 16777216 0 0 0 0 0 16777217 84 858 331 858 0 0 0 4 858
AUD 859 2 20 -1 -1 0 16777217 84 858 331 858 0 16777216 0 0 0 0 0 0 0 4 859
AUD 860 1 20 414 -1 0 16777216 0 0 0 0 0 16777217 20 860 266 860 0 0 0 4 860
AUD 861 2 20 -1 -1 0 16777217 20 860 266 860 0 16777216 0 0 0 0 0 0 0 4 861
AUD 862 1 20 415 -1 0 16777216 0 0 0 0 0 16777217 18 862 266 862 0 0 0 4 862
AUD 863 2 20 -1 -1 0 16777217 18 862 266 862 0 16777216 0 0 0 0 0 0 0 4 863
AUD 864 1 20 416 -1 0 16777216 0 0 0 0 0 16777217 84 864 331 864 0 0 0 4 864
AUD 865 2 20 -1 -1 0 16777217 84 864 331 864 0 16777216 0 0 0 0 0 0 0 4 865
AUD 866 1 20 417 -1 0 16777216 0 0 0 0 0 16777217 20 866 266 866 0 0 0 4 866
AUD 867 2 20 -1 -1 0 16777217 20 866 266 866 0 16777216 0 0 0 0 0 0 0 4 867
AUD 868 1 20 418 -1 0 16777216 0 0 0 0 0 16777217 18 868 266 868 0 0 0 4 868
AUD 869 2 20 -1 -1 0 16777217 18 868 266 868 0 16777216 0 0 0 0 0 0 0 4 869
AUD 870 1 20 419 -1 0 16777216 0 0 0 0 0 16777217 84 870 331 870 0 0 0 4 870
AUD 871 2 20 -1 -1 0 16777217 84 870 331 870 0 16777216 0 0 0 0 0 0 0 4 871
AUD 872 1 20 420 -1 0 16777216 0 0 0 0 0 16777217 20 872 266 872 0 0 0 4 872
AUD 873 2 20 -1 -1 0 16777217 20 872 266 872 0 16777216 0 0 0 0 0 0 0 4 873
AUD 874 1 20 421 -1 0 16777216 0 0 0 0 0 16777217 18 874 266 874 0 0 0 4 874
AUD 875 2 20 -1 -1 0 16777217 18 874 266 874 0 16777216 0 0 0 0 0 0 0 4 875
AUD 876 1 20 422 -1 0 16777216 0 0 0 0 0 16777217 16 876 266 876 0 0 0 4 876
AUD 877 2 20 -1 -1 0 16777217 16 876 266 876 0 16777216 0 0 0 0 0 0 0 4 877
AUD 878 1 20 423 -1 0 16777216 0 0 0 0 0 16777217 88 878 331 878 0 0 0 4 878
AUD 879 2 20 -1 -1 0 16777217 88 878 331 878 0 16777216 0 0 0 0 0 0 0 4 879
AUD 880 1 20 424 -1 0 16777216 0 0 0 0 0 16777217 18 880 266 880 0 0 0 4 880
AUD 881 2 20 -1 -1 0 16777217 18 880 266 880 0 16777216 0 0 0 0 0 0 0 4 881
AUD 882 1 20 425 -1 0 16777216 0 0 0 0 0 16777217 16 882 266 882 0 0 0 4 882
AUD 883 2 20 -1 -1 0 16777217 16 882 266 882 0 16777216 0 0 0 0 0 0 0 4 883
AUD 884 1 20 426 -1 0 16777216 0 0 0 0 0 16777217 88 884 331 884 0 0 0 4 884
AUD 885 2 20 -1 -1 0 16777217 88 884 331 884 0 16777216 0 0 0 0 0 0 0 4 885
AUD 886 1 20 427 -1 0 16777216 0 0 0 0 0 16777217 18 886 266 886 0 0 0 4 886
AUD 887 2 20 -1 -1 0 16777217 18 886 266 886 0 16777216 0 0 0 0 0 0 0 4 887
AUD 888 1 20 428 -1 0 16777216 0 0 0 0 0 16777217 16 888 266 888 0 0 0 4 888
AUD 889 2 20 -1 -1 0 16777217 16 888 266 888 0 16777216 0 0 0 0 0 0 0 4 889
AUD 890 1 20 429 -1 0 16777216 0 0 0 0 0 16777217 88 890 331 890 0 0 0 4 890
AUD 891 2 20 -1 -1 0 16777217 88 890 331 890 0 16777216 0 0 0 0 0 0 0 4 891
AUD 892 1 20 430 -1 0 16777216 0 0 0 0 0 16777217 18 892 266 892 0 0 0 4 892
AUD 893 2 20 -1 -1 0 16777217 18 892 266 892 0 16777216 0 0 0 0 0 0 0 4 893
AUD 894 1 20 431 -1 0 16777216 0 0 0 0 0 16777217 16 894 266 894 0 0 0 4 894
AUD 895 2 20 -1 -1 0 16777217 16 894 266 894 0 16777216 0 0 0 0 0 0 0 4 895
AUD 896 1 20 432 -1 0 16777216 0 0 0 0 0 16777217 20 896 266 896 0 0 0 4 896
AUD 897 2 20 -1 -1 0 16777217 20 896 266 896 0 16777216 0 0 0 0 0 0 0 4 897
AUD 898 1 20 433 -1 0 16777216 0 0 0 0 0 16777217 86 898 331 898 0 0 0 4 898
AUD 899 2 20 -1 -1 0 16777217 86 898 331 898 0 16777216 0 0 0 0 0 0 0 4 899
AUD 900 1 20 434 -1 0 16777216 0 0 0 0 0 16777217 16 900 266 900 0 0 0 4 900
AUD 901 2 20 -1 -1 0 16777217 16 900 266 900 0 16777216 0 0 0 0 0 0 0 4 901
AUD 902 1 20 435 -1 0 16777216 0 0 0 0 0 16777217 20 902 266 902 0 0 0 4 902
AUD 903 2 20 -1 -1 0 16777217 20 902 266 902 0 16777216 0 0 0 0 0 0 0 4 903
AUD 904 1 20 436 -1 0 16777216 0 0 0 0 0 16777217 86 904 331 904 0 0 0 4 904
AUD 905 2 20 -1 -1 0 16777217 86 904 331 904 0 16777216 0 0 0 0 0 0 0 4 905
AUD 906 1 20 437 -1 0 16777216 0 0 0 0 0 16777217 16 906 266 906 0 0 0 4 906
AUD 907 2 20 -1 -1 0 16777217 16 906 266 906 0 16777216 0 0 0 0 0 0 0 4 907
AUD 908 1 20 438 -1 0 16777216 0 0 0 0 0 16777217 20 908 266 908 0 0 0 4 908
AUD 909 2 20 -1 -1 0 16777217 20 908 266 908 0 16777216 0 0 0 0 0 0 0 4 909
AUD 910 1 20 439 -1 0 16777216 0 0 0 0 0 16777217 86 910 331 910 0 0 0 4 910
AUD 911 2 20 -1 -1 0 16777217 86 910 331 910 0 16777216 0 0 0 0 0 0 0 4 911
AUD 912 1 20 440 -1 0 16777216 0 0 0 0 0 16777217 16 912 266 912 0 0 0 4 912
AUD 913 2 20 -1 -1 0 16777217 16 912 266 912 0 16777216 0 0 0 0 0 0 0 4 913
AUD 914 1 20 441 -1 0 16777216 0 0 0 0 0 16777217 20 914 266 914 0 0 0 4 914
AUD 915 2 20 -1 -1 0 16777217 20 914 266 914 0 16777216 0 0 0 0 0 0 0 4 915
AUD 916 1 20 442 -1 0 16777216 0 0 0 0 0 16777217 18 916 266 916 0 0 0 4 916
AUD 917 2 20 -1 -1 0 16777217 18 916 266 916 0 16777216 0 0 0 0 0 0 0 4 917
AUD 918 1 20 443 -1 0 16777216 0 0 0 0 0 16777217 84 918 331 918 0 0 0 4 918
AUD 919 2 20 -1 -1 0 16777217 84 918 331 918 0 16777216 0 0 0 0 0 0 0 4 919
AUD 920 1 20 444 -1 0 16777216 0 0 0 0 0 16777217 20 920 266 920 0 0 0 4 920
AUD 921 2 20 -1 -1 0 16777217 20 920 266 920 0 16777216 0 0 0 0 0 0 0 4 921
AUD 922 1 20 445 -1 0 16777216 0 0 0 0 0 16777217 18 922 266 922 0 0 0 4 922
AUD 923 2 20 -1 -1 0 16777217 18 922 266 922 0 16777216 0 0 0 0 0 0 0 4 923
AUD 924 1 20 446 -1 0 16777216 0 0 0 0 0 16777217 84 924 331 924 0 0 0 4 924
AUD 925 2 20 -1 -1 0 16777217 84 924 331 924 0 16777216 0 0 0 0 0 0 0 4 925
AUD 926 1 20 447 -1 0 16777216 0 0 0 0 0 16777217 20 926 266 926 0 0 0 4 926
AUD 927 2 20 -1 -1 0 16777217 20 926 266 926 0 16777216 0 0 0 0 0 0 0 4 927
AUD 928 1 20 448 -1 0 16777216 0 0 0 0 0 16777217 18 928 266 928 0 0 0 4 928
AUD 929 2 20 -1 -1 0 16777217 18 928 266 928 0 16777216 0 0 0 0 0 0 0 4 929
AUD 930 1 20 449 -1 0 16777216 0 0 0 0 0 16777217 84 930 331 930 0 0 0 4 930
AUD 931 2 20 -1 -1 0 16777217 84 930 331 930 0 16777216 0 0 0 0 0 0 0 4 931
AUD 932 1 20 450 -1 0 16777216 0 0 0 0 0 16777217 20 932 266 932 0 0 0 4 932
AUD 933 2 20 -1 -1 0 16777217 20 932 266 932 0 16777216 0 0 0 0 0 0 0 4 933
AUD 934 1 20 451 -1 0 16777216 0 0 0 0 0 16777217 18 934 266 934 0 0 0 4 934
AUD 935 2 20 -1 -1 0 16777217 18 934 266 934 0 16777216 0 0 0 0 0 0 0 4 935
AUD 936 1 20 452 -1 0 16777216 0 0 0 0 0 16777217 16 936 266 936 0 0 0 4 936
AUD 937 2 20 -1 -1 0 16777217 16 936 266 936 0 16777216 0 0 0 0 0 0 0 4 937
AUD 938 1 20 453 -1 0 16777216 0 0 0 0 0 16777217 88 938 331 938 0 0 0 4 938
AUD 939 2 20 -1 -1 0 16777217 88 938 331 938 0 16777216 0 0 0 0 0 0 0 4 939
AUD 940 1 20 454 -1 0 16777216 0 0 0 0 0 16777217 18 940 266 940 0 0 0 4 940
AUD 941 2 20 -1 -1 0 16777217 18 940 266 940 0 16777216 0 0 0 0 0 0 0 4 941
AUD 942 1 20 455 -1 0 16777216 0 0 0 0 0 16777217 16 942 266 942 0 0 0 4 942
AUD 943 2 20 -1 -1 0 16777217 16 942 266 942 0 16777216 0 0 0 0 0 0 0 4 943
AUD 944 1 20 456 -1 0 16777216 0 0 0 0 0 16777217 88 944 331 944 0 0 0 4 944
AUD 945 2 20 -1 -1 0 16777217 88 944 331 944 0 16777216 0 0 0 0 0 0 0 4 945
AUD 946 1 20 457 -1 0 16777216 0 0 0 0 0 16777217 18 946 266 946 0 0 0 4 946
AUD 947 2 20 -1 -1 0 16777217 18 946 266 946 0 16777216 0 0 0 0 0 0 0 4 947
AUD 948 1 20 458 -1 0 16777216 0 0 0 0 0 16777217 16 948 266 948 0 0 0 4 948
AUD 949 2 20 -1 -1 0 16777217 16 948 266 948 0 16777216 0 0 0 0 0 0 0 4 949
AUD 950 1 20 459 -1 0 16777216 0 0 0 0 0 16777217 88 950 331 950 0 0 0 4 950
AUD 951 2 20 -1 -1 0 16777217 88 950 331 950 0 16777216 0 0 0 0 0 0 0 4 951
AUD 952 1 20 460 -1 0 16777216 0 0 0 0 0 16777217 18 952 266 952 0 0 0 4 952
AUD 953 2 20 -1 -1 0 16777217 18 952 266 952 0 16777216 0 0 0 0 0 0 0 4 953
AUD 954 1 20 461 -1 0 16777216 0 0 0 0 0 16777217 16 954 266 954 0 0 0 4 954
AUD 955 2 20 -1 -1 0 16777217 16 954 266 954 0 16777216 0 0 0 0 0 0 0 4 955
AUD 956 1 20 462 -1 0 16777216 0 0 0 0 0 16777217 20 956 266 956 0 0 0 4 956
AUD 957 2 20 -1 -1 0 16777217 20 956 266 956 0 16777216 0 0 0 0 0 0 0 4 957
AUD 958 1 20 463 -1 0 16777216 0 0 0 0 0 16777217 86 958 331 958 0 0 0 4 958
AUD 959 2 20 -1 -1 0 16777217 86 958 331 958 0 16777216 0 0 0 0 0 0 0 4 959
AUD 960 1 20 464 -1 0 16777216 0 0 0 0 0 16777217 16 960 266 960 0 0 0 4 960
AUD 961 2 20 -1 -1 0 16777217 16 960 266 960 0 16777216 0 0 0 0 0 0 0 4 961
AUD 962 1 20 465 -1 0 16777216 0 0 0 0 0 16777217 20 962 266 962 0 0 0 4 962
AUD 963 2 20 -1 -1 0 16777217 20 962 266 962 0 16777216 0 0 0 0 0 0 0 4 963
AUD 964 1 20 466 -1 0 16777216 0 0 0 0 0 16777217 86 964 331 964 0 0 0 4 964
AUD 965 2 20 -1 -1 0 16777217 86 964 331 964 0 16777216 0 0 0 0 0 0 0 4 965
AUD 966 1 20 467 -1 0 16777216 0 0 0 0 0 16777217 16 966 266 966 0 0 0 4 966
AUD 967 2 20 -1 -1 0 16777217 16 966 266 966 0 16777216 0 0 0 0 0 0 0 4 967
AUD 968 1 20 468 -1 0 16777216 0 0 0 0 0 16777217 20 968 266 968 0 0 0 4 968
AUD 969 2 20 -1 -1 0 16777217 20 968 266 968 0 16777216 0 0 0 0 0 0 0 4 969
AUD 970 1 20 469 -1 0 16777216 0 0 0 0 0 16777217 86 970 331 970 0 0 0 4 970
AUD 971 2 20 -1 -1 0 16777217 86 970 331 970 0 16777216 0 0 0 0 0 0 0 4 971
AUD 972 1 20 470 -1 0 16777216 0 0 0 0 0 16777217 16 972 266 972 0 0 0 4 972
AUD 973 2 20 -1 -1 0 16777217 16 972 266 972 0 16777216 0 0 0 0 0 0 0 4 973
AUD 974 1 20 471 -1 0 16777216 0 0 0 0 0 16777217 20 974 266 974 0 0 0 4 974
AUD 975 2 20 -1 -1 0 16777217 20 974 266 974 0 16777216 0 0 0 0 0 0 0 4 975
AUD 976 1 20 472 -1 0 16777216 0 0 0 0 0 16777217 18 976 266 976 0 0 0 4 976
AUD 977 2 20 -1 -1 0 16777217 18 976 266 976 0 16777216 0 0 0 0 0 0 0 4 977
AUD 978 1 20 473 -1 0 16777216 0 0 0 0 0 16777217 84 978 331 978 0 0 0 4 978
AUD 979 2 20 -1 -1 0 16777217 84 978 331 978 0 16777216 0 0 0 0 0 0 0 4 979
AUD 980 1 20 474 -1 0 16777216 0 0 0 0 0 16777217 20 980 266 980 0 0 0 4 980
AUD 981 2 20 -1 -1 0 16777217 20 980 266 980 0 16777216 0 0 0 0 0 0 0 4 981
AUD 982 1 20 475 -1 0 16777216 0 0 0 0 0 16777217 18 982 266 982 0 0 0 4 982
AUD 983 2 20 -1 -1 0 16777217 18 982 266 982 0 16777216 0 0 0 0 0 0 0 4 983
AUD 984 1 20 476 -1 0 16777216 0 0 0 0 0 16777217 84 984 331 984 0 0 0 4 984
AUD 985 2 20 -1 -1 0 16777217 84 984 331 984 0 16777216 0 0 0 0 0 0 0 4 985
AUD 986 1 20 477 -1 0 16777216 0 0 0 0 0 16777217 20 986 266 986 0 0 0 4 986
AUD 987 2 20 -1 -1 0 16777217 20 986 266 986 0 16777216 0 0 0 0 0 0 0 4 987
AUD 988 1 20 478 -1 0 16777216 0 0 0 0 0 16777217 18 988 266 988 0 0 0 4 988
AUD 989 2 20 -1 -1 0 16777217 18 988 266 988 0 16777216 0 0 0 0 0 0 0 4 989
AUD 990 1 20 479 -1 0 16777216 0 0 0 0 0 16777217 84 990 331 990 0 0 0 4 990
AUD 991 2 20 -1 -1 0 16777217 84 990 331 990 0 16777216 0 0 0 0 0 0 0 4 991
AUD 992 1 20 480 -1 0 16777216 0 0 0 0 0 16777217 20 992 266 992 0 0 0 4 992
AUD 993 2 20 -1 -1 0 16777217 20 992 266 992 0 16777216 0 0 0 0 0 0 0 4 993
AUD 994 1 20 481 -1 0 16777216 0 0 0 0 0 16777217 18 994 266 994 0 0 0 4 994
AUD 995 2 20 -1 -1 0 16777217 18 994 266 994 0 16777216 0 0 0 0 0 0 0 4 995
AUD 996 1 20 482 -1 0 16777216 0 0 0 0 0 16777217 16 996 266 996 0 0 0 4 996
AUD 997 2 20 -1 -1 0 16777217 16 996 266 996 0 16777216 0 0 0 0 0 0 0 4 997
AUD 998 1 20 483 -1 0 16777216 0 0 0 0 0 16777217 88 998 331 998 0 0 0 4 998
AUD 999 2 20 -1 -1 0 16777217 88 998 331 998 0 16777216 0 0 0 0 0 0 0 4 999
AUD 1000 1 20 484 -1 0 16777216 0 0 0 0 0 16777217 18 1000 266 1000 0 0 0 4 1000
AUD 1001 2 20 -1 -1 0 16777217 18 1000 266 1000 0 16777216 0 0 0 0 0 0 0 4 1001
AUD 1002 1 20 485 -1 0 16777216 0 0 0 0 0 16777217 16 1002 266 1002 0 0 0 4 1002
AUD 1003 2 20 -1 -1 0 16777217 16 1002 266 1002 0 16777216 0 0 0 0 0 0 0 4 1003
AUD 1004 1 20 486 -1 0 16777216 0 0 0 0 0 16777217 88 1004 331 1004 0 0 0 4 1004
AUD 1005 2 20 -1 -1 0 16777217 88 1004 331 1004 0 16777216 0 0 0 0 0 0 0 4 1005
AUD 1006 1 20 487 -1 0 16777216 0 0 0 0 0 16777217 18 1006 266 1006 0 0 0 4 1006
AUD 1007 2 20 -1 -1 0 16777217 18 1006 266 1006 0 16777216 0 0 0 0 0 0 0 4 1007
AUD 1008 1 20 488 -1 0 16777216 0 0 0 0 0 16777217 16 1008 266 1008 0 0 0 4 1008
AUD 1009 2 20 -1 -1 0 16777217 16 1008 266 1008 0 16777216 0 0 0 0 0 0 0 4 1009
AUD 1010 1 20 489 -1 0 16777216 0 0 0 0 0 16777217 88 1010 331 1010 0 0 0 4 1010
AUD 1011 2 20 -1 -1 0 16777217 88 1010 331 1010 0 16777216 0 0 0 0 0 0 0 4 1011
AUD 1012 1 20 490 -1 0 16777216 0 0 0 0 0 16777217 18 1012 266 1012 0 0 0 4 1012
AUD 1013 2 20 -1 -1 0 16777217 18 1012 266 1012 0 16777216 0 0 0 0 0 0 0 4 1013
AUD 1014 1 20 491 -1 0 16777216 0 0 0 0 0 16777217 16 1014 266 1014 0 0 0 4 1014
AUD 1015 2 20 -1 -1 0 16777217 16 1014 266 1014 0 16777216 0 0 0 0 0 0 0 4 1015
AUD 1016 1 20 492 -1 0 16777216 0 0 0 0 0 16777217 20 1016 266 1016 0 0 0 4 1016
AUD 1017 2 20 -1 -1 0 16777217 20 1016 266 1016 0 16777216 0 0 0 0 0 0 0 4 1017
AUD 1018 1 20 493 -1 0 16777216 0 0 0 0 0 16777217 86 1018 331 1018 0 0 0 4 1018
AUD 1019 2 20 -1 -1 0 16777217 86 1018 331 1018 0 16777216 0 0 0 0 0 0 0 4 1019
AUD 1020 1 20 494 -1 0 16777216 0 0 0 0 0 16777217 16 1020 266 1020 0 0 0 4 1020
AUD 1021 2 20 -1 -1 0 16777217 16 1020 266 1020 0 16777216 0 0 0 0 0 0 0 4 1021
AUD 1022 1 20 495 -1 0 16777216 0 0 0 0 0 16777217 20 1022 266 1022 0 0 0 4 1022
AUD 1023 2 20 -1 -1 0 16777217 20 1022 266 1022 0 16777216 0 0 0 0 0 0 0 4 1023
AUD 1024 1 20 496 -1 0 16777216 0 0 0 0 0 16777217 86 1024 331 1024 0 0 0 4 1024
AUD 1025 2 20 -1 -1 0 16777217 86 1024 331 1024 0 16777216 0 0 0 0 0 0 0 4 1025
AUD 1026 1 20 497 -1 0 16777216 0 0 0 0 0 16777217 16 1026 266 1026 0 0 0 4 1026
AUD 1027 2 20 -1 -1 0 16777217 16 1026 266 1026 0 16777216 0 0 0 0 0 0 0 4 1027
AUD 1028 1 20 498 -1 0 16777216 0 0 0 0 0 16777217 20 1028 266 1028 0 0 0 4 1028
AUD 1029 2 20 -1 -1 0 16777217 20 1028 266 1028 0 16777216 0 0 0 0 0 0 0 4 1029
AUD 1030 1 20 499 -1 0 16777216 0 0 0 0 0 16777217 86 1030 331 1030 0 0 0 4 1030
AUD_DONE 1031
AUD_FP -1123953103
