AUD 0 1 0 -1 -1 0 0 0 0 0 0 0 65537 95 0 0 0 0 0 0 0 0
AUD 1 1 1 -1 -1 0 0 0 0 0 0 0 65537 90 1 0 1 0 0 0 0 1
AUD 2 8 -1 4 -1 0 0 0 0 0 0 0 0 0 0 0 0 0 0 0 4 2
AUD 3 1 2 0 -1 0 0 0 0 0 0 0 16777217 16 3 266 3 0 0 0 4 3
AUD 4 1 3 1 -1 0 0 0 0 0 0 0 16777217 20 4 266 4 0 0 0 4 4
AUD 5 1 4 2 -1 0 0 0 0 0 0 0 16777217 86 5 331 5 0 0 0 4 5
AUD 6 1 5 3 -1 0 0 0 0 0 0 0 16777217 16 6 266 6 0 0 0 4 6
AUD 7 1 6 4 -1 0 0 0 0 0 0 0 16777217 20 7 266 7 0 0 0 4 7
AUD 8 1 7 5 -1 0 0 0 0 0 0 0 16777217 86 8 331 8 0 0 0 4 8
AUD 9 1 8 6 -1 0 0 0 0 0 0 0 16777217 16 9 266 9 0 0 0 4 9
AUD 10 1 9 7 -1 0 0 0 0 0 0 0 16777217 20 10 266 10 0 0 0 4 10
AUD 11 1 10 8 -1 0 0 0 0 0 0 0 16777217 86 11 331 11 0 0 0 4 11
AUD 12 14 10 8 80 0 16777217 86 11 331 11 0 16777217 86 11 592 12 0 1 7 4 12
AUD 13 1 11 9 -1 0 0 0 0 0 0 0 16777217 16 13 266 13 0 0 0 4 13
AUD 14 1 12 10 -1 0 0 0 0 0 0 0 16777217 20 14 266 14 0 0 0 4 14
AUD 15 1 13 11 -1 0 0 0 0 0 0 0 16777217 18 15 266 15 0 0 0 4 15
AUD 16 1 14 12 -1 0 0 0 0 0 0 0 16777217 84 16 331 16 0 0 0 4 16
AUD 17 1 15 13 -1 0 0 0 0 0 0 0 16777217 20 17 266 17 0 0 0 4 17
AUD 18 1 16 14 -1 0 0 0 0 0 0 0 16777217 18 18 266 18 0 0 0 4 18
AUD 19 1 17 15 -1 0 0 0 0 0 0 0 16777217 84 19 331 19 0 0 0 4 19
AUD 20 1 18 16 -1 0 0 0 0 0 0 0 16777217 20 20 266 20 0 0 0 4 20
AUD 21 1 19 17 -1 0 0 0 0 0 0 0 16777217 18 21 266 21 0 0 0 4 21
AUD 22 1 20 18 -1 0 0 0 0 0 0 0 16777217 84 22 331 22 0 0 0 4 22
AUD 23 1 21 19 -1 0 0 0 0 0 0 0 16777217 20 23 266 23 0 0 0 4 23
AUD 24 1 22 20 -1 0 0 0 0 0 0 0 16777217 18 24 266 24 0 0 0 4 24
AUD 25 1 23 21 -1 0 0 0 0 0 0 0 16777217 16 25 266 25 0 0 0 4 25
AUD 26 1 24 22 -1 0 0 0 0 0 0 0 16777217 88 26 331 26 0 0 0 4 26
AUD 27 1 25 23 -1 0 0 0 0 0 0 0 16777217 18 27 266 27 0 0 0 4 27
AUD 28 1 26 24 -1 0 0 0 0 0 0 0 16777217 16 28 266 28 0 0 0 4 28
AUD 29 1 27 25 -1 0 0 0 0 0 0 0 16777217 88 29 331 29 0 0 0 4 29
AUD 30 1 28 26 -1 0 0 0 0 0 0 0 16777217 18 30 266 30 0 0 0 4 30
AUD 31 12 4 -1 1 0 16777217 86 5 331 5 0 16777217 86 5 336 31 0 0 0 4 31
AUD 32 1 29 27 -1 0 0 0 0 0 0 0 16777217 16 32 266 32 0 0 0 4 32
AUD 33 1 30 28 -1 0 0 0 0 0 0 0 16777217 88 33 331 33 0 0 0 4 33
AUD 34 1 31 29 -1 0 0 0 0 0 0 0 16777217 18 34 266 34 0 0 0 4 34
AUD 35 12 7 -1 1 0 16777217 86 8 331 8 0 16777217 86 8 336 35 0 0 0 4 35
AUD 36 2 2 -1 -1 0 16777217 16 3 266 3 0 16777216 0 0 0 0 0 0 0 4 36
AUD 37 1 2 30 -1 0 16777216 0 0 0 0 0 16777217 16 37 266 37 0 0 0 4 37
AUD 38 2 2 -1 -1 0 16777217 16 37 266 37 0 16777216 0 0 0 0 0 0 0 4 38
AUD 39 1 2 31 -1 0 16777216 0 0 0 0 0 16777217 20 39 266 39 0 0 0 4 39
AUD 40 2 5 -1 -1 0 16777217 16 6 266 6 0 16777216 0 0 0 0 0 0 0 4 40
AUD 41 1 5 32 -1 0 16777216 0 0 0 0 0 16777217 86 41 331 41 0 0 0 4 41
AUD 42 12 10 -1 1 0 16777217 86 11 592 12 0 16777217 86 11 336 42 0 0 0 4 42
AUD 43 2 8 -1 -1 0 16777217 16 9 266 9 0 16777216 0 0 0 0 0 0 0 4 43
AUD 44 1 8 33 -1 0 16777216 0 0 0 0 0 16777217 16 44 266 44 0 0 0 4 44
AUD 45 2 8 -1 -1 0 16777217 16 44 266 44 0 16777216 0 0 0 0 0 0 0 4 45
AUD 46 1 8 34 -1 0 16777216 0 0 0 0 0 16777217 20 46 266 46 0 0 0 4 46
AUD 47 2 11 -1 -1 0 16777217 16 13 266 13 0 16777216 0 0 0 0 0 0 0 4 47
AUD 48 1 11 35 -1 0 16777216 0 0 0 0 0 16777217 86 48 331 48 0 0 0 4 48
AUD 49 2 23 -1 -1 0 16777217 16 25 266 25 0 16777216 0 0 0 0 0 0 0 4 49
AUD 50 1 23 36 -1 0 16777216 0 0 0 0 0 16777217 16 50 266 50 0 0 0 4 50
AUD 51 12 14 -1 1 0 16777217 84 16 331 16 0 16777217 84 16 336 51 0 0 0 4 51
AUD 52 2 23 -1 -1 0 16777217 16 50 266 50 0 16777216 0 0 0 0 0 0 0 4 52
AUD 53 1 23 37 -1 0 16777216 0 0 0 0 0 16777217 20 53 266 53 0 0 0 4 53
AUD 54 2 26 -1 -1 0 16777217 16 28 266 28 0 16777216 0 0 0 0 0 0 0 4 54
AUD 55 1 26 38 -1 0 16777216 0 0 0 0 0 16777217 86 55 331 55 0 0 0 4 55
AUD 56 2 29 -1 -1 0 16777217 16 32 266 32 0 16777216 0 0 0 0 0 0 0 4 56
AUD 57 1 29 39 -1 0 16777216 0 0 0 0 0 16777217 16 57 266 57 0 0 0 4 57
AUD 58 12 17 -1 1 0 16777217 84 19 331 19 0 16777217 84 19 336 58 0 0 0 4 58
AUD 59 2 29 -1 -1 0 16777217 16 57 266 57 0 16777216 0 0 0 0 0 0 0 4 59
AUD 60 1 29 40 -1 0 16777216 0 0 0 0 0 16777217 20 60 266 60 0 0 0 4 60
AUD 61 2 13 -1 -1 0 16777217 18 15 266 15 0 16777216 0 0 0 0 0 0 0 4 61
AUD 62 1 13 41 -1 0 16777216 0 0 0 0 0 16777217 18 62 266 62 0 0 0 4 62
AUD 63 2 13 -1 -1 0 16777217 18 62 266 62 0 16777216 0 0 0 0 0 0 0 4 63
AUD 64 1 13 42 -1 0 16777216 0 0 0 0 0 16777217 84 64 331 64 0 0 0 4 64
AUD 65 12 20 -1 1 0 16777217 84 22 331 22 0 16777217 84 22 336 65 0 0 0 4 65
AUD 66 2 16 -1 -1 0 16777217 18 18 266 18 0 16777216 0 0 0 0 0 0 0 4 66
AUD 67 1 16 43 -1 0 16777216 0 0 0 0 0 16777217 20 67 266 67 0 0 0 4 67
AUD 68 2 19 -1 -1 0 16777217 18 21 266 21 0 16777216 0 0 0 0 0 0 0 4 68
AUD 69 1 19 44 -1 0 16777216 0 0 0 0 0 16777217 18 69 266 69 0 0 0 4 69
AUD 70 2 19 -1 -1 0 16777217 18 69 266 69 0 16777216 0 0 0 0 0 0 0 4 70
AUD 71 1 19 45 -1 0 16777216 0 0 0 0 0 16777217 84 71 331 71 0 0 0 4 71
AUD 72 2 22 -1 -1 0 16777217 18 24 266 24 0 16777216 0 0 0 0 0 0 0 4 72
AUD 73 1 22 46 -1 0 16777216 0 0 0 0 0 16777217 20 73 266 73 0 0 0 4 73
AUD 74 12 24 -1 1 0 16777217 88 26 331 26 0 16777217 88 26 336 74 0 0 0 4 74
AUD 75 2 25 -1 -1 0 16777217 18 27 266 27 0 16777216 0 0 0 0 0 0 0 4 75
AUD 76 1 25 47 -1 0 16777216 0 0 0 0 0 16777217 18 76 266 76 0 0 0 4 76
AUD 77 2 25 -1 -1 0 16777217 18 76 266 76 0 16777216 0 0 0 0 0 0 0 4 77
AUD 78 1 25 48 -1 0 16777216 0 0 0 0 0 16777217 84 78 331 78 0 0 0 4 78
AUD 79 2 28 -1 -1 0 16777217 18 30 266 30 0 16777216 0 0 0 0 0 0 0 4 79
AUD 80 1 28 49 -1 0 16777216 0 0 0 0 0 16777217 20 80 266 80 0 0 0 4 80
AUD 81 12 27 -1 1 0 16777217 88 29 331 29 0 16777217 88 29 336 81 0 0 0 4 81
AUD 82 2 31 -1 -1 0 16777217 18 34 266 34 0 16777216 0 0 0 0 0 0 0 4 82
AUD 83 1 31 50 -1 0 16777216 0 0 0 0 0 16777217 18 83 266 83 0 0 0 4 83
AUD 84 2 31 -1 -1 0 16777217 18 83 266 83 0 16777216 0 0 0 0 0 0 0 4 84
AUD 85 1 31 51 -1 0 16777216 0 0 0 0 0 16777217 16 85 266 85 0 0 0 4 85
AUD 86 12 4 -1 2 0 16777217 86 5 336 31 0 16777217 86 5 346 86 0 0 0 4 86
AUD 87 2 31 -1 -1 0 16777217 16 85 266 85 0 16777216 0 0 0 0 0 0 0 4 87
AUD 88 1 31 52 -1 0 16777216 0 0 0 0 0 16777217 88 88 331 88 0 0 0 4 88
AUD 89 12 30 -1 1 0 16777217 88 33 331 33 0 16777217 88 33 336 89 0 0 0 4 89
AUD 90 2 2 -1 -1 0 16777217 20 39 266 39 0 16777216 0 0 0 0 0 0 0 4 90
AUD 91 1 2 53 -1 0 16777216 0 0 0 0 0 16777217 18 91 266 91 0 0 0 4 91
AUD 92 2 2 -1 -1 0 16777217 18 91 266 91 0 16777216 0 0 0 0 0 0 0 4 92
AUD 93 1 2 54 -1 0 16777216 0 0 0 0 0 16777217 16 93 266 93 0 0 0 4 93
AUD 94 12 7 -1 2 0 16777217 86 8 336 35 0 16777217 86 8 346 94 0 0 0 4 94
AUD 95 2 2 -1 -1 0 16777217 16 93 266 93 0 16777216 0 0 0 0 0 0 0 4 95
AUD 96 1 2 55 -1 0 16777216 0 0 0 0 0 16777217 88 96 331 96 0 0 0 4 96
AUD 97 2 3 -1 -1 0 16777217 20 4 266 4 0 16777216 0 0 0 0 0 0 0 4 97
AUD 98 1 3 56 -1 0 16777216 0 0 0 0 0 16777217 18 98 266 98 0 0 0 4 98
AUD 99 12 5 -1 1 0 16777217 86 41 331 41 0 16777217 86 41 336 99 0 0 0 4 99
AUD 100 2 3 -1 -1 0 16777217 18 98 266 98 0 16777216 0 0 0 0 0 0 0 4 100
AUD 101 1 3 57 -1 0 16777216 0 0 0 0 0 16777217 16 101 266 101 0 0 0 4 101
AUD 102 12 10 -1 2 0 16777217 86 11 336 42 0 16777217 86 11 346 102 0 0 0 4 102
AUD 103 2 3 -1 -1 0 16777217 16 101 266 101 0 16777216 0 0 0 0 0 0 0 4 103
AUD 104 1 3 58 -1 0 16777216 0 0 0 0 0 16777217 88 104 331 104 0 0 0 4 104
AUD 105 14 3 58 80 0 16777217 88 104 331 104 0 16777217 88 104 592 105 0 1 7 4 105
AUD 106 2 6 -1 -1 0 16777217 20 7 266 7 0 16777216 0 0 0 0 0 0 0 4 106
AUD 107 1 6 59 -1 0 16777216 0 0 0 0 0 16777217 18 107 266 107 0 0 0 4 107
AUD 108 12 11 -1 1 0 16777217 86 48 331 48 0 16777217 86 48 336 108 0 0 0 4 108
AUD 109 2 6 -1 -1 0 16777217 18 107 266 107 0 16777216 0 0 0 0 0 0 0 4 109
AUD 110 1 6 60 -1 0 16777216 0 0 0 0 0 16777217 16 110 266 110 0 0 0 4 110
AUD 111 2 6 -1 -1 0 16777217 16 110 266 110 0 16777216 0 0 0 0 0 0 0 4 111
AUD 112 1 6 61 -1 0 16777216 0 0 0 0 0 16777217 20 112 266 112 0 0 0 4 112
AUD 113 12 14 -1 2 0 16777217 84 16 336 51 0 16777217 84 16 346 113 0 0 0 4 113
AUD 114 2 6 -1 -1 0 16777217 20 112 266 112 0 16777216 0 0 0 0 0 0 0 4 114
AUD 115 1 6 62 -1 0 16777216 0 0 0 0 0 16777217 86 115 331 115 0 0 0 4 115
AUD 116 12 26 -1 1 0 16777217 86 55 331 55 0 16777217 86 55 336 116 0 0 0 4 116
AUD 117 2 8 -1 -1 0 16777217 20 46 266 46 0 16777216 0 0 0 0 0 0 0 4 117
AUD 118 1 8 63 -1 0 16777216 0 0 0 0 0 16777217 16 118 266 118 0 0 0 4 118
AUD 119 2 8 -1 -1 0 16777217 16 118 266 118 0 16777216 0 0 0 0 0 0 0 4 119
AUD 120 1 8 64 -1 0 16777216 0 0 0 0 0 16777217 20 120 266 120 0 0 0 4 120
AUD 121 12 17 -1 2 0 16777217 84 19 336 58 0 16777217 84 19 346 121 0 0 0 4 121
AUD 122 2 8 -1 -1 0 16777217 20 120 266 120 0 16777216 0 0 0 0 0 0 0 4 122
AUD 123 1 8 65 -1 0 16777216 0 0 0 0 0 16777217 86 123 331 123 0 0 0 4 123
AUD 124 2 9 -1 -1 0 16777217 20 10 266 10 0 16777216 0 0 0 0 0 0 0 4 124
AUD 125 1 9 66 -1 0 16777216 0 0 0 0 0 16777217 16 125 266 125 0 0 0 4 125
AUD 126 12 13 -1 1 0 16777217 84 64 331 64 0 16777217 84 64 336 126 0 0 0 4 126
AUD 127 2 9 -1 -1 0 16777217 16 125 266 125 0 16777216 0 0 0 0 0 0 0 4 127
AUD 128 1 9 67 -1 0 16777216 0 0 0 0 0 16777217 20 128 266 128 0 0 0 4 128
AUD 129 12 20 -1 2 0 16777217 84 22 336 65 0 16777217 84 22 346 129 0 0 0 4 129
AUD 130 2 9 -1 -1 0 16777217 20 128 266 128 0 16777216 0 0 0 0 0 0 0 4 130
AUD 131 1 9 68 -1 0 16777216 0 0 0 0 0 16777217 86 131 331 131 0 0 0 4 131
AUD 132 2 12 -1 -1 0 16777217 20 14 266 14 0 16777216 0 0 0 0 0 0 0 4 132
AUD 133 1 12 69 -1 0 16777216 0 0 0 0 0 16777217 16 133 266 133 0 0 0 4 133
AUD 134 12 19 -1 1 0 16777217 84 71 331 71 0 16777217 84 71 336 134 0 0 0 4 134
AUD 135 2 12 -1 -1 0 16777217 16 133 266 133 0 16777216 0 0 0 0 0 0 0 4 135
AUD 136 1 12 70 -1 0 16777216 0 0 0 0 0 16777217 20 136 266 136 0 0 0 4 136
AUD 137 2 12 -1 -1 0 16777217 20 136 266 136 0 16777216 0 0 0 0 0 0 0 4 137
AUD 138 1 12 71 -1 0 16777216 0 0 0 0 0 16777217 18 138 266 138 0 0 0 4 138
AUD 139 12 24 -1 2 0 16777217 88 26 336 74 0 16777217 88 26 346 139 0 0 0 4 139
AUD 140 2 12 -1 -1 0 16777217 18 138 266 138 0 16777216 0 0 0 0 0 0 0 4 140
AUD 141 1 12 72 -1 0 16777216 0 0 0 0 0 16777217 84 141 331 141 0 0 0 4 141
AUD 142 12 25 -1 1 0 16777217 84 78 331 78 0 16777217 84 78 336 142 0 0 0 4 142
AUD 143 2 15 -1 -1 0 16777217 20 17 266 17 0 16777216 0 0 0 0 0 0 0 4 143
AUD 144 1 15 73 -1 0 16777216 0 0 0 0 0 16777217 20 144 266 144 0 0 0 4 144
AUD 145 2 15 -1 -1 0 16777217 20 144 266 144 0 16777216 0 0 0 0 0 0 0 4 145
AUD 146 1 15 74 -1 0 16777216 0 0 0 0 0 16777217 18 146 266 146 0 0 0 4 146
AUD 147 12 27 -1 2 0 16777217 88 29 336 81 0 16777217 88 29 346 147 0 0 0 4 147
AUD 148 2 15 -1 -1 0 16777217 18 146 266 146 0 16777216 0 0 0 0 0 0 0 4 148
AUD 149 1 15 75 -1 0 16777216 0 0 0 0 0 16777217 84 149 331 149 0 0 0 4 149
AUD 150 2 16 -1 -1 0 16777217 20 67 266 67 0 16777216 0 0 0 0 0 0 0 4 150
AUD 151 1 16 76 -1 0 16777216 0 0 0 0 0 16777217 20 151 266 151 0 0 0 4 151
AUD 152 12 31 -1 1 0 16777217 88 88 331 88 0 16777217 88 88 336 152 0 0 0 4 152
AUD 153 2 16 -1 -1 0 16777217 20 151 266 151 0 16777216 0 0 0 0 0 0 0 4 153
AUD 154 1 16 77 -1 0 16777216 0 0 0 0 0 16777217 18 154 266 154 0 0 0 4 154
AUD 155 12 30 -1 2 0 16777217 88 33 336 89 0 16777217 88 33 346 155 0 0 0 4 155
AUD 156 2 16 -1 -1 0 16777217 18 154 266 154 0 16777216 0 0 0 0 0 0 0 4 156
AUD 157 1 16 78 -1 0 16777216 0 0 0 0 0 16777217 84 157 331 157 0 0 0 4 157
AUD 158 2 18 -1 -1 0 16777217 20 20 266 20 0 16777216 0 0 0 0 0 0 0 4 158
AUD 159 1 18 79 -1 0 16777216 0 0 0 0 0 16777217 20 159 266 159 0 0 0 4 159
AUD 160 12 2 -1 1 0 16777217 88 96 331 96 0 16777217 88 96 336 160 0 0 0 4 160
AUD 161 2 18 -1 -1 0 16777217 20 159 266 159 0 16777216 0 0 0 0 0 0 0 4 161
AUD 162 1 18 80 -1 0 16777216 0 0 0 0 0 16777217 18 162 266 162 0 0 0 4 162
AUD 163 2 18 -1 -1 0 16777217 18 162 266 162 0 16777216 0 0 0 0 0 0 0 4 163
AUD 164 1 18 81 -1 0 16777216 0 0 0 0 0 16777217 16 164 266 164 0 0 0 4 164
AUD 165 12 5 -1 2 0 16777217 86 41 336 99 0 16777217 86 41 346 165 0 0 0 4 165
AUD 166 2 18 -1 -1 0 16777217 16 164 266 164 0 16777216 0 0 0 0 0 0 0 4 166
AUD 167 1 18 82 -1 0 16777216 0 0 0 0 0 16777217 88 167 331 167 0 0 0 4 167
AUD 168 12 3 -1 1 0 16777217 88 104 592 105 0 16777217 88 104 336 168 0 0 0 4 168
AUD 169 2 21 -1 -1 0 16777217 20 23 266 23 0 16777216 0 0 0 0 0 0 0 4 169
AUD 170 1 21 83 -1 0 16777216 0 0 0 0 0 16777217 18 170 266 170 0 0 0 4 170
AUD 171 2 21 -1 -1 0 16777217 18 170 266 170 0 16777216 0 0 0 0 0 0 0 4 171
AUD 172 1 21 84 -1 0 16777216 0 0 0 0 0 16777217 16 172 266 172 0 0 0 4 172
AUD 173 12 11 -1 2 0 16777217 86 48 336 108 0 16777217 86 48 346 173 0 0 0 4 173
AUD 174 2 21 -1 -1 0 16777217 16 172 266 172 0 16777216 0 0 0 0 0 0 0 4 174
AUD 175 1 21 85 -1 0 16777216 0 0 0 0 0 16777217 88 175 331 175 0 0 0 4 175
AUD 176 2 22 -1 -1 0 16777217 20 73 266 73 0 16777216 0 0 0 0 0 0 0 4 176
AUD 177 1 22 86 -1 0 16777216 0 0 0 0 0 16777217 18 177 266 177 0 0 0 4 177
AUD 178 12 6 -1 1 0 16777217 86 115 331 115 0 16777217 86 115 336 178 0 0 0 4 178
AUD 179 2 22 -1 -1 0 16777217 18 177 266 177 0 16777216 0 0 0 0 0 0 0 4 179
AUD 180 1 22 87 -1 0 16777216 0 0 0 0 0 16777217 16 180 266 180 0 0 0 4 180
AUD 181 12 26 -1 2 0 16777217 86 55 336 116 0 16777217 86 55 346 181 0 0 0 4 181
AUD 182 2 22 -1 -1 0 16777217 16 180 266 180 0 16777216 0 0 0 0 0 0 0 4 182
AUD 183 1 22 88 -1 0 16777216 0 0 0 0 0 16777217 88 183 331 183 0 0 0 4 183
AUD 184 2 23 -1 -1 0 16777217 20 53 266 53 0 16777216 0 0 0 0 0 0 0 4 184
AUD 185 1 23 89 -1 0 16777216 0 0 0 0 0 16777217 18 185 266 185 0 0 0 4 185
AUD 186 12 8 -1 1 0 16777217 86 123 331 123 0 16777217 86 123 336 186 0 0 0 4 186
AUD 187 2 23 -1 -1 0 16777217 18 185 266 185 0 16777216 0 0 0 0 0 0 0 4 187
AUD 188 1 23 90 -1 0 16777216 0 0 0 0 0 16777217 16 188 266 188 0 0 0 4 188
AUD 189 2 23 -1 -1 0 16777217 16 188 266 188 0 16777216 0 0 0 0 0 0 0 4 189
AUD 190 1 23 91 -1 0 16777216 0 0 0 0 0 16777217 20 190 266 190 0 0 0 4 190
AUD 191 12 13 -1 2 0 16777217 84 64 336 126 0 16777217 84 64 346 191 0 0 0 4 191
AUD 192 2 23 -1 -1 0 16777217 20 190 266 190 0 16777216 0 0 0 0 0 0 0 4 192
AUD 193 1 23 92 -1 0 16777216 0 0 0 0 0 16777217 86 193 331 193 0 0 0 4 193
AUD 194 12 9 -1 1 0 16777217 86 131 331 131 0 16777217 86 131 336 194 0 0 0 4 194
AUD 195 2 28 -1 -1 0 16777217 20 80 266 80 0 16777216 0 0 0 0 0 0 0 4 195
AUD 196 1 28 93 -1 0 16777216 0 0 0 0 0 16777217 16 196 266 196 0 0 0 4 196
AUD 197 2 28 -1 -1 0 16777217 16 196 266 196 0 16777216 0 0 0 0 0 0 0 4 197
AUD 198 1 28 94 -1 0 16777216 0 0 0 0 0 16777217 20 198 266 198 0 0 0 4 198
AUD 199 12 19 -1 2 0 16777217 84 71 336 134 0 16777217 84 71 346 199 0 0 0 4 199
AUD 200 2 28 -1 -1 0 16777217 20 198 266 198 0 16777216 0 0 0 0 0 0 0 4 200
AUD 201 1 28 95 -1 0 16777216 0 0 0 0 0 16777217 86 201 331 201 0 0 0 4 201
AUD 202 2 29 -1 -1 0 16777217 20 60 266 60 0 16777216 0 0 0 0 0 0 0 4 202
AUD 203 1 29 96 -1 0 16777216 0 0 0 0 0 16777217 16 203 266 203 0 0 0 4 203
AUD 204 12 12 -1 1 0 16777217 84 141 331 141 0 16777217 84 141 336 204 0 0 0 4 204
AUD 205 2 29 -1 -1 0 16777217 16 203 266 203 0 16777216 0 0 0 0 0 0 0 4 205
AUD 206 1 29 97 -1 0 16777216 0 0 0 0 0 16777217 20 206 266 206 0 0 0 4 206
AUD 207 12 25 -1 2 0 16777217 84 78 336 142 0 16777217 84 78 346 207 0 0 0 4 207
AUD 208 2 29 -1 -1 0 16777217 20 206 266 206 0 16777216 0 0 0 0 0 0 0 4 208
AUD 209 1 29 98 -1 0 16777216 0 0 0 0 0 16777217 86 209 331 209 0 0 0 4 209
AUD 210 2 15 -1 -1 0 16777217 84 149 331 149 0 16777216 0 0 0 0 0 0 0 4 210
AUD 211 1 15 99 -1 0 16777216 0 0 0 0 0 16777217 16 211 266 211 0 0 0 4 211
AUD 212 2 15 -1 -1 0 16777217 16 211 266 211 0 16777216 0 0 0 0 0 0 0 4 212
AUD 213 1 15 100 -1 0 16777216 0 0 0 0 0 16777217 20 213 266 213 0 0 0 4 213
AUD 214 2 15 -1 -1 0 16777217 20 213 266 213 0 16777216 0 0 0 0 0 0 0 4 214
AUD 215 2 16 -1 -1 0 16777217 84 157 331 157 0 16777216 0 0 0 0 0 0 0 4 215
AUD 216 1 15 101 -1 0 16777216 0 0 0 0 0 16777217 18 216 266 216 0 0 0 4 216
AUD 217 12 31 -1 2 0 16777217 88 88 336 152 0 16777217 88 88 346 217 0 0 0 4 217
AUD 218 1 16 102 -1 0 16777216 0 0 0 0 0 16777217 84 218 331 218 0 0 0 4 218
AUD 219 2 15 -1 -1 0 16777217 18 216 266 216 0 16777216 0 0 0 0 0 0 0 4 219
AUD 220 1 15 103 -1 0 16777216 0 0 0 0 0 16777217 20 220 266 220 0 0 0 4 220
AUD 221 2 15 -1 -1 0 16777217 20 220 266 220 0 16777216 0 0 0 0 0 0 0 4 221
AUD 222 1 15 104 -1 0 16777216 0 0 0 0 0 16777217 18 222 266 222 0 0 0 4 222
AUD 223 12 2 -1 2 0 16777217 88 96 336 160 0 16777217 88 96 346 223 0 0 0 4 223
AUD 224 2 15 -1 -1 0 16777217 18 222 266 222 0 16777216 0 0 0 0 0 0 0 4 224
AUD 225 1 15 105 -1 0 16777216 0 0 0 0 0 16777217 84 225 331 225 0 0 0 4 225
AUD 226 2 15 -1 -1 0 16777217 84 225 331 225 0 16777216 0 0 0 0 0 0 0 4 226
AUD 227 1 15 106 -1 0 16777216 0 0 0 0 0 16777217 20 227 266 227 0 0 0 4 227
AUD 228 12 18 -1 1 0 16777217 88 167 331 167 0 16777217 88 167 336 228 0 0 0 4 228
AUD 229 2 15 -1 -1 0 16777217 20 227 266 227 0 16777216 0 0 0 0 0 0 0 4 229
AUD 230 1 15 107 -1 0 16777216 0 0 0 0 0 16777217 18 230 266 230 0 0 0 4 230
AUD 231 12 3 -1 2 0 16777217 88 104 336 168 0 16777217 88 104 346 231 0 0 0 4 231
AUD 232 2 15 -1 -1 0 16777217 18 230 266 230 0 16777216 0 0 0 0 0 0 0 4 232
AUD 233 1 15 108 -1 0 16777216 0 0 0 0 0 16777217 84 233 331 233 0 0 0 4 233
AUD 234 14 15 108 80 0 16777217 84 233 331 233 0 16777217 84 233 592 234 0 1 7 4 234
AUD 235 2 15 -1 -1 0 16777217 84 233 592 234 0 16777216 0 0 0 0 0 0 0 4 235
AUD 236 1 15 109 -1 0 16777216 0 0 0 0 0 16777217 20 236 266 236 0 0 0 4 236
AUD 237 12 21 -1 1 0 16777217 88 175 331 175 0 16777217 88 175 336 237 0 0 0 4 237
AUD 238 2 15 -1 -1 0 16777217 20 236 266 236 0 16777216 0 0 0 0 0 0 0 4 238
AUD 239 1 15 110 -1 0 16777216 0 0 0 0 0 16777217 18 239 266 239 0 0 0 4 239
AUD 240 2 15 -1 -1 0 16777217 18 239 266 239 0 16777216 0 0 0 0 0 0 0 4 240
AUD 241 1 15 111 -1 0 16777216 0 0 0 0 0 16777217 16 241 266 241 0 0 0 4 241
AUD 242 12 6 -1 2 0 16777217 86 115 336 178 0 16777217 86 115 346 242 0 0 0 4 242
AUD 243 2 15 -1 -1 0 16777217 16 241 266 241 0 16777216 0 0 0 0 0 0 0 4 243
AUD 244 1 15 112 -1 0 16777216 0 0 0 0 0 16777217 88 244 331 244 0 0 0 4 244
AUD 245 12 22 -1 1 0 16777217 88 183 331 183 0 16777217 88 183 336 245 0 0 0 4 245
AUD 246 2 16 -1 -1 0 16777217 84 218 331 218 0 16777216 0 0 0 0 0 0 0 4 246
AUD 247 1 16 113 -1 0 16777216 0 0 0 0 0 16777217 18 247 266 247 0 0 0 4 247
AUD 248 2 16 -1 -1 0 16777217 18 247 266 247 0 16777216 0 0 0 0 0 0 0 4 248
AUD 249 1 16 114 -1 0 16777216 0 0 0 0 0 16777217 16 249 266 249 0 0 0 4 249
AUD 250 12 8 -1 2 0 16777217 86 123 336 186 0 16777217 86 123 346 250 0 0 0 4 250
AUD 251 2 16 -1 -1 0 16777217 16 249 266 249 0 16777216 0 0 0 0 0 0 0 4 251
AUD 252 1 16 115 -1 0 16777216 0 0 0 0 0 16777217 88 252 331 252 0 0 0 4 252
AUD 253 2 23 -1 -1 0 16777217 86 193 331 193 0 16777216 0 0 0 0 0 0 0 4 253
AUD 254 1 23 116 -1 0 16777216 0 0 0 0 0 16777217 18 254 266 254 0 0 0 4 254
AUD 255 2 23 -1 -1 0 16777217 18 254 266 254 0 16777216 0 0 0 0 0 0 0 4 255
AUD 256 1 23 117 -1 0 16777216 0 0 0 0 0 16777217 16 256 266 256 0 0 0 4 256
AUD 257 12 9 -1 2 0 16777217 86 131 336 194 0 16777217 86 131 346 257 0 0 0 4 257
AUD 258 2 23 -1 -1 0 16777217 16 256 266 256 0 16777216 0 0 0 0 0 0 0 4 258
AUD 259 1 23 118 -1 0 16777216 0 0 0 0 0 16777217 88 259 331 259 0 0 0 4 259
AUD 260 2 28 -1 -1 0 16777217 86 201 331 201 0 16777216 0 0 0 0 0 0 0 4 260
AUD 261 1 28 119 -1 0 16777216 0 0 0 0 0 16777217 18 261 266 261 0 0 0 4 261
AUD 262 2 28 -1 -1 0 16777217 18 261 266 261 0 16777216 0 0 0 0 0 0 0 4 262
AUD 263 1 28 120 -1 0 16777216 0 0 0 0 0 16777217 16 263 266 263 0 0 0 4 263
AUD 264 2 28 -1 -1 0 16777217 16 263 266 263 0 16777216 0 0 0 0 0 0 0 4 264
AUD 265 1 28 121 -1 0 16777216 0 0 0 0 0 16777217 20 265 266 265 0 0 0 4 265
AUD 266 12 12 -1 2 0 16777217 84 141 336 204 0 16777217 84 141 346 266 0 0 0 4 266
AUD 267 2 28 -1 -1 0 16777217 20 265 266 265 0 16777216 0 0 0 0 0 0 0 4 267
AUD 268 1 28 122 -1 0 16777216 0 0 0 0 0 16777217 86 268 331 268 0 0 0 4 268
AUD 269 12 29 -1 1 0 16777217 86 209 331 209 0 16777217 86 209 336 269 0 0 0 4 269
AUD 270 2 28 -1 -1 0 16777217 86 268 331 268 0 16777216 0 0 0 0 0 0 0 4 270
AUD 271 1 28 123 -1 0 16777216 0 0 0 0 0 16777217 16 271 266 271 0 0 0 4 271
AUD 272 2 28 -1 -1 0 16777217 16 271 266 271 0 16777216 0 0 0 0 0 0 0 4 272
AUD 273 1 28 124 -1 0 16777216 0 0 0 0 0 16777217 20 273 266 273 0 0 0 4 273
AUD 274 2 28 -1 -1 0 16777217 20 273 266 273 0 16777216 0 0 0 0 0 0 0 4 274
AUD 275 1 28 125 -1 0 16777216 0 0 0 0 0 16777217 86 275 331 275 0 0 0 4 275
AUD 276 2 28 -1 -1 0 16777217 86 275 331 275 0 16777216 0 0 0 0 0 0 0 4 276
AUD 277 1 28 126 -1 0 16777216 0 0 0 0 0 16777217 16 277 266 277 0 0 0 4 277
AUD 278 2 28 -1 -1 0 16777217 16 277 266 277 0 16777216 0 0 0 0 0 0 0 4 278
AUD 279 1 28 127 -1 0 16777216 0 0 0 0 0 16777217 20 279 266 279 0 0 0 4 279
AUD 280 2 28 -1 -1 0 16777217 20 279 266 279 0 16777216 0 0 0 0 0 0 0 4 280
AUD 281 1 28 128 -1 0 16777216 0 0 0 0 0 16777217 86 281 331 281 0 0 0 4 281
AUD 282 2 28 -1 -1 0 16777217 86 281 331 281 0 16777216 0 0 0 0 0 0 0 4 282
AUD 283 1 28 129 -1 0 16777216 0 0 0 0 0 16777217 16 283 266 283 0 0 0 4 283
AUD 284 2 28 -1 -1 0 16777217 16 283 266 283 0 16777216 0 0 0 0 0 0 0 4 284
AUD 285 1 28 130 -1 0 16777216 0 0 0 0 0 16777217 20 285 266 285 0 0 0 4 285
AUD 286 2 28 -1 -1 0 16777217 20 285 266 285 0 16777216 0 0 0 0 0 0 0 4 286
AUD 287 1 28 131 -1 0 16777216 0 0 0 0 0 16777217 18 287 266 287 0 0 0 4 287
AUD 288 12 18 -1 2 0 16777217 88 167 336 228 0 16777217 88 167 346 288 0 0 0 4 288
AUD 289 2 28 -1 -1 0 16777217 18 287 266 287 0 16777216 0 0 0 0 0 0 0 4 289
AUD 290 1 28 132 -1 0 16777216 0 0 0 0 0 16777217 84 290 331 290 0 0 0 4 290
AUD 291 2 28 -1 -1 0 16777217 84 290 331 290 0 16777216 0 0 0 0 0 0 0 4 291
AUD 292 1 28 133 -1 0 16777216 0 0 0 0 0 16777217 20 292 266 292 0 0 0 4 292
AUD 293 2 28 -1 -1 0 16777217 20 292 266 292 0 16777216 0 0 0 0 0 0 0 4 293
AUD 294 1 28 134 -1 0 16777216 0 0 0 0 0 16777217 18 294 266 294 0 0 0 4 294
AUD 295 12 21 -1 2 0 16777217 88 175 336 237 0 16777217 88 175 346 295 0 0 0 4 295
AUD 296 2 28 -1 -1 0 16777217 18 294 266 294 0 16777216 0 0 0 0 0 0 0 4 296
AUD 297 1 28 135 -1 0 16777216 0 0 0 0 0 16777217 84 297 331 297 0 0 0 4 297
AUD 298 2 28 -1 -1 0 16777217 84 297 331 297 0 16777216 0 0 0 0 0 0 0 4 298
AUD 299 1 28 136 -1 0 16777216 0 0 0 0 0 16777217 20 299 266 299 0 0 0 4 299
AUD 300 12 15 -1 1 0 16777217 88 244 331 244 0 16777217 88 244 336 300 0 0 0 4 300
AUD 301 2 28 -1 -1 0 16777217 20 299 266 299 0 16777216 0 0 0 0 0 0 0 4 301
AUD 302 1 28 137 -1 0 16777216 0 0 0 0 0 16777217 18 302 266 302 0 0 0 4 302
AUD 303 12 22 -1 2 0 16777217 88 183 336 245 0 16777217 88 183 346 303 0 0 0 4 303
AUD 304 2 28 -1 -1 0 16777217 18 302 266 302 0 16777216 0 0 0 0 0 0 0 4 304
AUD 305 1 28 138 -1 0 16777216 0 0 0 0 0 16777217 84 305 331 305 0 0 0 4 305
AUD 306 2 28 -1 -1 0 16777217 84 305 331 305 0 16777216 0 0 0 0 0 0 0 4 306
AUD 307 1 28 139 -1 0 16777216 0 0 0 0 0 16777217 20 307 266 307 0 0 0 4 307
AUD 308 12 16 -1 1 0 16777217 88 252 331 252 0 16777217 88 252 336 308 0 0 0 4 308
AUD 309 2 28 -1 -1 0 16777217 20 307 266 307 0 16777216 0 0 0 0 0 0 0 4 309
AUD 310 1 28 140 -1 0 16777216 0 0 0 0 0 16777217 18 310 266 310 0 0 0 4 310
AUD 311 2 28 -1 -1 0 16777217 18 310 266 310 0 16777216 0 0 0 0 0 0 0 4 311
AUD 312 1 28 141 -1 0 16777216 0 0 0 0 0 16777217 16 312 266 312 0 0 0 4 312
AUD 313 2 28 -1 -1 0 16777217 16 312 266 312 0 16777216 0 0 0 0 0 0 0 4 313
AUD 314 1 28 142 -1 0 16777216 0 0 0 0 0 16777217 88 314 331 314 0 0 0 4 314
AUD 315 12 23 -1 1 0 16777217 88 259 331 259 0 16777217 88 259 336 315 0 0 0 4 315
AUD 316 2 28 -1 -1 0 16777217 88 314 331 314 0 16777216 0 0 0 0 0 0 0 4 316
AUD 317 1 28 143 -1 0 16777216 0 0 0 0 0 16777217 18 317 266 317 0 0 0 4 317
AUD 318 2 28 -1 -1 0 16777217 18 317 266 317 0 16777216 0 0 0 0 0 0 0 4 318
AUD 319 1 28 144 -1 0 16777216 0 0 0 0 0 16777217 16 319 266 319 0 0 0 4 319
AUD 320 2 28 -1 -1 0 16777217 16 319 266 319 0 16777216 0 0 0 0 0 0 0 4 320
AUD 321 1 28 145 -1 0 16777216 0 0 0 0 0 16777217 88 321 331 321 0 0 0 4 321
AUD 322 2 28 -1 -1 0 16777217 88 321 331 321 0 16777216 0 0 0 0 0 0 0 4 322
AUD 323 1 28 146 -1 0 16777216 0 0 0 0 0 16777217 18 323 266 323 0 0 0 4 323
AUD 324 2 28 -1 -1 0 16777217 18 323 266 323 0 16777216 0 0 0 0 0 0 0 4 324
AUD 325 1 28 147 -1 0 16777216 0 0 0 0 0 16777217 16 325 266 325 0 0 0 4 325
AUD 326 12 29 -1 2 0 16777217 86 209 336 269 0 16777217 86 209 346 326 0 0 0 4 326
AUD 327 2 28 -1 -1 0 16777217 16 325 266 325 0 16777216 0 0 0 0 0 0 0 4 327
AUD 328 1 28 148 -1 0 16777216 0 0 0 0 0 16777217 88 328 331 328 0 0 0 4 328
AUD 329 2 28 -1 -1 0 16777217 88 328 331 328 0 16777216 0 0 0 0 0 0 0 4 329
AUD 330 1 28 149 -1 0 16777216 0 0 0 0 0 16777217 18 330 266 330 0 0 0 4 330
AUD 331 2 28 -1 -1 0 16777217 18 330 266 330 0 16777216 0 0 0 0 0 0 0 4 331
AUD 332 1 28 150 -1 0 16777216 0 0 0 0 0 16777217 16 332 266 332 0 0 0 4 332
AUD 333 2 28 -1 -1 0 16777217 16 332 266 332 0 16777216 0 0 0 0 0 0 0 4 333
AUD 334 1 28 151 -1 0 16777216 0 0 0 0 0 16777217 20 334 266 334 0 0 0 4 334
AUD 335 2 28 -1 -1 0 16777217 20 334 266 334 0 16777216 0 0 0 0 0 0 0 4 335
AUD 336 1 28 152 -1 0 16777216 0 0 0 0 0 16777217 86 336 331 336 0 0 0 4 336
AUD 337 2 28 -1 -1 0 16777217 86 336 331 336 0 16777216 0 0 0 0 0 0 0 4 337
AUD 338 1 28 153 -1 0 16777216 0 0 0 0 0 16777217 16 338 266 338 0 0 0 4 338
AUD 339 2 28 -1 -1 0 16777217 16 338 266 338 0 16777216 0 0 0 0 0 0 0 4 339
AUD 340 1 28 154 -1 0 16777216 0 0 0 0 0 16777217 20 340 266 340 0 0 0 4 340
AUD 341 2 28 -1 -1 0 16777217 20 340 266 340 0 16777216 0 0 0 0 0 0 0 4 341
AUD 342 1 28 155 -1 0 16777216 0 0 0 0 0 16777217 86 342 331 342 0 0 0 4 342
AUD 343 2 28 -1 -1 0 16777217 86 342 331 342 0 16777216 0 0 0 0 0 0 0 4 343
AUD 344 1 28 156 -1 0 16777216 0 0 0 0 0 16777217 16 344 266 344 0 0 0 4 344
AUD 345 2 28 -1 -1 0 16777217 16 344 266 344 0 16777216 0 0 0 0 0 0 0 4 345
AUD 346 1 28 157 -1 0 16777216 0 0 0 0 0 16777217 20 346 266 346 0 0 0 4 346
AUD 347 2 28 -1 -1 0 16777217 20 346 266 346 0 16777216 0 0 0 0 0 0 0 4 347
AUD 348 1 28 158 -1 0 16777216 0 0 0 0 0 16777217 86 348 331 348 0 0 0 4 348
AUD 349 14 28 158 80 0 16777217 86 348 331 348 0 16777217 86 348 592 349 0 1 7 4 349
AUD 350 2 28 -1 -1 0 16777217 86 348 592 349 0 16777216 0 0 0 0 0 0 0 4 350
AUD 351 1 28 159 -1 0 16777216 0 0 0 0 0 16777217 16 351 266 351 0 0 0 4 351
AUD 352 2 28 -1 -1 0 16777217 16 351 266 351 0 16777216 0 0 0 0 0 0 0 4 352
AUD 353 1 28 160 -1 0 16777216 0 0 0 0 0 16777217 20 353 266 353 0 0 0 4 353
AUD 354 2 28 -1 -1 0 16777217 20 353 266 353 0 16777216 0 0 0 0 0 0 0 4 354
AUD 355 1 28 161 -1 0 16777216 0 0 0 0 0 16777217 18 355 266 355 0 0 0 4 355
AUD 356 12 15 -1 2 0 16777217 88 244 336 300 0 16777217 88 244 346 356 0 0 0 4 356
AUD 357 2 28 -1 -1 0 16777217 18 355 266 355 0 16777216 0 0 0 0 0 0 0 4 357
AUD 358 1 28 162 -1 0 16777216 0 0 0 0 0 16777217 84 358 331 358 0 0 0 4 358
AUD 359 2 28 -1 -1 0 16777217 84 358 331 358 0 16777216 0 0 0 0 0 0 0 4 359
AUD 360 1 28 163 -1 0 16777216 0 0 0 0 0 16777217 20 360 266 360 0 0 0 4 360
AUD 361 2 28 -1 -1 0 16777217 20 360 266 360 0 16777216 0 0 0 0 0 0 0 4 361
AUD 362 1 28 164 -1 0 16777216 0 0 0 0 0 16777217 18 362 266 362 0 0 0 4 362
AUD 363 12 16 -1 2 0 16777217 88 252 336 308 0 16777217 88 252 346 363 0 0 0 4 363
AUD 364 2 28 -1 -1 0 16777217 18 362 266 362 0 16777216 0 0 0 0 0 0 0 4 364
AUD 365 1 28 165 -1 0 16777216 0 0 0 0 0 16777217 84 365 331 365 0 0 0 4 365
AUD 366 2 28 -1 -1 0 16777217 84 365 331 365 0 16777216 0 0 0 0 0 0 0 4 366
AUD 367 1 28 166 -1 0 16777216 0 0 0 0 0 16777217 20 367 266 367 0 0 0 4 367
AUD 368 2 28 -1 -1 0 16777217 20 367 266 367 0 16777216 0 0 0 0 0 0 0 4 368
AUD 369 1 28 167 -1 0 16777216 0 0 0 0 0 16777217 18 369 266 369 0 0 0 4 369
AUD 370 12 23 -1 2 0 16777217 88 259 336 315 0 16777217 88 259 346 370 0 0 0 4 370
AUD 371 2 28 -1 -1 0 16777217 18 369 266 369 0 16777216 0 0 0 0 0 0 0 4 371
AUD 372 1 28 168 -1 0 16777216 0 0 0 0 0 16777217 84 372 331 372 0 0 0 4 372
AUD 373 2 28 -1 -1 0 16777217 84 372 331 372 0 16777216 0 0 0 0 0 0 0 4 373
AUD 374 1 28 169 -1 0 16777216 0 0 0 0 0 16777217 20 374 266 374 0 0 0 4 374
AUD 375 2 28 -1 -1 0 16777217 20 374 266 374 0 16777216 0 0 0 0 0 0 0 4 375
AUD 376 1 28 170 -1 0 16777216 0 0 0 0 0 16777217 18 376 266 376 0 0 0 4 376
AUD 377 2 28 -1 -1 0 16777217 18 376 266 376 0 16777216 0 0 0 0 0 0 0 4 377
AUD 378 1 28 171 -1 0 16777216 0 0 0 0 0 16777217 16 378 266 378 0 0 0 4 378
AUD 379 2 28 -1 -1 0 16777217 16 378 266 378 0 16777216 0 0 0 0 0 0 0 4 379
AUD 380 1 28 172 -1 0 16777216 0 0 0 0 0 16777217 88 380 331 380 0 0 0 4 380
AUD 381 2 28 -1 -1 0 16777217 88 380 331 380 0 16777216 0 0 0 0 0 0 0 4 381
AUD 382 1 28 173 -1 0 16777216 0 0 0 0 0 16777217 18 382 266 382 0 0 0 4 382
AUD 383 2 28 -1 -1 0 16777217 18 382 266 382 0 16777216 0 0 0 0 0 0 0 4 383
AUD 384 1 28 174 -1 0 16777216 0 0 0 0 0 16777217 16 384 266 384 0 0 0 4 384
AUD 385 2 28 -1 -1 0 16777217 16 384 266 384 0 16777216 0 0 0 0 0 0 0 4 385
AUD 386 1 28 175 -1 0 16777216 0 0 0 0 0 16777217 88 386 331 386 0 0 0 4 386
AUD 387 2 28 -1 -1 0 16777217 88 386 331 386 0 16777216 0 0 0 0 0 0 0 4 387
AUD 388 1 28 176 -1 0 16777216 0 0 0 0 0 16777217 18 388 266 388 0 0 0 4 388
AUD 389 2 28 -1 -1 0 16777217 18 388 266 388 0 16777216 0 0 0 0 0 0 0 4 389
AUD 390 1 28 177 -1 0 16777216 0 0 0 0 0 16777217 16 390 266 390 0 0 0 4 390
AUD 391 2 28 -1 -1 0 16777217 16 390 266 390 0 16777216 0 0 0 0 0 0 0 4 391
AUD 392 1 28 178 -1 0 16777216 0 0 0 0 0 16777217 88 392 331 392 0 0 0 4 392
AUD 393 2 28 -1 -1 0 16777217 88 392 331 392 0 16777216 0 0 0 0 0 0 0 4 393
AUD 394 1 28 179 -1 0 16777216 0 0 0 0 0 16777217 18 394 266 394 0 0 0 4 394
AUD 395 2 28 -1 -1 0 16777217 18 394 266 394 0 16777216 0 0 0 0 0 0 0 4 395
AUD 396 1 28 180 -1 0 16777216 0 0 0 0 0 16777217 16 396 266 396 0 0 0 4 396
AUD 397 2 28 -1 -1 0 16777217 16 396 266 396 0 16777216 0 0 0 0 0 0 0 4 397
AUD 398 1 28 181 -1 0 16777216 0 0 0 0 0 16777217 20 398 266 398 0 0 0 4 398
AUD 399 2 28 -1 -1 0 16777217 20 398 266 398 0 16777216 0 0 0 0 0 0 0 4 399
AUD 400 1 28 182 -1 0 16777216 0 0 0 0 0 16777217 86 400 331 400 0 0 0 4 400
AUD 401 2 28 -1 -1 0 16777217 86 400 331 400 0 16777216 0 0 0 0 0 0 0 4 401
AUD 402 1 28 183 -1 0 16777216 0 0 0 0 0 16777217 16 402 266 402 0 0 0 4 402
AUD 403 2 28 -1 -1 0 16777217 16 402 266 402 0 16777216 0 0 0 0 0 0 0 4 403
AUD 404 1 28 184 -1 0 16777216 0 0 0 0 0 16777217 20 404 266 404 0 0 0 4 404
AUD 405 2 28 -1 -1 0 16777217 20 404 266 404 0 16777216 0 0 0 0 0 0 0 4 405
AUD 406 1 28 185 -1 0 16777216 0 0 0 0 0 16777217 86 406 331 406 0 0 0 4 406
AUD 407 2 28 -1 -1 0 16777217 86 406 331 406 0 16777216 0 0 0 0 0 0 0 4 407
AUD 408 1 28 186 -1 0 16777216 0 0 0 0 0 16777217 16 408 266 408 0 0 0 4 408
AUD 409 2 28 -1 -1 0 16777217 16 408 266 408 0 16777216 0 0 0 0 0 0 0 4 409
AUD 410 1 28 187 -1 0 16777216 0 0 0 0 0 16777217 20 410 266 410 0 0 0 4 410
AUD 411 2 28 -1 -1 0 16777217 20 410 266 410 0 16777216 0 0 0 0 0 0 0 4 411
AUD 412 1 28 188 -1 0 16777216 0 0 0 0 0 16777217 86 412 331 412 0 0 0 4 412
AUD 413 2 28 -1 -1 0 16777217 86 412 331 412 0 16777216 0 0 0 0 0 0 0 4 413
AUD 414 1 28 189 -1 0 16777216 0 0 0 0 0 16777217 16 414 266 414 0 0 0 4 414
AUD 415 2 28 -1 -1 0 16777217 16 414 266 414 0 16777216 0 0 0 0 0 0 0 4 415
AUD 416 1 28 190 -1 0 16777216 0 0 0 0 0 16777217 20 416 266 416 0 0 0 4 416
AUD 417 2 28 -1 -1 0 16777217 20 416 266 416 0 16777216 0 0 0 0 0 0 0 4 417
AUD 418 1 28 191 -1 0 16777216 0 0 0 0 0 16777217 18 418 266 418 0 0 0 4 418
AUD 419 2 28 -1 -1 0 16777217 18 418 266 418 0 16777216 0 0 0 0 0 0 0 4 419
AUD 420 1 28 192 -1 0 16777216 0 0 0 0 0 16777217 84 420 331 420 0 0 0 4 420
AUD 421 2 28 -1 -1 0 16777217 84 420 331 420 0 16777216 0 0 0 0 0 0 0 4 421
AUD 422 1 28 193 -1 0 16777216 0 0 0 0 0 16777217 20 422 266 422 0 0 0 4 422
AUD 423 2 28 -1 -1 0 16777217 20 422 266 422 0 16777216 0 0 0 0 0 0 0 4 423
AUD 424 1 28 194 -1 0 16777216 0 0 0 0 0 16777217 18 424 266 424 0 0 0 4 424
AUD 425 2 28 -1 -1 0 16777217 18 424 266 424 0 16777216 0 0 0 0 0 0 0 4 425
AUD 426 1 28 195 -1 0 16777216 0 0 0 0 0 16777217 84 426 331 426 0 0 0 4 426
AUD 427 2 28 -1 -1 0 16777217 84 426 331 426 0 16777216 0 0 0 0 0 0 0 4 427
AUD 428 1 28 196 -1 0 16777216 0 0 0 0 0 16777217 20 428 266 428 0 0 0 4 428
AUD 429 2 28 -1 -1 0 16777217 20 428 266 428 0 16777216 0 0 0 0 0 0 0 4 429
AUD 430 1 28 197 -1 0 16777216 0 0 0 0 0 16777217 18 430 266 430 0 0 0 4 430
AUD 431 2 28 -1 -1 0 16777217 18 430 266 430 0 16777216 0 0 0 0 0 0 0 4 431
AUD 432 1 28 198 -1 0 16777216 0 0 0 0 0 16777217 84 432 331 432 0 0 0 4 432
AUD 433 2 28 -1 -1 0 16777217 84 432 331 432 0 16777216 0 0 0 0 0 0 0 4 433
AUD 434 1 28 199 -1 0 16777216 0 0 0 0 0 16777217 20 434 266 434 0 0 0 4 434
AUD 435 2 28 -1 -1 0 16777217 20 434 266 434 0 16777216 0 0 0 0 0 0 0 4 435
AUD 436 1 28 200 -1 0 16777216 0 0 0 0 0 16777217 18 436 266 436 0 0 0 4 436
AUD 437 2 28 -1 -1 0 16777217 18 436 266 436 0 16777216 0 0 0 0 0 0 0 4 437
AUD 438 2 12 -1 -1 0 16777217 84 141 346 266 0 16777216 0 0 0 0 0 0 0 4 438
AUD 439 1 12 201 -1 0 16777216 0 0 0 0 0 16777217 16 439 266 439 0 0 0 4 439
AUD 440 1 28 202 -1 0 16777216 0 0 0 0 0 16777217 88 440 331 440 0 0 0 4 440
AUD 441 2 12 -1 -1 0 16777217 16 439 266 439 0 16777216 0 0 0 0 0 0 0 4 441
AUD 442 1 12 203 -1 0 16777216 0 0 0 0 0 16777217 18 442 266 442 0 0 0 4 442
AUD 443 2 12 -1 -1 0 16777217 18 442 266 442 0 16777216 0 0 0 0 0 0 0 4 443
AUD 444 1 12 204 -1 0 16777216 0 0 0 0 0 16777217 16 444 266 444 0 0 0 4 444
AUD 445 2 12 -1 -1 0 16777217 16 444 266 444 0 16777216 0 0 0 0 0 0 0 4 445
AUD 446 1 12 205 -1 0 16777216 0 0 0 0 0 16777217 88 446 331 446 0 0 0 4 446
AUD 447 2 12 -1 -1 0 16777217 88 446 331 446 0 16777216 0 0 0 0 0 0 0 4 447
AUD 448 1 12 206 -1 0 16777216 0 0 0 0 0 16777217 18 448 266 448 0 0 0 4 448
AUD 449 2 12 -1 -1 0 16777217 18 448 266 448 0 16777216 0 0 0 0 0 0 0 4 449
AUD 450 1 12 207 -1 0 16777216 0 0 0 0 0 16777217 16 450 266 450 0 0 0 4 450
AUD 451 2 12 -1 -1 0 16777217 16 450 266 450 0 16777216 0 0 0 0 0 0 0 4 451
AUD 452 1 12 208 -1 0 16777216 0 0 0 0 0 16777217 88 452 331 452 0 0 0 4 452
AUD 453 14 12 208 80 0 16777217 88 452 331 452 0 16777217 88 452 592 453 0 1 7 4 453
AUD 454 2 12 -1 -1 0 16777217 88 452 592 453 0 16777216 0 0 0 0 0 0 0 4 454
AUD 455 1 12 209 -1 0 16777216 0 0 0 0 0 16777217 18 455 266 455 0 0 0 4 455
AUD 456 2 12 -1 -1 0 16777217 18 455 266 455 0 16777216 0 0 0 0 0 0 0 4 456
AUD 457 1 12 210 -1 0 16777216 0 0 0 0 0 16777217 16 457 266 457 0 0 0 4 457
AUD 458 2 12 -1 -1 0 16777217 16 457 266 457 0 16777216 0 0 0 0 0 0 0 4 458
AUD 459 1 12 211 -1 0 16777216 0 0 0 0 0 16777217 20 459 266 459 0 0 0 4 459
AUD 460 2 12 -1 -1 0 16777217 20 459 266 459 0 16777216 0 0 0 0 0 0 0 4 460
AUD 461 1 12 212 -1 0 16777216 0 0 0 0 0 16777217 86 461 331 461 0 0 0 4 461
AUD 462 2 12 -1 -1 0 16777217 86 461 331 461 0 16777216 0 0 0 0 0 0 0 4 462
AUD 463 1 12 213 -1 0 16777216 0 0 0 0 0 16777217 16 463 266 463 0 0 0 4 463
AUD 464 2 12 -1 -1 0 16777217 16 463 266 463 0 16777216 0 0 0 0 0 0 0 4 464
AUD 465 1 12 214 -1 0 16777216 0 0 0 0 0 16777217 20 465 266 465 0 0 0 4 465
AUD 466 2 12 -1 -1 0 16777217 20 465 266 465 0 16777216 0 0 0 0 0 0 0 4 466
AUD 467 1 12 215 -1 0 16777216 0 0 0 0 0 16777217 86 467 331 467 0 0 0 4 467
AUD 468 2 12 -1 -1 0 16777217 86 467 331 467 0 16777216 0 0 0 0 0 0 0 4 468
AUD 469 1 12 216 -1 0 16777216 0 0 0 0 0 16777217 16 469 266 469 0 0 0 4 469
AUD 470 2 12 -1 -1 0 16777217 16 469 266 469 0 16777216 0 0 0 0 0 0 0 4 470
AUD 471 1 12 217 -1 0 16777216 0 0 0 0 0 16777217 20 471 266 471 0 0 0 4 471
AUD 472 2 12 -1 -1 0 16777217 20 471 266 471 0 16777216 0 0 0 0 0 0 0 4 472
AUD 473 1 12 218 -1 0 16777216 0 0 0 0 0 16777217 86 473 331 473 0 0 0 4 473
AUD 474 2 12 -1 -1 0 16777217 86 473 331 473 0 16777216 0 0 0 0 0 0 0 4 474
AUD 475 1 12 219 -1 0 16777216 0 0 0 0 0 16777217 16 475 266 475 0 0 0 4 475
AUD 476 2 12 -1 -1 0 16777217 16 475 266 475 0 16777216 0 0 0 0 0 0 0 4 476
AUD 477 1 12 220 -1 0 16777216 0 0 0 0 0 16777217 20 477 266 477 0 0 0 4 477
AUD 478 2 12 -1 -1 0 16777217 20 477 266 477 0 16777216 0 0 0 0 0 0 0 4 478
AUD 479 1 12 221 -1 0 16777216 0 0 0 0 0 16777217 18 479 266 479 0 0 0 4 479
AUD 480 2 12 -1 -1 0 16777217 18 479 266 479 0 16777216 0 0 0 0 0 0 0 4 480
AUD 481 1 12 222 -1 0 16777216 0 0 0 0 0 16777217 84 481 331 481 0 0 0 4 481
AUD 482 2 12 -1 -1 0 16777217 84 481 331 481 0 16777216 0 0 0 0 0 0 0 4 482
AUD 483 1 12 223 -1 0 16777216 0 0 0 0 0 16777217 20 483 266 483 0 0 0 4 483
AUD 484 2 12 -1 -1 0 16777217 20 483 266 483 0 16777216 0 0 0 0 0 0 0 4 484
AUD 485 1 12 224 -1 0 16777216 0 0 0 0 0 16777217 18 485 266 485 0 0 0 4 485
AUD 486 2 12 -1 -1 0 16777217 18 485 266 485 0 16777216 0 0 0 0 0 0 0 4 486
AUD 487 1 12 225 -1 0 16777216 0 0 0 0 0 16777217 84 487 331 487 0 0 0 4 487
AUD 488 2 12 -1 -1 0 16777217 84 487 331 487 0 16777216 0 0 0 0 0 0 0 4 488
AUD 489 1 12 226 -1 0 16777216 0 0 0 0 0 16777217 20 489 266 489 0 0 0 4 489
AUD 490 12 28 -1 1 0 16777217 88 440 331 440 0 16777217 88 440 336 490 0 0 0 4 490
AUD 491 2 12 -1 -1 0 16777217 20 489 266 489 0 16777216 0 0 0 0 0 0 0 4 491
AUD 492 1 12 227 -1 0 16777216 0 0 0 0 0 16777217 18 492 266 492 0 0 0 4 492
AUD 493 2 12 -1 -1 0 16777217 18 492 266 492 0 16777216 0 0 0 0 0 0 0 4 493
AUD 494 1 12 228 -1 0 16777216 0 0 0 0 0 16777217 84 494 331 494 0 0 0 4 494
AUD 495 2 12 -1 -1 0 16777217 84 494 331 494 0 16777216 0 0 0 0 0 0 0 4 495
AUD 496 1 12 229 -1 0 16777216 0 0 0 0 0 16777217 20 496 266 496 0 0 0 4 496
AUD 497 2 12 -1 -1 0 16777217 20 496 266 496 0 16777216 0 0 0 0 0 0 0 4 497
AUD 498 1 12 230 -1 0 16777216 0 0 0 0 0 16777217 18 498 266 498 0 0 0 4 498
AUD 499 2 12 -1 -1 0 16777217 18 498 266 498 0 16777216 0 0 0 0 0 0 0 4 499
AUD 500 1 12 231 -1 0 16777216 0 0 0 0 0 16777217 16 500 266 500 0 0 0 4 500
AUD 501 2 12 -1 -1 0 16777217 16 500 266 500 0 16777216 0 0 0 0 0 0 0 4 501
AUD 502 1 12 232 -1 0 16777216 0 0 0 0 0 16777217 88 502 331 502 0 0 0 4 502
AUD 503 2 12 -1 -1 0 16777217 88 502 331 502 0 16777216 0 0 0 0 0 0 0 4 503
AUD 504 1 12 233 -1 0 16777216 0 0 0 0 0 16777217 18 504 266 504 0 0 0 4 504
AUD 505 2 12 -1 -1 0 16777217 18 504 266 504 0 16777216 0 0 0 0 0 0 0 4 505
AUD 506 1 12 234 -1 0 16777216 0 0 0 0 0 16777217 16 506 266 506 0 0 0 4 506
AUD 507 2 12 -1 -1 0 16777217 16 506 266 506 0 16777216 0 0 0 0 0 0 0 4 507
AUD 508 1 12 235 -1 0 16777216 0 0 0 0 0 16777217 88 508 331 508 0 0 0 4 508
AUD 509 2 12 -1 -1 0 16777217 88 508 331 508 0 16777216 0 0 0 0 0 0 0 4 509
AUD 510 1 12 236 -1 0 16777216 0 0 0 0 0 16777217 18 510 266 510 0 0 0 4 510
AUD 511 2 12 -1 -1 0 16777217 18 510 266 510 0 16777216 0 0 0 0 0 0 0 4 511
AUD 512 1 12 237 -1 0 16777216 0 0 0 0 0 16777217 16 512 266 512 0 0 0 4 512
AUD 513 2 12 -1 -1 0 16777217 16 512 266 512 0 16777216 0 0 0 0 0 0 0 4 513
AUD 514 1 12 238 -1 0 16777216 0 0 0 0 0 16777217 88 514 331 514 0 0 0 4 514
AUD 515 2 12 -1 -1 0 16777217 88 514 331 514 0 16777216 0 0 0 0 0 0 0 4 515
AUD 516 1 12 239 -1 0 16777216 0 0 0 0 0 16777217 18 516 266 516 0 0 0 4 516
AUD 517 2 12 -1 -1 0 16777217 18 516 266 516 0 16777216 0 0 0 0 0 0 0 4 517
AUD 518 1 12 240 -1 0 16777216 0 0 0 0 0 16777217 16 518 266 518 0 0 0 4 518
AUD 519 2 12 -1 -1 0 16777217 16 518 266 518 0 16777216 0 0 0 0 0 0 0 4 519
AUD 520 1 12 241 -1 0 16777216 0 0 0 0 0 16777217 20 520 266 520 0 0 0 4 520
AUD 521 2 12 -1 -1 0 16777217 20 520 266 520 0 16777216 0 0 0 0 0 0 0 4 521
AUD 522 1 12 242 -1 0 16777216 0 0 0 0 0 16777217 86 522 331 522 0 0 0 4 522
AUD 523 2 12 -1 -1 0 16777217 86 522 331 522 0 16777216 0 0 0 0 0 0 0 4 523
AUD 524 1 12 243 -1 0 16777216 0 0 0 0 0 16777217 16 524 266 524 0 0 0 4 524
AUD 525 2 12 -1 -1 0 16777217 16 524 266 524 0 16777216 0 0 0 0 0 0 0 4 525
AUD 526 1 12 244 -1 0 16777216 0 0 0 0 0 16777217 20 526 266 526 0 0 0 4 526
AUD 527 2 12 -1 -1 0 16777217 20 526 266 526 0 16777216 0 0 0 0 0 0 0 4 527
AUD 528 1 12 245 -1 0 16777216 0 0 0 0 0 16777217 86 528 331 528 0 0 0 4 528
AUD 529 2 12 -1 -1 0 16777217 86 528 331 528 0 16777216 0 0 0 0 0 0 0 4 529
AUD 530 1 12 246 -1 0 16777216 0 0 0 0 0 16777217 16 530 266 530 0 0 0 4 530
AUD 531 2 12 -1 -1 0 16777217 16 530 266 530 0 16777216 0 0 0 0 0 0 0 4 531
AUD 532 1 12 247 -1 0 16777216 0 0 0 0 0 16777217 20 532 266 532 0 0 0 4 532
AUD 533 2 12 -1 -1 0 16777217 20 532 266 532 0 16777216 0 0 0 0 0 0 0 4 533
AUD 534 1 12 248 -1 0 16777216 0 0 0 0 0 16777217 86 534 331 534 0 0 0 4 534
AUD 535 2 12 -1 -1 0 16777217 86 534 331 534 0 16777216 0 0 0 0 0 0 0 4 535
AUD 536 1 12 249 -1 0 16777216 0 0 0 0 0 16777217 16 536 266 536 0 0 0 4 536
AUD 537 2 12 -1 -1 0 16777217 16 536 266 536 0 16777216 0 0 0 0 0 0 0 4 537
AUD 538 1 12 250 -1 0 16777216 0 0 0 0 0 16777217 20 538 266 538 0 0 0 4 538
AUD 539 2 12 -1 -1 0 16777217 20 538 266 538 0 16777216 0 0 0 0 0 0 0 4 539
AUD 540 1 12 251 -1 0 16777216 0 0 0 0 0 16777217 18 540 266 540 0 0 0 4 540
AUD 541 12 28 -1 2 0 16777217 88 440 336 490 0 16777217 88 440 346 541 0 0 0 4 541
AUD 542 2 12 -1 -1 0 16777217 18 540 266 540 0 16777216 0 0 0 0 0 0 0 4 542
AUD 543 1 12 252 -1 0 16777216 0 0 0 0 0 16777217 84 543 331 543 0 0 0 4 543
AUD 544 2 12 -1 -1 0 16777217 84 543 331 543 0 16777216 0 0 0 0 0 0 0 4 544
AUD 545 1 12 253 -1 0 16777216 0 0 0 0 0 16777217 20 545 266 545 0 0 0 4 545
AUD 546 2 12 -1 -1 0 16777217 20 545 266 545 0 16777216 0 0 0 0 0 0 0 4 546
AUD 547 1 12 254 -1 0 16777216 0 0 0 0 0 16777217 18 547 266 547 0 0 0 4 547
AUD 548 2 12 -1 -1 0 16777217 18 547 266 547 0 16777216 0 0 0 0 0 0 0 4 548
AUD 549 1 12 255 -1 0 16777216 0 0 0 0 0 16777217 84 549 331 549 0 0 0 4 549
AUD 550 2 12 -1 -1 0 16777217 84 549 331 549 0 16777216 0 0 0 0 0 0 0 4 550
AUD 551 1 12 256 -1 0 16777216 0 0 0 0 0 16777217 20 551 266 551 0 0 0 4 551
AUD 552 2 12 -1 -1 0 16777217 20 551 266 551 0 16777216 0 0 0 0 0 0 0 4 552
AUD 553 1 12 257 -1 0 16777216 0 0 0 0 0 16777217 18 553 266 553 0 0 0 4 553
AUD 554 2 12 -1 -1 0 16777217 18 553 266 553 0 16777216 0 0 0 0 0 0 0 4 554
AUD 555 1 12 258 -1 0 16777216 0 0 0 0 0 16777217 84 555 331 555 0 0 0 4 555
AUD 556 14 12 258 80 0 16777217 84 555 331 555 0 16777217 84 555 592 556 0 1 7 4 556
AUD 557 2 12 -1 -1 0 16777217 84 555 592 556 0 16777216 0 0 0 0 0 0 0 4 557
AUD 558 1 12 259 -1 0 16777216 0 0 0 0 0 16777217 20 558 266 558 0 0 0 4 558
AUD 559 2 12 -1 -1 0 16777217 20 558 266 558 0 16777216 0 0 0 0 0 0 0 4 559
AUD 560 1 12 260 -1 0 16777216 0 0 0 0 0 16777217 18 560 266 560 0 0 0 4 560
AUD 561 2 12 -1 -1 0 16777217 18 560 266 560 0 16777216 0 0 0 0 0 0 0 4 561
AUD 562 1 12 261 -1 0 16777216 0 0 0 0 0 16777217 16 562 266 562 0 0 0 4 562
AUD 563 2 12 -1 -1 0 16777217 16 562 266 562 0 16777216 0 0 0 0 0 0 0 4 563
AUD 564 1 12 262 -1 0 16777216 0 0 0 0 0 16777217 88 564 331 564 0 0 0 4 564
AUD 565 2 12 -1 -1 0 16777217 88 564 331 564 0 16777216 0 0 0 0 0 0 0 4 565
AUD 566 1 12 263 -1 0 16777216 0 0 0 0 0 16777217 18 566 266 566 0 0 0 4 566
AUD 567 2 12 -1 -1 0 16777217 18 566 266 566 0 16777216 0 0 0 0 0 0 0 4 567
AUD 568 1 12 264 -1 0 16777216 0 0 0 0 0 16777217 16 568 266 568 0 0 0 4 568
AUD 569 2 12 -1 -1 0 16777217 16 568 266 568 0 16777216 0 0 0 0 0 0 0 4 569
AUD 570 1 12 265 -1 0 16777216 0 0 0 0 0 16777217 88 570 331 570 0 0 0 4 570
AUD 571 2 12 -1 -1 0 16777217 88 570 331 570 0 16777216 0 0 0 0 0 0 0 4 571
AUD 572 1 12 266 -1 0 16777216 0 0 0 0 0 16777217 18 572 266 572 0 0 0 4 572
AUD 573 2 12 -1 -1 0 16777217 18 572 266 572 0 16777216 0 0 0 0 0 0 0 4 573
AUD 574 1 12 267 -1 0 16777216 0 0 0 0 0 16777217 16 574 266 574 0 0 0 4 574
AUD 575 2 12 -1 -1 0 16777217 16 574 266 574 0 16777216 0 0 0 0 0 0 0 4 575
AUD 576 1 12 268 -1 0 16777216 0 0 0 0 0 16777217 88 576 331 576 0 0 0 4 576
AUD 577 2 12 -1 -1 0 16777217 88 576 331 576 0 16777216 0 0 0 0 0 0 0 4 577
AUD 578 1 12 269 -1 0 16777216 0 0 0 0 0 16777217 18 578 266 578 0 0 0 4 578
AUD 579 2 12 -1 -1 0 16777217 18 578 266 578 0 16777216 0 0 0 0 0 0 0 4 579
AUD 580 1 12 270 -1 0 16777216 0 0 0 0 0 16777217 16 580 266 580 0 0 0 4 580
AUD 581 2 12 -1 -1 0 16777217 16 580 266 580 0 16777216 0 0 0 0 0 0 0 4 581
AUD 582 1 12 271 -1 0 16777216 0 0 0 0 0 16777217 20 582 266 582 0 0 0 4 582
AUD 583 2 12 -1 -1 0 16777217 20 582 266 582 0 16777216 0 0 0 0 0 0 0 4 583
AUD 584 1 12 272 -1 0 16777216 0 0 0 0 0 16777217 86 584 331 584 0 0 0 4 584
AUD 585 2 12 -1 -1 0 16777217 86 584 331 584 0 16777216 0 0 0 0 0 0 0 4 585
AUD 586 1 12 273 -1 0 16777216 0 0 0 0 0 16777217 16 586 266 586 0 0 0 4 586
AUD 587 2 12 -1 -1 0 16777217 16 586 266 586 0 16777216 0 0 0 0 0 0 0 4 587
AUD 588 1 12 274 -1 0 16777216 0 0 0 0 0 16777217 20 588 266 588 0 0 0 4 588
AUD 589 2 12 -1 -1 0 16777217 20 588 266 588 0 16777216 0 0 0 0 0 0 0 4 589
AUD 590 1 12 275 -1 0 16777216 0 0 0 0 0 16777217 86 590 331 590 0 0 0 4 590
AUD 591 2 12 -1 -1 0 16777217 86 590 331 590 0 16777216 0 0 0 0 0 0 0 4 591
AUD 592 1 12 276 -1 0 16777216 0 0 0 0 0 16777217 16 592 266 592 0 0 0 4 592
AUD 593 2 12 -1 -1 0 16777217 16 592 266 592 0 16777216 0 0 0 0 0 0 0 4 593
AUD 594 1 12 277 -1 0 16777216 0 0 0 0 0 16777217 20 594 266 594 0 0 0 4 594
AUD 595 2 12 -1 -1 0 16777217 20 594 266 594 0 16777216 0 0 0 0 0 0 0 4 595
AUD 596 1 12 278 -1 0 16777216 0 0 0 0 0 16777217 86 596 331 596 0 0 0 4 596
AUD 597 2 12 -1 -1 0 16777217 86 596 331 596 0 16777216 0 0 0 0 0 0 0 4 597
AUD 598 1 12 279 -1 0 16777216 0 0 0 0 0 16777217 16 598 266 598 0 0 0 4 598
AUD 599 2 12 -1 -1 0 16777217 16 598 266 598 0 16777216 0 0 0 0 0 0 0 4 599
AUD 600 1 12 280 -1 0 16777216 0 0 0 0 0 16777217 20 600 266 600 0 0 0 4 600
AUD 601 2 12 -1 -1 0 16777217 20 600 266 600 0 16777216 0 0 0 0 0 0 0 4 601
AUD 602 1 12 281 -1 0 16777216 0 0 0 0 0 16777217 18 602 266 602 0 0 0 4 602
AUD 603 2 12 -1 -1 0 16777217 18 602 266 602 0 16777216 0 0 0 0 0 0 0 4 603
AUD 604 1 12 282 -1 0 16777216 0 0 0 0 0 16777217 84 604 331 604 0 0 0 4 604
AUD 605 2 12 -1 -1 0 16777217 84 604 331 604 0 16777216 0 0 0 0 0 0 0 4 605
AUD 606 1 12 283 -1 0 16777216 0 0 0 0 0 16777217 20 606 266 606 0 0 0 4 606
AUD 607 2 12 -1 -1 0 16777217 20 606 266 606 0 16777216 0 0 0 0 0 0 0 4 607
AUD 608 1 12 284 -1 0 16777216 0 0 0 0 0 16777217 18 608 266 608 0 0 0 4 608
AUD 609 2 12 -1 -1 0 16777217 18 608 266 608 0 16777216 0 0 0 0 0 0 0 4 609
AUD 610 1 12 285 -1 0 16777216 0 0 0 0 0 16777217 84 610 331 610 0 0 0 4 610
AUD 611 2 12 -1 -1 0 16777217 84 610 331 610 0 16777216 0 0 0 0 0 0 0 4 611
AUD 612 1 12 286 -1 0 16777216 0 0 0 0 0 16777217 20 612 266 612 0 0 0 4 612
AUD 613 2 12 -1 -1 0 16777217 20 612 266 612 0 16777216 0 0 0 0 0 0 0 4 613
AUD 614 1 12 287 -1 0 16777216 0 0 0 0 0 16777217 18 614 266 614 0 0 0 4 614
AUD 615 2 12 -1 -1 0 16777217 18 614 266 614 0 16777216 0 0 0 0 0 0 0 4 615
AUD 616 1 12 288 -1 0 16777216 0 0 0 0 0 16777217 84 616 331 616 0 0 0 4 616
AUD 617 2 12 -1 -1 0 16777217 84 616 331 616 0 16777216 0 0 0 0 0 0 0 4 617
AUD 618 1 12 289 -1 0 16777216 0 0 0 0 0 16777217 20 618 266 618 0 0 0 4 618
AUD 619 2 12 -1 -1 0 16777217 20 618 266 618 0 16777216 0 0 0 0 0 0 0 4 619
AUD 620 1 12 290 -1 0 16777216 0 0 0 0 0 16777217 18 620 266 620 0 0 0 4 620
AUD 621 2 12 -1 -1 0 16777217 18 620 266 620 0 16777216 0 0 0 0 0 0 0 4 621
AUD 622 1 12 291 -1 0 16777216 0 0 0 0 0 16777217 16 622 266 622 0 0 0 4 622
AUD 623 2 12 -1 -1 0 16777217 16 622 266 622 0 16777216 0 0 0 0 0 0 0 4 623
AUD 624 1 12 292 -1 0 16777216 0 0 0 0 0 16777217 88 624 331 624 0 0 0 4 624
AUD 625 2 12 -1 -1 0 16777217 88 624 331 624 0 16777216 0 0 0 0 0 0 0 4 625
AUD 626 1 12 293 -1 0 16777216 0 0 0 0 0 16777217 18 626 266 626 0 0 0 4 626
AUD 627 2 12 -1 -1 0 16777217 18 626 266 626 0 16777216 0 0 0 0 0 0 0 4 627
AUD 628 1 12 294 -1 0 16777216 0 0 0 0 0 16777217 16 628 266 628 0 0 0 4 628
AUD 629 2 12 -1 -1 0 16777217 16 628 266 628 0 16777216 0 0 0 0 0 0 0 4 629
AUD 630 1 12 295 -1 0 16777216 0 0 0 0 0 16777217 88 630 331 630 0 0 0 4 630
AUD 631 2 12 -1 -1 0 16777217 88 630 331 630 0 16777216 0 0 0 0 0 0 0 4 631
AUD 632 1 12 296 -1 0 16777216 0 0 0 0 0 16777217 18 632 266 632 0 0 0 4 632
AUD 633 2 12 -1 -1 0 16777217 18 632 266 632 0 16777216 0 0 0 0 0 0 0 4 633
AUD 634 1 12 297 -1 0 16777216 0 0 0 0 0 16777217 16 634 266 634 0 0 0 4 634
AUD 635 2 12 -1 -1 0 16777217 16 634 266 634 0 16777216 0 0 0 0 0 0 0 4 635
AUD 636 1 12 298 -1 0 16777216 0 0 0 0 0 16777217 88 636 331 636 0 0 0 4 636
AUD 637 2 12 -1 -1 0 16777217 88 636 331 636 0 16777216 0 0 0 0 0 0 0 4 637
AUD 638 1 12 299 -1 0 16777216 0 0 0 0 0 16777217 18 638 266 638 0 0 0 4 638
AUD 639 2 12 -1 -1 0 16777217 18 638 266 638 0 16777216 0 0 0 0 0 0 0 4 639
AUD 640 1 12 300 -1 0 16777216 0 0 0 0 0 16777217 16 640 266 640 0 0 0 4 640
AUD 641 2 12 -1 -1 0 16777217 16 640 266 640 0 16777216 0 0 0 0 0 0 0 4 641
AUD 642 2 13 -1 -1 0 16777217 84 64 346 191 0 16777216 0 0 0 0 0 0 0 4 642
AUD 643 1 12 301 -1 0 16777216 0 0 0 0 0 16777217 20 643 266 643 0 0 0 4 643
AUD 644 1 13 302 -1 0 16777216 0 0 0 0 0 16777217 86 644 331 644 0 0 0 4 644
AUD 645 2 12 -1 -1 0 16777217 20 643 266 643 0 16777216 0 0 0 0 0 0 0 4 645
AUD 646 1 12 303 -1 0 16777216 0 0 0 0 0 16777217 16 646 266 646 0 0 0 4 646
AUD 647 2 12 -1 -1 0 16777217 16 646 266 646 0 16777216 0 0 0 0 0 0 0 4 647
AUD 648 1 12 304 -1 0 16777216 0 0 0 0 0 16777217 20 648 266 648 0 0 0 4 648
AUD 649 2 12 -1 -1 0 16777217 20 648 266 648 0 16777216 0 0 0 0 0 0 0 4 649
AUD 650 1 12 305 -1 0 16777216 0 0 0 0 0 16777217 86 650 331 650 0 0 0 4 650
AUD 651 2 12 -1 -1 0 16777217 86 650 331 650 0 16777216 0 0 0 0 0 0 0 4 651
AUD 652 1 12 306 -1 0 16777216 0 0 0 0 0 16777217 16 652 266 652 0 0 0 4 652
AUD 653 2 12 -1 -1 0 16777217 16 652 266 652 0 16777216 0 0 0 0 0 0 0 4 653
AUD 654 1 12 307 -1 0 16777216 0 0 0 0 0 16777217 20 654 266 654 0 0 0 4 654
AUD 655 2 12 -1 -1 0 16777217 20 654 266 654 0 16777216 0 0 0 0 0 0 0 4 655
AUD 656 1 12 308 -1 0 16777216 0 0 0 0 0 16777217 86 656 331 656 0 0 0 4 656
AUD 657 14 12 308 80 0 16777217 86 656 331 656 0 16777217 86 656 592 657 0 1 7 4 657
AUD 658 2 12 -1 -1 0 16777217 86 656 592 657 0 16777216 0 0 0 0 0 0 0 4 658
AUD 659 1 12 309 -1 0 16777216 0 0 0 0 0 16777217 16 659 266 659 0 0 0 4 659
AUD 660 2 12 -1 -1 0 16777217 16 659 266 659 0 16777216 0 0 0 0 0 0 0 4 660
AUD 661 1 12 310 -1 0 16777216 0 0 0 0 0 16777217 20 661 266 661 0 0 0 4 661
AUD 662 2 12 -1 -1 0 16777217 20 661 266 661 0 16777216 0 0 0 0 0 0 0 4 662
AUD 663 1 12 311 -1 0 16777216 0 0 0 0 0 16777217 18 663 266 663 0 0 0 4 663
AUD 664 2 12 -1 -1 0 16777217 18 663 266 663 0 16777216 0 0 0 0 0 0 0 4 664
AUD 665 1 12 312 -1 0 16777216 0 0 0 0 0 16777217 84 665 331 665 0 0 0 4 665
AUD 666 2 12 -1 -1 0 16777217 84 665 331 665 0 16777216 0 0 0 0 0 0 0 4 666
AUD 667 1 12 313 -1 0 16777216 0 0 0 0 0 16777217 20 667 266 667 0 0 0 4 667
AUD 668 2 12 -1 -1 0 16777217 20 667 266 667 0 16777216 0 0 0 0 0 0 0 4 668
AUD 669 1 12 314 -1 0 16777216 0 0 0 0 0 16777217 18 669 266 669 0 0 0 4 669
AUD 670 2 12 -1 -1 0 16777217 18 669 266 669 0 16777216 0 0 0 0 0 0 0 4 670
AUD 671 1 12 315 -1 0 16777216 0 0 0 0 0 16777217 84 671 331 671 0 0 0 4 671
AUD 672 2 12 -1 -1 0 16777217 84 671 331 671 0 16777216 0 0 0 0 0 0 0 4 672
AUD 673 1 12 316 -1 0 16777216 0 0 0 0 0 16777217 20 673 266 673 0 0 0 4 673
AUD 674 2 12 -1 -1 0 16777217 20 673 266 673 0 16777216 0 0 0 0 0 0 0 4 674
AUD 675 1 12 317 -1 0 16777216 0 0 0 0 0 16777217 18 675 266 675 0 0 0 4 675
AUD 676 2 12 -1 -1 0 16777217 18 675 266 675 0 16777216 0 0 0 0 0 0 0 4 676
AUD 677 1 12 318 -1 0 16777216 0 0 0 0 0 16777217 84 677 331 677 0 0 0 4 677
AUD 678 2 12 -1 -1 0 16777217 84 677 331 677 0 16777216 0 0 0 0 0 0 0 4 678
AUD 679 1 12 319 -1 0 16777216 0 0 0 0 0 16777217 20 679 266 679 0 0 0 4 679
AUD 680 2 12 -1 -1 0 16777217 20 679 266 679 0 16777216 0 0 0 0 0 0 0 4 680
AUD 681 1 12 320 -1 0 16777216 0 0 0 0 0 16777217 18 681 266 681 0 0 0 4 681
AUD 682 2 12 -1 -1 0 16777217 18 681 266 681 0 16777216 0 0 0 0 0 0 0 4 682
AUD 683 1 12 321 -1 0 16777216 0 0 0 0 0 16777217 16 683 266 683 0 0 0 4 683
AUD 684 2 12 -1 -1 0 16777217 16 683 266 683 0 16777216 0 0 0 0 0 0 0 4 684
AUD 685 1 12 322 -1 0 16777216 0 0 0 0 0 16777217 88 685 331 685 0 0 0 4 685
AUD 686 2 13 -1 -1 0 16777217 86 644 331 644 0 16777216 0 0 0 0 0 0 0 4 686
AUD 687 1 13 323 -1 0 16777216 0 0 0 0 0 16777217 18 687 266 687 0 0 0 4 687
AUD 688 2 13 -1 -1 0 16777217 18 687 266 687 0 16777216 0 0 0 0 0 0 0 4 688
AUD 689 1 13 324 -1 0 16777216 0 0 0 0 0 16777217 16 689 266 689 0 0 0 4 689
AUD 690 2 13 -1 -1 0 16777217 16 689 266 689 0 16777216 0 0 0 0 0 0 0 4 690
AUD 691 1 13 325 -1 0 16777216 0 0 0 0 0 16777217 88 691 331 691 0 0 0 4 691
AUD 692 2 12 -1 -1 0 16777217 88 685 331 685 0 16777216 0 0 0 0 0 0 0 4 692
AUD 693 1 12 326 -1 0 16777216 0 0 0 0 0 16777217 18 693 266 693 0 0 0 4 693
AUD 694 2 12 -1 -1 0 16777217 18 693 266 693 0 16777216 0 0 0 0 0 0 0 4 694
AUD 695 1 12 327 -1 0 16777216 0 0 0 0 0 16777217 16 695 266 695 0 0 0 4 695
AUD 696 2 12 -1 -1 0 16777217 16 695 266 695 0 16777216 0 0 0 0 0 0 0 4 696
AUD 697 1 12 328 -1 0 16777216 0 0 0 0 0 16777217 88 697 331 697 0 0 0 4 697
AUD 698 2 12 -1 -1 0 16777217 88 697 331 697 0 16777216 0 0 0 0 0 0 0 4 698
AUD 699 1 12 329 -1 0 16777216 0 0 0 0 0 16777217 18 699 266 699 0 0 0 4 699
AUD 700 2 12 -1 -1 0 16777217 18 699 266 699 0 16777216 0 0 0 0 0 0 0 4 700
AUD 701 1 12 330 -1 0 16777216 0 0 0 0 0 16777217 16 701 266 701 0 0 0 4 701
AUD 702 2 12 -1 -1 0 16777217 16 701 266 701 0 16777216 0 0 0 0 0 0 0 4 702
AUD 703 1 12 331 -1 0 16777216 0 0 0 0 0 16777217 20 703 266 703 0 0 0 4 703
AUD 704 2 12 -1 -1 0 16777217 20 703 266 703 0 16777216 0 0 0 0 0 0 0 4 704
AUD 705 1 12 332 -1 0 16777216 0 0 0 0 0 16777217 86 705 331 705 0 0 0 4 705
AUD 706 2 12 -1 -1 0 16777217 86 705 331 705 0 16777216 0 0 0 0 0 0 0 4 706
AUD 707 1 12 333 -1 0 16777216 0 0 0 0 0 16777217 16 707 266 707 0 0 0 4 707
AUD 708 2 12 -1 -1 0 16777217 16 707 266 707 0 16777216 0 0 0 0 0 0 0 4 708
AUD 709 1 12 334 -1 0 16777216 0 0 0 0 0 16777217 20 709 266 709 0 0 0 4 709
AUD 710 2 12 -1 -1 0 16777217 20 709 266 709 0 16777216 0 0 0 0 0 0 0 4 710
AUD 711 1 12 335 -1 0 16777216 0 0 0 0 0 16777217 86 711 331 711 0 0 0 4 711
AUD 712 2 12 -1 -1 0 16777217 86 711 331 711 0 16777216 0 0 0 0 0 0 0 4 712
AUD 713 1 12 336 -1 0 16777216 0 0 0 0 0 16777217 16 713 266 713 0 0 0 4 713
AUD 714 2 12 -1 -1 0 16777217 16 713 266 713 0 16777216 0 0 0 0 0 0 0 4 714
AUD 715 1 12 337 -1 0 16777216 0 0 0 0 0 16777217 20 715 266 715 0 0 0 4 715
AUD 716 2 12 -1 -1 0 16777217 20 715 266 715 0 16777216 0 0 0 0 0 0 0 4 716
AUD 717 1 12 338 -1 0 16777216 0 0 0 0 0 16777217 86 717 331 717 0 0 0 4 717
AUD 718 2 12 -1 -1 0 16777217 86 717 331 717 0 16777216 0 0 0 0 0 0 0 4 718
AUD 719 1 12 339 -1 0 16777216 0 0 0 0 0 16777217 16 719 266 719 0 0 0 4 719
AUD 720 2 12 -1 -1 0 16777217 16 719 266 719 0 16777216 0 0 0 0 0 0 0 4 720
AUD 721 1 12 340 -1 0 16777216 0 0 0 0 0 16777217 20 721 266 721 0 0 0 4 721
AUD 722 2 12 -1 -1 0 16777217 20 721 266 721 0 16777216 0 0 0 0 0 0 0 4 722
AUD 723 1 12 341 -1 0 16777216 0 0 0 0 0 16777217 18 723 266 723 0 0 0 4 723
AUD 724 2 12 -1 -1 0 16777217 18 723 266 723 0 16777216 0 0 0 0 0 0 0 4 724
AUD 725 1 12 342 -1 0 16777216 0 0 0 0 0 16777217 84 725 331 725 0 0 0 4 725
AUD 726 2 12 -1 -1 0 16777217 84 725 331 725 0 16777216 0 0 0 0 0 0 0 4 726
AUD 727 1 12 343 -1 0 16777216 0 0 0 0 0 16777217 20 727 266 727 0 0 0 4 727
AUD 728 2 12 -1 -1 0 16777217 20 727 266 727 0 16777216 0 0 0 0 0 0 0 4 728
AUD 729 1 12 344 -1 0 16777216 0 0 0 0 0 16777217 18 729 266 729 0 0 0 4 729
AUD 730 2 12 -1 -1 0 16777217 18 729 266 729 0 16777216 0 0 0 0 0 0 0 4 730
AUD 731 1 12 345 -1 0 16777216 0 0 0 0 0 16777217 84 731 331 731 0 0 0 4 731
AUD 732 2 12 -1 -1 0 16777217 84 731 331 731 0 16777216 0 0 0 0 0 0 0 4 732
AUD 733 1 12 346 -1 0 16777216 0 0 0 0 0 16777217 20 733 266 733 0 0 0 4 733
AUD 734 2 12 -1 -1 0 16777217 20 733 266 733 0 16777216 0 0 0 0 0 0 0 4 734
AUD 735 1 12 347 -1 0 16777216 0 0 0 0 0 16777217 18 735 266 735 0 0 0 4 735
AUD 736 2 12 -1 -1 0 16777217 18 735 266 735 0 16777216 0 0 0 0 0 0 0 4 736
AUD 737 1 12 348 -1 0 16777216 0 0 0 0 0 16777217 84 737 331 737 0 0 0 4 737
AUD 738 2 12 -1 -1 0 16777217 84 737 331 737 0 16777216 0 0 0 0 0 0 0 4 738
AUD 739 1 12 349 -1 0 16777216 0 0 0 0 0 16777217 20 739 266 739 0 0 0 4 739
AUD 740 12 13 -1 1 0 16777217 88 691 331 691 0 16777217 88 691 336 740 0 0 0 4 740
AUD 741 2 12 -1 -1 0 16777217 20 739 266 739 0 16777216 0 0 0 0 0 0 0 4 741
AUD 742 1 12 350 -1 0 16777216 0 0 0 0 0 16777217 18 742 266 742 0 0 0 4 742
AUD 743 2 12 -1 -1 0 16777217 18 742 266 742 0 16777216 0 0 0 0 0 0 0 4 743
AUD 744 1 12 351 -1 0 16777216 0 0 0 0 0 16777217 16 744 266 744 0 0 0 4 744
AUD 745 2 12 -1 -1 0 16777217 16 744 266 744 0 16777216 0 0 0 0 0 0 0 4 745
AUD 746 1 12 352 -1 0 16777216 0 0 0 0 0 16777217 88 746 331 746 0 0 0 4 746
AUD 747 2 12 -1 -1 0 16777217 88 746 331 746 0 16777216 0 0 0 0 0 0 0 4 747
AUD 748 1 12 353 -1 0 16777216 0 0 0 0 0 16777217 18 748 266 748 0 0 0 4 748
AUD 749 2 12 -1 -1 0 16777217 18 748 266 748 0 16777216 0 0 0 0 0 0 0 4 749
AUD 750 1 12 354 -1 0 16777216 0 0 0 0 0 16777217 16 750 266 750 0 0 0 4 750
AUD 751 2 12 -1 -1 0 16777217 16 750 266 750 0 16777216 0 0 0 0 0 0 0 4 751
AUD 752 1 12 355 -1 0 16777216 0 0 0 0 0 16777217 88 752 331 752 0 0 0 4 752
AUD 753 2 12 -1 -1 0 16777217 88 752 331 752 0 16777216 0 0 0 0 0 0 0 4 753
AUD 754 1 12 356 -1 0 16777216 0 0 0 0 0 16777217 18 754 266 754 0 0 0 4 754
AUD 755 2 12 -1 -1 0 16777217 18 754 266 754 0 16777216 0 0 0 0 0 0 0 4 755
AUD 756 1 12 357 -1 0 16777216 0 0 0 0 0 16777217 16 756 266 756 0 0 0 4 756
AUD 757 2 12 -1 -1 0 16777217 16 756 266 756 0 16777216 0 0 0 0 0 0 0 4 757
AUD 758 1 12 358 -1 0 16777216 0 0 0 0 0 16777217 88 758 331 758 0 0 0 4 758
AUD 759 14 12 358 80 0 16777217 88 758 331 758 0 16777217 88 758 592 759 0 1 7 4 759
AUD 760 2 12 -1 -1 0 16777217 88 758 592 759 0 16777216 0 0 0 0 0 0 0 4 760
AUD 761 1 12 359 -1 0 16777216 0 0 0 0 0 16777217 18 761 266 761 0 0 0 4 761
AUD 762 2 12 -1 -1 0 16777217 18 761 266 761 0 16777216 0 0 0 0 0 0 0 4 762
AUD 763 1 12 360 -1 0 16777216 0 0 0 0 0 16777217 16 763 266 763 0 0 0 4 763
AUD 764 2 12 -1 -1 0 16777217 16 763 266 763 0 16777216 0 0 0 0 0 0 0 4 764
AUD 765 1 12 361 -1 0 16777216 0 0 0 0 0 16777217 20 765 266 765 0 0 0 4 765
AUD 766 2 12 -1 -1 0 16777217 20 765 266 765 0 16777216 0 0 0 0 0 0 0 4 766
AUD 767 1 12 362 -1 0 16777216 0 0 0 0 0 16777217 86 767 331 767 0 0 0 4 767
AUD 768 2 12 -1 -1 0 16777217 86 767 331 767 0 16777216 0 0 0 0 0 0 0 4 768
AUD 769 1 12 363 -1 0 16777216 0 0 0 0 0 16777217 16 769 266 769 0 0 0 4 769
AUD 770 2 12 -1 -1 0 16777217 16 769 266 769 0 16777216 0 0 0 0 0 0 0 4 770
AUD 771 1 12 364 -1 0 16777216 0 0 0 0 0 16777217 20 771 266 771 0 0 0 4 771
AUD 772 2 12 -1 -1 0 16777217 20 771 266 771 0 16777216 0 0 0 0 0 0 0 4 772
AUD 773 1 12 365 -1 0 16777216 0 0 0 0 0 16777217 86 773 331 773 0 0 0 4 773
AUD 774 2 12 -1 -1 0 16777217 86 773 331 773 0 16777216 0 0 0 0 0 0 0 4 774
AUD 775 1 12 366 -1 0 16777216 0 0 0 0 0 16777217 16 775 266 775 0 0 0 4 775
AUD 776 2 12 -1 -1 0 16777217 16 775 266 775 0 16777216 0 0 0 0 0 0 0 4 776
AUD 777 1 12 367 -1 0 16777216 0 0 0 0 0 16777217 20 777 266 777 0 0 0 4 777
AUD 778 2 12 -1 -1 0 16777217 20 777 266 777 0 16777216 0 0 0 0 0 0 0 4 778
AUD 779 1 12 368 -1 0 16777216 0 0 0 0 0 16777217 86 779 331 779 0 0 0 4 779
AUD 780 2 12 -1 -1 0 16777217 86 779 331 779 0 16777216 0 0 0 0 0 0 0 4 780
AUD 781 1 12 369 -1 0 16777216 0 0 0 0 0 16777217 16 781 266 781 0 0 0 4 781
AUD 782 2 12 -1 -1 0 16777217 16 781 266 781 0 16777216 0 0 0 0 0 0 0 4 782
AUD 783 1 12 370 -1 0 16777216 0 0 0 0 0 16777217 20 783 266 783 0 0 0 4 783
AUD 784 2 12 -1 -1 0 16777217 20 783 266 783 0 16777216 0 0 0 0 0 0 0 4 784
AUD 785 1 12 371 -1 0 16777216 0 0 0 0 0 16777217 18 785 266 785 0 0 0 4 785
AUD 786 2 12 -1 -1 0 16777217 18 785 266 785 0 16777216 0 0 0 0 0 0 0 4 786
AUD 787 1 12 372 -1 0 16777216 0 0 0 0 0 16777217 84 787 331 787 0 0 0 4 787
AUD 788 2 12 -1 -1 0 16777217 84 787 331 787 0 16777216 0 0 0 0 0 0 0 4 788
AUD 789 1 12 373 -1 0 16777216 0 0 0 0 0 16777217 20 789 266 789 0 0 0 4 789
AUD 790 2 12 -1 -1 0 16777217 20 789 266 789 0 16777216 0 0 0 0 0 0 0 4 790
AUD 791 1 12 374 -1 0 16777216 0 0 0 0 0 16777217 18 791 266 791 0 0 0 4 791
AUD 792 12 13 -1 2 0 16777217 88 691 336 740 0 16777217 88 691 346 792 0 0 0 4 792
AUD 793 2 12 -1 -1 0 16777217 18 791 266 791 0 16777216 0 0 0 0 0 0 0 4 793
AUD 794 1 12 375 -1 0 16777216 0 0 0 0 0 16777217 84 794 331 794 0 0 0 4 794
AUD 795 2 12 -1 -1 0 16777217 84 794 331 794 0 16777216 0 0 0 0 0 0 0 4 795
AUD 796 1 12 376 -1 0 16777216 0 0 0 0 0 16777217 20 796 266 796 0 0 0 4 796
AUD 797 2 12 -1 -1 0 16777217 20 796 266 796 0 16777216 0 0 0 0 0 0 0 4 797
AUD 798 1 12 377 -1 0 16777216 0 0 0 0 0 16777217 18 798 266 798 0 0 0 4 798
AUD 799 2 12 -1 -1 0 16777217 18 798 266 798 0 16777216 0 0 0 0 0 0 0 4 799
AUD 800 1 12 378 -1 0 16777216 0 0 0 0 0 16777217 84 800 331 800 0 0 0 4 800
AUD 801 2 12 -1 -1 0 16777217 84 800 331 800 0 16777216 0 0 0 0 0 0 0 4 801
AUD 802 1 12 379 -1 0 16777216 0 0 0 0 0 16777217 20 802 266 802 0 0 0 4 802
AUD 803 2 12 -1 -1 0 16777217 20 802 266 802 0 16777216 0 0 0 0 0 0 0 4 803
AUD 804 1 12 380 -1 0 16777216 0 0 0 0 0 16777217 18 804 266 804 0 0 0 4 804
AUD 805 2 12 -1 -1 0 16777217 18 804 266 804 0 16777216 0 0 0 0 0 0 0 4 805
AUD 806 1 12 381 -1 0 16777216 0 0 0 0 0 16777217 16 806 266 806 0 0 0 4 806
AUD 807 2 12 -1 -1 0 16777217 16 806 266 806 0 16777216 0 0 0 0 0 0 0 4 807
AUD 808 1 12 382 -1 0 16777216 0 0 0 0 0 16777217 88 808 331 808 0 0 0 4 808
AUD 809 2 12 -1 -1 0 16777217 88 808 331 808 0 16777216 0 0 0 0 0 0 0 4 809
AUD 810 1 12 383 -1 0 16777216 0 0 0 0 0 16777217 18 810 266 810 0 0 0 4 810
AUD 811 2 12 -1 -1 0 16777217 18 810 266 810 0 16777216 0 0 0 0 0 0 0 4 811
AUD 812 1 12 384 -1 0 16777216 0 0 0 0 0 16777217 16 812 266 812 0 0 0 4 812
AUD 813 2 12 -1 -1 0 16777217 16 812 266 812 0 16777216 0 0 0 0 0 0 0 4 813
AUD 814 1 12 385 -1 0 16777216 0 0 0 0 0 16777217 88 814 331 814 0 0 0 4 814
AUD 815 2 12 -1 -1 0 16777217 88 814 331 814 0 16777216 0 0 0 0 0 0 0 4 815
AUD 816 1 12 386 -1 0 16777216 0 0 0 0 0 16777217 18 816 266 816 0 0 0 4 816
AUD 817 2 12 -1 -1 0 16777217 18 816 266 816 0 16777216 0 0 0 0 0 0 0 4 817
AUD 818 1 12 387 -1 0 16777216 0 0 0 0 0 16777217 16 818 266 818 0 0 0 4 818
AUD 819 2 12 -1 -1 0 16777217 16 818 266 818 0 16777216 0 0 0 0 0 0 0 4 819
AUD 820 1 12 388 -1 0 16777216 0 0 0 0 0 16777217 88 820 331 820 0 0 0 4 820
AUD 821 2 12 -1 -1 0 16777217 88 820 331 820 0 16777216 0 0 0 0 0 0 0 4 821
AUD 822 1 12 389 -1 0 16777216 0 0 0 0 0 16777217 18 822 266 822 0 0 0 4 822
AUD 823 2 12 -1 -1 0 16777217 18 822 266 822 0 16777216 0 0 0 0 0 0 0 4 823
AUD 824 1 12 390 -1 0 16777216 0 0 0 0 0 16777217 16 824 266 824 0 0 0 4 824
AUD 825 2 12 -1 -1 0 16777217 16 824 266 824 0 16777216 0 0 0 0 0 0 0 4 825
AUD 826 1 12 391 -1 0 16777216 0 0 0 0 0 16777217 20 826 266 826 0 0 0 4 826
AUD 827 2 12 -1 -1 0 16777217 20 826 266 826 0 16777216 0 0 0 0 0 0 0 4 827
AUD 828 1 12 392 -1 0 16777216 0 0 0 0 0 16777217 86 828 331 828 0 0 0 4 828
AUD 829 2 12 -1 -1 0 16777217 86 828 331 828 0 16777216 0 0 0 0 0 0 0 4 829
AUD 830 1 12 393 -1 0 16777216 0 0 0 0 0 16777217 16 830 266 830 0 0 0 4 830
AUD 831 2 12 -1 -1 0 16777217 16 830 266 830 0 16777216 0 0 0 0 0 0 0 4 831
AUD 832 1 12 394 -1 0 16777216 0 0 0 0 0 16777217 20 832 266 832 0 0 0 4 832
AUD 833 2 12 -1 -1 0 16777217 20 832 266 832 0 16777216 0 0 0 0 0 0 0 4 833
AUD 834 1 12 395 -1 0 16777216 0 0 0 0 0 16777217 86 834 331 834 0 0 0 4 834
AUD 835 2 12 -1 -1 0 16777217 86 834 331 834 0 16777216 0 0 0 0 0 0 0 4 835
AUD 836 1 12 396 -1 0 16777216 0 0 0 0 0 16777217 16 836 266 836 0 0 0 4 836
AUD 837 2 12 -1 -1 0 16777217 16 836 266 836 0 16777216 0 0 0 0 0 0 0 4 837
AUD 838 1 12 397 -1 0 16777216 0 0 0 0 0 16777217 20 838 266 838 0 0 0 4 838
AUD 839 2 12 -1 -1 0 16777217 20 838 266 838 0 16777216 0 0 0 0 0 0 0 4 839
AUD 840 1 12 398 -1 0 16777216 0 0 0 0 0 16777217 86 840 331 840 0 0 0 4 840
AUD 841 2 12 -1 -1 0 16777217 86 840 331 840 0 16777216 0 0 0 0 0 0 0 4 841
AUD 842 1 12 399 -1 0 16777216 0 0 0 0 0 16777217 16 842 266 842 0 0 0 4 842
AUD 843 2 12 -1 -1 0 16777217 16 842 266 842 0 16777216 0 0 0 0 0 0 0 4 843
AUD 844 1 12 400 -1 0 16777216 0 0 0 0 0 16777217 20 844 266 844 0 0 0 4 844
AUD 845 2 12 -1 -1 0 16777217 20 844 266 844 0 16777216 0 0 0 0 0 0 0 4 845
AUD 846 2 14 -1 -1 0 16777217 84 16 346 113 0 16777216 0 0 0 0 0 0 0 4 846
AUD 847 1 12 401 -1 0 16777216 0 0 0 0 0 16777217 18 847 266 847 0 0 0 4 847
AUD 848 1 14 402 -1 0 16777216 0 0 0 0 0 16777217 84 848 331 848 0 0 0 4 848
AUD 849 2 12 -1 -1 0 16777217 18 847 266 847 0 16777216 0 0 0 0 0 0 0 4 849
AUD 850 1 12 403 -1 0 16777216 0 0 0 0 0 16777217 20 850 266 850 0 0 0 4 850
AUD 851 2 12 -1 -1 0 16777217 20 850 266 850 0 16777216 0 0 0 0 0 0 0 4 851
AUD 852 1 12 404 -1 0 16777216 0 0 0 0 0 16777217 18 852 266 852 0 0 0 4 852
AUD 853 2 12 -1 -1 0 16777217 18 852 266 852 0 16777216 0 0 0 0 0 0 0 4 853
AUD 854 1 12 405 -1 0 16777216 0 0 0 0 0 16777217 84 854 331 854 0 0 0 4 854
AUD 855 2 12 -1 -1 0 16777217 84 854 331 854 0 16777216 0 0 0 0 0 0 0 4 855
AUD 856 1 12 406 -1 0 16777216 0 0 0 0 0 16777217 20 856 266 856 0 0 0 4 856
AUD 857 2 12 -1 -1 0 16777217 20 856 266 856 0 16777216 0 0 0 0 0 0 0 4 857
AUD 858 1 12 407 -1 0 16777216 0 0 0 0 0 16777217 18 858 266 858 0 0 0 4 858
AUD 859 2 12 -1 -1 0 16777217 18 858 266 858 0 16777216 0 0 0 0 0 0 0 4 859
AUD 860 1 12 408 -1 0 16777216 0 0 0 0 0 16777217 84 860 331 860 0 0 0 4 860
AUD 861 14 12 408 80 0 16777217 84 860 331 860 0 16777217 84 860 592 861 0 1 7 4 861
AUD 862 2 12 -1 -1 0 16777217 84 860 592 861 0 16777216 0 0 0 0 0 0 0 4 862
AUD 863 1 12 409 -1 0 16777216 0 0 0 0 0 16777217 20 863 266 863 0 0 0 4 863
AUD 864 2 12 -1 -1 0 16777217 20 863 266 863 0 16777216 0 0 0 0 0 0 0 4 864
AUD 865 1 12 410 -1 0 16777216 0 0 0 0 0 16777217 18 865 266 865 0 0 0 4 865
AUD 866 2 12 -1 -1 0 16777217 18 865 266 865 0 16777216 0 0 0 0 0 0 0 4 866
AUD 867 1 12 411 -1 0 16777216 0 0 0 0 0 16777217 16 867 266 867 0 0 0 4 867
AUD 868 2 12 -1 -1 0 16777217 16 867 266 867 0 16777216 0 0 0 0 0 0 0 4 868
AUD 869 1 12 412 -1 0 16777216 0 0 0 0 0 16777217 88 869 331 869 0 0 0 4 869
AUD 870 2 14 -1 -1 0 16777217 84 848 331 848 0 16777216 0 0 0 0 0 0 0 4 870
AUD 871 1 14 413 -1 0 16777216 0 0 0 0 0 16777217 18 871 266 871 0 0 0 4 871
AUD 872 2 14 -1 -1 0 16777217 18 871 266 871 0 16777216 0 0 0 0 0 0 0 4 872
AUD 873 1 14 414 -1 0 16777216 0 0 0 0 0 16777217 16 873 266 873 0 0 0 4 873
AUD 874 2 14 -1 -1 0 16777217 16 873 266 873 0 16777216 0 0 0 0 0 0 0 4 874
AUD 875 1 14 415 -1 0 16777216 0 0 0 0 0 16777217 88 875 331 875 0 0 0 4 875
AUD 876 2 12 -1 -1 0 16777217 88 869 331 869 0 16777216 0 0 0 0 0 0 0 4 876
AUD 877 1 12 416 -1 0 16777216 0 0 0 0 0 16777217 18 877 266 877 0 0 0 4 877
AUD 878 2 12 -1 -1 0 16777217 18 877 266 877 0 16777216 0 0 0 0 0 0 0 4 878
AUD 879 1 12 417 -1 0 16777216 0 0 0 0 0 16777217 16 879 266 879 0 0 0 4 879
AUD 880 2 12 -1 -1 0 16777217 16 879 266 879 0 16777216 0 0 0 0 0 0 0 4 880
AUD 881 1 12 418 -1 0 16777216 0 0 0 0 0 16777217 88 881 331 881 0 0 0 4 881
AUD 882 2 12 -1 -1 0 16777217 88 881 331 881 0 16777216 0 0 0 0 0 0 0 4 882
AUD 883 1 12 419 -1 0 16777216 0 0 0 0 0 16777217 18 883 266 883 0 0 0 4 883
AUD 884 2 12 -1 -1 0 16777217 18 883 266 883 0 16777216 0 0 0 0 0 0 0 4 884
AUD 885 1 12 420 -1 0 16777216 0 0 0 0 0 16777217 16 885 266 885 0 0 0 4 885
AUD 886 2 12 -1 -1 0 16777217 16 885 266 885 0 16777216 0 0 0 0 0 0 0 4 886
AUD 887 1 12 421 -1 0 16777216 0 0 0 0 0 16777217 20 887 266 887 0 0 0 4 887
AUD 888 2 12 -1 -1 0 16777217 20 887 266 887 0 16777216 0 0 0 0 0 0 0 4 888
AUD 889 1 12 422 -1 0 16777216 0 0 0 0 0 16777217 86 889 331 889 0 0 0 4 889
AUD 890 2 12 -1 -1 0 16777217 86 889 331 889 0 16777216 0 0 0 0 0 0 0 4 890
AUD 891 1 12 423 -1 0 16777216 0 0 0 0 0 16777217 16 891 266 891 0 0 0 4 891
AUD 892 2 12 -1 -1 0 16777217 16 891 266 891 0 16777216 0 0 0 0 0 0 0 4 892
AUD 893 1 12 424 -1 0 16777216 0 0 0 0 0 16777217 20 893 266 893 0 0 0 4 893
AUD 894 2 12 -1 -1 0 16777217 20 893 266 893 0 16777216 0 0 0 0 0 0 0 4 894
AUD 895 1 12 425 -1 0 16777216 0 0 0 0 0 16777217 86 895 331 895 0 0 0 4 895
AUD 896 2 12 -1 -1 0 16777217 86 895 331 895 0 16777216 0 0 0 0 0 0 0 4 896
AUD 897 1 12 426 -1 0 16777216 0 0 0 0 0 16777217 16 897 266 897 0 0 0 4 897
AUD 898 2 12 -1 -1 0 16777217 16 897 266 897 0 16777216 0 0 0 0 0 0 0 4 898
AUD 899 1 12 427 -1 0 16777216 0 0 0 0 0 16777217 20 899 266 899 0 0 0 4 899
AUD 900 2 12 -1 -1 0 16777217 20 899 266 899 0 16777216 0 0 0 0 0 0 0 4 900
AUD 901 1 12 428 -1 0 16777216 0 0 0 0 0 16777217 86 901 331 901 0 0 0 4 901
AUD 902 2 12 -1 -1 0 16777217 86 901 331 901 0 16777216 0 0 0 0 0 0 0 4 902
AUD 903 1 12 429 -1 0 16777216 0 0 0 0 0 16777217 16 903 266 903 0 0 0 4 903
AUD 904 2 12 -1 -1 0 16777217 16 903 266 903 0 16777216 0 0 0 0 0 0 0 4 904
AUD 905 1 12 430 -1 0 16777216 0 0 0 0 0 16777217 20 905 266 905 0 0 0 4 905
AUD 906 2 12 -1 -1 0 16777217 20 905 266 905 0 16777216 0 0 0 0 0 0 0 4 906
AUD 907 1 12 431 -1 0 16777216 0 0 0 0 0 16777217 18 907 266 907 0 0 0 4 907
AUD 908 2 12 -1 -1 0 16777217 18 907 266 907 0 16777216 0 0 0 0 0 0 0 4 908
AUD 909 1 12 432 -1 0 16777216 0 0 0 0 0 16777217 84 909 331 909 0 0 0 4 909
AUD 910 2 12 -1 -1 0 16777217 84 909 331 909 0 16777216 0 0 0 0 0 0 0 4 910
AUD 911 1 12 433 -1 0 16777216 0 0 0 0 0 16777217 20 911 266 911 0 0 0 4 911
AUD 912 2 12 -1 -1 0 16777217 20 911 266 911 0 16777216 0 0 0 0 0 0 0 4 912
AUD 913 1 12 434 -1 0 16777216 0 0 0 0 0 16777217 18 913 266 913 0 0 0 4 913
AUD 914 2 12 -1 -1 0 16777217 18 913 266 913 0 16777216 0 0 0 0 0 0 0 4 914
AUD 915 1 12 435 -1 0 16777216 0 0 0 0 0 16777217 84 915 331 915 0 0 0 4 915
AUD 916 2 12 -1 -1 0 16777217 84 915 331 915 0 16777216 0 0 0 0 0 0 0 4 916
AUD 917 1 12 436 -1 0 16777216 0 0 0 0 0 16777217 20 917 266 917 0 0 0 4 917
AUD 918 2 12 -1 -1 0 16777217 20 917 266 917 0 16777216 0 0 0 0 0 0 0 4 918
AUD 919 1 12 437 -1 0 16777216 0 0 0 0 0 16777217 18 919 266 919 0 0 0 4 919
AUD 920 2 12 -1 -1 0 16777217 18 919 266 919 0 16777216 0 0 0 0 0 0 0 4 920
AUD 921 1 12 438 -1 0 16777216 0 0 0 0 0 16777217 84 921 331 921 0 0 0 4 921
AUD 922 2 12 -1 -1 0 16777217 84 921 331 921 0 16777216 0 0 0 0 0 0 0 4 922
AUD 923 1 12 439 -1 0 16777216 0 0 0 0 0 16777217 20 923 266 923 0 0 0 4 923
AUD 924 12 14 -1 1 0 16777217 88 875 331 875 0 16777217 88 875 336 924 0 0 0 4 924
AUD 925 2 12 -1 -1 0 16777217 20 923 266 923 0 16777216 0 0 0 0 0 0 0 4 925
AUD 926 1 12 440 -1 0 16777216 0 0 0 0 0 16777217 18 926 266 926 0 0 0 4 926
AUD 927 2 12 -1 -1 0 16777217 18 926 266 926 0 16777216 0 0 0 0 0 0 0 4 927
AUD 928 1 12 441 -1 0 16777216 0 0 0 0 0 16777217 16 928 266 928 0 0 0 4 928
AUD 929 2 12 -1 -1 0 16777217 16 928 266 928 0 16777216 0 0 0 0 0 0 0 4 929
AUD 930 1 12 442 -1 0 16777216 0 0 0 0 0 16777217 88 930 331 930 0 0 0 4 930
AUD 931 2 12 -1 -1 0 16777217 88 930 331 930 0 16777216 0 0 0 0 0 0 0 4 931
AUD 932 1 12 443 -1 0 16777216 0 0 0 0 0 16777217 18 932 266 932 0 0 0 4 932
AUD 933 2 12 -1 -1 0 16777217 18 932 266 932 0 16777216 0 0 0 0 0 0 0 4 933
AUD 934 1 12 444 -1 0 16777216 0 0 0 0 0 16777217 16 934 266 934 0 0 0 4 934
AUD 935 2 12 -1 -1 0 16777217 16 934 266 934 0 16777216 0 0 0 0 0 0 0 4 935
AUD 936 1 12 445 -1 0 16777216 0 0 0 0 0 16777217 88 936 331 936 0 0 0 4 936
AUD 937 2 12 -1 -1 0 16777217 88 936 331 936 0 16777216 0 0 0 0 0 0 0 4 937
AUD 938 1 12 446 -1 0 16777216 0 0 0 0 0 16777217 18 938 266 938 0 0 0 4 938
AUD 939 2 12 -1 -1 0 16777217 18 938 266 938 0 16777216 0 0 0 0 0 0 0 4 939
AUD 940 1 12 447 -1 0 16777216 0 0 0 0 0 16777217 16 940 266 940 0 0 0 4 940
AUD 941 2 12 -1 -1 0 16777217 16 940 266 940 0 16777216 0 0 0 0 0 0 0 4 941
AUD 942 1 12 448 -1 0 16777216 0 0 0 0 0 16777217 88 942 331 942 0 0 0 4 942
AUD 943 2 12 -1 -1 0 16777217 88 942 331 942 0 16777216 0 0 0 0 0 0 0 4 943
AUD 944 1 12 449 -1 0 16777216 0 0 0 0 0 16777217 18 944 266 944 0 0 0 4 944
AUD 945 2 12 -1 -1 0 16777217 18 944 266 944 0 16777216 0 0 0 0 0 0 0 4 945
AUD 946 1 12 450 -1 0 16777216 0 0 0 0 0 16777217 16 946 266 946 0 0 0 4 946
AUD 947 2 12 -1 -1 0 16777217 16 946 266 946 0 16777216 0 0 0 0 0 0 0 4 947
AUD 948 1 12 451 -1 0 16777216 0 0 0 0 0 16777217 20 948 266 948 0 0 0 4 948
AUD 949 2 12 -1 -1 0 16777217 20 948 266 948 0 16777216 0 0 0 0 0 0 0 4 949
AUD 950 1 12 452 -1 0 16777216 0 0 0 0 0 16777217 86 950 331 950 0 0 0 4 950
AUD 951 2 12 -1 -1 0 16777217 86 950 331 950 0 16777216 0 0 0 0 0 0 0 4 951
AUD 952 1 12 453 -1 0 16777216 0 0 0 0 0 16777217 16 952 266 952 0 0 0 4 952
AUD 953 2 12 -1 -1 0 16777217 16 952 266 952 0 16777216 0 0 0 0 0 0 0 4 953
AUD 954 1 12 454 -1 0 16777216 0 0 0 0 0 16777217 20 954 266 954 0 0 0 4 954
AUD 955 2 12 -1 -1 0 16777217 20 954 266 954 0 16777216 0 0 0 0 0 0 0 4 955
AUD 956 1 12 455 -1 0 16777216 0 0 0 0 0 16777217 86 956 331 956 0 0 0 4 956
AUD 957 2 12 -1 -1 0 16777217 86 956 331 956 0 16777216 0 0 0 0 0 0 0 4 957
AUD 958 1 12 456 -1 0 16777216 0 0 0 0 0 16777217 16 958 266 958 0 0 0 4 958
AUD 959 2 12 -1 -1 0 16777217 16 958 266 958 0 16777216 0 0 0 0 0 0 0 4 959
AUD 960 1 12 457 -1 0 16777216 0 0 0 0 0 16777217 20 960 266 960 0 0 0 4 960
AUD 961 2 12 -1 -1 0 16777217 20 960 266 960 0 16777216 0 0 0 0 0 0 0 4 961
AUD 962 1 12 458 -1 0 16777216 0 0 0 0 0 16777217 86 962 331 962 0 0 0 4 962
AUD 963 14 12 458 80 0 16777217 86 962 331 962 0 16777217 86 962 592 963 0 1 7 4 963
AUD 964 2 12 -1 -1 0 16777217 86 962 592 963 0 16777216 0 0 0 0 0 0 0 4 964
AUD 965 1 12 459 -1 0 16777216 0 0 0 0 0 16777217 16 965 266 965 0 0 0 4 965
AUD 966 2 12 -1 -1 0 16777217 16 965 266 965 0 16777216 0 0 0 0 0 0 0 4 966
AUD 967 1 12 460 -1 0 16777216 0 0 0 0 0 16777217 20 967 266 967 0 0 0 4 967
AUD 968 2 12 -1 -1 0 16777217 20 967 266 967 0 16777216 0 0 0 0 0 0 0 4 968
AUD 969 1 12 461 -1 0 16777216 0 0 0 0 0 16777217 18 969 266 969 0 0 0 4 969
AUD 970 2 12 -1 -1 0 16777217 18 969 266 969 0 16777216 0 0 0 0 0 0 0 4 970
AUD 971 1 12 462 -1 0 16777216 0 0 0 0 0 16777217 84 971 331 971 0 0 0 4 971
AUD 972 2 12 -1 -1 0 16777217 84 971 331 971 0 16777216 0 0 0 0 0 0 0 4 972
AUD 973 1 12 463 -1 0 16777216 0 0 0 0 0 16777217 20 973 266 973 0 0 0 4 973
AUD 974 2 12 -1 -1 0 16777217 20 973 266 973 0 16777216 0 0 0 0 0 0 0 4 974
AUD 975 1 12 464 -1 0 16777216 0 0 0 0 0 16777217 18 975 266 975 0 0 0 4 975
AUD 976 12 14 -1 2 0 16777217 88 875 336 924 0 16777217 88 875 346 976 0 0 0 4 976
AUD 977 2 12 -1 -1 0 16777217 18 975 266 975 0 16777216 0 0 0 0 0 0 0 4 977
AUD 978 1 12 465 -1 0 16777216 0 0 0 0 0 16777217 84 978 331 978 0 0 0 4 978
AUD 979 2 12 -1 -1 0 16777217 84 978 331 978 0 16777216 0 0 0 0 0 0 0 4 979
AUD 980 1 12 466 -1 0 16777216 0 0 0 0 0 16777217 20 980 266 980 0 0 0 4 980
AUD 981 2 12 -1 -1 0 16777217 20 980 266 980 0 16777216 0 0 0 0 0 0 0 4 981
AUD 982 1 12 467 -1 0 16777216 0 0 0 0 0 16777217 18 982 266 982 0 0 0 4 982
AUD 983 2 12 -1 -1 0 16777217 18 982 266 982 0 16777216 0 0 0 0 0 0 0 4 983
AUD 984 1 12 468 -1 0 16777216 0 0 0 0 0 16777217 84 984 331 984 0 0 0 4 984
AUD 985 2 12 -1 -1 0 16777217 84 984 331 984 0 16777216 0 0 0 0 0 0 0 4 985
AUD 986 1 12 469 -1 0 16777216 0 0 0 0 0 16777217 20 986 266 986 0 0 0 4 986
AUD 987 2 12 -1 -1 0 16777217 20 986 266 986 0 16777216 0 0 0 0 0 0 0 4 987
AUD 988 1 12 470 -1 0 16777216 0 0 0 0 0 16777217 18 988 266 988 0 0 0 4 988
AUD 989 2 12 -1 -1 0 16777217 18 988 266 988 0 16777216 0 0 0 0 0 0 0 4 989
AUD 990 1 12 471 -1 0 16777216 0 0 0 0 0 16777217 16 990 266 990 0 0 0 4 990
AUD 991 2 12 -1 -1 0 16777217 16 990 266 990 0 16777216 0 0 0 0 0 0 0 4 991
AUD 992 1 12 472 -1 0 16777216 0 0 0 0 0 16777217 88 992 331 992 0 0 0 4 992
AUD 993 2 12 -1 -1 0 16777217 88 992 331 992 0 16777216 0 0 0 0 0 0 0 4 993
AUD 994 1 12 473 -1 0 16777216 0 0 0 0 0 16777217 18 994 266 994 0 0 0 4 994
AUD 995 2 12 -1 -1 0 16777217 18 994 266 994 0 16777216 0 0 0 0 0 0 0 4 995
AUD 996 1 12 474 -1 0 16777216 0 0 0 0 0 16777217 16 996 266 996 0 0 0 4 996
AUD 997 2 12 -1 -1 0 16777217 16 996 266 996 0 16777216 0 0 0 0 0 0 0 4 997
AUD 998 1 12 475 -1 0 16777216 0 0 0 0 0 16777217 88 998 331 998 0 0 0 4 998
AUD 999 2 12 -1 -1 0 16777217 88 998 331 998 0 16777216 0 0 0 0 0 0 0 4 999
AUD 1000 1 12 476 -1 0 16777216 0 0 0 0 0 16777217 18 1000 266 1000 0 0 0 4 1000
AUD 1001 2 12 -1 -1 0 16777217 18 1000 266 1000 0 16777216 0 0 0 0 0 0 0 4 1001
AUD 1002 1 12 477 -1 0 16777216 0 0 0 0 0 16777217 16 1002 266 1002 0 0 0 4 1002
AUD 1003 2 12 -1 -1 0 16777217 16 1002 266 1002 0 16777216 0 0 0 0 0 0 0 4 1003
AUD 1004 1 12 478 -1 0 16777216 0 0 0 0 0 16777217 88 1004 331 1004 0 0 0 4 1004
AUD 1005 2 12 -1 -1 0 16777217 88 1004 331 1004 0 16777216 0 0 0 0 0 0 0 4 1005
AUD 1006 1 12 479 -1 0 16777216 0 0 0 0 0 16777217 18 1006 266 1006 0 0 0 4 1006
AUD 1007 2 12 -1 -1 0 16777217 18 1006 266 1006 0 16777216 0 0 0 0 0 0 0 4 1007
AUD 1008 1 12 480 -1 0 16777216 0 0 0 0 0 16777217 16 1008 266 1008 0 0 0 4 1008
AUD 1009 2 12 -1 -1 0 16777217 16 1008 266 1008 0 16777216 0 0 0 0 0 0 0 4 1009
AUD 1010 1 12 481 -1 0 16777216 0 0 0 0 0 16777217 20 1010 266 1010 0 0 0 4 1010
AUD 1011 2 12 -1 -1 0 16777217 20 1010 266 1010 0 16777216 0 0 0 0 0 0 0 4 1011
AUD 1012 1 12 482 -1 0 16777216 0 0 0 0 0 16777217 86 1012 331 1012 0 0 0 4 1012
AUD 1013 2 12 -1 -1 0 16777217 86 1012 331 1012 0 16777216 0 0 0 0 0 0 0 4 1013
AUD 1014 1 12 483 -1 0 16777216 0 0 0 0 0 16777217 16 1014 266 1014 0 0 0 4 1014
AUD 1015 2 12 -1 -1 0 16777217 16 1014 266 1014 0 16777216 0 0 0 0 0 0 0 4 1015
AUD 1016 1 12 484 -1 0 16777216 0 0 0 0 0 16777217 20 1016 266 1016 0 0 0 4 1016
AUD 1017 2 12 -1 -1 0 16777217 20 1016 266 1016 0 16777216 0 0 0 0 0 0 0 4 1017
AUD 1018 1 12 485 -1 0 16777216 0 0 0 0 0 16777217 86 1018 331 1018 0 0 0 4 1018
AUD 1019 2 12 -1 -1 0 16777217 86 1018 331 1018 0 16777216 0 0 0 0 0 0 0 4 1019
AUD 1020 1 12 486 -1 0 16777216 0 0 0 0 0 16777217 16 1020 266 1020 0 0 0 4 1020
AUD 1021 2 12 -1 -1 0 16777217 16 1020 266 1020 0 16777216 0 0 0 0 0 0 0 4 1021
AUD 1022 1 12 487 -1 0 16777216 0 0 0 0 0 16777217 20 1022 266 1022 0 0 0 4 1022
AUD 1023 2 12 -1 -1 0 16777217 20 1022 266 1022 0 16777216 0 0 0 0 0 0 0 4 1023
AUD 1024 1 12 488 -1 0 16777216 0 0 0 0 0 16777217 86 1024 331 1024 0 0 0 4 1024
AUD 1025 2 12 -1 -1 0 16777217 86 1024 331 1024 0 16777216 0 0 0 0 0 0 0 4 1025
AUD 1026 1 12 489 -1 0 16777216 0 0 0 0 0 16777217 16 1026 266 1026 0 0 0 4 1026
AUD 1027 2 12 -1 -1 0 16777217 16 1026 266 1026 0 16777216 0 0 0 0 0 0 0 4 1027
AUD 1028 1 12 490 -1 0 16777216 0 0 0 0 0 16777217 20 1028 266 1028 0 0 0 4 1028
AUD 1029 2 12 -1 -1 0 16777217 20 1028 266 1028 0 16777216 0 0 0 0 0 0 0 4 1029
AUD 1030 1 12 491 -1 0 16777216 0 0 0 0 0 16777217 18 1030 266 1030 0 0 0 4 1030
AUD 1031 2 12 -1 -1 0 16777217 18 1030 266 1030 0 16777216 0 0 0 0 0 0 0 4 1031
AUD 1032 1 12 492 -1 0 16777216 0 0 0 0 0 16777217 84 1032 331 1032 0 0 0 4 1032
AUD 1033 2 12 -1 -1 0 16777217 84 1032 331 1032 0 16777216 0 0 0 0 0 0 0 4 1033
AUD 1034 1 12 493 -1 0 16777216 0 0 0 0 0 16777217 20 1034 266 1034 0 0 0 4 1034
AUD 1035 2 12 -1 -1 0 16777217 20 1034 266 1034 0 16777216 0 0 0 0 0 0 0 4 1035
AUD 1036 1 12 494 -1 0 16777216 0 0 0 0 0 16777217 18 1036 266 1036 0 0 0 4 1036
AUD 1037 2 12 -1 -1 0 16777217 18 1036 266 1036 0 16777216 0 0 0 0 0 0 0 4 1037
AUD 1038 1 12 495 -1 0 16777216 0 0 0 0 0 16777217 84 1038 331 1038 0 0 0 4 1038
AUD 1039 2 12 -1 -1 0 16777217 84 1038 331 1038 0 16777216 0 0 0 0 0 0 0 4 1039
AUD 1040 1 12 496 -1 0 16777216 0 0 0 0 0 16777217 20 1040 266 1040 0 0 0 4 1040
AUD 1041 2 12 -1 -1 0 16777217 20 1040 266 1040 0 16777216 0 0 0 0 0 0 0 4 1041
AUD 1042 1 12 497 -1 0 16777216 0 0 0 0 0 16777217 18 1042 266 1042 0 0 0 4 1042
AUD 1043 2 12 -1 -1 0 16777217 18 1042 266 1042 0 16777216 0 0 0 0 0 0 0 4 1043
AUD 1044 1 12 498 -1 0 16777216 0 0 0 0 0 16777217 84 1044 331 1044 0 0 0 4 1044
AUD 1045 2 12 -1 -1 0 16777217 84 1044 331 1044 0 16777216 0 0 0 0 0 0 0 4 1045
AUD 1046 1 12 499 -1 0 16777216 0 0 0 0 0 16777217 20 1046 266 1046 0 0 0 4 1046
AUD_DONE 1047
AUD_FP -1392409452
