AUD 0 1 0 -1 -1 0 0 0 0 0 0 0 65537 95 0 0 0 0 0 0 0 0
AUD 1 1 1 -1 -1 0 0 0 0 0 0 0 65537 90 1 0 1 0 0 0 0 1
AUD 2 8 -1 4 -1 0 0 0 0 0 0 0 0 0 0 0 0 0 0 0 4 2
AUD 3 1 2 0 -1 0 0 0 0 0 0 0 16777217 20 3 266 3 0 0 0 4 3
AUD 4 1 3 1 -1 0 0 0 0 0 0 0 16777217 18 4 266 4 0 0 0 4 4
AUD 5 1 4 2 -1 0 0 0 0 0 0 0 16777217 16 5 266 5 0 0 0 4 5
AUD 6 1 5 3 -1 0 0 0 0 0 0 0 16777217 88 6 331 6 0 0 0 4 6
AUD 7 1 6 4 -1 0 0 0 0 0 0 0 16777217 18 7 266 7 0 0 0 4 7
AUD 8 1 7 5 -1 0 0 0 0 0 0 0 16777217 16 8 266 8 0 0 0 4 8
AUD 9 1 8 6 -1 0 0 0 0 0 0 0 16777217 88 9 331 9 0 0 0 4 9
AUD 10 1 9 7 -1 0 0 0 0 0 0 0 16777217 18 10 266 10 0 0 0 4 10
AUD 11 1 10 8 -1 0 0 0 0 0 0 0 16777217 16 11 266 11 0 0 0 4 11
AUD 12 1 11 9 -1 0 0 0 0 0 0 0 16777217 88 12 331 12 0 0 0 4 12
AUD 13 14 11 9 80 0 16777217 88 12 331 12 0 16777217 88 12 592 13 0 1 7 4 13
AUD 14 1 12 10 -1 0 0 0 0 0 0 0 16777217 18 14 266 14 0 0 0 4 14
AUD 15 1 13 11 -1 0 0 0 0 0 0 0 16777217 16 15 266 15 0 0 0 4 15
AUD 16 1 14 12 -1 0 0 0 0 0 0 0 16777217 20 16 266 16 0 0 0 4 16
AUD 17 1 15 13 -1 0 0 0 0 0 0 0 16777217 86 17 331 17 0 0 0 4 17
AUD 18 1 16 14 -1 0 0 0 0 0 0 0 16777217 16 18 266 18 0 0 0 4 18
AUD 19 1 17 15 -1 0 0 0 0 0 0 0 16777217 20 19 266 19 0 0 0 4 19
AUD 20 1 18 16 -1 0 0 0 0 0 0 0 16777217 86 20 331 20 0 0 0 4 20
AUD 21 1 19 17 -1 0 0 0 0 0 0 0 16777217 16 21 266 21 0 0 0 4 21
AUD 22 1 20 18 -1 0 0 0 0 0 0 0 16777217 20 22 266 22 0 0 0 4 22
AUD 23 1 21 19 -1 0 0 0 0 0 0 0 16777217 86 23 331 23 0 0 0 4 23
AUD 24 1 22 20 -1 0 0 0 0 0 0 0 16777217 16 24 266 24 0 0 0 4 24
AUD 25 1 23 21 -1 0 0 0 0 0 0 0 16777217 20 25 266 25 0 0 0 4 25
AUD 26 1 24 22 -1 0 0 0 0 0 0 0 16777217 18 26 266 26 0 0 0 4 26
AUD 27 1 25 23 -1 0 0 0 0 0 0 0 16777217 84 27 331 27 0 0 0 4 27
AUD 28 1 26 24 -1 0 0 0 0 0 0 0 16777217 20 28 266 28 0 0 0 4 28
AUD 29 1 27 25 -1 0 0 0 0 0 0 0 16777217 18 29 266 29 0 0 0 4 29
AUD 30 1 28 26 -1 0 0 0 0 0 0 0 16777217 84 30 331 30 0 0 0 4 30
AUD 31 1 29 27 -1 0 0 0 0 0 0 0 16777217 20 31 266 31 0 0 0 4 31
AUD 32 12 5 -1 1 0 16777217 88 6 331 6 0 16777217 88 6 336 32 0 0 0 4 32
AUD 33 1 30 28 -1 0 0 0 0 0 0 0 16777217 18 33 266 33 0 0 0 4 33
AUD 34 1 31 29 -1 0 0 0 0 0 0 0 16777217 84 34 331 34 0 0 0 4 34
AUD 35 2 4 -1 -1 0 16777217 16 5 266 5 0 16777216 0 0 0 0 0 0 0 4 35
AUD 36 1 4 30 -1 0 16777216 0 0 0 0 0 16777217 20 36 266 36 0 0 0 4 36
AUD 37 12 8 -1 1 0 16777217 88 9 331 9 0 16777217 88 9 336 37 0 0 0 4 37
AUD 38 2 7 -1 -1 0 16777217 16 8 266 8 0 16777216 0 0 0 0 0 0 0 4 38
AUD 39 1 7 31 -1 0 16777216 0 0 0 0 0 16777217 18 39 266 39 0 0 0 4 39
AUD 40 2 10 -1 -1 0 16777217 16 11 266 11 0 16777216 0 0 0 0 0 0 0 4 40
AUD 41 1 10 32 -1 0 16777216 0 0 0 0 0 16777217 16 41 266 41 0 0 0 4 41
AUD 42 2 10 -1 -1 0 16777217 16 41 266 41 0 16777216 0 0 0 0 0 0 0 4 42
AUD 43 1 10 33 -1 0 16777216 0 0 0 0 0 16777217 88 43 331 43 0 0 0 4 43
AUD 44 12 11 -1 1 0 16777217 88 12 592 13 0 16777217 88 12 336 44 0 0 0 4 44
AUD 45 2 13 -1 -1 0 16777217 16 15 266 15 0 16777216 0 0 0 0 0 0 0 4 45
AUD 46 1 13 34 -1 0 16777216 0 0 0 0 0 16777217 18 46 266 46 0 0 0 4 46
AUD 47 2 16 -1 -1 0 16777217 16 18 266 18 0 16777216 0 0 0 0 0 0 0 4 47
AUD 48 1 16 35 -1 0 16777216 0 0 0 0 0 16777217 16 48 266 48 0 0 0 4 48
AUD 49 2 16 -1 -1 0 16777217 16 48 266 48 0 16777216 0 0 0 0 0 0 0 4 49
AUD 50 1 16 36 -1 0 16777216 0 0 0 0 0 16777217 88 50 331 50 0 0 0 4 50
AUD 51 2 19 -1 -1 0 16777217 16 21 266 21 0 16777216 0 0 0 0 0 0 0 4 51
AUD 52 1 19 37 -1 0 16777216 0 0 0 0 0 16777217 18 52 266 52 0 0 0 4 52
AUD 53 12 15 -1 1 0 16777217 86 17 331 17 0 16777217 86 17 336 53 0 0 0 4 53
AUD 54 2 22 -1 -1 0 16777217 16 24 266 24 0 16777216 0 0 0 0 0 0 0 4 54
AUD 55 1 22 38 -1 0 16777216 0 0 0 0 0 16777217 16 55 266 55 0 0 0 4 55
AUD 56 2 22 -1 -1 0 16777217 16 55 266 55 0 16777216 0 0 0 0 0 0 0 4 56
AUD 57 1 22 39 -1 0 16777216 0 0 0 0 0 16777217 88 57 331 57 0 0 0 4 57
AUD 58 2 3 -1 -1 0 16777217 18 4 266 4 0 16777216 0 0 0 0 0 0 0 4 58
AUD 59 1 3 40 -1 0 16777216 0 0 0 0 0 16777217 18 59 266 59 0 0 0 4 59
AUD 60 12 18 -1 1 0 16777217 86 20 331 20 0 16777217 86 20 336 60 0 0 0 4 60
AUD 61 2 3 -1 -1 0 16777217 18 59 266 59 0 16777216 0 0 0 0 0 0 0 4 61
AUD 62 1 3 41 -1 0 16777216 0 0 0 0 0 16777217 16 62 266 62 0 0 0 4 62
AUD 63 2 3 -1 -1 0 16777217 16 62 266 62 0 16777216 0 0 0 0 0 0 0 4 63
AUD 64 1 3 42 -1 0 16777216 0 0 0 0 0 16777217 20 64 266 64 0 0 0 4 64
AUD 65 2 6 -1 -1 0 16777217 18 7 266 7 0 16777216 0 0 0 0 0 0 0 4 65
AUD 66 1 6 43 -1 0 16777216 0 0 0 0 0 16777217 86 66 331 66 0 0 0 4 66
AUD 67 12 21 -1 1 0 16777217 86 23 331 23 0 16777217 86 23 336 67 0 0 0 4 67
AUD 68 2 7 -1 -1 0 16777217 18 39 266 39 0 16777216 0 0 0 0 0 0 0 4 68
AUD 69 1 7 44 -1 0 16777216 0 0 0 0 0 16777217 16 69 266 69 0 0 0 4 69
AUD 70 2 7 -1 -1 0 16777217 16 69 266 69 0 16777216 0 0 0 0 0 0 0 4 70
AUD 71 1 7 45 -1 0 16777216 0 0 0 0 0 16777217 20 71 266 71 0 0 0 4 71
AUD 72 2 9 -1 -1 0 16777217 18 10 266 10 0 16777216 0 0 0 0 0 0 0 4 72
AUD 73 1 9 46 -1 0 16777216 0 0 0 0 0 16777217 86 73 331 73 0 0 0 4 73
AUD 74 2 12 -1 -1 0 16777217 18 14 266 14 0 16777216 0 0 0 0 0 0 0 4 74
AUD 75 1 12 47 -1 0 16777216 0 0 0 0 0 16777217 16 75 266 75 0 0 0 4 75
AUD 76 12 25 -1 1 0 16777217 84 27 331 27 0 16777217 84 27 336 76 0 0 0 4 76
AUD 77 2 12 -1 -1 0 16777217 16 75 266 75 0 16777216 0 0 0 0 0 0 0 4 77
AUD 78 1 12 48 -1 0 16777216 0 0 0 0 0 16777217 20 78 266 78 0 0 0 4 78
AUD 79 2 13 -1 -1 0 16777217 18 46 266 46 0 16777216 0 0 0 0 0 0 0 4 79
AUD 80 1 13 49 -1 0 16777216 0 0 0 0 0 16777217 86 80 331 80 0 0 0 4 80
AUD 81 2 19 -1 -1 0 16777217 18 52 266 52 0 16777216 0 0 0 0 0 0 0 4 81
AUD 82 1 19 50 -1 0 16777216 0 0 0 0 0 16777217 16 82 266 82 0 0 0 4 82
AUD 83 12 28 -1 1 0 16777217 84 30 331 30 0 16777217 84 30 336 83 0 0 0 4 83
AUD 84 2 19 -1 -1 0 16777217 16 82 266 82 0 16777216 0 0 0 0 0 0 0 4 84
AUD 85 1 19 51 -1 0 16777216 0 0 0 0 0 16777217 20 85 266 85 0 0 0 4 85
AUD 86 2 24 -1 -1 0 16777217 18 26 266 26 0 16777216 0 0 0 0 0 0 0 4 86
AUD 87 1 24 52 -1 0 16777216 0 0 0 0 0 16777217 18 87 266 87 0 0 0 4 87
AUD 88 12 5 -1 2 0 16777217 88 6 336 32 0 16777217 88 6 346 88 0 0 0 4 88
AUD 89 2 24 -1 -1 0 16777217 18 87 266 87 0 16777216 0 0 0 0 0 0 0 4 89
AUD 90 1 24 53 -1 0 16777216 0 0 0 0 0 16777217 84 90 331 90 0 0 0 4 90
AUD 91 12 31 -1 1 0 16777217 84 34 331 34 0 16777217 84 34 336 91 0 0 0 4 91
AUD 92 2 27 -1 -1 0 16777217 18 29 266 29 0 16777216 0 0 0 0 0 0 0 4 92
AUD 93 1 27 54 -1 0 16777216 0 0 0 0 0 16777217 20 93 266 93 0 0 0 4 93
AUD 94 2 30 -1 -1 0 16777217 18 33 266 33 0 16777216 0 0 0 0 0 0 0 4 94
AUD 95 1 30 55 -1 0 16777216 0 0 0 0 0 16777217 18 95 266 95 0 0 0 4 95
AUD 96 12 8 -1 2 0 16777217 88 9 336 37 0 16777217 88 9 346 96 0 0 0 4 96
AUD 97 2 30 -1 -1 0 16777217 18 95 266 95 0 16777216 0 0 0 0 0 0 0 4 97
AUD 98 1 30 56 -1 0 16777216 0 0 0 0 0 16777217 84 98 331 98 0 0 0 4 98
AUD 99 2 2 -1 -1 0 16777217 20 3 266 3 0 16777216 0 0 0 0 0 0 0 4 99
AUD 100 1 2 57 -1 0 16777216 0 0 0 0 0 16777217 20 100 266 100 0 0 0 4 100
AUD 101 12 10 -1 1 0 16777217 88 43 331 43 0 16777217 88 43 336 101 0 0 0 4 101
AUD 102 2 2 -1 -1 0 16777217 20 100 266 100 0 16777216 0 0 0 0 0 0 0 4 102
AUD 103 1 2 58 -1 0 16777216 0 0 0 0 0 16777217 18 103 266 103 0 0 0 4 103
AUD 104 12 11 -1 2 0 16777217 88 12 336 44 0 16777217 88 12 346 104 0 0 0 4 104
AUD 105 2 2 -1 -1 0 16777217 18 103 266 103 0 16777216 0 0 0 0 0 0 0 4 105
AUD 106 1 2 59 -1 0 16777216 0 0 0 0 0 16777217 84 106 331 106 0 0 0 4 106
AUD 107 14 2 59 80 0 16777217 84 106 331 106 0 16777217 84 106 592 107 0 1 7 4 107
AUD 108 2 3 -1 -1 0 16777217 20 64 266 64 0 16777216 0 0 0 0 0 0 0 4 108
AUD 109 1 3 60 -1 0 16777216 0 0 0 0 0 16777217 20 109 266 109 0 0 0 4 109
AUD 110 12 16 -1 1 0 16777217 88 50 331 50 0 16777217 88 50 336 110 0 0 0 4 110
AUD 111 2 3 -1 -1 0 16777217 20 109 266 109 0 16777216 0 0 0 0 0 0 0 4 111
AUD 112 1 3 61 -1 0 16777216 0 0 0 0 0 16777217 18 112 266 112 0 0 0 4 112
AUD 113 2 3 -1 -1 0 16777217 18 112 266 112 0 16777216 0 0 0 0 0 0 0 4 113
AUD 114 1 3 62 -1 0 16777216 0 0 0 0 0 16777217 16 114 266 114 0 0 0 4 114
AUD 115 12 15 -1 2 0 16777217 86 17 336 53 0 16777217 86 17 346 115 0 0 0 4 115
AUD 116 2 3 -1 -1 0 16777217 16 114 266 114 0 16777216 0 0 0 0 0 0 0 4 116
AUD 117 1 3 63 -1 0 16777216 0 0 0 0 0 16777217 88 117 331 117 0 0 0 4 117
AUD 118 12 22 -1 1 0 16777217 88 57 331 57 0 16777217 88 57 336 118 0 0 0 4 118
AUD 119 2 4 -1 -1 0 16777217 20 36 266 36 0 16777216 0 0 0 0 0 0 0 4 119
AUD 120 1 4 64 -1 0 16777216 0 0 0 0 0 16777217 18 120 266 120 0 0 0 4 120
AUD 121 2 4 -1 -1 0 16777217 18 120 266 120 0 16777216 0 0 0 0 0 0 0 4 121
AUD 122 1 4 65 -1 0 16777216 0 0 0 0 0 16777217 16 122 266 122 0 0 0 4 122
AUD 123 12 18 -1 2 0 16777217 86 20 336 60 0 16777217 86 20 346 123 0 0 0 4 123
AUD 124 2 4 -1 -1 0 16777217 16 122 266 122 0 16777216 0 0 0 0 0 0 0 4 124
AUD 125 1 4 66 -1 0 16777216 0 0 0 0 0 16777217 88 125 331 125 0 0 0 4 125
AUD 126 2 7 -1 -1 0 16777217 20 71 266 71 0 16777216 0 0 0 0 0 0 0 4 126
AUD 127 1 7 67 -1 0 16777216 0 0 0 0 0 16777217 18 127 266 127 0 0 0 4 127
AUD 128 12 6 -1 1 0 16777217 86 66 331 66 0 16777217 86 66 336 128 0 0 0 4 128
AUD 129 2 7 -1 -1 0 16777217 18 127 266 127 0 16777216 0 0 0 0 0 0 0 4 129
AUD 130 1 7 68 -1 0 16777216 0 0 0 0 0 16777217 16 130 266 130 0 0 0 4 130
AUD 131 12 21 -1 2 0 16777217 86 23 336 67 0 16777217 86 23 346 131 0 0 0 4 131
AUD 132 2 7 -1 -1 0 16777217 16 130 266 130 0 16777216 0 0 0 0 0 0 0 4 132
AUD 133 1 7 69 -1 0 16777216 0 0 0 0 0 16777217 88 133 331 133 0 0 0 4 133
AUD 134 2 12 -1 -1 0 16777217 20 78 266 78 0 16777216 0 0 0 0 0 0 0 4 134
AUD 135 1 12 70 -1 0 16777216 0 0 0 0 0 16777217 18 135 266 135 0 0 0 4 135
AUD 136 12 9 -1 1 0 16777217 86 73 331 73 0 16777217 86 73 336 136 0 0 0 4 136
AUD 137 2 12 -1 -1 0 16777217 18 135 266 135 0 16777216 0 0 0 0 0 0 0 4 137
AUD 138 1 12 71 -1 0 16777216 0 0 0 0 0 16777217 16 138 266 138 0 0 0 4 138
AUD 139 2 12 -1 -1 0 16777217 16 138 266 138 0 16777216 0 0 0 0 0 0 0 4 139
AUD 140 1 12 72 -1 0 16777216 0 0 0 0 0 16777217 20 140 266 140 0 0 0 4 140
AUD 141 12 25 -1 2 0 16777217 84 27 336 76 0 16777217 84 27 346 141 0 0 0 4 141
AUD 142 2 12 -1 -1 0 16777217 20 140 266 140 0 16777216 0 0 0 0 0 0 0 4 142
AUD 143 1 12 73 -1 0 16777216 0 0 0 0 0 16777217 86 143 331 143 0 0 0 4 143
AUD 144 12 13 -1 1 0 16777217 86 80 331 80 0 16777217 86 80 336 144 0 0 0 4 144
AUD 145 2 14 -1 -1 0 16777217 20 16 266 16 0 16777216 0 0 0 0 0 0 0 4 145
AUD 146 1 14 74 -1 0 16777216 0 0 0 0 0 16777217 16 146 266 146 0 0 0 4 146
AUD 147 2 14 -1 -1 0 16777217 16 146 266 146 0 16777216 0 0 0 0 0 0 0 4 147
AUD 148 1 14 75 -1 0 16777216 0 0 0 0 0 16777217 20 148 266 148 0 0 0 4 148
AUD 149 12 28 -1 2 0 16777217 84 30 336 83 0 16777217 84 30 346 149 0 0 0 4 149
AUD 150 2 14 -1 -1 0 16777217 20 148 266 148 0 16777216 0 0 0 0 0 0 0 4 150
AUD 151 1 14 76 -1 0 16777216 0 0 0 0 0 16777217 86 151 331 151 0 0 0 4 151
AUD 152 2 17 -1 -1 0 16777217 20 19 266 19 0 16777216 0 0 0 0 0 0 0 4 152
AUD 153 1 17 77 -1 0 16777216 0 0 0 0 0 16777217 16 153 266 153 0 0 0 4 153
AUD 154 12 24 -1 1 0 16777217 84 90 331 90 0 16777217 84 90 336 154 0 0 0 4 154
AUD 155 2 17 -1 -1 0 16777217 16 153 266 153 0 16777216 0 0 0 0 0 0 0 4 155
AUD 156 1 17 78 -1 0 16777216 0 0 0 0 0 16777217 20 156 266 156 0 0 0 4 156
AUD 157 12 31 -1 2 0 16777217 84 34 336 91 0 16777217 84 34 346 157 0 0 0 4 157
AUD 158 2 17 -1 -1 0 16777217 20 156 266 156 0 16777216 0 0 0 0 0 0 0 4 158
AUD 159 1 17 79 -1 0 16777216 0 0 0 0 0 16777217 86 159 331 159 0 0 0 4 159
AUD 160 2 19 -1 -1 0 16777217 20 85 266 85 0 16777216 0 0 0 0 0 0 0 4 160
AUD 161 1 19 80 -1 0 16777216 0 0 0 0 0 16777217 16 161 266 161 0 0 0 4 161
AUD 162 12 30 -1 1 0 16777217 84 98 331 98 0 16777217 84 98 336 162 0 0 0 4 162
AUD 163 2 19 -1 -1 0 16777217 16 161 266 161 0 16777216 0 0 0 0 0 0 0 4 163
AUD 164 1 19 81 -1 0 16777216 0 0 0 0 0 16777217 20 164 266 164 0 0 0 4 164
AUD 165 2 19 -1 -1 0 16777217 20 164 266 164 0 16777216 0 0 0 0 0 0 0 4 165
AUD 166 1 19 82 -1 0 16777216 0 0 0 0 0 16777217 18 166 266 166 0 0 0 4 166
AUD 167 12 10 -1 2 0 16777217 88 43 336 101 0 16777217 88 43 346 167 0 0 0 4 167
AUD 168 2 19 -1 -1 0 16777217 18 166 266 166 0 16777216 0 0 0 0 0 0 0 4 168
AUD 169 1 19 83 -1 0 16777216 0 0 0 0 0 16777217 84 169 331 169 0 0 0 4 169
AUD 170 12 2 -1 1 0 16777217 84 106 592 107 0 16777217 84 106 336 170 0 0 0 4 170
AUD 171 2 20 -1 -1 0 16777217 20 22 266 22 0 16777216 0 0 0 0 0 0 0 4 171
AUD 172 1 20 84 -1 0 16777216 0 0 0 0 0 16777217 20 172 266 172 0 0 0 4 172
AUD 173 2 20 -1 -1 0 16777217 20 172 266 172 0 16777216 0 0 0 0 0 0 0 4 173
AUD 174 1 20 85 -1 0 16777216 0 0 0 0 0 16777217 18 174 266 174 0 0 0 4 174
AUD 175 12 16 -1 2 0 16777217 88 50 336 110 0 16777217 88 50 346 175 0 0 0 4 175
AUD 176 2 20 -1 -1 0 16777217 18 174 266 174 0 16777216 0 0 0 0 0 0 0 4 176
AUD 177 1 20 86 -1 0 16777216 0 0 0 0 0 16777217 84 177 331 177 0 0 0 4 177
AUD 178 2 23 -1 -1 0 16777217 20 25 266 25 0 16777216 0 0 0 0 0 0 0 4 178
AUD 179 1 23 87 -1 0 16777216 0 0 0 0 0 16777217 20 179 266 179 0 0 0 4 179
AUD 180 12 3 -1 1 0 16777217 88 117 331 117 0 16777217 88 117 336 180 0 0 0 4 180
AUD 181 2 23 -1 -1 0 16777217 20 179 266 179 0 16777216 0 0 0 0 0 0 0 4 181
AUD 182 1 23 88 -1 0 16777216 0 0 0 0 0 16777217 18 182 266 182 0 0 0 4 182
AUD 183 12 22 -1 2 0 16777217 88 57 336 118 0 16777217 88 57 346 183 0 0 0 4 183
AUD 184 2 23 -1 -1 0 16777217 18 182 266 182 0 16777216 0 0 0 0 0 0 0 4 184
AUD 185 1 23 89 -1 0 16777216 0 0 0 0 0 16777217 84 185 331 185 0 0 0 4 185
AUD 186 2 26 -1 -1 0 16777217 20 28 266 28 0 16777216 0 0 0 0 0 0 0 4 186
AUD 187 1 26 90 -1 0 16777216 0 0 0 0 0 16777217 20 187 266 187 0 0 0 4 187
AUD 188 12 4 -1 1 0 16777217 88 125 331 125 0 16777217 88 125 336 188 0 0 0 4 188
AUD 189 2 26 -1 -1 0 16777217 20 187 266 187 0 16777216 0 0 0 0 0 0 0 4 189
AUD 190 1 26 91 -1 0 16777216 0 0 0 0 0 16777217 18 190 266 190 0 0 0 4 190
AUD 191 2 26 -1 -1 0 16777217 18 190 266 190 0 16777216 0 0 0 0 0 0 0 4 191
AUD 192 1 26 92 -1 0 16777216 0 0 0 0 0 16777217 16 192 266 192 0 0 0 4 192
AUD 193 12 6 -1 2 0 16777217 86 66 336 128 0 16777217 86 66 346 193 0 0 0 4 193
AUD 194 2 26 -1 -1 0 16777217 16 192 266 192 0 16777216 0 0 0 0 0 0 0 4 194
AUD 195 1 26 93 -1 0 16777216 0 0 0 0 0 16777217 88 195 331 195 0 0 0 4 195
AUD 196 12 7 -1 1 0 16777217 88 133 331 133 0 16777217 88 133 336 196 0 0 0 4 196
AUD 197 2 27 -1 -1 0 16777217 20 93 266 93 0 16777216 0 0 0 0 0 0 0 4 197
AUD 198 1 27 94 -1 0 16777216 0 0 0 0 0 16777217 18 198 266 198 0 0 0 4 198
AUD 199 2 27 -1 -1 0 16777217 18 198 266 198 0 16777216 0 0 0 0 0 0 0 4 199
AUD 200 1 27 95 -1 0 16777216 0 0 0 0 0 16777217 16 200 266 200 0 0 0 4 200
AUD 201 12 9 -1 2 0 16777217 86 73 336 136 0 16777217 86 73 346 201 0 0 0 4 201
AUD 202 2 27 -1 -1 0 16777217 16 200 266 200 0 16777216 0 0 0 0 0 0 0 4 202
AUD 203 1 27 96 -1 0 16777216 0 0 0 0 0 16777217 88 203 331 203 0 0 0 4 203
AUD 204 2 29 -1 -1 0 16777217 20 31 266 31 0 16777216 0 0 0 0 0 0 0 4 204
AUD 205 1 29 97 -1 0 16777216 0 0 0 0 0 16777217 18 205 266 205 0 0 0 4 205
AUD 206 12 12 -1 1 0 16777217 86 143 331 143 0 16777217 86 143 336 206 0 0 0 4 206
AUD 207 2 29 -1 -1 0 16777217 18 205 266 205 0 16777216 0 0 0 0 0 0 0 4 207
AUD 208 1 29 98 -1 0 16777216 0 0 0 0 0 16777217 16 208 266 208 0 0 0 4 208
AUD 209 12 13 -1 2 0 16777217 86 80 336 144 0 16777217 86 80 346 209 0 0 0 4 209
AUD 210 2 29 -1 -1 0 16777217 16 208 266 208 0 16777216 0 0 0 0 0 0 0 4 210
AUD 211 1 29 99 -1 0 16777216 0 0 0 0 0 16777217 88 211 331 211 0 0 0 4 211
AUD 212 2 19 -1 -1 0 16777217 84 169 331 169 0 16777216 0 0 0 0 0 0 0 4 212
AUD 213 1 19 100 -1 0 16777216 0 0 0 0 0 16777217 18 213 266 213 0 0 0 4 213
AUD 214 2 19 -1 -1 0 16777217 18 213 266 213 0 16777216 0 0 0 0 0 0 0 4 214
AUD 215 2 20 -1 -1 0 16777217 84 177 331 177 0 16777216 0 0 0 0 0 0 0 4 215
AUD 216 12 14 -1 1 0 16777217 86 151 331 151 0 16777217 86 151 336 216 0 0 0 4 216
AUD 217 1 19 101 -1 0 16777216 0 0 0 0 0 16777217 16 217 266 217 0 0 0 4 217
AUD 218 1 20 102 -1 0 16777216 0 0 0 0 0 16777217 20 218 266 218 0 0 0 4 218
AUD 219 12 24 -1 2 0 16777217 84 90 336 154 0 16777217 84 90 346 219 0 0 0 4 219
AUD 220 2 19 -1 -1 0 16777217 16 217 266 217 0 16777216 0 0 0 0 0 0 0 4 220
AUD 221 1 19 103 -1 0 16777216 0 0 0 0 0 16777217 86 221 331 221 0 0 0 4 221
AUD 222 12 17 -1 1 0 16777217 86 159 331 159 0 16777217 86 159 336 222 0 0 0 4 222
AUD 223 2 20 -1 -1 0 16777217 20 218 266 218 0 16777216 0 0 0 0 0 0 0 4 223
AUD 224 1 20 104 -1 0 16777216 0 0 0 0 0 16777217 16 224 266 224 0 0 0 4 224
AUD 225 2 20 -1 -1 0 16777217 16 224 266 224 0 16777216 0 0 0 0 0 0 0 4 225
AUD 226 1 20 105 -1 0 16777216 0 0 0 0 0 16777217 20 226 266 226 0 0 0 4 226
AUD 227 12 30 -1 2 0 16777217 84 98 336 162 0 16777217 84 98 346 227 0 0 0 4 227
AUD 228 2 20 -1 -1 0 16777217 20 226 266 226 0 16777216 0 0 0 0 0 0 0 4 228
AUD 229 1 20 106 -1 0 16777216 0 0 0 0 0 16777217 86 229 331 229 0 0 0 4 229
AUD 230 2 23 -1 -1 0 16777217 84 185 331 185 0 16777216 0 0 0 0 0 0 0 4 230
AUD 231 1 23 107 -1 0 16777216 0 0 0 0 0 16777217 16 231 266 231 0 0 0 4 231
AUD 232 2 23 -1 -1 0 16777217 16 231 266 231 0 16777216 0 0 0 0 0 0 0 4 232
AUD 233 1 23 108 -1 0 16777216 0 0 0 0 0 16777217 20 233 266 233 0 0 0 4 233
AUD 234 12 2 -1 2 0 16777217 84 106 336 170 0 16777217 84 106 346 234 0 0 0 4 234
AUD 235 2 23 -1 -1 0 16777217 20 233 266 233 0 16777216 0 0 0 0 0 0 0 4 235
AUD 236 1 23 109 -1 0 16777216 0 0 0 0 0 16777217 86 236 331 236 0 0 0 4 236
AUD 237 14 23 109 80 0 16777217 86 236 331 236 0 16777217 86 236 592 237 0 1 7 4 237
AUD 238 2 19 -1 -1 0 16777217 86 221 331 221 0 16777216 0 0 0 0 0 0 0 4 238
AUD 239 1 19 110 -1 0 16777216 0 0 0 0 0 16777217 16 239 266 239 0 0 0 4 239
AUD 240 2 19 -1 -1 0 16777217 16 239 266 239 0 16777216 0 0 0 0 0 0 0 4 240
AUD 241 1 19 111 -1 0 16777216 0 0 0 0 0 16777217 20 241 266 241 0 0 0 4 241
AUD 242 2 19 -1 -1 0 16777217 20 241 266 241 0 16777216 0 0 0 0 0 0 0 4 242
AUD 243 1 19 112 -1 0 16777216 0 0 0 0 0 16777217 18 243 266 243 0 0 0 4 243
AUD 244 12 3 -1 2 0 16777217 88 117 336 180 0 16777217 88 117 346 244 0 0 0 4 244
AUD 245 2 19 -1 -1 0 16777217 18 243 266 243 0 16777216 0 0 0 0 0 0 0 4 245
AUD 246 1 19 113 -1 0 16777216 0 0 0 0 0 16777217 84 246 331 246 0 0 0 4 246
AUD 247 2 19 -1 -1 0 16777217 84 246 331 246 0 16777216 0 0 0 0 0 0 0 4 247
AUD 248 1 19 114 -1 0 16777216 0 0 0 0 0 16777217 20 248 266 248 0 0 0 4 248
AUD 249 2 19 -1 -1 0 16777217 20 248 266 248 0 16777216 0 0 0 0 0 0 0 4 249
AUD 250 1 19 115 -1 0 16777216 0 0 0 0 0 16777217 18 250 266 250 0 0 0 4 250
AUD 251 12 4 -1 2 0 16777217 88 125 336 188 0 16777217 88 125 346 251 0 0 0 4 251
AUD 252 2 19 -1 -1 0 16777217 18 250 266 250 0 16777216 0 0 0 0 0 0 0 4 252
AUD 253 1 19 116 -1 0 16777216 0 0 0 0 0 16777217 84 253 331 253 0 0 0 4 253
AUD 254 2 19 -1 -1 0 16777217 84 253 331 253 0 16777216 0 0 0 0 0 0 0 4 254
AUD 255 1 19 117 -1 0 16777216 0 0 0 0 0 16777217 20 255 266 255 0 0 0 4 255
AUD 256 12 26 -1 1 0 16777217 88 195 331 195 0 16777217 88 195 336 256 0 0 0 4 256
AUD 257 2 19 -1 -1 0 16777217 20 255 266 255 0 16777216 0 0 0 0 0 0 0 4 257
AUD 258 1 19 118 -1 0 16777216 0 0 0 0 0 16777217 18 258 266 258 0 0 0 4 258
AUD 259 12 7 -1 2 0 16777217 88 133 336 196 0 16777217 88 133 346 259 0 0 0 4 259
AUD 260 2 19 -1 -1 0 16777217 18 258 266 258 0 16777216 0 0 0 0 0 0 0 4 260
AUD 261 1 19 119 -1 0 16777216 0 0 0 0 0 16777217 84 261 331 261 0 0 0 4 261
AUD 262 2 19 -1 -1 0 16777217 84 261 331 261 0 16777216 0 0 0 0 0 0 0 4 262
AUD 263 1 19 120 -1 0 16777216 0 0 0 0 0 16777217 20 263 266 263 0 0 0 4 263
AUD 264 12 27 -1 1 0 16777217 88 203 331 203 0 16777217 88 203 336 264 0 0 0 4 264
AUD 265 2 19 -1 -1 0 16777217 20 263 266 263 0 16777216 0 0 0 0 0 0 0 4 265
AUD 266 1 19 121 -1 0 16777216 0 0 0 0 0 16777217 18 266 266 266 0 0 0 4 266
AUD 267 2 19 -1 -1 0 16777217 18 266 266 266 0 16777216 0 0 0 0 0 0 0 4 267
AUD 268 1 19 122 -1 0 16777216 0 0 0 0 0 16777217 16 268 266 268 0 0 0 4 268
AUD 269 12 12 -1 2 0 16777217 86 143 336 206 0 16777217 86 143 346 269 0 0 0 4 269
AUD 270 2 19 -1 -1 0 16777217 16 268 266 268 0 16777216 0 0 0 0 0 0 0 4 270
AUD 271 1 19 123 -1 0 16777216 0 0 0 0 0 16777217 88 271 331 271 0 0 0 4 271
AUD 272 12 29 -1 1 0 16777217 88 211 331 211 0 16777217 88 211 336 272 0 0 0 4 272
AUD 273 2 20 -1 -1 0 16777217 86 229 331 229 0 16777216 0 0 0 0 0 0 0 4 273
AUD 274 1 20 124 -1 0 16777216 0 0 0 0 0 16777217 18 274 266 274 0 0 0 4 274
AUD 275 2 20 -1 -1 0 16777217 18 274 266 274 0 16777216 0 0 0 0 0 0 0 4 275
AUD 276 1 20 125 -1 0 16777216 0 0 0 0 0 16777217 16 276 266 276 0 0 0 4 276
AUD 277 12 14 -1 2 0 16777217 86 151 336 216 0 16777217 86 151 346 277 0 0 0 4 277
AUD 278 2 20 -1 -1 0 16777217 16 276 266 276 0 16777216 0 0 0 0 0 0 0 4 278
AUD 279 1 20 126 -1 0 16777216 0 0 0 0 0 16777217 88 279 331 279 0 0 0 4 279
AUD 280 2 23 -1 -1 0 16777217 86 236 592 237 0 16777216 0 0 0 0 0 0 0 4 280
AUD 281 1 23 127 -1 0 16777216 0 0 0 0 0 16777217 18 281 266 281 0 0 0 4 281
AUD 282 2 23 -1 -1 0 16777217 18 281 266 281 0 16777216 0 0 0 0 0 0 0 4 282
AUD 283 1 23 128 -1 0 16777216 0 0 0 0 0 16777217 16 283 266 283 0 0 0 4 283
AUD 284 12 17 -1 2 0 16777217 86 159 336 222 0 16777217 86 159 346 284 0 0 0 4 284
AUD 285 2 23 -1 -1 0 16777217 16 283 266 283 0 16777216 0 0 0 0 0 0 0 4 285
AUD 286 1 23 129 -1 0 16777216 0 0 0 0 0 16777217 88 286 331 286 0 0 0 4 286
AUD 287 2 19 -1 -1 0 16777217 88 271 331 271 0 16777216 0 0 0 0 0 0 0 4 287
AUD 288 1 19 130 -1 0 16777216 0 0 0 0 0 16777217 18 288 266 288 0 0 0 4 288
AUD 289 2 19 -1 -1 0 16777217 18 288 266 288 0 16777216 0 0 0 0 0 0 0 4 289
AUD 290 1 19 131 -1 0 16777216 0 0 0 0 0 16777217 16 290 266 290 0 0 0 4 290
AUD 291 2 19 -1 -1 0 16777217 16 290 266 290 0 16777216 0 0 0 0 0 0 0 4 291
AUD 292 1 19 132 -1 0 16777216 0 0 0 0 0 16777217 20 292 266 292 0 0 0 4 292
AUD 293 2 19 -1 -1 0 16777217 20 292 266 292 0 16777216 0 0 0 0 0 0 0 4 293
AUD 294 1 19 133 -1 0 16777216 0 0 0 0 0 16777217 86 294 331 294 0 0 0 4 294
AUD 295 2 19 -1 -1 0 16777217 86 294 331 294 0 16777216 0 0 0 0 0 0 0 4 295
AUD 296 1 19 134 -1 0 16777216 0 0 0 0 0 16777217 16 296 266 296 0 0 0 4 296
AUD 297 2 19 -1 -1 0 16777217 16 296 266 296 0 16777216 0 0 0 0 0 0 0 4 297
AUD 298 1 19 135 -1 0 16777216 0 0 0 0 0 16777217 20 298 266 298 0 0 0 4 298
AUD 299 2 19 -1 -1 0 16777217 20 298 266 298 0 16777216 0 0 0 0 0 0 0 4 299
AUD 300 1 19 136 -1 0 16777216 0 0 0 0 0 16777217 86 300 331 300 0 0 0 4 300
AUD 301 2 19 -1 -1 0 16777217 86 300 331 300 0 16777216 0 0 0 0 0 0 0 4 301
AUD 302 1 19 137 -1 0 16777216 0 0 0 0 0 16777217 16 302 266 302 0 0 0 4 302
AUD 303 2 19 -1 -1 0 16777217 16 302 266 302 0 16777216 0 0 0 0 0 0 0 4 303
AUD 304 1 19 138 -1 0 16777216 0 0 0 0 0 16777217 20 304 266 304 0 0 0 4 304
AUD 305 2 19 -1 -1 0 16777217 20 304 266 304 0 16777216 0 0 0 0 0 0 0 4 305
AUD 306 1 19 139 -1 0 16777216 0 0 0 0 0 16777217 86 306 331 306 0 0 0 4 306
AUD 307 2 19 -1 -1 0 16777217 86 306 331 306 0 16777216 0 0 0 0 0 0 0 4 307
AUD 308 1 19 140 -1 0 16777216 0 0 0 0 0 16777217 16 308 266 308 0 0 0 4 308
AUD 309 2 19 -1 -1 0 16777217 16 308 266 308 0 16777216 0 0 0 0 0 0 0 4 309
AUD 310 1 19 141 -1 0 16777216 0 0 0 0 0 16777217 20 310 266 310 0 0 0 4 310
AUD 311 2 19 -1 -1 0 16777217 20 310 266 310 0 16777216 0 0 0 0 0 0 0 4 311
AUD 312 1 19 142 -1 0 16777216 0 0 0 0 0 16777217 18 312 266 312 0 0 0 4 312
AUD 313 12 26 -1 2 0 16777217 88 195 336 256 0 16777217 88 195 346 313 0 0 0 4 313
AUD 314 2 19 -1 -1 0 16777217 18 312 266 312 0 16777216 0 0 0 0 0 0 0 4 314
AUD 315 1 19 143 -1 0 16777216 0 0 0 0 0 16777217 84 315 331 315 0 0 0 4 315
AUD 316 2 19 -1 -1 0 16777217 84 315 331 315 0 16777216 0 0 0 0 0 0 0 4 316
AUD 317 1 19 144 -1 0 16777216 0 0 0 0 0 16777217 20 317 266 317 0 0 0 4 317
AUD 318 2 19 -1 -1 0 16777217 20 317 266 317 0 16777216 0 0 0 0 0 0 0 4 318
AUD 319 1 19 145 -1 0 16777216 0 0 0 0 0 16777217 18 319 266 319 0 0 0 4 319
AUD 320 12 27 -1 2 0 16777217 88 203 336 264 0 16777217 88 203 346 320 0 0 0 4 320
AUD 321 2 19 -1 -1 0 16777217 18 319 266 319 0 16777216 0 0 0 0 0 0 0 4 321
AUD 322 1 19 146 -1 0 16777216 0 0 0 0 0 16777217 84 322 331 322 0 0 0 4 322
AUD 323 2 19 -1 -1 0 16777217 84 322 331 322 0 16777216 0 0 0 0 0 0 0 4 323
AUD 324 1 19 147 -1 0 16777216 0 0 0 0 0 16777217 20 324 266 324 0 0 0 4 324
AUD 325 2 19 -1 -1 0 16777217 20 324 266 324 0 16777216 0 0 0 0 0 0 0 4 325
AUD 326 1 19 148 -1 0 16777216 0 0 0 0 0 16777217 18 326 266 326 0 0 0 4 326
AUD 327 12 29 -1 2 0 16777217 88 211 336 272 0 16777217 88 211 346 327 0 0 0 4 327
AUD 328 2 19 -1 -1 0 16777217 18 326 266 326 0 16777216 0 0 0 0 0 0 0 4 328
AUD 329 1 19 149 -1 0 16777216 0 0 0 0 0 16777217 84 329 331 329 0 0 0 4 329
AUD 330 2 19 -1 -1 0 16777217 84 329 331 329 0 16777216 0 0 0 0 0 0 0 4 330
AUD 331 1 19 150 -1 0 16777216 0 0 0 0 0 16777217 20 331 266 331 0 0 0 4 331
AUD 332 12 20 -1 1 0 16777217 88 279 331 279 0 16777217 88 279 336 332 0 0 0 4 332
AUD 333 2 19 -1 -1 0 16777217 20 331 266 331 0 16777216 0 0 0 0 0 0 0 4 333
AUD 334 1 19 151 -1 0 16777216 0 0 0 0 0 16777217 18 334 266 334 0 0 0 4 334
AUD 335 2 19 -1 -1 0 16777217 18 334 266 334 0 16777216 0 0 0 0 0 0 0 4 335
AUD 336 1 19 152 -1 0 16777216 0 0 0 0 0 16777217 16 336 266 336 0 0 0 4 336
AUD 337 2 19 -1 -1 0 16777217 16 336 266 336 0 16777216 0 0 0 0 0 0 0 4 337
AUD 338 1 19 153 -1 0 16777216 0 0 0 0 0 16777217 88 338 331 338 0 0 0 4 338
AUD 339 12 23 -1 1 0 16777217 88 286 331 286 0 16777217 88 286 336 339 0 0 0 4 339
AUD 340 2 19 -1 -1 0 16777217 88 338 331 338 0 16777216 0 0 0 0 0 0 0 4 340
AUD 341 1 19 154 -1 0 16777216 0 0 0 0 0 16777217 18 341 266 341 0 0 0 4 341
AUD 342 2 19 -1 -1 0 16777217 18 341 266 341 0 16777216 0 0 0 0 0 0 0 4 342
AUD 343 1 19 155 -1 0 16777216 0 0 0 0 0 16777217 16 343 266 343 0 0 0 4 343
AUD 344 2 19 -1 -1 0 16777217 16 343 266 343 0 16777216 0 0 0 0 0 0 0 4 344
AUD 345 1 19 156 -1 0 16777216 0 0 0 0 0 16777217 88 345 331 345 0 0 0 4 345
AUD 346 2 19 -1 -1 0 16777217 88 345 331 345 0 16777216 0 0 0 0 0 0 0 4 346
AUD 347 1 19 157 -1 0 16777216 0 0 0 0 0 16777217 18 347 266 347 0 0 0 4 347
AUD 348 2 19 -1 -1 0 16777217 18 347 266 347 0 16777216 0 0 0 0 0 0 0 4 348
AUD 349 1 19 158 -1 0 16777216 0 0 0 0 0 16777217 16 349 266 349 0 0 0 4 349
AUD 350 2 19 -1 -1 0 16777217 16 349 266 349 0 16777216 0 0 0 0 0 0 0 4 350
AUD 351 1 19 159 -1 0 16777216 0 0 0 0 0 16777217 88 351 331 351 0 0 0 4 351
AUD 352 14 19 159 80 0 16777217 88 351 331 351 0 16777217 88 351 592 352 0 1 7 4 352
AUD 353 2 19 -1 -1 0 16777217 88 351 592 352 0 16777216 0 0 0 0 0 0 0 4 353
AUD 354 1 19 160 -1 0 16777216 0 0 0 0 0 16777217 18 354 266 354 0 0 0 4 354
AUD 355 2 19 -1 -1 0 16777217 18 354 266 354 0 16777216 0 0 0 0 0 0 0 4 355
AUD 356 1 19 161 -1 0 16777216 0 0 0 0 0 16777217 16 356 266 356 0 0 0 4 356
AUD 357 2 19 -1 -1 0 16777217 16 356 266 356 0 16777216 0 0 0 0 0 0 0 4 357
AUD 358 1 19 162 -1 0 16777216 0 0 0 0 0 16777217 20 358 266 358 0 0 0 4 358
AUD 359 2 19 -1 -1 0 16777217 20 358 266 358 0 16777216 0 0 0 0 0 0 0 4 359
AUD 360 1 19 163 -1 0 16777216 0 0 0 0 0 16777217 86 360 331 360 0 0 0 4 360
AUD 361 2 19 -1 -1 0 16777217 86 360 331 360 0 16777216 0 0 0 0 0 0 0 4 361
AUD 362 1 19 164 -1 0 16777216 0 0 0 0 0 16777217 16 362 266 362 0 0 0 4 362
AUD 363 2 19 -1 -1 0 16777217 16 362 266 362 0 16777216 0 0 0 0 0 0 0 4 363
AUD 364 1 19 165 -1 0 16777216 0 0 0 0 0 16777217 20 364 266 364 0 0 0 4 364
AUD 365 2 19 -1 -1 0 16777217 20 364 266 364 0 16777216 0 0 0 0 0 0 0 4 365
AUD 366 1 19 166 -1 0 16777216 0 0 0 0 0 16777217 86 366 331 366 0 0 0 4 366
AUD 367 2 19 -1 -1 0 16777217 86 366 331 366 0 16777216 0 0 0 0 0 0 0 4 367
AUD 368 1 19 167 -1 0 16777216 0 0 0 0 0 16777217 16 368 266 368 0 0 0 4 368
AUD 369 2 19 -1 -1 0 16777217 16 368 266 368 0 16777216 0 0 0 0 0 0 0 4 369
AUD 370 1 19 168 -1 0 16777216 0 0 0 0 0 16777217 20 370 266 370 0 0 0 4 370
AUD 371 2 19 -1 -1 0 16777217 20 370 266 370 0 16777216 0 0 0 0 0 0 0 4 371
AUD 372 1 19 169 -1 0 16777216 0 0 0 0 0 16777217 86 372 331 372 0 0 0 4 372
AUD 373 2 19 -1 -1 0 16777217 86 372 331 372 0 16777216 0 0 0 0 0 0 0 4 373
AUD 374 1 19 170 -1 0 16777216 0 0 0 0 0 16777217 16 374 266 374 0 0 0 4 374
AUD 375 2 19 -1 -1 0 16777217 16 374 266 374 0 16777216 0 0 0 0 0 0 0 4 375
AUD 376 1 19 171 -1 0 16777216 0 0 0 0 0 16777217 20 376 266 376 0 0 0 4 376
AUD 377 2 19 -1 -1 0 16777217 20 376 266 376 0 16777216 0 0 0 0 0 0 0 4 377
AUD 378 1 19 172 -1 0 16777216 0 0 0 0 0 16777217 18 378 266 378 0 0 0 4 378
AUD 379 2 19 -1 -1 0 16777217 18 378 266 378 0 16777216 0 0 0 0 0 0 0 4 379
AUD 380 1 19 173 -1 0 16777216 0 0 0 0 0 16777217 84 380 331 380 0 0 0 4 380
AUD 381 2 19 -1 -1 0 16777217 84 380 331 380 0 16777216 0 0 0 0 0 0 0 4 381
AUD 382 1 19 174 -1 0 16777216 0 0 0 0 0 16777217 20 382 266 382 0 0 0 4 382
AUD 383 2 19 -1 -1 0 16777217 20 382 266 382 0 16777216 0 0 0 0 0 0 0 4 383
AUD 384 1 19 175 -1 0 16777216 0 0 0 0 0 16777217 18 384 266 384 0 0 0 4 384
AUD 385 12 20 -1 2 0 16777217 88 279 336 332 0 16777217 88 279 346 385 0 0 0 4 385
AUD 386 2 19 -1 -1 0 16777217 18 384 266 384 0 16777216 0 0 0 0 0 0 0 4 386
AUD 387 1 19 176 -1 0 16777216 0 0 0 0 0 16777217 84 387 331 387 0 0 0 4 387
AUD 388 2 19 -1 -1 0 16777217 84 387 331 387 0 16777216 0 0 0 0 0 0 0 4 388
AUD 389 1 19 177 -1 0 16777216 0 0 0 0 0 16777217 20 389 266 389 0 0 0 4 389
AUD 390 2 19 -1 -1 0 16777217 20 389 266 389 0 16777216 0 0 0 0 0 0 0 4 390
AUD 391 1 19 178 -1 0 16777216 0 0 0 0 0 16777217 18 391 266 391 0 0 0 4 391
AUD 392 12 23 -1 2 0 16777217 88 286 336 339 0 16777217 88 286 346 392 0 0 0 4 392
AUD 393 2 19 -1 -1 0 16777217 18 391 266 391 0 16777216 0 0 0 0 0 0 0 4 393
AUD 394 1 19 179 -1 0 16777216 0 0 0 0 0 16777217 84 394 331 394 0 0 0 4 394
AUD 395 2 19 -1 -1 0 16777217 84 394 331 394 0 16777216 0 0 0 0 0 0 0 4 395
AUD 396 1 19 180 -1 0 16777216 0 0 0 0 0 16777217 20 396 266 396 0 0 0 4 396
AUD 397 2 19 -1 -1 0 16777217 20 396 266 396 0 16777216 0 0 0 0 0 0 0 4 397
AUD 398 1 19 181 -1 0 16777216 0 0 0 0 0 16777217 18 398 266 398 0 0 0 4 398
AUD 399 2 19 -1 -1 0 16777217 18 398 266 398 0 16777216 0 0 0 0 0 0 0 4 399
AUD 400 1 19 182 -1 0 16777216 0 0 0 0 0 16777217 16 400 266 400 0 0 0 4 400
AUD 401 2 19 -1 -1 0 16777217 16 400 266 400 0 16777216 0 0 0 0 0 0 0 4 401
AUD 402 1 19 183 -1 0 16777216 0 0 0 0 0 16777217 88 402 331 402 0 0 0 4 402
AUD 403 2 19 -1 -1 0 16777217 88 402 331 402 0 16777216 0 0 0 0 0 0 0 4 403
AUD 404 1 19 184 -1 0 16777216 0 0 0 0 0 16777217 18 404 266 404 0 0 0 4 404
AUD 405 2 19 -1 -1 0 16777217 18 404 266 404 0 16777216 0 0 0 0 0 0 0 4 405
AUD 406 1 19 185 -1 0 16777216 0 0 0 0 0 16777217 16 406 266 406 0 0 0 4 406
AUD 407 2 19 -1 -1 0 16777217 16 406 266 406 0 16777216 0 0 0 0 0 0 0 4 407
AUD 408 1 19 186 -1 0 16777216 0 0 0 0 0 16777217 88 408 331 408 0 0 0 4 408
AUD 409 2 19 -1 -1 0 16777217 88 408 331 408 0 16777216 0 0 0 0 0 0 0 4 409
AUD 410 1 19 187 -1 0 16777216 0 0 0 0 0 16777217 18 410 266 410 0 0 0 4 410
AUD 411 2 19 -1 -1 0 16777217 18 410 266 410 0 16777216 0 0 0 0 0 0 0 4 411
AUD 412 1 19 188 -1 0 16777216 0 0 0 0 0 16777217 16 412 266 412 0 0 0 4 412
AUD 413 2 19 -1 -1 0 16777217 16 412 266 412 0 16777216 0 0 0 0 0 0 0 4 413
AUD 414 1 19 189 -1 0 16777216 0 0 0 0 0 16777217 88 414 331 414 0 0 0 4 414
AUD 415 2 19 -1 -1 0 16777217 88 414 331 414 0 16777216 0 0 0 0 0 0 0 4 415
AUD 416 1 19 190 -1 0 16777216 0 0 0 0 0 16777217 18 416 266 416 0 0 0 4 416
AUD 417 2 19 -1 -1 0 16777217 18 416 266 416 0 16777216 0 0 0 0 0 0 0 4 417
AUD 418 1 19 191 -1 0 16777216 0 0 0 0 0 16777217 16 418 266 418 0 0 0 4 418
AUD 419 2 19 -1 -1 0 16777217 16 418 266 418 0 16777216 0 0 0 0 0 0 0 4 419
AUD 420 1 19 192 -1 0 16777216 0 0 0 0 0 16777217 20 420 266 420 0 0 0 4 420
AUD 421 2 19 -1 -1 0 16777217 20 420 266 420 0 16777216 0 0 0 0 0 0 0 4 421
AUD 422 1 19 193 -1 0 16777216 0 0 0 0 0 16777217 86 422 331 422 0 0 0 4 422
AUD 423 2 19 -1 -1 0 16777217 86 422 331 422 0 16777216 0 0 0 0 0 0 0 4 423
AUD 424 1 19 194 -1 0 16777216 0 0 0 0 0 16777217 16 424 266 424 0 0 0 4 424
AUD 425 2 19 -1 -1 0 16777217 16 424 266 424 0 16777216 0 0 0 0 0 0 0 4 425
AUD 426 1 19 195 -1 0 16777216 0 0 0 0 0 16777217 20 426 266 426 0 0 0 4 426
AUD 427 2 19 -1 -1 0 16777217 20 426 266 426 0 16777216 0 0 0 0 0 0 0 4 427
AUD 428 1 19 196 -1 0 16777216 0 0 0 0 0 16777217 86 428 331 428 0 0 0 4 428
AUD 429 2 19 -1 -1 0 16777217 86 428 331 428 0 16777216 0 0 0 0 0 0 0 4 429
AUD 430 1 19 197 -1 0 16777216 0 0 0 0 0 16777217 16 430 266 430 0 0 0 4 430
AUD 431 2 19 -1 -1 0 16777217 16 430 266 430 0 16777216 0 0 0 0 0 0 0 4 431
AUD 432 1 19 198 -1 0 16777216 0 0 0 0 0 16777217 20 432 266 432 0 0 0 4 432
AUD 433 2 19 -1 -1 0 16777217 20 432 266 432 0 16777216 0 0 0 0 0 0 0 4 433
AUD 434 1 19 199 -1 0 16777216 0 0 0 0 0 16777217 86 434 331 434 0 0 0 4 434
AUD 435 2 19 -1 -1 0 16777217 86 434 331 434 0 16777216 0 0 0 0 0 0 0 4 435
AUD 436 1 19 200 -1 0 16777216 0 0 0 0 0 16777217 16 436 266 436 0 0 0 4 436
AUD 437 2 19 -1 -1 0 16777217 16 436 266 436 0 16777216 0 0 0 0 0 0 0 4 437
AUD 438 2 2 -1 -1 0 16777217 84 106 346 234 0 16777216 0 0 0 0 0 0 0 4 438
AUD 439 1 2 201 -1 0 16777216 0 0 0 0 0 16777217 20 439 266 439 0 0 0 4 439
AUD 440 1 19 202 -1 0 16777216 0 0 0 0 0 16777217 18 440 266 440 0 0 0 4 440
AUD 441 2 19 -1 -1 0 16777217 18 440 266 440 0 16777216 0 0 0 0 0 0 0 4 441
AUD 442 1 19 203 -1 0 16777216 0 0 0 0 0 16777217 84 442 331 442 0 0 0 4 442
AUD 443 2 2 -1 -1 0 16777217 20 439 266 439 0 16777216 0 0 0 0 0 0 0 4 443
AUD 444 1 2 204 -1 0 16777216 0 0 0 0 0 16777217 20 444 266 444 0 0 0 4 444
AUD 445 2 2 -1 -1 0 16777217 20 444 266 444 0 16777216 0 0 0 0 0 0 0 4 445
AUD 446 1 2 205 -1 0 16777216 0 0 0 0 0 16777217 18 446 266 446 0 0 0 4 446
AUD 447 2 2 -1 -1 0 16777217 18 446 266 446 0 16777216 0 0 0 0 0 0 0 4 447
AUD 448 1 2 206 -1 0 16777216 0 0 0 0 0 16777217 84 448 331 448 0 0 0 4 448
AUD 449 2 2 -1 -1 0 16777217 84 448 331 448 0 16777216 0 0 0 0 0 0 0 4 449
AUD 450 1 2 207 -1 0 16777216 0 0 0 0 0 16777217 20 450 266 450 0 0 0 4 450
AUD 451 2 2 -1 -1 0 16777217 20 450 266 450 0 16777216 0 0 0 0 0 0 0 4 451
AUD 452 1 2 208 -1 0 16777216 0 0 0 0 0 16777217 18 452 266 452 0 0 0 4 452
AUD 453 2 2 -1 -1 0 16777217 18 452 266 452 0 16777216 0 0 0 0 0 0 0 4 453
AUD 454 1 2 209 -1 0 16777216 0 0 0 0 0 16777217 84 454 331 454 0 0 0 4 454
AUD 455 14 2 209 80 0 16777217 84 454 331 454 0 16777217 84 454 592 455 0 1 7 4 455
AUD 456 2 2 -1 -1 0 16777217 84 454 592 455 0 16777216 0 0 0 0 0 0 0 4 456
AUD 457 1 2 210 -1 0 16777216 0 0 0 0 0 16777217 20 457 266 457 0 0 0 4 457
AUD 458 2 2 -1 -1 0 16777217 20 457 266 457 0 16777216 0 0 0 0 0 0 0 4 458
AUD 459 1 2 211 -1 0 16777216 0 0 0 0 0 16777217 18 459 266 459 0 0 0 4 459
AUD 460 2 2 -1 -1 0 16777217 18 459 266 459 0 16777216 0 0 0 0 0 0 0 4 460
AUD 461 1 2 212 -1 0 16777216 0 0 0 0 0 16777217 16 461 266 461 0 0 0 4 461
AUD 462 2 2 -1 -1 0 16777217 16 461 266 461 0 16777216 0 0 0 0 0 0 0 4 462
AUD 463 1 2 213 -1 0 16777216 0 0 0 0 0 16777217 88 463 331 463 0 0 0 4 463
AUD 464 2 19 -1 -1 0 16777217 84 442 331 442 0 16777216 0 0 0 0 0 0 0 4 464
AUD 465 1 19 214 -1 0 16777216 0 0 0 0 0 16777217 18 465 266 465 0 0 0 4 465
AUD 466 2 19 -1 -1 0 16777217 18 465 266 465 0 16777216 0 0 0 0 0 0 0 4 466
AUD 467 1 19 215 -1 0 16777216 0 0 0 0 0 16777217 16 467 266 467 0 0 0 4 467
AUD 468 2 19 -1 -1 0 16777217 16 467 266 467 0 16777216 0 0 0 0 0 0 0 4 468
AUD 469 1 19 216 -1 0 16777216 0 0 0 0 0 16777217 88 469 331 469 0 0 0 4 469
AUD 470 2 2 -1 -1 0 16777217 88 463 331 463 0 16777216 0 0 0 0 0 0 0 4 470
AUD 471 1 2 217 -1 0 16777216 0 0 0 0 0 16777217 18 471 266 471 0 0 0 4 471
AUD 472 2 2 -1 -1 0 16777217 18 471 266 471 0 16777216 0 0 0 0 0 0 0 4 472
AUD 473 1 2 218 -1 0 16777216 0 0 0 0 0 16777217 16 473 266 473 0 0 0 4 473
AUD 474 2 2 -1 -1 0 16777217 16 473 266 473 0 16777216 0 0 0 0 0 0 0 4 474
AUD 475 1 2 219 -1 0 16777216 0 0 0 0 0 16777217 88 475 331 475 0 0 0 4 475
AUD 476 2 2 -1 -1 0 16777217 88 475 331 475 0 16777216 0 0 0 0 0 0 0 4 476
AUD 477 1 2 220 -1 0 16777216 0 0 0 0 0 16777217 18 477 266 477 0 0 0 4 477
AUD 478 2 2 -1 -1 0 16777217 18 477 266 477 0 16777216 0 0 0 0 0 0 0 4 478
AUD 479 1 2 221 -1 0 16777216 0 0 0 0 0 16777217 16 479 266 479 0 0 0 4 479
AUD 480 2 2 -1 -1 0 16777217 16 479 266 479 0 16777216 0 0 0 0 0 0 0 4 480
AUD 481 1 2 222 -1 0 16777216 0 0 0 0 0 16777217 20 481 266 481 0 0 0 4 481
AUD 482 2 2 -1 -1 0 16777217 20 481 266 481 0 16777216 0 0 0 0 0 0 0 4 482
AUD 483 1 2 223 -1 0 16777216 0 0 0 0 0 16777217 86 483 331 483 0 0 0 4 483
AUD 484 2 2 -1 -1 0 16777217 86 483 331 483 0 16777216 0 0 0 0 0 0 0 4 484
AUD 485 1 2 224 -1 0 16777216 0 0 0 0 0 16777217 16 485 266 485 0 0 0 4 485
AUD 486 2 2 -1 -1 0 16777217 16 485 266 485 0 16777216 0 0 0 0 0 0 0 4 486
AUD 487 1 2 225 -1 0 16777216 0 0 0 0 0 16777217 20 487 266 487 0 0 0 4 487
AUD 488 2 2 -1 -1 0 16777217 20 487 266 487 0 16777216 0 0 0 0 0 0 0 4 488
AUD 489 1 2 226 -1 0 16777216 0 0 0 0 0 16777217 86 489 331 489 0 0 0 4 489
AUD 490 2 2 -1 -1 0 16777217 86 489 331 489 0 16777216 0 0 0 0 0 0 0 4 490
AUD 491 1 2 227 -1 0 16777216 0 0 0 0 0 16777217 16 491 266 491 0 0 0 4 491
AUD 492 2 2 -1 -1 0 16777217 16 491 266 491 0 16777216 0 0 0 0 0 0 0 4 492
AUD 493 1 2 228 -1 0 16777216 0 0 0 0 0 16777217 20 493 266 493 0 0 0 4 493
AUD 494 2 2 -1 -1 0 16777217 20 493 266 493 0 16777216 0 0 0 0 0 0 0 4 494
AUD 495 1 2 229 -1 0 16777216 0 0 0 0 0 16777217 86 495 331 495 0 0 0 4 495
AUD 496 2 2 -1 -1 0 16777217 86 495 331 495 0 16777216 0 0 0 0 0 0 0 4 496
AUD 497 1 2 230 -1 0 16777216 0 0 0 0 0 16777217 16 497 266 497 0 0 0 4 497
AUD 498 2 2 -1 -1 0 16777217 16 497 266 497 0 16777216 0 0 0 0 0 0 0 4 498
AUD 499 1 2 231 -1 0 16777216 0 0 0 0 0 16777217 20 499 266 499 0 0 0 4 499
AUD 500 2 2 -1 -1 0 16777217 20 499 266 499 0 16777216 0 0 0 0 0 0 0 4 500
AUD 501 1 2 232 -1 0 16777216 0 0 0 0 0 16777217 18 501 266 501 0 0 0 4 501
AUD 502 2 2 -1 -1 0 16777217 18 501 266 501 0 16777216 0 0 0 0 0 0 0 4 502
AUD 503 1 2 233 -1 0 16777216 0 0 0 0 0 16777217 84 503 331 503 0 0 0 4 503
AUD 504 2 2 -1 -1 0 16777217 84 503 331 503 0 16777216 0 0 0 0 0 0 0 4 504
AUD 505 1 2 234 -1 0 16777216 0 0 0 0 0 16777217 20 505 266 505 0 0 0 4 505
AUD 506 2 2 -1 -1 0 16777217 20 505 266 505 0 16777216 0 0 0 0 0 0 0 4 506
AUD 507 1 2 235 -1 0 16777216 0 0 0 0 0 16777217 18 507 266 507 0 0 0 4 507
AUD 508 2 2 -1 -1 0 16777217 18 507 266 507 0 16777216 0 0 0 0 0 0 0 4 508
AUD 509 1 2 236 -1 0 16777216 0 0 0 0 0 16777217 84 509 331 509 0 0 0 4 509
AUD 510 2 2 -1 -1 0 16777217 84 509 331 509 0 16777216 0 0 0 0 0 0 0 4 510
AUD 511 1 2 237 -1 0 16777216 0 0 0 0 0 16777217 20 511 266 511 0 0 0 4 511
AUD 512 2 2 -1 -1 0 16777217 20 511 266 511 0 16777216 0 0 0 0 0 0 0 4 512
AUD 513 1 2 238 -1 0 16777216 0 0 0 0 0 16777217 18 513 266 513 0 0 0 4 513
AUD 514 2 2 -1 -1 0 16777217 18 513 266 513 0 16777216 0 0 0 0 0 0 0 4 514
AUD 515 1 2 239 -1 0 16777216 0 0 0 0 0 16777217 84 515 331 515 0 0 0 4 515
AUD 516 2 2 -1 -1 0 16777217 84 515 331 515 0 16777216 0 0 0 0 0 0 0 4 516
AUD 517 1 2 240 -1 0 16777216 0 0 0 0 0 16777217 20 517 266 517 0 0 0 4 517
AUD 518 12 19 -1 1 0 16777217 88 469 331 469 0 16777217 88 469 336 518 0 0 0 4 518
AUD 519 2 2 -1 -1 0 16777217 20 517 266 517 0 16777216 0 0 0 0 0 0 0 4 519
AUD 520 1 2 241 -1 0 16777216 0 0 0 0 0 16777217 18 520 266 520 0 0 0 4 520
AUD 521 2 2 -1 -1 0 16777217 18 520 266 520 0 16777216 0 0 0 0 0 0 0 4 521
AUD 522 1 2 242 -1 0 16777216 0 0 0 0 0 16777217 16 522 266 522 0 0 0 4 522
AUD 523 2 2 -1 -1 0 16777217 16 522 266 522 0 16777216 0 0 0 0 0 0 0 4 523
AUD 524 1 2 243 -1 0 16777216 0 0 0 0 0 16777217 88 524 331 524 0 0 0 4 524
AUD 525 2 2 -1 -1 0 16777217 88 524 331 524 0 16777216 0 0 0 0 0 0 0 4 525
AUD 526 1 2 244 -1 0 16777216 0 0 0 0 0 16777217 18 526 266 526 0 0 0 4 526
AUD 527 2 2 -1 -1 0 16777217 18 526 266 526 0 16777216 0 0 0 0 0 0 0 4 527
AUD 528 1 2 245 -1 0 16777216 0 0 0 0 0 16777217 16 528 266 528 0 0 0 4 528
AUD 529 2 2 -1 -1 0 16777217 16 528 266 528 0 16777216 0 0 0 0 0 0 0 4 529
AUD 530 1 2 246 -1 0 16777216 0 0 0 0 0 16777217 88 530 331 530 0 0 0 4 530
AUD 531 2 2 -1 -1 0 16777217 88 530 331 530 0 16777216 0 0 0 0 0 0 0 4 531
AUD 532 1 2 247 -1 0 16777216 0 0 0 0 0 16777217 18 532 266 532 0 0 0 4 532
AUD 533 2 2 -1 -1 0 16777217 18 532 266 532 0 16777216 0 0 0 0 0 0 0 4 533
AUD 534 1 2 248 -1 0 16777216 0 0 0 0 0 16777217 16 534 266 534 0 0 0 4 534
AUD 535 2 2 -1 -1 0 16777217 16 534 266 534 0 16777216 0 0 0 0 0 0 0 4 535
AUD 536 1 2 249 -1 0 16777216 0 0 0 0 0 16777217 88 536 331 536 0 0 0 4 536
AUD 537 2 2 -1 -1 0 16777217 88 536 331 536 0 16777216 0 0 0 0 0 0 0 4 537
AUD 538 1 2 250 -1 0 16777216 0 0 0 0 0 16777217 18 538 266 538 0 0 0 4 538
AUD 539 2 2 -1 -1 0 16777217 18 538 266 538 0 16777216 0 0 0 0 0 0 0 4 539
AUD 540 1 2 251 -1 0 16777216 0 0 0 0 0 16777217 16 540 266 540 0 0 0 4 540
AUD 541 2 2 -1 -1 0 16777217 16 540 266 540 0 16777216 0 0 0 0 0 0 0 4 541
AUD 542 1 2 252 -1 0 16777216 0 0 0 0 0 16777217 20 542 266 542 0 0 0 4 542
AUD 543 2 2 -1 -1 0 16777217 20 542 266 542 0 16777216 0 0 0 0 0 0 0 4 543
AUD 544 1 2 253 -1 0 16777216 0 0 0 0 0 16777217 86 544 331 544 0 0 0 4 544
AUD 545 2 2 -1 -1 0 16777217 86 544 331 544 0 16777216 0 0 0 0 0 0 0 4 545
AUD 546 1 2 254 -1 0 16777216 0 0 0 0 0 16777217 16 546 266 546 0 0 0 4 546
AUD 547 2 2 -1 -1 0 16777217 16 546 266 546 0 16777216 0 0 0 0 0 0 0 4 547
AUD 548 1 2 255 -1 0 16777216 0 0 0 0 0 16777217 20 548 266 548 0 0 0 4 548
AUD 549 2 2 -1 -1 0 16777217 20 548 266 548 0 16777216 0 0 0 0 0 0 0 4 549
AUD 550 1 2 256 -1 0 16777216 0 0 0 0 0 16777217 86 550 331 550 0 0 0 4 550
AUD 551 2 2 -1 -1 0 16777217 86 550 331 550 0 16777216 0 0 0 0 0 0 0 4 551
AUD 552 1 2 257 -1 0 16777216 0 0 0 0 0 16777217 16 552 266 552 0 0 0 4 552
AUD 553 2 2 -1 -1 0 16777217 16 552 266 552 0 16777216 0 0 0 0 0 0 0 4 553
AUD 554 1 2 258 -1 0 16777216 0 0 0 0 0 16777217 20 554 266 554 0 0 0 4 554
AUD 555 2 2 -1 -1 0 16777217 20 554 266 554 0 16777216 0 0 0 0 0 0 0 4 555
AUD 556 1 2 259 -1 0 16777216 0 0 0 0 0 16777217 86 556 331 556 0 0 0 4 556
AUD 557 14 2 259 80 0 16777217 86 556 331 556 0 16777217 86 556 592 557 0 1 7 4 557
AUD 558 2 2 -1 -1 0 16777217 86 556 592 557 0 16777216 0 0 0 0 0 0 0 4 558
AUD 559 1 2 260 -1 0 16777216 0 0 0 0 0 16777217 16 559 266 559 0 0 0 4 559
AUD 560 2 2 -1 -1 0 16777217 16 559 266 559 0 16777216 0 0 0 0 0 0 0 4 560
AUD 561 1 2 261 -1 0 16777216 0 0 0 0 0 16777217 20 561 266 561 0 0 0 4 561
AUD 562 2 2 -1 -1 0 16777217 20 561 266 561 0 16777216 0 0 0 0 0 0 0 4 562
AUD 563 1 2 262 -1 0 16777216 0 0 0 0 0 16777217 18 563 266 563 0 0 0 4 563
AUD 564 2 2 -1 -1 0 16777217 18 563 266 563 0 16777216 0 0 0 0 0 0 0 4 564
AUD 565 1 2 263 -1 0 16777216 0 0 0 0 0 16777217 84 565 331 565 0 0 0 4 565
AUD 566 2 2 -1 -1 0 16777217 84 565 331 565 0 16777216 0 0 0 0 0 0 0 4 566
AUD 567 1 2 264 -1 0 16777216 0 0 0 0 0 16777217 20 567 266 567 0 0 0 4 567
AUD 568 2 2 -1 -1 0 16777217 20 567 266 567 0 16777216 0 0 0 0 0 0 0 4 568
AUD 569 1 2 265 -1 0 16777216 0 0 0 0 0 16777217 18 569 266 569 0 0 0 4 569
AUD 570 12 19 -1 2 0 16777217 88 469 336 518 0 16777217 88 469 346 570 0 0 0 4 570
AUD 571 2 2 -1 -1 0 16777217 18 569 266 569 0 16777216 0 0 0 0 0 0 0 4 571
AUD 572 1 2 266 -1 0 16777216 0 0 0 0 0 16777217 84 572 331 572 0 0 0 4 572
AUD 573 2 2 -1 -1 0 16777217 84 572 331 572 0 16777216 0 0 0 0 0 0 0 4 573
AUD 574 1 2 267 -1 0 16777216 0 0 0 0 0 16777217 20 574 266 574 0 0 0 4 574
AUD 575 2 2 -1 -1 0 16777217 20 574 266 574 0 16777216 0 0 0 0 0 0 0 4 575
AUD 576 1 2 268 -1 0 16777216 0 0 0 0 0 16777217 18 576 266 576 0 0 0 4 576
AUD 577 2 2 -1 -1 0 16777217 18 576 266 576 0 16777216 0 0 0 0 0 0 0 4 577
AUD 578 1 2 269 -1 0 16777216 0 0 0 0 0 16777217 84 578 331 578 0 0 0 4 578
AUD 579 2 2 -1 -1 0 16777217 84 578 331 578 0 16777216 0 0 0 0 0 0 0 4 579
AUD 580 1 2 270 -1 0 16777216 0 0 0 0 0 16777217 20 580 266 580 0 0 0 4 580
AUD 581 2 2 -1 -1 0 16777217 20 580 266 580 0 16777216 0 0 0 0 0 0 0 4 581
AUD 582 1 2 271 -1 0 16777216 0 0 0 0 0 16777217 18 582 266 582 0 0 0 4 582
AUD 583 2 2 -1 -1 0 16777217 18 582 266 582 0 16777216 0 0 0 0 0 0 0 4 583
AUD 584 1 2 272 -1 0 16777216 0 0 0 0 0 16777217 16 584 266 584 0 0 0 4 584
AUD 585 2 2 -1 -1 0 16777217 16 584 266 584 0 16777216 0 0 0 0 0 0 0 4 585
AUD 586 1 2 273 -1 0 16777216 0 0 0 0 0 16777217 88 586 331 586 0 0 0 4 586
AUD 587 2 2 -1 -1 0 16777217 88 586 331 586 0 16777216 0 0 0 0 0 0 0 4 587
AUD 588 1 2 274 -1 0 16777216 0 0 0 0 0 16777217 18 588 266 588 0 0 0 4 588
AUD 589 2 2 -1 -1 0 16777217 18 588 266 588 0 16777216 0 0 0 0 0 0 0 4 589
AUD 590 1 2 275 -1 0 16777216 0 0 0 0 0 16777217 16 590 266 590 0 0 0 4 590
AUD 591 2 2 -1 -1 0 16777217 16 590 266 590 0 16777216 0 0 0 0 0 0 0 4 591
AUD 592 1 2 276 -1 0 16777216 0 0 0 0 0 16777217 88 592 331 592 0 0 0 4 592
AUD 593 2 2 -1 -1 0 16777217 88 592 331 592 0 16777216 0 0 0 0 0 0 0 4 593
AUD 594 1 2 277 -1 0 16777216 0 0 0 0 0 16777217 18 594 266 594 0 0 0 4 594
AUD 595 2 2 -1 -1 0 16777217 18 594 266 594 0 16777216 0 0 0 0 0 0 0 4 595
AUD 596 1 2 278 -1 0 16777216 0 0 0 0 0 16777217 16 596 266 596 0 0 0 4 596
AUD 597 2 2 -1 -1 0 16777217 16 596 266 596 0 16777216 0 0 0 0 0 0 0 4 597
AUD 598 1 2 279 -1 0 16777216 0 0 0 0 0 16777217 88 598 331 598 0 0 0 4 598
AUD 599 2 2 -1 -1 0 16777217 88 598 331 598 0 16777216 0 0 0 0 0 0 0 4 599
AUD 600 1 2 280 -1 0 16777216 0 0 0 0 0 16777217 18 600 266 600 0 0 0 4 600
AUD 601 2 2 -1 -1 0 16777217 18 600 266 600 0 16777216 0 0 0 0 0 0 0 4 601
AUD 602 1 2 281 -1 0 16777216 0 0 0 0 0 16777217 16 602 266 602 0 0 0 4 602
AUD 603 2 2 -1 -1 0 16777217 16 602 266 602 0 16777216 0 0 0 0 0 0 0 4 603
AUD 604 1 2 282 -1 0 16777216 0 0 0 0 0 16777217 20 604 266 604 0 0 0 4 604
AUD 605 2 2 -1 -1 0 16777217 20 604 266 604 0 16777216 0 0 0 0 0 0 0 4 605
AUD 606 1 2 283 -1 0 16777216 0 0 0 0 0 16777217 86 606 331 606 0 0 0 4 606
AUD 607 2 2 -1 -1 0 16777217 86 606 331 606 0 16777216 0 0 0 0 0 0 0 4 607
AUD 608 1 2 284 -1 0 16777216 0 0 0 0 0 16777217 16 608 266 608 0 0 0 4 608
AUD 609 2 2 -1 -1 0 16777217 16 608 266 608 0 16777216 0 0 0 0 0 0 0 4 609
AUD 610 1 2 285 -1 0 16777216 0 0 0 0 0 16777217 20 610 266 610 0 0 0 4 610
AUD 611 2 2 -1 -1 0 16777217 20 610 266 610 0 16777216 0 0 0 0 0 0 0 4 611
AUD 612 1 2 286 -1 0 16777216 0 0 0 0 0 16777217 86 612 331 612 0 0 0 4 612
AUD 613 2 2 -1 -1 0 16777217 86 612 331 612 0 16777216 0 0 0 0 0 0 0 4 613
AUD 614 1 2 287 -1 0 16777216 0 0 0 0 0 16777217 16 614 266 614 0 0 0 4 614
AUD 615 2 2 -1 -1 0 16777217 16 614 266 614 0 16777216 0 0 0 0 0 0 0 4 615
AUD 616 1 2 288 -1 0 16777216 0 0 0 0 0 16777217 20 616 266 616 0 0 0 4 616
AUD 617 2 2 -1 -1 0 16777217 20 616 266 616 0 16777216 0 0 0 0 0 0 0 4 617
AUD 618 1 2 289 -1 0 16777216 0 0 0 0 0 16777217 86 618 331 618 0 0 0 4 618
AUD 619 2 2 -1 -1 0 16777217 86 618 331 618 0 16777216 0 0 0 0 0 0 0 4 619
AUD 620 1 2 290 -1 0 16777216 0 0 0 0 0 16777217 16 620 266 620 0 0 0 4 620
AUD 621 2 2 -1 -1 0 16777217 16 620 266 620 0 16777216 0 0 0 0 0 0 0 4 621
AUD 622 1 2 291 -1 0 16777216 0 0 0 0 0 16777217 20 622 266 622 0 0 0 4 622
AUD 623 2 2 -1 -1 0 16777217 20 622 266 622 0 16777216 0 0 0 0 0 0 0 4 623
AUD 624 1 2 292 -1 0 16777216 0 0 0 0 0 16777217 18 624 266 624 0 0 0 4 624
AUD 625 2 2 -1 -1 0 16777217 18 624 266 624 0 16777216 0 0 0 0 0 0 0 4 625
AUD 626 1 2 293 -1 0 16777216 0 0 0 0 0 16777217 84 626 331 626 0 0 0 4 626
AUD 627 2 2 -1 -1 0 16777217 84 626 331 626 0 16777216 0 0 0 0 0 0 0 4 627
AUD 628 1 2 294 -1 0 16777216 0 0 0 0 0 16777217 20 628 266 628 0 0 0 4 628
AUD 629 2 2 -1 -1 0 16777217 20 628 266 628 0 16777216 0 0 0 0 0 0 0 4 629
AUD 630 1 2 295 -1 0 16777216 0 0 0 0 0 16777217 18 630 266 630 0 0 0 4 630
AUD 631 2 2 -1 -1 0 16777217 18 630 266 630 0 16777216 0 0 0 0 0 0 0 4 631
AUD 632 1 2 296 -1 0 16777216 0 0 0 0 0 16777217 84 632 331 632 0 0 0 4 632
AUD 633 2 2 -1 -1 0 16777217 84 632 331 632 0 16777216 0 0 0 0 0 0 0 4 633
AUD 634 1 2 297 -1 0 16777216 0 0 0 0 0 16777217 20 634 266 634 0 0 0 4 634
AUD 635 2 2 -1 -1 0 16777217 20 634 266 634 0 16777216 0 0 0 0 0 0 0 4 635
AUD 636 1 2 298 -1 0 16777216 0 0 0 0 0 16777217 18 636 266 636 0 0 0 4 636
AUD 637 2 2 -1 -1 0 16777217 18 636 266 636 0 16777216 0 0 0 0 0 0 0 4 637
AUD 638 1 2 299 -1 0 16777216 0 0 0 0 0 16777217 84 638 331 638 0 0 0 4 638
AUD 639 2 2 -1 -1 0 16777217 84 638 331 638 0 16777216 0 0 0 0 0 0 0 4 639
AUD 640 1 2 300 -1 0 16777216 0 0 0 0 0 16777217 20 640 266 640 0 0 0 4 640
AUD 641 2 2 -1 -1 0 16777217 20 640 266 640 0 16777216 0 0 0 0 0 0 0 4 641
AUD 642 2 24 -1 -1 0 16777217 84 90 346 219 0 16777216 0 0 0 0 0 0 0 4 642
AUD 643 1 2 301 -1 0 16777216 0 0 0 0 0 16777217 18 643 266 643 0 0 0 4 643
AUD 644 1 24 302 -1 0 16777216 0 0 0 0 0 16777217 16 644 266 644 0 0 0 4 644
AUD 645 2 24 -1 -1 0 16777217 16 644 266 644 0 16777216 0 0 0 0 0 0 0 4 645
AUD 646 1 24 303 -1 0 16777216 0 0 0 0 0 16777217 88 646 331 646 0 0 0 4 646
AUD 647 2 2 -1 -1 0 16777217 18 643 266 643 0 16777216 0 0 0 0 0 0 0 4 647
AUD 648 1 2 304 -1 0 16777216 0 0 0 0 0 16777217 18 648 266 648 0 0 0 4 648
AUD 649 2 2 -1 -1 0 16777217 18 648 266 648 0 16777216 0 0 0 0 0 0 0 4 649
AUD 650 1 2 305 -1 0 16777216 0 0 0 0 0 16777217 16 650 266 650 0 0 0 4 650
AUD 651 2 2 -1 -1 0 16777217 16 650 266 650 0 16777216 0 0 0 0 0 0 0 4 651
AUD 652 1 2 306 -1 0 16777216 0 0 0 0 0 16777217 88 652 331 652 0 0 0 4 652
AUD 653 2 2 -1 -1 0 16777217 88 652 331 652 0 16777216 0 0 0 0 0 0 0 4 653
AUD 654 1 2 307 -1 0 16777216 0 0 0 0 0 16777217 18 654 266 654 0 0 0 4 654
AUD 655 2 2 -1 -1 0 16777217 18 654 266 654 0 16777216 0 0 0 0 0 0 0 4 655
AUD 656 1 2 308 -1 0 16777216 0 0 0 0 0 16777217 16 656 266 656 0 0 0 4 656
AUD 657 2 2 -1 -1 0 16777217 16 656 266 656 0 16777216 0 0 0 0 0 0 0 4 657
AUD 658 1 2 309 -1 0 16777216 0 0 0 0 0 16777217 88 658 331 658 0 0 0 4 658
AUD 659 14 2 309 80 0 16777217 88 658 331 658 0 16777217 88 658 592 659 0 1 7 4 659
AUD 660 2 2 -1 -1 0 16777217 88 658 592 659 0 16777216 0 0 0 0 0 0 0 4 660
AUD 661 1 2 310 -1 0 16777216 0 0 0 0 0 16777217 18 661 266 661 0 0 0 4 661
AUD 662 2 2 -1 -1 0 16777217 18 661 266 661 0 16777216 0 0 0 0 0 0 0 4 662
AUD 663 1 2 311 -1 0 16777216 0 0 0 0 0 16777217 16 663 266 663 0 0 0 4 663
AUD 664 2 2 -1 -1 0 16777217 16 663 266 663 0 16777216 0 0 0 0 0 0 0 4 664
AUD 665 1 2 312 -1 0 16777216 0 0 0 0 0 16777217 20 665 266 665 0 0 0 4 665
AUD 666 2 2 -1 -1 0 16777217 20 665 266 665 0 16777216 0 0 0 0 0 0 0 4 666
AUD 667 1 2 313 -1 0 16777216 0 0 0 0 0 16777217 86 667 331 667 0 0 0 4 667
AUD 668 2 2 -1 -1 0 16777217 86 667 331 667 0 16777216 0 0 0 0 0 0 0 4 668
AUD 669 1 2 314 -1 0 16777216 0 0 0 0 0 16777217 16 669 266 669 0 0 0 4 669
AUD 670 2 2 -1 -1 0 16777217 16 669 266 669 0 16777216 0 0 0 0 0 0 0 4 670
AUD 671 1 2 315 -1 0 16777216 0 0 0 0 0 16777217 20 671 266 671 0 0 0 4 671
AUD 672 2 2 -1 -1 0 16777217 20 671 266 671 0 16777216 0 0 0 0 0 0 0 4 672
AUD 673 1 2 316 -1 0 16777216 0 0 0 0 0 16777217 86 673 331 673 0 0 0 4 673
AUD 674 2 2 -1 -1 0 16777217 86 673 331 673 0 16777216 0 0 0 0 0 0 0 4 674
AUD 675 1 2 317 -1 0 16777216 0 0 0 0 0 16777217 16 675 266 675 0 0 0 4 675
AUD 676 2 2 -1 -1 0 16777217 16 675 266 675 0 16777216 0 0 0 0 0 0 0 4 676
AUD 677 1 2 318 -1 0 16777216 0 0 0 0 0 16777217 20 677 266 677 0 0 0 4 677
AUD 678 2 2 -1 -1 0 16777217 20 677 266 677 0 16777216 0 0 0 0 0 0 0 4 678
AUD 679 1 2 319 -1 0 16777216 0 0 0 0 0 16777217 86 679 331 679 0 0 0 4 679
AUD 680 2 2 -1 -1 0 16777217 86 679 331 679 0 16777216 0 0 0 0 0 0 0 4 680
AUD 681 1 2 320 -1 0 16777216 0 0 0 0 0 16777217 16 681 266 681 0 0 0 4 681
AUD 682 2 2 -1 -1 0 16777217 16 681 266 681 0 16777216 0 0 0 0 0 0 0 4 682
AUD 683 1 2 321 -1 0 16777216 0 0 0 0 0 16777217 20 683 266 683 0 0 0 4 683
AUD 684 2 2 -1 -1 0 16777217 20 683 266 683 0 16777216 0 0 0 0 0 0 0 4 684
AUD 685 1 2 322 -1 0 16777216 0 0 0 0 0 16777217 18 685 266 685 0 0 0 4 685
AUD 686 2 2 -1 -1 0 16777217 18 685 266 685 0 16777216 0 0 0 0 0 0 0 4 686
AUD 687 1 2 323 -1 0 16777216 0 0 0 0 0 16777217 84 687 331 687 0 0 0 4 687
AUD 688 2 2 -1 -1 0 16777217 84 687 331 687 0 16777216 0 0 0 0 0 0 0 4 688
AUD 689 1 2 324 -1 0 16777216 0 0 0 0 0 16777217 20 689 266 689 0 0 0 4 689
AUD 690 2 2 -1 -1 0 16777217 20 689 266 689 0 16777216 0 0 0 0 0 0 0 4 690
AUD 691 1 2 325 -1 0 16777216 0 0 0 0 0 16777217 18 691 266 691 0 0 0 4 691
AUD 692 2 2 -1 -1 0 16777217 18 691 266 691 0 16777216 0 0 0 0 0 0 0 4 692
AUD 693 1 2 326 -1 0 16777216 0 0 0 0 0 16777217 84 693 331 693 0 0 0 4 693
AUD 694 2 2 -1 -1 0 16777217 84 693 331 693 0 16777216 0 0 0 0 0 0 0 4 694
AUD 695 1 2 327 -1 0 16777216 0 0 0 0 0 16777217 20 695 266 695 0 0 0 4 695
AUD 696 12 24 -1 1 0 16777217 88 646 331 646 0 16777217 88 646 336 696 0 0 0 4 696
AUD 697 2 2 -1 -1 0 16777217 20 695 266 695 0 16777216 0 0 0 0 0 0 0 4 697
AUD 698 1 2 328 -1 0 16777216 0 0 0 0 0 16777217 18 698 266 698 0 0 0 4 698
AUD 699 2 2 -1 -1 0 16777217 18 698 266 698 0 16777216 0 0 0 0 0 0 0 4 699
AUD 700 1 2 329 -1 0 16777216 0 0 0 0 0 16777217 84 700 331 700 0 0 0 4 700
AUD 701 2 2 -1 -1 0 16777217 84 700 331 700 0 16777216 0 0 0 0 0 0 0 4 701
AUD 702 1 2 330 -1 0 16777216 0 0 0 0 0 16777217 20 702 266 702 0 0 0 4 702
AUD 703 2 2 -1 -1 0 16777217 20 702 266 702 0 16777216 0 0 0 0 0 0 0 4 703
AUD 704 1 2 331 -1 0 16777216 0 0 0 0 0 16777217 18 704 266 704 0 0 0 4 704
AUD 705 2 2 -1 -1 0 16777217 18 704 266 704 0 16777216 0 0 0 0 0 0 0 4 705
AUD 706 1 2 332 -1 0 16777216 0 0 0 0 0 16777217 16 706 266 706 0 0 0 4 706
AUD 707 2 2 -1 -1 0 16777217 16 706 266 706 0 16777216 0 0 0 0 0 0 0 4 707
AUD 708 1 2 333 -1 0 16777216 0 0 0 0 0 16777217 88 708 331 708 0 0 0 4 708
AUD 709 2 2 -1 -1 0 16777217 88 708 331 708 0 16777216 0 0 0 0 0 0 0 4 709
AUD 710 1 2 334 -1 0 16777216 0 0 0 0 0 16777217 18 710 266 710 0 0 0 4 710
AUD 711 2 2 -1 -1 0 16777217 18 710 266 710 0 16777216 0 0 0 0 0 0 0 4 711
AUD 712 1 2 335 -1 0 16777216 0 0 0 0 0 16777217 16 712 266 712 0 0 0 4 712
AUD 713 2 2 -1 -1 0 16777217 16 712 266 712 0 16777216 0 0 0 0 0 0 0 4 713
AUD 714 1 2 336 -1 0 16777216 0 0 0 0 0 16777217 88 714 331 714 0 0 0 4 714
AUD 715 2 2 -1 -1 0 16777217 88 714 331 714 0 16777216 0 0 0 0 0 0 0 4 715
AUD 716 1 2 337 -1 0 16777216 0 0 0 0 0 16777217 18 716 266 716 0 0 0 4 716
AUD 717 2 2 -1 -1 0 16777217 18 716 266 716 0 16777216 0 0 0 0 0 0 0 4 717
AUD 718 1 2 338 -1 0 16777216 0 0 0 0 0 16777217 16 718 266 718 0 0 0 4 718
AUD 719 2 2 -1 -1 0 16777217 16 718 266 718 0 16777216 0 0 0 0 0 0 0 4 719
AUD 720 1 2 339 -1 0 16777216 0 0 0 0 0 16777217 88 720 331 720 0 0 0 4 720
AUD 721 2 2 -1 -1 0 16777217 88 720 331 720 0 16777216 0 0 0 0 0 0 0 4 721
AUD 722 1 2 340 -1 0 16777216 0 0 0 0 0 16777217 18 722 266 722 0 0 0 4 722
AUD 723 2 2 -1 -1 0 16777217 18 722 266 722 0 16777216 0 0 0 0 0 0 0 4 723
AUD 724 1 2 341 -1 0 16777216 0 0 0 0 0 16777217 16 724 266 724 0 0 0 4 724
AUD 725 2 2 -1 -1 0 16777217 16 724 266 724 0 16777216 0 0 0 0 0 0 0 4 725
AUD 726 1 2 342 -1 0 16777216 0 0 0 0 0 16777217 20 726 266 726 0 0 0 4 726
AUD 727 2 2 -1 -1 0 16777217 20 726 266 726 0 16777216 0 0 0 0 0 0 0 4 727
AUD 728 1 2 343 -1 0 16777216 0 0 0 0 0 16777217 86 728 331 728 0 0 0 4 728
AUD 729 2 2 -1 -1 0 16777217 86 728 331 728 0 16777216 0 0 0 0 0 0 0 4 729
AUD 730 1 2 344 -1 0 16777216 0 0 0 0 0 16777217 16 730 266 730 0 0 0 4 730
AUD 731 2 2 -1 -1 0 16777217 16 730 266 730 0 16777216 0 0 0 0 0 0 0 4 731
AUD 732 1 2 345 -1 0 16777216 0 0 0 0 0 16777217 20 732 266 732 0 0 0 4 732
AUD 733 2 2 -1 -1 0 16777217 20 732 266 732 0 16777216 0 0 0 0 0 0 0 4 733
AUD 734 1 2 346 -1 0 16777216 0 0 0 0 0 16777217 86 734 331 734 0 0 0 4 734
AUD 735 2 2 -1 -1 0 16777217 86 734 331 734 0 16777216 0 0 0 0 0 0 0 4 735
AUD 736 1 2 347 -1 0 16777216 0 0 0 0 0 16777217 16 736 266 736 0 0 0 4 736
AUD 737 2 2 -1 -1 0 16777217 16 736 266 736 0 16777216 0 0 0 0 0 0 0 4 737
AUD 738 1 2 348 -1 0 16777216 0 0 0 0 0 16777217 20 738 266 738 0 0 0 4 738
AUD 739 2 2 -1 -1 0 16777217 20 738 266 738 0 16777216 0 0 0 0 0 0 0 4 739
AUD 740 1 2 349 -1 0 16777216 0 0 0 0 0 16777217 86 740 331 740 0 0 0 4 740
AUD 741 2 2 -1 -1 0 16777217 86 740 331 740 0 16777216 0 0 0 0 0 0 0 4 741
AUD 742 1 2 350 -1 0 16777216 0 0 0 0 0 16777217 16 742 266 742 0 0 0 4 742
AUD 743 2 2 -1 -1 0 16777217 16 742 266 742 0 16777216 0 0 0 0 0 0 0 4 743
AUD 744 1 2 351 -1 0 16777216 0 0 0 0 0 16777217 20 744 266 744 0 0 0 4 744
AUD 745 2 2 -1 -1 0 16777217 20 744 266 744 0 16777216 0 0 0 0 0 0 0 4 745
AUD 746 1 2 352 -1 0 16777216 0 0 0 0 0 16777217 18 746 266 746 0 0 0 4 746
AUD 747 12 24 -1 2 0 16777217 88 646 336 696 0 16777217 88 646 346 747 0 0 0 4 747
AUD 748 2 2 -1 -1 0 16777217 18 746 266 746 0 16777216 0 0 0 0 0 0 0 4 748
AUD 749 1 2 353 -1 0 16777216 0 0 0 0 0 16777217 84 749 331 749 0 0 0 4 749
AUD 750 2 2 -1 -1 0 16777217 84 749 331 749 0 16777216 0 0 0 0 0 0 0 4 750
AUD 751 1 2 354 -1 0 16777216 0 0 0 0 0 16777217 20 751 266 751 0 0 0 4 751
AUD 752 2 2 -1 -1 0 16777217 20 751 266 751 0 16777216 0 0 0 0 0 0 0 4 752
AUD 753 1 2 355 -1 0 16777216 0 0 0 0 0 16777217 18 753 266 753 0 0 0 4 753
AUD 754 2 2 -1 -1 0 16777217 18 753 266 753 0 16777216 0 0 0 0 0 0 0 4 754
AUD 755 1 2 356 -1 0 16777216 0 0 0 0 0 16777217 84 755 331 755 0 0 0 4 755
AUD 756 2 2 -1 -1 0 16777217 84 755 331 755 0 16777216 0 0 0 0 0 0 0 4 756
AUD 757 1 2 357 -1 0 16777216 0 0 0 0 0 16777217 20 757 266 757 0 0 0 4 757
AUD 758 2 2 -1 -1 0 16777217 20 757 266 757 0 16777216 0 0 0 0 0 0 0 4 758
AUD 759 1 2 358 -1 0 16777216 0 0 0 0 0 16777217 18 759 266 759 0 0 0 4 759
AUD 760 2 2 -1 -1 0 16777217 18 759 266 759 0 16777216 0 0 0 0 0 0 0 4 760
AUD 761 1 2 359 -1 0 16777216 0 0 0 0 0 16777217 84 761 331 761 0 0 0 4 761
AUD 762 14 2 359 80 0 16777217 84 761 331 761 0 16777217 84 761 592 762 0 1 7 4 762
AUD 763 2 2 -1 -1 0 16777217 84 761 592 762 0 16777216 0 0 0 0 0 0 0 4 763
AUD 764 1 2 360 -1 0 16777216 0 0 0 0 0 16777217 20 764 266 764 0 0 0 4 764
AUD 765 2 2 -1 -1 0 16777217 20 764 266 764 0 16777216 0 0 0 0 0 0 0 4 765
AUD 766 1 2 361 -1 0 16777216 0 0 0 0 0 16777217 18 766 266 766 0 0 0 4 766
AUD 767 2 2 -1 -1 0 16777217 18 766 266 766 0 16777216 0 0 0 0 0 0 0 4 767
AUD 768 1 2 362 -1 0 16777216 0 0 0 0 0 16777217 16 768 266 768 0 0 0 4 768
AUD 769 2 2 -1 -1 0 16777217 16 768 266 768 0 16777216 0 0 0 0 0 0 0 4 769
AUD 770 1 2 363 -1 0 16777216 0 0 0 0 0 16777217 88 770 331 770 0 0 0 4 770
AUD 771 2 2 -1 -1 0 16777217 88 770 331 770 0 16777216 0 0 0 0 0 0 0 4 771
AUD 772 1 2 364 -1 0 16777216 0 0 0 0 0 16777217 18 772 266 772 0 0 0 4 772
AUD 773 2 2 -1 -1 0 16777217 18 772 266 772 0 16777216 0 0 0 0 0 0 0 4 773
AUD 774 1 2 365 -1 0 16777216 0 0 0 0 0 16777217 16 774 266 774 0 0 0 4 774
AUD 775 2 2 -1 -1 0 16777217 16 774 266 774 0 16777216 0 0 0 0 0 0 0 4 775
AUD 776 1 2 366 -1 0 16777216 0 0 0 0 0 16777217 88 776 331 776 0 0 0 4 776
AUD 777 2 2 -1 -1 0 16777217 88 776 331 776 0 16777216 0 0 0 0 0 0 0 4 777
AUD 778 1 2 367 -1 0 16777216 0 0 0 0 0 16777217 18 778 266 778 0 0 0 4 778
AUD 779 2 2 -1 -1 0 16777217 18 778 266 778 0 16777216 0 0 0 0 0 0 0 4 779
AUD 780 1 2 368 -1 0 16777216 0 0 0 0 0 16777217 16 780 266 780 0 0 0 4 780
AUD 781 2 2 -1 -1 0 16777217 16 780 266 780 0 16777216 0 0 0 0 0 0 0 4 781
AUD 782 1 2 369 -1 0 16777216 0 0 0 0 0 16777217 88 782 331 782 0 0 0 4 782
AUD 783 2 2 -1 -1 0 16777217 88 782 331 782 0 16777216 0 0 0 0 0 0 0 4 783
AUD 784 1 2 370 -1 0 16777216 0 0 0 0 0 16777217 18 784 266 784 0 0 0 4 784
AUD 785 2 2 -1 -1 0 16777217 18 784 266 784 0 16777216 0 0 0 0 0 0 0 4 785
AUD 786 1 2 371 -1 0 16777216 0 0 0 0 0 16777217 16 786 266 786 0 0 0 4 786
AUD 787 2 2 -1 -1 0 16777217 16 786 266 786 0 16777216 0 0 0 0 0 0 0 4 787
AUD 788 1 2 372 -1 0 16777216 0 0 0 0 0 16777217 20 788 266 788 0 0 0 4 788
AUD 789 2 2 -1 -1 0 16777217 20 788 266 788 0 16777216 0 0 0 0 0 0 0 4 789
AUD 790 1 2 373 -1 0 16777216 0 0 0 0 0 16777217 86 790 331 790 0 0 0 4 790
AUD 791 2 2 -1 -1 0 16777217 86 790 331 790 0 16777216 0 0 0 0 0 0 0 4 791
AUD 792 1 2 374 -1 0 16777216 0 0 0 0 0 16777217 16 792 266 792 0 0 0 4 792
AUD 793 2 2 -1 -1 0 16777217 16 792 266 792 0 16777216 0 0 0 0 0 0 0 4 793
AUD 794 1 2 375 -1 0 16777216 0 0 0 0 0 16777217 20 794 266 794 0 0 0 4 794
AUD 795 2 2 -1 -1 0 16777217 20 794 266 794 0 16777216 0 0 0 0 0 0 0 4 795
AUD 796 1 2 376 -1 0 16777216 0 0 0 0 0 16777217 86 796 331 796 0 0 0 4 796
AUD 797 2 2 -1 -1 0 16777217 86 796 331 796 0 16777216 0 0 0 0 0 0 0 4 797
AUD 798 1 2 377 -1 0 16777216 0 0 0 0 0 16777217 16 798 266 798 0 0 0 4 798
AUD 799 2 2 -1 -1 0 16777217 16 798 266 798 0 16777216 0 0 0 0 0 0 0 4 799
AUD 800 1 2 378 -1 0 16777216 0 0 0 0 0 16777217 20 800 266 800 0 0 0 4 800
AUD 801 2 2 -1 -1 0 16777217 20 800 266 800 0 16777216 0 0 0 0 0 0 0 4 801
AUD 802 1 2 379 -1 0 16777216 0 0 0 0 0 16777217 86 802 331 802 0 0 0 4 802
AUD 803 2 2 -1 -1 0 16777217 86 802 331 802 0 16777216 0 0 0 0 0 0 0 4 803
AUD 804 1 2 380 -1 0 16777216 0 0 0 0 0 16777217 16 804 266 804 0 0 0 4 804
AUD 805 2 2 -1 -1 0 16777217 16 804 266 804 0 16777216 0 0 0 0 0 0 0 4 805
AUD 806 1 2 381 -1 0 16777216 0 0 0 0 0 16777217 20 806 266 806 0 0 0 4 806
AUD 807 2 2 -1 -1 0 16777217 20 806 266 806 0 16777216 0 0 0 0 0 0 0 4 807
AUD 808 1 2 382 -1 0 16777216 0 0 0 0 0 16777217 18 808 266 808 0 0 0 4 808
AUD 809 2 2 -1 -1 0 16777217 18 808 266 808 0 16777216 0 0 0 0 0 0 0 4 809
AUD 810 1 2 383 -1 0 16777216 0 0 0 0 0 16777217 84 810 331 810 0 0 0 4 810
AUD 811 2 2 -1 -1 0 16777217 84 810 331 810 0 16777216 0 0 0 0 0 0 0 4 811
AUD 812 1 2 384 -1 0 16777216 0 0 0 0 0 16777217 20 812 266 812 0 0 0 4 812
AUD 813 2 2 -1 -1 0 16777217 20 812 266 812 0 16777216 0 0 0 0 0 0 0 4 813
AUD 814 1 2 385 -1 0 16777216 0 0 0 0 0 16777217 18 814 266 814 0 0 0 4 814
AUD 815 2 2 -1 -1 0 16777217 18 814 266 814 0 16777216 0 0 0 0 0 0 0 4 815
AUD 816 1 2 386 -1 0 16777216 0 0 0 0 0 16777217 84 816 331 816 0 0 0 4 816
AUD 817 2 2 -1 -1 0 16777217 84 816 331 816 0 16777216 0 0 0 0 0 0 0 4 817
AUD 818 1 2 387 -1 0 16777216 0 0 0 0 0 16777217 20 818 266 818 0 0 0 4 818
AUD 819 2 2 -1 -1 0 16777217 20 818 266 818 0 16777216 0 0 0 0 0 0 0 4 819
AUD 820 1 2 388 -1 0 16777216 0 0 0 0 0 16777217 18 820 266 820 0 0 0 4 820
AUD 821 2 2 -1 -1 0 16777217 18 820 266 820 0 16777216 0 0 0 0 0 0 0 4 821
AUD 822 1 2 389 -1 0 16777216 0 0 0 0 0 16777217 84 822 331 822 0 0 0 4 822
AUD 823 2 2 -1 -1 0 16777217 84 822 331 822 0 16777216 0 0 0 0 0 0 0 4 823
AUD 824 1 2 390 -1 0 16777216 0 0 0 0 0 16777217 20 824 266 824 0 0 0 4 824
AUD 825 2 2 -1 -1 0 16777217 20 824 266 824 0 16777216 0 0 0 0 0 0 0 4 825
AUD 826 1 2 391 -1 0 16777216 0 0 0 0 0 16777217 18 826 266 826 0 0 0 4 826
AUD 827 2 2 -1 -1 0 16777217 18 826 266 826 0 16777216 0 0 0 0 0 0 0 4 827
AUD 828 1 2 392 -1 0 16777216 0 0 0 0 0 16777217 16 828 266 828 0 0 0 4 828
AUD 829 2 2 -1 -1 0 16777217 16 828 266 828 0 16777216 0 0 0 0 0 0 0 4 829
AUD 830 1 2 393 -1 0 16777216 0 0 0 0 0 16777217 88 830 331 830 0 0 0 4 830
AUD 831 2 2 -1 -1 0 16777217 88 830 331 830 0 16777216 0 0 0 0 0 0 0 4 831
AUD 832 1 2 394 -1 0 16777216 0 0 0 0 0 16777217 18 832 266 832 0 0 0 4 832
AUD 833 2 2 -1 -1 0 16777217 18 832 266 832 0 16777216 0 0 0 0 0 0 0 4 833
AUD 834 1 2 395 -1 0 16777216 0 0 0 0 0 16777217 16 834 266 834 0 0 0 4 834
AUD 835 2 2 -1 -1 0 16777217 16 834 266 834 0 16777216 0 0 0 0 0 0 0 4 835
AUD 836 1 2 396 -1 0 16777216 0 0 0 0 0 16777217 88 836 331 836 0 0 0 4 836
AUD 837 2 2 -1 -1 0 16777217 88 836 331 836 0 16777216 0 0 0 0 0 0 0 4 837
AUD 838 1 2 397 -1 0 16777216 0 0 0 0 0 16777217 18 838 266 838 0 0 0 4 838
AUD 839 2 2 -1 -1 0 16777217 18 838 266 838 0 16777216 0 0 0 0 0 0 0 4 839
AUD 840 1 2 398 -1 0 16777216 0 0 0 0 0 16777217 16 840 266 840 0 0 0 4 840
AUD 841 2 2 -1 -1 0 16777217 16 840 266 840 0 16777216 0 0 0 0 0 0 0 4 841
AUD 842 1 2 399 -1 0 16777216 0 0 0 0 0 16777217 88 842 331 842 0 0 0 4 842
AUD 843 2 2 -1 -1 0 16777217 88 842 331 842 0 16777216 0 0 0 0 0 0 0 4 843
AUD 844 1 2 400 -1 0 16777216 0 0 0 0 0 16777217 18 844 266 844 0 0 0 4 844
AUD 845 2 2 -1 -1 0 16777217 18 844 266 844 0 16777216 0 0 0 0 0 0 0 4 845
AUD 846 2 25 -1 -1 0 16777217 84 27 346 141 0 16777216 0 0 0 0 0 0 0 4 846
AUD 847 1 2 401 -1 0 16777216 0 0 0 0 0 16777217 16 847 266 847 0 0 0 4 847
AUD 848 1 25 402 -1 0 16777216 0 0 0 0 0 16777217 20 848 266 848 0 0 0 4 848
AUD 849 2 2 -1 -1 0 16777217 16 847 266 847 0 16777216 0 0 0 0 0 0 0 4 849
AUD 850 1 2 403 -1 0 16777216 0 0 0 0 0 16777217 86 850 331 850 0 0 0 4 850
AUD 851 2 25 -1 -1 0 16777217 20 848 266 848 0 16777216 0 0 0 0 0 0 0 4 851
AUD 852 1 25 404 -1 0 16777216 0 0 0 0 0 16777217 16 852 266 852 0 0 0 4 852
AUD 853 2 25 -1 -1 0 16777217 16 852 266 852 0 16777216 0 0 0 0 0 0 0 4 853
AUD 854 1 25 405 -1 0 16777216 0 0 0 0 0 16777217 20 854 266 854 0 0 0 4 854
AUD 855 2 25 -1 -1 0 16777217 20 854 266 854 0 16777216 0 0 0 0 0 0 0 4 855
AUD 856 1 25 406 -1 0 16777216 0 0 0 0 0 16777217 86 856 331 856 0 0 0 4 856
AUD 857 2 2 -1 -1 0 16777217 86 850 331 850 0 16777216 0 0 0 0 0 0 0 4 857
AUD 858 1 2 407 -1 0 16777216 0 0 0 0 0 16777217 16 858 266 858 0 0 0 4 858
AUD 859 2 2 -1 -1 0 16777217 16 858 266 858 0 16777216 0 0 0 0 0 0 0 4 859
AUD 860 1 2 408 -1 0 16777216 0 0 0 0 0 16777217 20 860 266 860 0 0 0 4 860
AUD 861 2 2 -1 -1 0 16777217 20 860 266 860 0 16777216 0 0 0 0 0 0 0 4 861
AUD 862 1 2 409 -1 0 16777216 0 0 0 0 0 16777217 86 862 331 862 0 0 0 4 862
AUD 863 14 2 409 80 0 16777217 86 862 331 862 0 16777217 86 862 592 863 0 1 7 4 863
AUD 864 2 2 -1 -1 0 16777217 86 862 592 863 0 16777216 0 0 0 0 0 0 0 4 864
AUD 865 1 2 410 -1 0 16777216 0 0 0 0 0 16777217 16 865 266 865 0 0 0 4 865
AUD 866 2 2 -1 -1 0 16777217 16 865 266 865 0 16777216 0 0 0 0 0 0 0 4 866
AUD 867 1 2 411 -1 0 16777216 0 0 0 0 0 16777217 20 867 266 867 0 0 0 4 867
AUD 868 2 2 -1 -1 0 16777217 20 867 266 867 0 16777216 0 0 0 0 0 0 0 4 868
AUD 869 1 2 412 -1 0 16777216 0 0 0 0 0 16777217 18 869 266 869 0 0 0 4 869
AUD 870 2 2 -1 -1 0 16777217 18 869 266 869 0 16777216 0 0 0 0 0 0 0 4 870
AUD 871 1 2 413 -1 0 16777216 0 0 0 0 0 16777217 84 871 331 871 0 0 0 4 871
AUD 872 2 2 -1 -1 0 16777217 84 871 331 871 0 16777216 0 0 0 0 0 0 0 4 872
AUD 873 1 2 414 -1 0 16777216 0 0 0 0 0 16777217 20 873 266 873 0 0 0 4 873
AUD 874 2 2 -1 -1 0 16777217 20 873 266 873 0 16777216 0 0 0 0 0 0 0 4 874
AUD 875 1 2 415 -1 0 16777216 0 0 0 0 0 16777217 18 875 266 875 0 0 0 4 875
AUD 876 2 2 -1 -1 0 16777217 18 875 266 875 0 16777216 0 0 0 0 0 0 0 4 876
AUD 877 1 2 416 -1 0 16777216 0 0 0 0 0 16777217 84 877 331 877 0 0 0 4 877
AUD 878 2 2 -1 -1 0 16777217 84 877 331 877 0 16777216 0 0 0 0 0 0 0 4 878
AUD 879 1 2 417 -1 0 16777216 0 0 0 0 0 16777217 20 879 266 879 0 0 0 4 879
AUD 880 2 2 -1 -1 0 16777217 20 879 266 879 0 16777216 0 0 0 0 0 0 0 4 880
AUD 881 1 2 418 -1 0 16777216 0 0 0 0 0 16777217 18 881 266 881 0 0 0 4 881
AUD 882 2 2 -1 -1 0 16777217 18 881 266 881 0 16777216 0 0 0 0 0 0 0 4 882
AUD 883 1 2 419 -1 0 16777216 0 0 0 0 0 16777217 84 883 331 883 0 0 0 4 883
AUD 884 2 2 -1 -1 0 16777217 84 883 331 883 0 16777216 0 0 0 0 0 0 0 4 884
AUD 885 1 2 420 -1 0 16777216 0 0 0 0 0 16777217 20 885 266 885 0 0 0 4 885
AUD 886 2 2 -1 -1 0 16777217 20 885 266 885 0 16777216 0 0 0 0 0 0 0 4 886
AUD 887 1 2 421 -1 0 16777216 0 0 0 0 0 16777217 18 887 266 887 0 0 0 4 887
AUD 888 2 2 -1 -1 0 16777217 18 887 266 887 0 16777216 0 0 0 0 0 0 0 4 888
AUD 889 1 2 422 -1 0 16777216 0 0 0 0 0 16777217 16 889 266 889 0 0 0 4 889
AUD 890 2 2 -1 -1 0 16777217 16 889 266 889 0 16777216 0 0 0 0 0 0 0 4 890
AUD 891 1 2 423 -1 0 16777216 0 0 0 0 0 16777217 88 891 331 891 0 0 0 4 891
AUD 892 2 25 -1 -1 0 16777217 86 856 331 856 0 16777216 0 0 0 0 0 0 0 4 892
AUD 893 1 25 424 -1 0 16777216 0 0 0 0 0 16777217 18 893 266 893 0 0 0 4 893
AUD 894 2 25 -1 -1 0 16777217 18 893 266 893 0 16777216 0 0 0 0 0 0 0 4 894
AUD 895 1 25 425 -1 0 16777216 0 0 0 0 0 16777217 16 895 266 895 0 0 0 4 895
AUD 896 2 25 -1 -1 0 16777217 16 895 266 895 0 16777216 0 0 0 0 0 0 0 4 896
AUD 897 1 25 426 -1 0 16777216 0 0 0 0 0 16777217 88 897 331 897 0 0 0 4 897
AUD 898 2 2 -1 -1 0 16777217 88 891 331 891 0 16777216 0 0 0 0 0 0 0 4 898
AUD 899 1 2 427 -1 0 16777216 0 0 0 0 0 16777217 18 899 266 899 0 0 0 4 899
AUD 900 2 2 -1 -1 0 16777217 18 899 266 899 0 16777216 0 0 0 0 0 0 0 4 900
AUD 901 1 2 428 -1 0 16777216 0 0 0 0 0 16777217 16 901 266 901 0 0 0 4 901
AUD 902 2 2 -1 -1 0 16777217 16 901 266 901 0 16777216 0 0 0 0 0 0 0 4 902
AUD 903 1 2 429 -1 0 16777216 0 0 0 0 0 16777217 88 903 331 903 0 0 0 4 903
AUD 904 2 2 -1 -1 0 16777217 88 903 331 903 0 16777216 0 0 0 0 0 0 0 4 904
AUD 905 1 2 430 -1 0 16777216 0 0 0 0 0 16777217 18 905 266 905 0 0 0 4 905
AUD 906 2 2 -1 -1 0 16777217 18 905 266 905 0 16777216 0 0 0 0 0 0 0 4 906
AUD 907 1 2 431 -1 0 16777216 0 0 0 0 0 16777217 16 907 266 907 0 0 0 4 907
AUD 908 2 2 -1 -1 0 16777217 16 907 266 907 0 16777216 0 0 0 0 0 0 0 4 908
AUD 909 1 2 432 -1 0 16777216 0 0 0 0 0 16777217 20 909 266 909 0 0 0 4 909
AUD 910 2 2 -1 -1 0 16777217 20 909 266 909 0 16777216 0 0 0 0 0 0 0 4 910
AUD 911 1 2 433 -1 0 16777216 0 0 0 0 0 16777217 86 911 331 911 0 0 0 4 911
AUD 912 2 2 -1 -1 0 16777217 86 911 331 911 0 16777216 0 0 0 0 0 0 0 4 912
AUD 913 1 2 434 -1 0 16777216 0 0 0 0 0 16777217 16 913 266 913 0 0 0 4 913
AUD 914 2 2 -1 -1 0 16777217 16 913 266 913 0 16777216 0 0 0 0 0 0 0 4 914
AUD 915 1 2 435 -1 0 16777216 0 0 0 0 0 16777217 20 915 266 915 0 0 0 4 915
AUD 916 2 2 -1 -1 0 16777217 20 915 266 915 0 16777216 0 0 0 0 0 0 0 4 916
AUD 917 1 2 436 -1 0 16777216 0 0 0 0 0 16777217 86 917 331 917 0 0 0 4 917
AUD 918 2 2 -1 -1 0 16777217 86 917 331 917 0 16777216 0 0 0 0 0 0 0 4 918
AUD 919 1 2 437 -1 0 16777216 0 0 0 0 0 16777217 16 919 266 919 0 0 0 4 919
AUD 920 2 2 -1 -1 0 16777217 16 919 266 919 0 16777216 0 0 0 0 0 0 0 4 920
AUD 921 1 2 438 -1 0 16777216 0 0 0 0 0 16777217 20 921 266 921 0 0 0 4 921
AUD 922 2 2 -1 -1 0 16777217 20 921 266 921 0 16777216 0 0 0 0 0 0 0 4 922
AUD 923 1 2 439 -1 0 16777216 0 0 0 0 0 16777217 86 923 331 923 0 0 0 4 923
AUD 924 2 2 -1 -1 0 16777217 86 923 331 923 0 16777216 0 0 0 0 0 0 0 4 924
AUD 925 1 2 440 -1 0 16777216 0 0 0 0 0 16777217 16 925 266 925 0 0 0 4 925
AUD 926 2 2 -1 -1 0 16777217 16 925 266 925 0 16777216 0 0 0 0 0 0 0 4 926
AUD 927 1 2 441 -1 0 16777216 0 0 0 0 0 16777217 20 927 266 927 0 0 0 4 927
AUD 928 2 2 -1 -1 0 16777217 20 927 266 927 0 16777216 0 0 0 0 0 0 0 4 928
AUD 929 1 2 442 -1 0 16777216 0 0 0 0 0 16777217 18 929 266 929 0 0 0 4 929
AUD 930 2 2 -1 -1 0 16777217 18 929 266 929 0 16777216 0 0 0 0 0 0 0 4 930
AUD 931 1 2 443 -1 0 16777216 0 0 0 0 0 16777217 84 931 331 931 0 0 0 4 931
AUD 932 2 2 -1 -1 0 16777217 84 931 331 931 0 16777216 0 0 0 0 0 0 0 4 932
AUD 933 1 2 444 -1 0 16777216 0 0 0 0 0 16777217 20 933 266 933 0 0 0 4 933
AUD 934 2 2 -1 -1 0 16777217 20 933 266 933 0 16777216 0 0 0 0 0 0 0 4 934
AUD 935 1 2 445 -1 0 16777216 0 0 0 0 0 16777217 18 935 266 935 0 0 0 4 935
AUD 936 2 2 -1 -1 0 16777217 18 935 266 935 0 16777216 0 0 0 0 0 0 0 4 936
AUD 937 1 2 446 -1 0 16777216 0 0 0 0 0 16777217 84 937 331 937 0 0 0 4 937
AUD 938 2 2 -1 -1 0 16777217 84 937 331 937 0 16777216 0 0 0 0 0 0 0 4 938
AUD 939 1 2 447 -1 0 16777216 0 0 0 0 0 16777217 20 939 266 939 0 0 0 4 939
AUD 940 2 2 -1 -1 0 16777217 20 939 266 939 0 16777216 0 0 0 0 0 0 0 4 940
AUD 941 1 2 448 -1 0 16777216 0 0 0 0 0 16777217 18 941 266 941 0 0 0 4 941
AUD 942 2 2 -1 -1 0 16777217 18 941 266 941 0 16777216 0 0 0 0 0 0 0 4 942
AUD 943 1 2 449 -1 0 16777216 0 0 0 0 0 16777217 84 943 331 943 0 0 0 4 943
AUD 944 2 2 -1 -1 0 16777217 84 943 331 943 0 16777216 0 0 0 0 0 0 0 4 944
AUD 945 1 2 450 -1 0 16777216 0 0 0 0 0 16777217 20 945 266 945 0 0 0 4 945
AUD 946 12 25 -1 1 0 16777217 88 897 331 897 0 16777217 88 897 336 946 0 0 0 4 946
AUD 947 2 2 -1 -1 0 16777217 20 945 266 945 0 16777216 0 0 0 0 0 0 0 4 947
AUD 948 1 2 451 -1 0 16777216 0 0 0 0 0 16777217 18 948 266 948 0 0 0 4 948
AUD 949 2 2 -1 -1 0 16777217 18 948 266 948 0 16777216 0 0 0 0 0 0 0 4 949
AUD 950 1 2 452 -1 0 16777216 0 0 0 0 0 16777217 16 950 266 950 0 0 0 4 950
AUD 951 2 2 -1 -1 0 16777217 16 950 266 950 0 16777216 0 0 0 0 0 0 0 4 951
AUD 952 1 2 453 -1 0 16777216 0 0 0 0 0 16777217 88 952 331 952 0 0 0 4 952
AUD 953 2 2 -1 -1 0 16777217 88 952 331 952 0 16777216 0 0 0 0 0 0 0 4 953
AUD 954 1 2 454 -1 0 16777216 0 0 0 0 0 16777217 18 954 266 954 0 0 0 4 954
AUD 955 2 2 -1 -1 0 16777217 18 954 266 954 0 16777216 0 0 0 0 0 0 0 4 955
AUD 956 1 2 455 -1 0 16777216 0 0 0 0 0 16777217 16 956 266 956 0 0 0 4 956
AUD 957 2 2 -1 -1 0 16777217 16 956 266 956 0 16777216 0 0 0 0 0 0 0 4 957
AUD 958 1 2 456 -1 0 16777216 0 0 0 0 0 16777217 88 958 331 958 0 0 0 4 958
AUD 959 2 2 -1 -1 0 16777217 88 958 331 958 0 16777216 0 0 0 0 0 0 0 4 959
AUD 960 1 2 457 -1 0 16777216 0 0 0 0 0 16777217 18 960 266 960 0 0 0 4 960
AUD 961 2 2 -1 -1 0 16777217 18 960 266 960 0 16777216 0 0 0 0 0 0 0 4 961
AUD 962 1 2 458 -1 0 16777216 0 0 0 0 0 16777217 16 962 266 962 0 0 0 4 962
AUD 963 2 2 -1 -1 0 16777217 16 962 266 962 0 16777216 0 0 0 0 0 0 0 4 963
AUD 964 1 2 459 -1 0 16777216 0 0 0 0 0 16777217 88 964 331 964 0 0 0 4 964
AUD 965 14 2 459 80 0 16777217 88 964 331 964 0 16777217 88 964 592 965 0 1 7 4 965
AUD 966 2 2 -1 -1 0 16777217 88 964 592 965 0 16777216 0 0 0 0 0 0 0 4 966
AUD 967 1 2 460 -1 0 16777216 0 0 0 0 0 16777217 18 967 266 967 0 0 0 4 967
AUD 968 2 2 -1 -1 0 16777217 18 967 266 967 0 16777216 0 0 0 0 0 0 0 4 968
AUD 969 1 2 461 -1 0 16777216 0 0 0 0 0 16777217 16 969 266 969 0 0 0 4 969
AUD 970 2 2 -1 -1 0 16777217 16 969 266 969 0 16777216 0 0 0 0 0 0 0 4 970
AUD 971 1 2 462 -1 0 16777216 0 0 0 0 0 16777217 20 971 266 971 0 0 0 4 971
AUD 972 2 2 -1 -1 0 16777217 20 971 266 971 0 16777216 0 0 0 0 0 0 0 4 972
AUD 973 1 2 463 -1 0 16777216 0 0 0 0 0 16777217 86 973 331 973 0 0 0 4 973
AUD 974 2 2 -1 -1 0 16777217 86 973 331 973 0 16777216 0 0 0 0 0 0 0 4 974
AUD 975 1 2 464 -1 0 16777216 0 0 0 0 0 16777217 16 975 266 975 0 0 0 4 975
AUD 976 2 2 -1 -1 0 16777217 16 975 266 975 0 16777216 0 0 0 0 0 0 0 4 976
AUD 977 1 2 465 -1 0 16777216 0 0 0 0 0 16777217 20 977 266 977 0 0 0 4 977
AUD 978 2 2 -1 -1 0 16777217 20 977 266 977 0 16777216 0 0 0 0 0 0 0 4 978
AUD 979 1 2 466 -1 0 16777216 0 0 0 0 0 16777217 86 979 331 979 0 0 0 4 979
AUD 980 2 2 -1 -1 0 16777217 86 979 331 979 0 16777216 0 0 0 0 0 0 0 4 980
AUD 981 1 2 467 -1 0 16777216 0 0 0 0 0 16777217 16 981 266 981 0 0 0 4 981
AUD 982 2 2 -1 -1 0 16777217 16 981 266 981 0 16777216 0 0 0 0 0 0 0 4 982
AUD 983 1 2 468 -1 0 16777216 0 0 0 0 0 16777217 20 983 266 983 0 0 0 4 983
AUD 984 2 2 -1 -1 0 16777217 20 983 266 983 0 16777216 0 0 0 0 0 0 0 4 984
AUD 985 1 2 469 -1 0 16777216 0 0 0 0 0 16777217 86 985 331 985 0 0 0 4 985
AUD 986 2 2 -1 -1 0 16777217 86 985 331 985 0 16777216 0 0 0 0 0 0 0 4 986
AUD 987 1 2 470 -1 0 16777216 0 0 0 0 0 16777217 16 987 266 987 0 0 0 4 987
AUD 988 2 2 -1 -1 0 16777217 16 987 266 987 0 16777216 0 0 0 0 0 0 0 4 988
AUD 989 1 2 471 -1 0 16777216 0 0 0 0 0 16777217 20 989 266 989 0 0 0 4 989
AUD 990 2 2 -1 -1 0 16777217 20 989 266 989 0 16777216 0 0 0 0 0 0 0 4 990
AUD 991 1 2 472 -1 0 16777216 0 0 0 0 0 16777217 18 991 266 991 0 0 0 4 991
AUD 992 2 2 -1 -1 0 16777217 18 991 266 991 0 16777216 0 0 0 0 0 0 0 4 992
AUD 993 1 2 473 -1 0 16777216 0 0 0 0 0 16777217 84 993 331 993 0 0 0 4 993
AUD 994 2 2 -1 -1 0 16777217 84 993 331 993 0 16777216 0 0 0 0 0 0 0 4 994
AUD 995 1 2 474 -1 0 16777216 0 0 0 0 0 16777217 20 995 266 995 0 0 0 4 995
AUD 996 2 2 -1 -1 0 16777217 20 995 266 995 0 16777216 0 0 0 0 0 0 0 4 996
AUD 997 1 2 475 -1 0 16777216 0 0 0 0 0 16777217 18 997 266 997 0 0 0 4 997
AUD 998 12 25 -1 2 0 16777217 88 897 336 946 0 16777217 88 897 346 998 0 0 0 4 998
AUD 999 2 2 -1 -1 0 16777217 18 997 266 997 0 16777216 0 0 0 0 0 0 0 4 999
AUD 1000 1 2 476 -1 0 16777216 0 0 0 0 0 16777217 84 1000 331 1000 0 0 0 4 1000
AUD 1001 2 2 -1 -1 0 16777217 84 1000 331 1000 0 16777216 0 0 0 0 0 0 0 4 1001
AUD 1002 1 2 477 -1 0 16777216 0 0 0 0 0 16777217 20 1002 266 1002 0 0 0 4 1002
AUD 1003 2 2 -1 -1 0 16777217 20 1002 266 1002 0 16777216 0 0 0 0 0 0 0 4 1003
AUD 1004 1 2 478 -1 0 16777216 0 0 0 0 0 16777217 18 1004 266 1004 0 0 0 4 1004
AUD 1005 2 2 -1 -1 0 16777217 18 1004 266 1004 0 16777216 0 0 0 0 0 0 0 4 1005
AUD 1006 1 2 479 -1 0 16777216 0 0 0 0 0 16777217 84 1006 331 1006 0 0 0 4 1006
AUD 1007 2 2 -1 -1 0 16777217 84 1006 331 1006 0 16777216 0 0 0 0 0 0 0 4 1007
AUD 1008 1 2 480 -1 0 16777216 0 0 0 0 0 16777217 20 1008 266 1008 0 0 0 4 1008
AUD 1009 2 2 -1 -1 0 16777217 20 1008 266 1008 0 16777216 0 0 0 0 0 0 0 4 1009
AUD 1010 1 2 481 -1 0 16777216 0 0 0 0 0 16777217 18 1010 266 1010 0 0 0 4 1010
AUD 1011 2 2 -1 -1 0 16777217 18 1010 266 1010 0 16777216 0 0 0 0 0 0 0 4 1011
AUD 1012 1 2 482 -1 0 16777216 0 0 0 0 0 16777217 16 1012 266 1012 0 0 0 4 1012
AUD 1013 2 2 -1 -1 0 16777217 16 1012 266 1012 0 16777216 0 0 0 0 0 0 0 4 1013
AUD 1014 1 2 483 -1 0 16777216 0 0 0 0 0 16777217 88 1014 331 1014 0 0 0 4 1014
AUD 1015 2 2 -1 -1 0 16777217 88 1014 331 1014 0 16777216 0 0 0 0 0 0 0 4 1015
AUD 1016 1 2 484 -1 0 16777216 0 0 0 0 0 16777217 18 1016 266 1016 0 0 0 4 1016
AUD 1017 2 2 -1 -1 0 16777217 18 1016 266 1016 0 16777216 0 0 0 0 0 0 0 4 1017
AUD 1018 1 2 485 -1 0 16777216 0 0 0 0 0 16777217 16 1018 266 1018 0 0 0 4 1018
AUD 1019 2 2 -1 -1 0 16777217 16 1018 266 1018 0 16777216 0 0 0 0 0 0 0 4 1019
AUD 1020 1 2 486 -1 0 16777216 0 0 0 0 0 16777217 88 1020 331 1020 0 0 0 4 1020
AUD 1021 2 2 -1 -1 0 16777217 88 1020 331 1020 0 16777216 0 0 0 0 0 0 0 4 1021
AUD 1022 1 2 487 -1 0 16777216 0 0 0 0 0 16777217 18 1022 266 1022 0 0 0 4 1022
AUD 1023 2 2 -1 -1 0 16777217 18 1022 266 1022 0 16777216 0 0 0 0 0 0 0 4 1023
AUD 1024 1 2 488 -1 0 16777216 0 0 0 0 0 16777217 16 1024 266 1024 0 0 0 4 1024
AUD 1025 2 2 -1 -1 0 16777217 16 1024 266 1024 0 16777216 0 0 0 0 0 0 0 4 1025
AUD 1026 1 2 489 -1 0 16777216 0 0 0 0 0 16777217 88 1026 331 1026 0 0 0 4 1026
AUD 1027 2 2 -1 -1 0 16777217 88 1026 331 1026 0 16777216 0 0 0 0 0 0 0 4 1027
AUD 1028 1 2 490 -1 0 16777216 0 0 0 0 0 16777217 18 1028 266 1028 0 0 0 4 1028
AUD 1029 2 2 -1 -1 0 16777217 18 1028 266 1028 0 16777216 0 0 0 0 0 0 0 4 1029
AUD 1030 1 2 491 -1 0 16777216 0 0 0 0 0 16777217 16 1030 266 1030 0 0 0 4 1030
AUD 1031 2 2 -1 -1 0 16777217 16 1030 266 1030 0 16777216 0 0 0 0 0 0 0 4 1031
AUD 1032 1 2 492 -1 0 16777216 0 0 0 0 0 16777217 20 1032 266 1032 0 0 0 4 1032
AUD 1033 2 2 -1 -1 0 16777217 20 1032 266 1032 0 16777216 0 0 0 0 0 0 0 4 1033
AUD 1034 1 2 493 -1 0 16777216 0 0 0 0 0 16777217 86 1034 331 1034 0 0 0 4 1034
AUD 1035 2 2 -1 -1 0 16777217 86 1034 331 1034 0 16777216 0 0 0 0 0 0 0 4 1035
AUD 1036 1 2 494 -1 0 16777216 0 0 0 0 0 16777217 16 1036 266 1036 0 0 0 4 1036
AUD 1037 2 2 -1 -1 0 16777217 16 1036 266 1036 0 16777216 0 0 0 0 0 0 0 4 1037
AUD 1038 1 2 495 -1 0 16777216 0 0 0 0 0 16777217 20 1038 266 1038 0 0 0 4 1038
AUD 1039 2 2 -1 -1 0 16777217 20 1038 266 1038 0 16777216 0 0 0 0 0 0 0 4 1039
AUD 1040 1 2 496 -1 0 16777216 0 0 0 0 0 16777217 86 1040 331 1040 0 0 0 4 1040
AUD 1041 2 2 -1 -1 0 16777217 86 1040 331 1040 0 16777216 0 0 0 0 0 0 0 4 1041
AUD 1042 1 2 497 -1 0 16777216 0 0 0 0 0 16777217 16 1042 266 1042 0 0 0 4 1042
AUD 1043 2 2 -1 -1 0 16777217 16 1042 266 1042 0 16777216 0 0 0 0 0 0 0 4 1043
AUD 1044 1 2 498 -1 0 16777216 0 0 0 0 0 16777217 20 1044 266 1044 0 0 0 4 1044
AUD 1045 2 2 -1 -1 0 16777217 20 1044 266 1044 0 16777216 0 0 0 0 0 0 0 4 1045
AUD 1046 1 2 499 -1 0 16777216 0 0 0 0 0 16777217 86 1046 331 1046 0 0 0 4 1046
AUD_DONE 1047
AUD_FP -1392658570
