AUD 0 1 0 -1 -1 0 0 0 0 0 0 0 65537 95 0 0 0 0 0 0 0 0
AUD 1 1 1 -1 -1 0 0 0 0 0 0 0 65537 90 1 0 1 0 0 0 0 1
AUD 2 8 -1 4 -1 0 0 0 0 0 0 0 0 0 0 0 0 0 0 0 4 2
AUD 3 1 2 0 -1 0 0 0 0 0 0 0 16777217 16 3 266 3 0 0 0 4 3
AUD 4 1 3 1 -1 0 0 0 0 0 0 0 16777217 20 4 266 4 0 0 0 4 4
AUD 5 1 4 2 -1 0 0 0 0 0 0 0 16777217 86 5 331 5 0 0 0 4 5
AUD 6 1 5 3 -1 0 0 0 0 0 0 0 16777217 16 6 266 6 0 0 0 4 6
AUD 7 1 6 4 -1 0 0 0 0 0 0 0 16777217 20 7 266 7 0 0 0 4 7
AUD 8 1 7 5 -1 0 0 0 0 0 0 0 16777217 86 8 331 8 0 0 0 4 8
AUD 9 1 8 6 -1 0 0 0 0 0 0 0 16777217 16 9 266 9 0 0 0 4 9
AUD 10 1 9 7 -1 0 0 0 0 0 0 0 16777217 88 10 331 10 0 0 0 4 10
AUD 11 14 9 7 80 0 16777217 88 10 331 10 0 16777217 88 10 592 11 0 1 7 4 11
AUD 12 1 10 8 -1 0 0 0 0 0 0 0 16777217 86 12 331 12 0 0 0 4 12
AUD 13 14 10 8 80 0 16777217 86 12 331 12 0 16777217 86 12 592 13 0 1 7 4 13
AUD 14 1 11 9 -1 0 0 0 0 0 0 0 16777217 84 14 331 14 0 0 0 4 14
AUD 15 14 11 9 80 0 16777217 84 14 331 14 0 16777217 84 14 592 15 0 1 7 4 15
AUD 16 1 12 10 -1 0 0 0 0 0 0 0 16777217 20 16 266 16 0 0 0 4 16
AUD 17 1 13 11 -1 0 0 0 0 0 0 0 16777217 18 17 266 17 0 0 0 4 17
AUD 18 1 14 12 -1 0 0 0 0 0 0 0 16777217 84 18 331 18 0 0 0 4 18
AUD 19 1 15 13 -1 0 0 0 0 0 0 0 16777217 20 19 266 19 0 0 0 4 19
AUD 20 1 16 14 -1 0 0 0 0 0 0 0 16777217 18 20 266 20 0 0 0 4 20
AUD 21 1 17 15 -1 0 0 0 0 0 0 0 16777217 84 21 331 21 0 0 0 4 21
AUD 22 1 18 16 -1 0 0 0 0 0 0 0 16777217 20 22 266 22 0 0 0 4 22
AUD 23 1 19 17 -1 0 0 0 0 0 0 0 16777217 86 23 331 23 0 0 0 4 23
AUD 24 1 20 18 -1 0 0 0 0 0 0 0 16777217 84 24 331 24 0 0 0 4 24
AUD 25 1 21 19 -1 0 0 0 0 0 0 0 16777217 88 25 331 25 0 0 0 4 25
AUD 26 1 22 20 -1 0 0 0 0 0 0 0 16777217 18 26 266 26 0 0 0 4 26
AUD 27 1 23 21 -1 0 0 0 0 0 0 0 16777217 16 27 266 27 0 0 0 4 27
AUD 28 1 24 22 -1 0 0 0 0 0 0 0 16777217 88 28 331 28 0 0 0 4 28
AUD 29 1 25 23 -1 0 0 0 0 0 0 0 16777217 18 29 266 29 0 0 0 4 29
AUD 30 1 26 24 -1 0 0 0 0 0 0 0 16777217 16 30 266 30 0 0 0 4 30
AUD 31 1 27 25 -1 0 0 0 0 0 0 0 16777217 88 31 331 31 0 0 0 4 31
AUD 32 1 28 26 -1 0 0 0 0 0 0 0 16777217 18 32 266 32 0 0 0 4 32
AUD 33 12 4 -1 1 0 16777217 86 5 331 5 0 16777217 86 5 336 33 0 0 0 4 33
AUD 34 1 29 27 -1 0 0 0 0 0 0 0 16777217 84 34 331 34 0 0 0 4 34
AUD 35 1 30 28 -1 0 0 0 0 0 0 0 16777217 88 35 331 35 0 0 0 4 35
AUD 36 1 31 29 -1 0 0 0 0 0 0 0 16777217 86 36 331 36 0 0 0 4 36
AUD 37 12 7 -1 1 0 16777217 86 8 331 8 0 16777217 86 8 336 37 0 0 0 4 37
AUD 38 2 2 -1 -1 0 16777217 16 3 266 3 0 16777216 0 0 0 0 0 0 0 4 38
AUD 39 1 2 30 -1 0 16777216 0 0 0 0 0 16777217 16 39 266 39 0 0 0 4 39
AUD 40 2 2 -1 -1 0 16777217 16 39 266 39 0 16777216 0 0 0 0 0 0 0 4 40
AUD 41 1 2 31 -1 0 16777216 0 0 0 0 0 16777217 20 41 266 41 0 0 0 4 41
AUD 42 12 9 -1 1 0 16777217 88 10 592 11 0 16777217 88 10 336 42 0 0 0 4 42
AUD 43 2 5 -1 -1 0 16777217 16 6 266 6 0 16777216 0 0 0 0 0 0 0 4 43
AUD 44 1 5 32 -1 0 16777216 0 0 0 0 0 16777217 86 44 331 44 0 0 0 4 44
AUD 45 12 10 -1 1 0 16777217 86 12 592 13 0 16777217 86 12 336 45 0 0 0 4 45
AUD 46 2 8 -1 -1 0 16777217 16 9 266 9 0 16777216 0 0 0 0 0 0 0 4 46
AUD 47 1 8 33 -1 0 16777216 0 0 0 0 0 16777217 16 47 266 47 0 0 0 4 47
AUD 48 12 11 -1 1 0 16777217 84 14 592 15 0 16777217 84 14 336 48 0 0 0 4 48
AUD 49 2 8 -1 -1 0 16777217 16 47 266 47 0 16777216 0 0 0 0 0 0 0 4 49
AUD 50 1 8 34 -1 0 16777216 0 0 0 0 0 16777217 20 50 266 50 0 0 0 4 50
AUD 51 2 23 -1 -1 0 16777217 16 27 266 27 0 16777216 0 0 0 0 0 0 0 4 51
AUD 52 1 23 35 -1 0 16777216 0 0 0 0 0 16777217 86 52 331 52 0 0 0 4 52
AUD 53 2 26 -1 -1 0 16777217 16 30 266 30 0 16777216 0 0 0 0 0 0 0 4 53
AUD 54 1 26 36 -1 0 16777216 0 0 0 0 0 16777217 16 54 266 54 0 0 0 4 54
AUD 55 12 14 -1 1 0 16777217 84 18 331 18 0 16777217 84 18 336 55 0 0 0 4 55
AUD 56 2 26 -1 -1 0 16777217 16 54 266 54 0 16777216 0 0 0 0 0 0 0 4 56
AUD 57 1 26 37 -1 0 16777216 0 0 0 0 0 16777217 88 57 331 57 0 0 0 4 57
AUD 58 2 13 -1 -1 0 16777217 18 17 266 17 0 16777216 0 0 0 0 0 0 0 4 58
AUD 59 1 13 38 -1 0 16777216 0 0 0 0 0 16777217 86 59 331 59 0 0 0 4 59
AUD 60 2 16 -1 -1 0 16777217 18 20 266 20 0 16777216 0 0 0 0 0 0 0 4 60
AUD 61 1 16 39 -1 0 16777216 0 0 0 0 0 16777217 84 61 331 61 0 0 0 4 61
AUD 62 12 17 -1 1 0 16777217 84 21 331 21 0 16777217 84 21 336 62 0 0 0 4 62
AUD 63 2 22 -1 -1 0 16777217 18 26 266 26 0 16777216 0 0 0 0 0 0 0 4 63
AUD 64 1 22 40 -1 0 16777216 0 0 0 0 0 16777217 20 64 266 64 0 0 0 4 64
AUD 65 2 25 -1 -1 0 16777217 18 29 266 29 0 16777216 0 0 0 0 0 0 0 4 65
AUD 66 1 25 41 -1 0 16777216 0 0 0 0 0 16777217 18 66 266 66 0 0 0 4 66
AUD 67 12 19 -1 1 0 16777217 86 23 331 23 0 16777217 86 23 336 67 0 0 0 4 67
AUD 68 2 25 -1 -1 0 16777217 18 66 266 66 0 16777216 0 0 0 0 0 0 0 4 68
AUD 69 1 25 42 -1 0 16777216 0 0 0 0 0 16777217 84 69 331 69 0 0 0 4 69
AUD 70 12 20 -1 1 0 16777217 84 24 331 24 0 16777217 84 24 336 70 0 0 0 4 70
AUD 71 2 28 -1 -1 0 16777217 18 32 266 32 0 16777216 0 0 0 0 0 0 0 4 71
AUD 72 1 28 43 -1 0 16777216 0 0 0 0 0 16777217 20 72 266 72 0 0 0 4 72
AUD 73 12 21 -1 1 0 16777217 88 25 331 25 0 16777217 88 25 336 73 0 0 0 4 73
AUD 74 2 2 -1 -1 0 16777217 20 41 266 41 0 16777216 0 0 0 0 0 0 0 4 74
AUD 75 1 2 44 -1 0 16777216 0 0 0 0 0 16777217 18 75 266 75 0 0 0 4 75
AUD 76 2 2 -1 -1 0 16777217 18 75 266 75 0 16777216 0 0 0 0 0 0 0 4 76
AUD 77 1 2 45 -1 0 16777216 0 0 0 0 0 16777217 84 77 331 77 0 0 0 4 77
AUD 78 2 3 -1 -1 0 16777217 20 4 266 4 0 16777216 0 0 0 0 0 0 0 4 78
AUD 79 1 3 46 -1 0 16777216 0 0 0 0 0 16777217 20 79 266 79 0 0 0 4 79
AUD 80 12 24 -1 1 0 16777217 88 28 331 28 0 16777217 88 28 336 80 0 0 0 4 80
AUD 81 2 3 -1 -1 0 16777217 20 79 266 79 0 16777216 0 0 0 0 0 0 0 4 81
AUD 82 1 3 47 -1 0 16777216 0 0 0 0 0 16777217 86 82 331 82 0 0 0 4 82
AUD 83 2 6 -1 -1 0 16777217 20 7 266 7 0 16777216 0 0 0 0 0 0 0 4 83
AUD 84 1 6 48 -1 0 16777216 0 0 0 0 0 16777217 84 84 331 84 0 0 0 4 84
AUD 85 2 8 -1 -1 0 16777217 20 50 266 50 0 16777216 0 0 0 0 0 0 0 4 85
AUD 86 1 8 49 -1 0 16777216 0 0 0 0 0 16777217 88 86 331 86 0 0 0 4 86
AUD 87 12 27 -1 1 0 16777217 88 31 331 31 0 16777217 88 31 336 87 0 0 0 4 87
AUD 88 2 12 -1 -1 0 16777217 20 16 266 16 0 16777216 0 0 0 0 0 0 0 4 88
AUD 89 1 12 50 -1 0 16777216 0 0 0 0 0 16777217 18 89 266 89 0 0 0 4 89
AUD 90 2 12 -1 -1 0 16777217 18 89 266 89 0 16777216 0 0 0 0 0 0 0 4 90
AUD 91 1 12 51 -1 0 16777216 0 0 0 0 0 16777217 16 91 266 91 0 0 0 4 91
AUD 92 12 29 -1 1 0 16777217 84 34 331 34 0 16777217 84 34 336 92 0 0 0 4 92
AUD 93 12 4 -1 2 0 16777217 86 5 336 33 0 16777217 86 5 346 93 0 0 0 4 93
AUD 94 2 12 -1 -1 0 16777217 16 91 266 91 0 16777216 0 0 0 0 0 0 0 4 94
AUD 95 1 12 52 -1 0 16777216 0 0 0 0 0 16777217 88 95 331 95 0 0 0 4 95
AUD 96 12 30 -1 1 0 16777217 88 35 331 35 0 16777217 88 35 336 96 0 0 0 4 96
AUD 97 2 15 -1 -1 0 16777217 20 19 266 19 0 16777216 0 0 0 0 0 0 0 4 97
AUD 98 1 15 53 -1 0 16777216 0 0 0 0 0 16777217 18 98 266 98 0 0 0 4 98
AUD 99 12 31 -1 1 0 16777217 86 36 331 36 0 16777217 86 36 336 99 0 0 0 4 99
AUD 100 2 15 -1 -1 0 16777217 18 98 266 98 0 16777216 0 0 0 0 0 0 0 4 100
AUD 101 1 15 54 -1 0 16777216 0 0 0 0 0 16777217 16 101 266 101 0 0 0 4 101
AUD 102 12 7 -1 2 0 16777217 86 8 336 37 0 16777217 86 8 346 102 0 0 0 4 102
AUD 103 2 15 -1 -1 0 16777217 16 101 266 101 0 16777216 0 0 0 0 0 0 0 4 103
AUD 104 1 15 55 -1 0 16777216 0 0 0 0 0 16777217 88 104 331 104 0 0 0 4 104
AUD 105 2 18 -1 -1 0 16777217 20 22 266 22 0 16777216 0 0 0 0 0 0 0 4 105
AUD 106 1 18 56 -1 0 16777216 0 0 0 0 0 16777217 18 106 266 106 0 0 0 4 106
AUD 107 12 5 -1 1 0 16777217 86 44 331 44 0 16777217 86 44 336 107 0 0 0 4 107
AUD 108 2 9 -1 -1 0 16777217 88 10 336 42 0 16777216 0 0 0 0 0 0 0 4 108
AUD 109 1 9 57 -1 0 16777216 0 0 0 0 0 16777217 84 109 331 109 0 0 0 4 109
AUD 110 14 9 57 80 0 16777217 84 109 331 109 0 16777217 84 109 592 110 0 1 7 4 110
AUD 111 2 10 -1 -1 0 16777217 86 12 336 45 0 16777216 0 0 0 0 0 0 0 4 111
AUD 112 1 10 58 -1 0 16777216 0 0 0 0 0 16777217 88 112 331 112 0 0 0 4 112
AUD 113 14 10 58 80 0 16777217 88 112 331 112 0 16777217 88 112 592 113 0 1 7 4 113
AUD 114 2 11 -1 -1 0 16777217 84 14 336 48 0 16777216 0 0 0 0 0 0 0 4 114
AUD 115 1 11 59 -1 0 16777216 0 0 0 0 0 16777217 86 115 331 115 0 0 0 4 115
AUD 116 14 11 59 80 0 16777217 86 115 331 115 0 16777217 86 115 592 116 0 1 7 4 116
AUD 117 12 23 -1 1 0 16777217 86 52 331 52 0 16777217 86 52 336 117 0 0 0 4 117
AUD 118 2 18 -1 -1 0 16777217 18 106 266 106 0 16777216 0 0 0 0 0 0 0 4 118
AUD 119 1 18 60 -1 0 16777216 0 0 0 0 0 16777217 16 119 266 119 0 0 0 4 119
AUD 120 2 18 -1 -1 0 16777217 16 119 266 119 0 16777216 0 0 0 0 0 0 0 4 120
AUD 121 1 18 61 -1 0 16777216 0 0 0 0 0 16777217 20 121 266 121 0 0 0 4 121
AUD 122 12 26 -1 1 0 16777217 88 57 331 57 0 16777217 88 57 336 122 0 0 0 4 122
AUD 123 12 14 -1 2 0 16777217 84 18 336 55 0 16777217 84 18 346 123 0 0 0 4 123
AUD 124 2 18 -1 -1 0 16777217 20 121 266 121 0 16777216 0 0 0 0 0 0 0 4 124
AUD 125 1 18 62 -1 0 16777216 0 0 0 0 0 16777217 86 125 331 125 0 0 0 4 125
AUD 126 12 13 -1 1 0 16777217 86 59 331 59 0 16777217 86 59 336 126 0 0 0 4 126
AUD 127 2 22 -1 -1 0 16777217 20 64 266 64 0 16777216 0 0 0 0 0 0 0 4 127
AUD 128 1 22 63 -1 0 16777216 0 0 0 0 0 16777217 16 128 266 128 0 0 0 4 128
AUD 129 12 16 -1 1 0 16777217 84 61 331 61 0 16777217 84 61 336 129 0 0 0 4 129
AUD 130 2 22 -1 -1 0 16777217 16 128 266 128 0 16777216 0 0 0 0 0 0 0 4 130
AUD 131 1 22 64 -1 0 16777216 0 0 0 0 0 16777217 20 131 266 131 0 0 0 4 131
AUD 132 12 17 -1 2 0 16777217 84 21 336 62 0 16777217 84 21 346 132 0 0 0 4 132
AUD 133 2 22 -1 -1 0 16777217 20 131 266 131 0 16777216 0 0 0 0 0 0 0 4 133
AUD 134 1 22 65 -1 0 16777216 0 0 0 0 0 16777217 86 134 331 134 0 0 0 4 134
AUD 135 2 28 -1 -1 0 16777217 20 72 266 72 0 16777216 0 0 0 0 0 0 0 4 135
AUD 136 1 28 66 -1 0 16777216 0 0 0 0 0 16777217 16 136 266 136 0 0 0 4 136
AUD 137 12 25 -1 1 0 16777217 84 69 331 69 0 16777217 84 69 336 137 0 0 0 4 137
AUD 138 2 19 -1 -1 0 16777217 86 23 336 67 0 16777216 0 0 0 0 0 0 0 4 138
AUD 139 1 19 67 -1 0 16777216 0 0 0 0 0 16777217 88 139 331 139 0 0 0 4 139
AUD 140 2 20 -1 -1 0 16777217 84 24 336 70 0 16777216 0 0 0 0 0 0 0 4 140
AUD 141 1 20 68 -1 0 16777216 0 0 0 0 0 16777217 86 141 331 141 0 0 0 4 141
AUD 142 2 21 -1 -1 0 16777217 88 25 336 73 0 16777216 0 0 0 0 0 0 0 4 142
AUD 143 1 21 69 -1 0 16777216 0 0 0 0 0 16777217 84 143 331 143 0 0 0 4 143
AUD 144 12 2 -1 1 0 16777217 84 77 331 77 0 16777217 84 77 336 144 0 0 0 4 144
AUD 145 2 28 -1 -1 0 16777217 16 136 266 136 0 16777216 0 0 0 0 0 0 0 4 145
AUD 146 1 28 70 -1 0 16777216 0 0 0 0 0 16777217 20 146 266 146 0 0 0 4 146
AUD 147 2 28 -1 -1 0 16777217 20 146 266 146 0 16777216 0 0 0 0 0 0 0 4 147
AUD 148 1 28 71 -1 0 16777216 0 0 0 0 0 16777217 18 148 266 148 0 0 0 4 148
AUD 149 12 3 -1 1 0 16777217 86 82 331 82 0 16777217 86 82 336 149 0 0 0 4 149
AUD 150 12 24 -1 2 0 16777217 88 28 336 80 0 16777217 88 28 346 150 0 0 0 4 150
AUD 151 2 28 -1 -1 0 16777217 18 148 266 148 0 16777216 0 0 0 0 0 0 0 4 151
AUD 152 1 28 72 -1 0 16777216 0 0 0 0 0 16777217 84 152 331 152 0 0 0 4 152
AUD 153 12 6 -1 1 0 16777217 84 84 331 84 0 16777217 84 84 336 153 0 0 0 4 153
AUD 154 2 9 -1 -1 0 16777217 84 109 592 110 0 16777216 0 0 0 0 0 0 0 4 154
AUD 155 1 9 73 -1 0 16777216 0 0 0 0 0 16777217 20 155 266 155 0 0 0 4 155
AUD 156 12 8 -1 1 0 16777217 88 86 331 86 0 16777217 88 86 336 156 0 0 0 4 156
AUD 157 2 9 -1 -1 0 16777217 20 155 266 155 0 16777216 0 0 0 0 0 0 0 4 157
AUD 158 1 9 74 -1 0 16777216 0 0 0 0 0 16777217 18 158 266 158 0 0 0 4 158
AUD 159 12 27 -1 2 0 16777217 88 31 336 87 0 16777217 88 31 346 159 0 0 0 4 159
AUD 160 2 9 -1 -1 0 16777217 18 158 266 158 0 16777216 0 0 0 0 0 0 0 4 160
AUD 161 1 9 75 -1 0 16777216 0 0 0 0 0 16777217 84 161 331 161 0 0 0 4 161
AUD 162 2 9 -1 -1 0 16777217 84 161 331 161 0 16777216 0 0 0 0 0 0 0 4 162
AUD 163 1 9 76 -1 0 16777216 0 0 0 0 0 16777217 20 163 266 163 0 0 0 4 163
AUD 164 12 12 -1 1 0 16777217 88 95 331 95 0 16777217 88 95 336 164 0 0 0 4 164
AUD 165 2 29 -1 -1 0 16777217 84 34 336 92 0 16777216 0 0 0 0 0 0 0 4 165
AUD 166 1 29 77 -1 0 16777216 0 0 0 0 0 16777217 86 166 331 166 0 0 0 4 166
AUD 167 2 30 -1 -1 0 16777217 88 35 336 96 0 16777216 0 0 0 0 0 0 0 4 167
AUD 168 1 30 78 -1 0 16777216 0 0 0 0 0 16777217 84 168 331 168 0 0 0 4 168
AUD 169 2 31 -1 -1 0 16777217 86 36 336 99 0 16777216 0 0 0 0 0 0 0 4 169
AUD 170 1 31 79 -1 0 16777216 0 0 0 0 0 16777217 88 170 331 170 0 0 0 4 170
AUD 171 12 15 -1 1 0 16777217 88 104 331 104 0 16777217 88 104 336 171 0 0 0 4 171
AUD 172 2 9 -1 -1 0 16777217 20 163 266 163 0 16777216 0 0 0 0 0 0 0 4 172
AUD 173 1 9 80 -1 0 16777216 0 0 0 0 0 16777217 18 173 266 173 0 0 0 4 173
AUD 174 2 9 -1 -1 0 16777217 18 173 266 173 0 16777216 0 0 0 0 0 0 0 4 174
AUD 175 1 9 81 -1 0 16777216 0 0 0 0 0 16777217 16 175 266 175 0 0 0 4 175
AUD 176 12 5 -1 2 0 16777217 86 44 336 107 0 16777217 86 44 346 176 0 0 0 4 176
AUD 177 2 9 -1 -1 0 16777217 16 175 266 175 0 16777216 0 0 0 0 0 0 0 4 177
AUD 178 1 9 82 -1 0 16777216 0 0 0 0 0 16777217 88 178 331 178 0 0 0 4 178
AUD 179 12 10 -1 1 0 16777217 88 112 592 113 0 16777217 88 112 336 179 0 0 0 4 179
AUD 180 2 21 -1 -1 0 16777217 84 143 331 143 0 16777216 0 0 0 0 0 0 0 4 180
AUD 181 1 21 83 -1 0 16777216 0 0 0 0 0 16777217 18 181 266 181 0 0 0 4 181
AUD 182 12 11 -1 1 0 16777217 86 115 592 116 0 16777217 86 115 336 182 0 0 0 4 182
AUD 183 2 21 -1 -1 0 16777217 18 181 266 181 0 16777216 0 0 0 0 0 0 0 4 183
AUD 184 1 21 84 -1 0 16777216 0 0 0 0 0 16777217 16 184 266 184 0 0 0 4 184
AUD 185 12 23 -1 2 0 16777217 86 52 336 117 0 16777217 86 52 346 185 0 0 0 4 185
AUD 186 2 21 -1 -1 0 16777217 16 184 266 184 0 16777216 0 0 0 0 0 0 0 4 186
AUD 187 1 21 85 -1 0 16777216 0 0 0 0 0 16777217 88 187 331 187 0 0 0 4 187
AUD 188 2 28 -1 -1 0 16777217 84 152 331 152 0 16777216 0 0 0 0 0 0 0 4 188
AUD 189 1 28 86 -1 0 16777216 0 0 0 0 0 16777217 18 189 266 189 0 0 0 4 189
AUD 190 12 18 -1 1 0 16777217 86 125 331 125 0 16777217 86 125 336 190 0 0 0 4 190
AUD 191 2 26 -1 -1 0 16777217 88 57 336 122 0 16777216 0 0 0 0 0 0 0 4 191
AUD 192 1 26 87 -1 0 16777216 0 0 0 0 0 16777217 84 192 331 192 0 0 0 4 192
AUD 193 2 13 -1 -1 0 16777217 86 59 336 126 0 16777216 0 0 0 0 0 0 0 4 193
AUD 194 1 13 88 -1 0 16777216 0 0 0 0 0 16777217 88 194 331 194 0 0 0 4 194
AUD 195 2 16 -1 -1 0 16777217 84 61 336 129 0 16777216 0 0 0 0 0 0 0 4 195
AUD 196 1 16 89 -1 0 16777216 0 0 0 0 0 16777217 86 196 331 196 0 0 0 4 196
AUD 197 12 22 -1 1 0 16777217 86 134 331 134 0 16777217 86 134 336 197 0 0 0 4 197
AUD 198 2 28 -1 -1 0 16777217 18 189 266 189 0 16777216 0 0 0 0 0 0 0 4 198
AUD 199 1 28 90 -1 0 16777216 0 0 0 0 0 16777217 16 199 266 199 0 0 0 4 199
AUD 200 2 28 -1 -1 0 16777217 16 199 266 199 0 16777216 0 0 0 0 0 0 0 4 200
AUD 201 1 28 91 -1 0 16777216 0 0 0 0 0 16777217 20 201 266 201 0 0 0 4 201
AUD 202 12 19 -1 1 0 16777217 88 139 331 139 0 16777217 88 139 336 202 0 0 0 4 202
AUD 203 12 25 -1 2 0 16777217 84 69 336 137 0 16777217 84 69 346 203 0 0 0 4 203
AUD 204 2 28 -1 -1 0 16777217 20 201 266 201 0 16777216 0 0 0 0 0 0 0 4 204
AUD 205 1 28 92 -1 0 16777216 0 0 0 0 0 16777217 86 205 331 205 0 0 0 4 205
AUD 206 12 20 -1 1 0 16777217 86 141 331 141 0 16777217 86 141 336 206 0 0 0 4 206
AUD 207 2 26 -1 -1 0 16777217 84 192 331 192 0 16777216 0 0 0 0 0 0 0 4 207
AUD 208 1 26 93 -1 0 16777216 0 0 0 0 0 16777217 16 208 266 208 0 0 0 4 208
AUD 209 2 26 -1 -1 0 16777217 16 208 266 208 0 16777216 0 0 0 0 0 0 0 4 209
AUD 210 1 26 94 -1 0 16777216 0 0 0 0 0 16777217 20 210 266 210 0 0 0 4 210
AUD 211 12 2 -1 2 0 16777217 84 77 336 144 0 16777217 84 77 346 211 0 0 0 4 211
AUD 212 2 26 -1 -1 0 16777217 20 210 266 210 0 16777216 0 0 0 0 0 0 0 4 212
AUD 213 1 26 95 -1 0 16777216 0 0 0 0 0 16777217 86 213 331 213 0 0 0 4 213
AUD 214 2 30 -1 -1 0 16777217 84 168 331 168 0 16777216 0 0 0 0 0 0 0 4 214
AUD 215 1 30 96 -1 0 16777216 0 0 0 0 0 16777217 16 215 266 215 0 0 0 4 215
AUD 216 2 3 -1 -1 0 16777217 86 82 336 149 0 16777216 0 0 0 0 0 0 0 4 216
AUD 217 1 3 97 -1 0 16777216 0 0 0 0 0 16777217 88 217 331 217 0 0 0 4 217
AUD 218 2 6 -1 -1 0 16777217 84 84 336 153 0 16777216 0 0 0 0 0 0 0 4 218
AUD 219 1 6 98 -1 0 16777216 0 0 0 0 0 16777217 86 219 331 219 0 0 0 4 219
AUD 220 2 8 -1 -1 0 16777217 88 86 336 156 0 16777216 0 0 0 0 0 0 0 4 220
AUD 221 1 8 99 -1 0 16777216 0 0 0 0 0 16777217 84 221 331 221 0 0 0 4 221
AUD 222 2 30 -1 -1 0 16777217 16 215 266 215 0 16777216 0 0 0 0 0 0 0 4 222
AUD 223 1 30 100 -1 0 16777216 0 0 0 0 0 16777217 20 223 266 223 0 0 0 4 223
AUD 224 2 30 -1 -1 0 16777217 20 223 266 223 0 16777216 0 0 0 0 0 0 0 4 224
AUD 225 1 30 101 -1 0 16777216 0 0 0 0 0 16777217 18 225 266 225 0 0 0 4 225
AUD 226 12 29 -1 1 0 16777217 86 166 331 166 0 16777217 86 166 336 226 0 0 0 4 226
AUD 227 12 12 -1 2 0 16777217 88 95 336 164 0 16777217 88 95 346 227 0 0 0 4 227
AUD 228 2 30 -1 -1 0 16777217 18 225 266 225 0 16777216 0 0 0 0 0 0 0 4 228
AUD 229 1 30 102 -1 0 16777216 0 0 0 0 0 16777217 84 229 331 229 0 0 0 4 229
AUD 230 2 8 -1 -1 0 16777217 84 221 331 221 0 16777216 0 0 0 0 0 0 0 4 230
AUD 231 1 8 103 -1 0 16777216 0 0 0 0 0 16777217 20 231 266 231 0 0 0 4 231
AUD 232 12 31 -1 1 0 16777217 88 170 331 170 0 16777217 88 170 336 232 0 0 0 4 232
AUD 233 2 8 -1 -1 0 16777217 20 231 266 231 0 16777216 0 0 0 0 0 0 0 4 233
AUD 234 1 8 104 -1 0 16777216 0 0 0 0 0 16777217 18 234 266 234 0 0 0 4 234
AUD 235 12 15 -1 2 0 16777217 88 104 336 171 0 16777217 88 104 346 235 0 0 0 4 235
AUD 236 2 8 -1 -1 0 16777217 18 234 266 234 0 16777216 0 0 0 0 0 0 0 4 236
AUD 237 1 8 105 -1 0 16777216 0 0 0 0 0 16777217 84 237 331 237 0 0 0 4 237
AUD 238 2 8 -1 -1 0 16777217 84 237 331 237 0 16777216 0 0 0 0 0 0 0 4 238
AUD 239 1 8 106 -1 0 16777216 0 0 0 0 0 16777217 20 239 266 239 0 0 0 4 239
AUD 240 12 9 -1 1 0 16777217 88 178 331 178 0 16777217 88 178 336 240 0 0 0 4 240
AUD 241 2 8 -1 -1 0 16777217 20 239 266 239 0 16777216 0 0 0 0 0 0 0 4 241
AUD 242 1 8 107 -1 0 16777216 0 0 0 0 0 16777217 86 242 331 242 0 0 0 4 242
AUD 243 14 8 107 80 0 16777217 86 242 331 242 0 16777217 86 242 592 243 0 1 7 4 243
AUD 244 2 10 -1 -1 0 16777217 88 112 336 179 0 16777216 0 0 0 0 0 0 0 4 244
AUD 245 1 10 108 -1 0 16777216 0 0 0 0 0 16777217 84 245 331 245 0 0 0 4 245
AUD 246 14 10 108 80 0 16777217 84 245 331 245 0 16777217 84 245 592 246 0 1 7 4 246
AUD 247 2 11 -1 -1 0 16777217 86 115 336 182 0 16777216 0 0 0 0 0 0 0 4 247
AUD 248 1 11 109 -1 0 16777216 0 0 0 0 0 16777217 88 248 331 248 0 0 0 4 248
AUD 249 14 11 109 80 0 16777217 88 248 331 248 0 16777217 88 248 592 249 0 1 7 4 249
AUD 250 12 21 -1 1 0 16777217 88 187 331 187 0 16777217 88 187 336 250 0 0 0 4 250
AUD 251 2 10 -1 -1 0 16777217 84 245 592 246 0 16777216 0 0 0 0 0 0 0 4 251
AUD 252 1 10 110 -1 0 16777216 0 0 0 0 0 16777217 18 252 266 252 0 0 0 4 252
AUD 253 2 10 -1 -1 0 16777217 18 252 266 252 0 16777216 0 0 0 0 0 0 0 4 253
AUD 254 1 10 111 -1 0 16777216 0 0 0 0 0 16777217 16 254 266 254 0 0 0 4 254
AUD 255 12 18 -1 2 0 16777217 86 125 336 190 0 16777217 86 125 346 255 0 0 0 4 255
AUD 256 2 10 -1 -1 0 16777217 16 254 266 254 0 16777216 0 0 0 0 0 0 0 4 256
AUD 257 1 10 112 -1 0 16777216 0 0 0 0 0 16777217 88 257 331 257 0 0 0 4 257
AUD 258 12 13 -1 1 0 16777217 88 194 331 194 0 16777217 88 194 336 258 0 0 0 4 258
AUD 259 2 30 -1 -1 0 16777217 84 229 331 229 0 16777216 0 0 0 0 0 0 0 4 259
AUD 260 1 30 113 -1 0 16777216 0 0 0 0 0 16777217 18 260 266 260 0 0 0 4 260
AUD 261 12 16 -1 1 0 16777217 86 196 331 196 0 16777217 86 196 336 261 0 0 0 4 261
AUD 262 2 30 -1 -1 0 16777217 18 260 266 260 0 16777216 0 0 0 0 0 0 0 4 262
AUD 263 1 30 114 -1 0 16777216 0 0 0 0 0 16777217 16 263 266 263 0 0 0 4 263
AUD 264 12 22 -1 2 0 16777217 86 134 336 197 0 16777217 86 134 346 264 0 0 0 4 264
AUD 265 2 30 -1 -1 0 16777217 16 263 266 263 0 16777216 0 0 0 0 0 0 0 4 265
AUD 266 1 30 115 -1 0 16777216 0 0 0 0 0 16777217 88 266 331 266 0 0 0 4 266
AUD 267 2 6 -1 -1 0 16777217 86 219 331 219 0 16777216 0 0 0 0 0 0 0 4 267
AUD 268 1 6 116 -1 0 16777216 0 0 0 0 0 16777217 18 268 266 268 0 0 0 4 268
AUD 269 12 28 -1 1 0 16777217 86 205 331 205 0 16777217 86 205 336 269 0 0 0 4 269
AUD 270 2 19 -1 -1 0 16777217 88 139 336 202 0 16777216 0 0 0 0 0 0 0 4 270
AUD 271 1 19 117 -1 0 16777216 0 0 0 0 0 16777217 84 271 331 271 0 0 0 4 271
AUD 272 2 20 -1 -1 0 16777217 86 141 336 206 0 16777216 0 0 0 0 0 0 0 4 272
AUD 273 1 20 118 -1 0 16777216 0 0 0 0 0 16777217 88 273 331 273 0 0 0 4 273
AUD 274 2 6 -1 -1 0 16777217 18 268 266 268 0 16777216 0 0 0 0 0 0 0 4 274
AUD 275 1 6 119 -1 0 16777216 0 0 0 0 0 16777217 86 275 331 275 0 0 0 4 275
AUD 276 12 26 -1 1 0 16777217 86 213 331 213 0 16777217 86 213 336 276 0 0 0 4 276
AUD 277 2 19 -1 -1 0 16777217 84 271 331 271 0 16777216 0 0 0 0 0 0 0 4 277
AUD 278 1 19 120 -1 0 16777216 0 0 0 0 0 16777217 16 278 266 278 0 0 0 4 278
AUD 279 2 19 -1 -1 0 16777217 16 278 266 278 0 16777216 0 0 0 0 0 0 0 4 279
AUD 280 1 19 121 -1 0 16777216 0 0 0 0 0 16777217 20 280 266 280 0 0 0 4 280
AUD 281 12 3 -1 1 0 16777217 88 217 331 217 0 16777217 88 217 336 281 0 0 0 4 281
AUD 282 2 19 -1 -1 0 16777217 20 280 266 280 0 16777216 0 0 0 0 0 0 0 4 282
AUD 283 1 19 122 -1 0 16777216 0 0 0 0 0 16777217 86 283 331 283 0 0 0 4 283
AUD 284 2 6 -1 -1 0 16777217 86 275 331 275 0 16777216 0 0 0 0 0 0 0 4 284
AUD 285 1 6 123 -1 0 16777216 0 0 0 0 0 16777217 16 285 266 285 0 0 0 4 285
AUD 286 2 6 -1 -1 0 16777217 16 285 266 285 0 16777216 0 0 0 0 0 0 0 4 286
AUD 287 1 6 124 -1 0 16777216 0 0 0 0 0 16777217 20 287 266 287 0 0 0 4 287
AUD 288 2 6 -1 -1 0 16777217 20 287 266 287 0 16777216 0 0 0 0 0 0 0 4 288
AUD 289 1 6 125 -1 0 16777216 0 0 0 0 0 16777217 86 289 331 289 0 0 0 4 289
AUD 290 2 6 -1 -1 0 16777217 86 289 331 289 0 16777216 0 0 0 0 0 0 0 4 290
AUD 291 1 6 126 -1 0 16777216 0 0 0 0 0 16777217 16 291 266 291 0 0 0 4 291
AUD 292 2 29 -1 -1 0 16777217 86 166 336 226 0 16777216 0 0 0 0 0 0 0 4 292
AUD 293 1 29 127 -1 0 16777216 0 0 0 0 0 16777217 88 293 331 293 0 0 0 4 293
AUD 294 2 6 -1 -1 0 16777217 16 291 266 291 0 16777216 0 0 0 0 0 0 0 4 294
AUD 295 1 6 128 -1 0 16777216 0 0 0 0 0 16777217 86 295 331 295 0 0 0 4 295
AUD 296 2 31 -1 -1 0 16777217 88 170 336 232 0 16777216 0 0 0 0 0 0 0 4 296
AUD 297 1 31 129 -1 0 16777216 0 0 0 0 0 16777217 84 297 331 297 0 0 0 4 297
AUD 298 2 31 -1 -1 0 16777217 84 297 331 297 0 16777216 0 0 0 0 0 0 0 4 298
AUD 299 1 31 130 -1 0 16777216 0 0 0 0 0 16777217 20 299 266 299 0 0 0 4 299
AUD 300 2 31 -1 -1 0 16777217 20 299 266 299 0 16777216 0 0 0 0 0 0 0 4 300
AUD 301 1 31 131 -1 0 16777216 0 0 0 0 0 16777217 18 301 266 301 0 0 0 4 301
AUD 302 12 8 -1 1 0 16777217 86 242 592 243 0 16777217 86 242 336 302 0 0 0 4 302
AUD 303 12 9 -1 2 0 16777217 88 178 336 240 0 16777217 88 178 346 303 0 0 0 4 303
AUD 304 2 31 -1 -1 0 16777217 18 301 266 301 0 16777216 0 0 0 0 0 0 0 4 304
AUD 305 1 31 132 -1 0 16777216 0 0 0 0 0 16777217 84 305 331 305 0 0 0 4 305
AUD 306 2 31 -1 -1 0 16777217 84 305 331 305 0 16777216 0 0 0 0 0 0 0 4 306
AUD 307 1 31 133 -1 0 16777216 0 0 0 0 0 16777217 20 307 266 307 0 0 0 4 307
AUD 308 12 11 -1 1 0 16777217 88 248 592 249 0 16777217 88 248 336 308 0 0 0 4 308
AUD 309 2 31 -1 -1 0 16777217 20 307 266 307 0 16777216 0 0 0 0 0 0 0 4 309
AUD 310 1 31 134 -1 0 16777216 0 0 0 0 0 16777217 18 310 266 310 0 0 0 4 310
AUD 311 12 21 -1 2 0 16777217 88 187 336 250 0 16777217 88 187 346 311 0 0 0 4 311
AUD 312 2 31 -1 -1 0 16777217 18 310 266 310 0 16777216 0 0 0 0 0 0 0 4 312
AUD 313 1 31 135 -1 0 16777216 0 0 0 0 0 16777217 84 313 331 313 0 0 0 4 313
AUD 314 2 31 -1 -1 0 16777217 84 313 331 313 0 16777216 0 0 0 0 0 0 0 4 314
AUD 315 1 31 136 -1 0 16777216 0 0 0 0 0 16777217 20 315 266 315 0 0 0 4 315
AUD 316 12 10 -1 1 0 16777217 88 257 331 257 0 16777217 88 257 336 316 0 0 0 4 316
AUD 317 2 31 -1 -1 0 16777217 20 315 266 315 0 16777216 0 0 0 0 0 0 0 4 317
AUD 318 1 31 137 -1 0 16777216 0 0 0 0 0 16777217 86 318 331 318 0 0 0 4 318
AUD 319 2 13 -1 -1 0 16777217 88 194 336 258 0 16777216 0 0 0 0 0 0 0 4 319
AUD 320 1 13 138 -1 0 16777216 0 0 0 0 0 16777217 84 320 331 320 0 0 0 4 320
AUD 321 2 16 -1 -1 0 16777217 86 196 336 261 0 16777216 0 0 0 0 0 0 0 4 321
AUD 322 1 16 139 -1 0 16777216 0 0 0 0 0 16777217 88 322 331 322 0 0 0 4 322
AUD 323 12 30 -1 1 0 16777217 88 266 331 266 0 16777217 88 266 336 323 0 0 0 4 323
AUD 324 2 13 -1 -1 0 16777217 84 320 331 320 0 16777216 0 0 0 0 0 0 0 4 324
AUD 325 1 13 140 -1 0 16777216 0 0 0 0 0 16777217 18 325 266 325 0 0 0 4 325
AUD 326 2 13 -1 -1 0 16777217 18 325 266 325 0 16777216 0 0 0 0 0 0 0 4 326
AUD 327 1 13 141 -1 0 16777216 0 0 0 0 0 16777217 16 327 266 327 0 0 0 4 327
AUD 328 12 28 -1 2 0 16777217 86 205 336 269 0 16777217 86 205 346 328 0 0 0 4 328
AUD 329 2 13 -1 -1 0 16777217 16 327 266 327 0 16777216 0 0 0 0 0 0 0 4 329
AUD 330 1 13 142 -1 0 16777216 0 0 0 0 0 16777217 88 330 331 330 0 0 0 4 330
AUD 331 12 20 -1 1 0 16777217 88 273 331 273 0 16777217 88 273 336 331 0 0 0 4 331
AUD 332 2 6 -1 -1 0 16777217 86 295 331 295 0 16777216 0 0 0 0 0 0 0 4 332
AUD 333 1 6 143 -1 0 16777216 0 0 0 0 0 16777217 18 333 266 333 0 0 0 4 333
AUD 334 2 6 -1 -1 0 16777217 18 333 266 333 0 16777216 0 0 0 0 0 0 0 4 334
AUD 335 1 6 144 -1 0 16777216 0 0 0 0 0 16777217 16 335 266 335 0 0 0 4 335
AUD 336 12 26 -1 2 0 16777217 86 213 336 276 0 16777217 86 213 346 336 0 0 0 4 336
AUD 337 2 6 -1 -1 0 16777217 16 335 266 335 0 16777216 0 0 0 0 0 0 0 4 337
AUD 338 1 6 145 -1 0 16777216 0 0 0 0 0 16777217 88 338 331 338 0 0 0 4 338
AUD 339 2 19 -1 -1 0 16777217 86 283 331 283 0 16777216 0 0 0 0 0 0 0 4 339
AUD 340 1 19 146 -1 0 16777216 0 0 0 0 0 16777217 18 340 266 340 0 0 0 4 340
AUD 341 2 3 -1 -1 0 16777217 88 217 336 281 0 16777216 0 0 0 0 0 0 0 4 341
AUD 342 1 3 147 -1 0 16777216 0 0 0 0 0 16777217 84 342 331 342 0 0 0 4 342
AUD 343 2 19 -1 -1 0 16777217 18 340 266 340 0 16777216 0 0 0 0 0 0 0 4 343
AUD 344 1 19 148 -1 0 16777216 0 0 0 0 0 16777217 88 344 331 344 0 0 0 4 344
AUD 345 2 3 -1 -1 0 16777217 84 342 331 342 0 16777216 0 0 0 0 0 0 0 4 345
AUD 346 1 3 149 -1 0 16777216 0 0 0 0 0 16777217 86 346 331 346 0 0 0 4 346
AUD 347 2 3 -1 -1 0 16777217 86 346 331 346 0 16777216 0 0 0 0 0 0 0 4 347
AUD 348 1 3 150 -1 0 16777216 0 0 0 0 0 16777217 16 348 266 348 0 0 0 4 348
AUD 349 2 3 -1 -1 0 16777217 16 348 266 348 0 16777216 0 0 0 0 0 0 0 4 349
AUD 350 1 3 151 -1 0 16777216 0 0 0 0 0 16777217 20 350 266 350 0 0 0 4 350
AUD 351 12 29 -1 1 0 16777217 88 293 331 293 0 16777217 88 293 336 351 0 0 0 4 351
AUD 352 2 3 -1 -1 0 16777217 20 350 266 350 0 16777216 0 0 0 0 0 0 0 4 352
AUD 353 1 3 152 -1 0 16777216 0 0 0 0 0 16777217 86 353 331 353 0 0 0 4 353
AUD 354 2 3 -1 -1 0 16777217 86 353 331 353 0 16777216 0 0 0 0 0 0 0 4 354
AUD 355 1 3 153 -1 0 16777216 0 0 0 0 0 16777217 16 355 266 355 0 0 0 4 355
AUD 356 2 3 -1 -1 0 16777217 16 355 266 355 0 16777216 0 0 0 0 0 0 0 4 356
AUD 357 1 3 154 -1 0 16777216 0 0 0 0 0 16777217 20 357 266 357 0 0 0 4 357
AUD 358 2 3 -1 -1 0 16777217 20 357 266 357 0 16777216 0 0 0 0 0 0 0 4 358
AUD 359 1 3 155 -1 0 16777216 0 0 0 0 0 16777217 86 359 331 359 0 0 0 4 359
AUD 360 2 3 -1 -1 0 16777217 86 359 331 359 0 16777216 0 0 0 0 0 0 0 4 360
AUD 361 1 3 156 -1 0 16777216 0 0 0 0 0 16777217 16 361 266 361 0 0 0 4 361
AUD 362 2 8 -1 -1 0 16777217 86 242 336 302 0 16777216 0 0 0 0 0 0 0 4 362
AUD 363 1 8 157 -1 0 16777216 0 0 0 0 0 16777217 88 363 331 363 0 0 0 4 363
AUD 364 14 8 157 80 0 16777217 88 363 331 363 0 16777217 88 363 592 364 0 1 7 4 364
AUD 365 2 3 -1 -1 0 16777217 16 361 266 361 0 16777216 0 0 0 0 0 0 0 4 365
AUD 366 1 3 158 -1 0 16777216 0 0 0 0 0 16777217 86 366 331 366 0 0 0 4 366
AUD 367 14 3 158 80 0 16777217 86 366 331 366 0 16777217 86 366 592 367 0 1 7 4 367
AUD 368 2 11 -1 -1 0 16777217 88 248 336 308 0 16777216 0 0 0 0 0 0 0 4 368
AUD 369 1 11 159 -1 0 16777216 0 0 0 0 0 16777217 84 369 331 369 0 0 0 4 369
AUD 370 14 11 159 80 0 16777217 84 369 331 369 0 16777217 84 369 592 370 0 1 7 4 370
AUD 371 2 11 -1 -1 0 16777217 84 369 592 370 0 16777216 0 0 0 0 0 0 0 4 371
AUD 372 1 11 160 -1 0 16777216 0 0 0 0 0 16777217 20 372 266 372 0 0 0 4 372
AUD 373 2 11 -1 -1 0 16777217 20 372 266 372 0 16777216 0 0 0 0 0 0 0 4 373
AUD 374 1 11 161 -1 0 16777216 0 0 0 0 0 16777217 18 374 266 374 0 0 0 4 374
AUD 375 12 31 -1 1 0 16777217 86 318 331 318 0 16777217 86 318 336 375 0 0 0 4 375
AUD 376 12 10 -1 2 0 16777217 88 257 336 316 0 16777217 88 257 346 376 0 0 0 4 376
AUD 377 2 11 -1 -1 0 16777217 18 374 266 374 0 16777216 0 0 0 0 0 0 0 4 377
AUD 378 1 11 162 -1 0 16777216 0 0 0 0 0 16777217 84 378 331 378 0 0 0 4 378
AUD 379 2 11 -1 -1 0 16777217 84 378 331 378 0 16777216 0 0 0 0 0 0 0 4 379
AUD 380 1 11 163 -1 0 16777216 0 0 0 0 0 16777217 20 380 266 380 0 0 0 4 380
AUD 381 12 16 -1 1 0 16777217 88 322 331 322 0 16777217 88 322 336 381 0 0 0 4 381
AUD 382 2 11 -1 -1 0 16777217 20 380 266 380 0 16777216 0 0 0 0 0 0 0 4 382
AUD 383 1 11 164 -1 0 16777216 0 0 0 0 0 16777217 18 383 266 383 0 0 0 4 383
AUD 384 12 30 -1 2 0 16777217 88 266 336 323 0 16777217 88 266 346 384 0 0 0 4 384
AUD 385 2 11 -1 -1 0 16777217 18 383 266 383 0 16777216 0 0 0 0 0 0 0 4 385
AUD 386 1 11 165 -1 0 16777216 0 0 0 0 0 16777217 84 386 331 386 0 0 0 4 386
AUD 387 2 11 -1 -1 0 16777217 84 386 331 386 0 16777216 0 0 0 0 0 0 0 4 387
AUD 388 1 11 166 -1 0 16777216 0 0 0 0 0 16777217 20 388 266 388 0 0 0 4 388
AUD 389 12 13 -1 1 0 16777217 88 330 331 330 0 16777217 88 330 336 389 0 0 0 4 389
AUD 390 2 11 -1 -1 0 16777217 20 388 266 388 0 16777216 0 0 0 0 0 0 0 4 390
AUD 391 1 11 167 -1 0 16777216 0 0 0 0 0 16777217 86 391 331 391 0 0 0 4 391
AUD 392 2 20 -1 -1 0 16777217 88 273 336 331 0 16777216 0 0 0 0 0 0 0 4 392
AUD 393 1 20 168 -1 0 16777216 0 0 0 0 0 16777217 84 393 331 393 0 0 0 4 393
AUD 394 2 20 -1 -1 0 16777217 84 393 331 393 0 16777216 0 0 0 0 0 0 0 4 394
AUD 395 1 20 169 -1 0 16777216 0 0 0 0 0 16777217 88 395 331 395 0 0 0 4 395
AUD 396 12 6 -1 1 0 16777217 88 338 331 338 0 16777217 88 338 336 396 0 0 0 4 396
AUD 397 2 3 -1 -1 0 16777217 86 366 592 367 0 16777216 0 0 0 0 0 0 0 4 397
AUD 398 1 3 170 -1 0 16777216 0 0 0 0 0 16777217 18 398 266 398 0 0 0 4 398
AUD 399 2 3 -1 -1 0 16777217 18 398 266 398 0 16777216 0 0 0 0 0 0 0 4 399
AUD 400 1 3 171 -1 0 16777216 0 0 0 0 0 16777217 16 400 266 400 0 0 0 4 400
AUD 401 2 3 -1 -1 0 16777217 16 400 266 400 0 16777216 0 0 0 0 0 0 0 4 401
AUD 402 1 3 172 -1 0 16777216 0 0 0 0 0 16777217 88 402 331 402 0 0 0 4 402
AUD 403 12 19 -1 1 0 16777217 88 344 331 344 0 16777217 88 344 336 403 0 0 0 4 403
AUD 404 2 11 -1 -1 0 16777217 86 391 331 391 0 16777216 0 0 0 0 0 0 0 4 404
AUD 405 1 11 173 -1 0 16777216 0 0 0 0 0 16777217 18 405 266 405 0 0 0 4 405
AUD 406 2 11 -1 -1 0 16777217 18 405 266 405 0 16777216 0 0 0 0 0 0 0 4 406
AUD 407 1 11 174 -1 0 16777216 0 0 0 0 0 16777217 16 407 266 407 0 0 0 4 407
AUD 408 2 11 -1 -1 0 16777217 16 407 266 407 0 16777216 0 0 0 0 0 0 0 4 408
AUD 409 1 11 175 -1 0 16777216 0 0 0 0 0 16777217 88 409 331 409 0 0 0 4 409
AUD 410 2 3 -1 -1 0 16777217 88 402 331 402 0 16777216 0 0 0 0 0 0 0 4 410
AUD 411 1 3 176 -1 0 16777216 0 0 0 0 0 16777217 18 411 266 411 0 0 0 4 411
AUD 412 2 29 -1 -1 0 16777217 88 293 336 351 0 16777216 0 0 0 0 0 0 0 4 412
AUD 413 1 29 177 -1 0 16777216 0 0 0 0 0 16777217 84 413 331 413 0 0 0 4 413
AUD 414 2 3 -1 -1 0 16777217 18 411 266 411 0 16777216 0 0 0 0 0 0 0 4 414
AUD 415 1 3 178 -1 0 16777216 0 0 0 0 0 16777217 88 415 331 415 0 0 0 4 415
AUD 416 2 29 -1 -1 0 16777217 84 413 331 413 0 16777216 0 0 0 0 0 0 0 4 416
AUD 417 1 29 179 -1 0 16777216 0 0 0 0 0 16777217 86 417 331 417 0 0 0 4 417
AUD 418 2 29 -1 -1 0 16777217 86 417 331 417 0 16777216 0 0 0 0 0 0 0 4 418
AUD 419 1 29 180 -1 0 16777216 0 0 0 0 0 16777217 16 419 266 419 0 0 0 4 419
AUD 420 2 29 -1 -1 0 16777217 16 419 266 419 0 16777216 0 0 0 0 0 0 0 4 420
AUD 421 1 29 181 -1 0 16777216 0 0 0 0 0 16777217 20 421 266 421 0 0 0 4 421
AUD 422 12 8 -1 1 0 16777217 88 363 592 364 0 16777217 88 363 336 422 0 0 0 4 422
AUD 423 2 29 -1 -1 0 16777217 20 421 266 421 0 16777216 0 0 0 0 0 0 0 4 423
AUD 424 1 29 182 -1 0 16777216 0 0 0 0 0 16777217 86 424 331 424 0 0 0 4 424
AUD 425 2 29 -1 -1 0 16777217 86 424 331 424 0 16777216 0 0 0 0 0 0 0 4 425
AUD 426 1 29 183 -1 0 16777216 0 0 0 0 0 16777217 16 426 266 426 0 0 0 4 426
AUD 427 2 29 -1 -1 0 16777217 16 426 266 426 0 16777216 0 0 0 0 0 0 0 4 427
AUD 428 1 29 184 -1 0 16777216 0 0 0 0 0 16777217 20 428 266 428 0 0 0 4 428
AUD 429 2 29 -1 -1 0 16777217 20 428 266 428 0 16777216 0 0 0 0 0 0 0 4 429
AUD 430 1 29 185 -1 0 16777216 0 0 0 0 0 16777217 86 430 331 430 0 0 0 4 430
AUD 431 2 29 -1 -1 0 16777217 86 430 331 430 0 16777216 0 0 0 0 0 0 0 4 431
AUD 432 1 29 186 -1 0 16777216 0 0 0 0 0 16777217 16 432 266 432 0 0 0 4 432
AUD 433 2 31 -1 -1 0 16777217 86 318 336 375 0 16777216 0 0 0 0 0 0 0 4 433
AUD 434 1 31 187 -1 0 16777216 0 0 0 0 0 16777217 88 434 331 434 0 0 0 4 434
AUD 435 2 29 -1 -1 0 16777217 16 432 266 432 0 16777216 0 0 0 0 0 0 0 4 435
AUD 436 1 29 188 -1 0 16777216 0 0 0 0 0 16777217 86 436 331 436 0 0 0 4 436
AUD 437 2 16 -1 -1 0 16777217 88 322 336 381 0 16777216 0 0 0 0 0 0 0 4 437
AUD 438 1 16 189 -1 0 16777216 0 0 0 0 0 16777217 84 438 331 438 0 0 0 4 438
AUD 439 2 16 -1 -1 0 16777217 84 438 331 438 0 16777216 0 0 0 0 0 0 0 4 439
AUD 440 1 16 190 -1 0 16777216 0 0 0 0 0 16777217 20 440 266 440 0 0 0 4 440
AUD 441 2 16 -1 -1 0 16777217 20 440 266 440 0 16777216 0 0 0 0 0 0 0 4 441
AUD 442 1 16 191 -1 0 16777216 0 0 0 0 0 16777217 18 442 266 442 0 0 0 4 442
AUD 443 12 13 -1 2 0 16777217 88 330 336 389 0 16777217 88 330 346 443 0 0 0 4 443
AUD 444 2 16 -1 -1 0 16777217 18 442 266 442 0 16777216 0 0 0 0 0 0 0 4 444
AUD 445 1 16 192 -1 0 16777216 0 0 0 0 0 16777217 84 445 331 445 0 0 0 4 445
AUD 446 2 16 -1 -1 0 16777217 84 445 331 445 0 16777216 0 0 0 0 0 0 0 4 446
AUD 447 1 16 193 -1 0 16777216 0 0 0 0 0 16777217 20 447 266 447 0 0 0 4 447
AUD 448 12 20 -1 1 0 16777217 88 395 331 395 0 16777217 88 395 336 448 0 0 0 4 448
AUD 449 2 16 -1 -1 0 16777217 20 447 266 447 0 16777216 0 0 0 0 0 0 0 4 449
AUD 450 1 16 194 -1 0 16777216 0 0 0 0 0 16777217 18 450 266 450 0 0 0 4 450
AUD 451 12 6 -1 2 0 16777217 88 338 336 396 0 16777217 88 338 346 451 0 0 0 4 451
AUD 452 2 16 -1 -1 0 16777217 18 450 266 450 0 16777216 0 0 0 0 0 0 0 4 452
AUD 453 1 16 195 -1 0 16777216 0 0 0 0 0 16777217 84 453 331 453 0 0 0 4 453
AUD 454 2 16 -1 -1 0 16777217 84 453 331 453 0 16777216 0 0 0 0 0 0 0 4 454
AUD 455 1 16 196 -1 0 16777216 0 0 0 0 0 16777217 20 455 266 455 0 0 0 4 455
AUD 456 2 16 -1 -1 0 16777217 20 455 266 455 0 16777216 0 0 0 0 0 0 0 4 456
AUD 457 1 16 197 -1 0 16777216 0 0 0 0 0 16777217 86 457 331 457 0 0 0 4 457
AUD 458 2 19 -1 -1 0 16777217 88 344 336 403 0 16777216 0 0 0 0 0 0 0 4 458
AUD 459 1 19 198 -1 0 16777216 0 0 0 0 0 16777217 84 459 331 459 0 0 0 4 459
AUD 460 2 19 -1 -1 0 16777217 84 459 331 459 0 16777216 0 0 0 0 0 0 0 4 460
AUD 461 1 19 199 -1 0 16777216 0 0 0 0 0 16777217 88 461 331 461 0 0 0 4 461
AUD 462 12 11 -1 1 0 16777217 88 409 331 409 0 16777217 88 409 336 462 0 0 0 4 462
AUD 463 2 16 -1 -1 0 16777217 86 457 331 457 0 16777216 0 0 0 0 0 0 0 4 463
AUD 464 1 16 200 -1 0 16777216 0 0 0 0 0 16777217 18 464 266 464 0 0 0 4 464
AUD 465 2 16 -1 -1 0 16777217 18 464 266 464 0 16777216 0 0 0 0 0 0 0 4 465
AUD 466 1 16 201 -1 0 16777216 0 0 0 0 0 16777217 16 466 266 466 0 0 0 4 466
AUD 467 2 16 -1 -1 0 16777217 16 466 266 466 0 16777216 0 0 0 0 0 0 0 4 467
AUD 468 1 16 202 -1 0 16777216 0 0 0 0 0 16777217 88 468 331 468 0 0 0 4 468
AUD 469 12 3 -1 1 0 16777217 88 415 331 415 0 16777217 88 415 336 469 0 0 0 4 469
AUD 470 2 29 -1 -1 0 16777217 86 436 331 436 0 16777216 0 0 0 0 0 0 0 4 470
AUD 471 1 29 203 -1 0 16777216 0 0 0 0 0 16777217 18 471 266 471 0 0 0 4 471
AUD 472 2 29 -1 -1 0 16777217 18 471 266 471 0 16777216 0 0 0 0 0 0 0 4 472
AUD 473 1 29 204 -1 0 16777216 0 0 0 0 0 16777217 16 473 266 473 0 0 0 4 473
AUD 474 2 29 -1 -1 0 16777217 16 473 266 473 0 16777216 0 0 0 0 0 0 0 4 474
AUD 475 1 29 205 -1 0 16777216 0 0 0 0 0 16777217 88 475 331 475 0 0 0 4 475
AUD 476 2 16 -1 -1 0 16777217 88 468 331 468 0 16777216 0 0 0 0 0 0 0 4 476
AUD 477 1 16 206 -1 0 16777216 0 0 0 0 0 16777217 18 477 266 477 0 0 0 4 477
AUD 478 2 8 -1 -1 0 16777217 88 363 336 422 0 16777216 0 0 0 0 0 0 0 4 478
AUD 479 1 8 207 -1 0 16777216 0 0 0 0 0 16777217 84 479 331 479 0 0 0 4 479
AUD 480 14 8 207 80 0 16777217 84 479 331 479 0 16777217 84 479 592 480 0 1 7 4 480
AUD 481 2 16 -1 -1 0 16777217 18 477 266 477 0 16777216 0 0 0 0 0 0 0 4 481
AUD 482 1 16 208 -1 0 16777216 0 0 0 0 0 16777217 88 482 331 482 0 0 0 4 482
AUD 483 14 16 208 80 0 16777217 88 482 331 482 0 16777217 88 482 592 483 0 1 7 4 483
AUD 484 2 8 -1 -1 0 16777217 84 479 592 480 0 16777216 0 0 0 0 0 0 0 4 484
AUD 485 1 8 209 -1 0 16777216 0 0 0 0 0 16777217 86 485 331 485 0 0 0 4 485
AUD 486 14 8 209 80 0 16777217 86 485 331 485 0 16777217 86 485 592 486 0 1 7 4 486
AUD 487 2 8 -1 -1 0 16777217 86 485 592 486 0 16777216 0 0 0 0 0 0 0 4 487
AUD 488 1 8 210 -1 0 16777216 0 0 0 0 0 16777217 16 488 266 488 0 0 0 4 488
AUD 489 2 8 -1 -1 0 16777217 16 488 266 488 0 16777216 0 0 0 0 0 0 0 4 489
AUD 490 1 8 211 -1 0 16777216 0 0 0 0 0 16777217 20 490 266 490 0 0 0 4 490
AUD 491 12 31 -1 1 0 16777217 88 434 331 434 0 16777217 88 434 336 491 0 0 0 4 491
AUD 492 2 8 -1 -1 0 16777217 20 490 266 490 0 16777216 0 0 0 0 0 0 0 4 492
AUD 493 1 8 212 -1 0 16777216 0 0 0 0 0 16777217 86 493 331 493 0 0 0 4 493
AUD 494 2 8 -1 -1 0 16777217 86 493 331 493 0 16777216 0 0 0 0 0 0 0 4 494
AUD 495 1 8 213 -1 0 16777216 0 0 0 0 0 16777217 16 495 266 495 0 0 0 4 495
AUD 496 2 8 -1 -1 0 16777217 16 495 266 495 0 16777216 0 0 0 0 0 0 0 4 496
AUD 497 1 8 214 -1 0 16777216 0 0 0 0 0 16777217 20 497 266 497 0 0 0 4 497
AUD 498 2 8 -1 -1 0 16777217 20 497 266 497 0 16777216 0 0 0 0 0 0 0 4 498
AUD 499 1 8 215 -1 0 16777216 0 0 0 0 0 16777217 86 499 331 499 0 0 0 4 499
AUD 500 2 8 -1 -1 0 16777217 86 499 331 499 0 16777216 0 0 0 0 0 0 0 4 500
AUD 501 1 8 216 -1 0 16777216 0 0 0 0 0 16777217 16 501 266 501 0 0 0 4 501
AUD 502 2 8 -1 -1 0 16777217 16 501 266 501 0 16777216 0 0 0 0 0 0 0 4 502
AUD 503 1 8 217 -1 0 16777216 0 0 0 0 0 16777217 88 503 331 503 0 0 0 4 503
AUD 504 2 8 -1 -1 0 16777217 88 503 331 503 0 16777216 0 0 0 0 0 0 0 4 504
AUD 505 1 8 218 -1 0 16777216 0 0 0 0 0 16777217 86 505 331 505 0 0 0 4 505
AUD 506 2 20 -1 -1 0 16777217 88 395 336 448 0 16777216 0 0 0 0 0 0 0 4 506
AUD 507 1 20 219 -1 0 16777216 0 0 0 0 0 16777217 84 507 331 507 0 0 0 4 507
AUD 508 2 20 -1 -1 0 16777217 84 507 331 507 0 16777216 0 0 0 0 0 0 0 4 508
AUD 509 1 20 220 -1 0 16777216 0 0 0 0 0 16777217 20 509 266 509 0 0 0 4 509
AUD 510 2 20 -1 -1 0 16777217 20 509 266 509 0 16777216 0 0 0 0 0 0 0 4 510
AUD 511 1 20 221 -1 0 16777216 0 0 0 0 0 16777217 18 511 266 511 0 0 0 4 511
AUD 512 2 20 -1 -1 0 16777217 18 511 266 511 0 16777216 0 0 0 0 0 0 0 4 512
AUD 513 1 20 222 -1 0 16777216 0 0 0 0 0 16777217 84 513 331 513 0 0 0 4 513
AUD 514 2 20 -1 -1 0 16777217 84 513 331 513 0 16777216 0 0 0 0 0 0 0 4 514
AUD 515 1 20 223 -1 0 16777216 0 0 0 0 0 16777217 20 515 266 515 0 0 0 4 515
AUD 516 12 19 -1 1 0 16777217 88 461 331 461 0 16777217 88 461 336 516 0 0 0 4 516
AUD 517 2 20 -1 -1 0 16777217 20 515 266 515 0 16777216 0 0 0 0 0 0 0 4 517
AUD 518 1 20 224 -1 0 16777216 0 0 0 0 0 16777217 18 518 266 518 0 0 0 4 518
AUD 519 12 11 -1 2 0 16777217 88 409 336 462 0 16777217 88 409 346 519 0 0 0 4 519
AUD 520 2 20 -1 -1 0 16777217 18 518 266 518 0 16777216 0 0 0 0 0 0 0 4 520
AUD 521 1 20 225 -1 0 16777216 0 0 0 0 0 16777217 84 521 331 521 0 0 0 4 521
AUD 522 2 20 -1 -1 0 16777217 84 521 331 521 0 16777216 0 0 0 0 0 0 0 4 522
AUD 523 1 20 226 -1 0 16777216 0 0 0 0 0 16777217 20 523 266 523 0 0 0 4 523
AUD 524 2 20 -1 -1 0 16777217 20 523 266 523 0 16777216 0 0 0 0 0 0 0 4 524
AUD 525 1 20 227 -1 0 16777216 0 0 0 0 0 16777217 86 525 331 525 0 0 0 4 525
AUD 526 2 3 -1 -1 0 16777217 88 415 336 469 0 16777216 0 0 0 0 0 0 0 4 526
AUD 527 1 3 228 -1 0 16777216 0 0 0 0 0 16777217 84 527 331 527 0 0 0 4 527
AUD 528 2 3 -1 -1 0 16777217 84 527 331 527 0 16777216 0 0 0 0 0 0 0 4 528
AUD 529 1 3 229 -1 0 16777216 0 0 0 0 0 16777217 88 529 331 529 0 0 0 4 529
AUD 530 12 29 -1 1 0 16777217 88 475 331 475 0 16777217 88 475 336 530 0 0 0 4 530
AUD 531 2 8 -1 -1 0 16777217 86 505 331 505 0 16777216 0 0 0 0 0 0 0 4 531
AUD 532 1 8 230 -1 0 16777216 0 0 0 0 0 16777217 18 532 266 532 0 0 0 4 532
AUD 533 2 8 -1 -1 0 16777217 18 532 266 532 0 16777216 0 0 0 0 0 0 0 4 533
AUD 534 1 8 231 -1 0 16777216 0 0 0 0 0 16777217 16 534 266 534 0 0 0 4 534
AUD 535 2 8 -1 -1 0 16777217 16 534 266 534 0 16777216 0 0 0 0 0 0 0 4 535
AUD 536 1 8 232 -1 0 16777216 0 0 0 0 0 16777217 88 536 331 536 0 0 0 4 536
AUD 537 12 16 -1 1 0 16777217 88 482 592 483 0 16777217 88 482 336 537 0 0 0 4 537
AUD 538 2 20 -1 -1 0 16777217 86 525 331 525 0 16777216 0 0 0 0 0 0 0 4 538
AUD 539 1 20 233 -1 0 16777216 0 0 0 0 0 16777217 18 539 266 539 0 0 0 4 539
AUD 540 2 20 -1 -1 0 16777217 18 539 266 539 0 16777216 0 0 0 0 0 0 0 4 540
AUD 541 1 20 234 -1 0 16777216 0 0 0 0 0 16777217 16 541 266 541 0 0 0 4 541
AUD 542 2 20 -1 -1 0 16777217 16 541 266 541 0 16777216 0 0 0 0 0 0 0 4 542
AUD 543 1 20 235 -1 0 16777216 0 0 0 0 0 16777217 88 543 331 543 0 0 0 4 543
AUD 544 2 3 -1 -1 0 16777217 88 529 331 529 0 16777216 0 0 0 0 0 0 0 4 544
AUD 545 1 3 236 -1 0 16777216 0 0 0 0 0 16777217 18 545 266 545 0 0 0 4 545
AUD 546 2 31 -1 -1 0 16777217 88 434 336 491 0 16777216 0 0 0 0 0 0 0 4 546
AUD 547 1 31 237 -1 0 16777216 0 0 0 0 0 16777217 84 547 331 547 0 0 0 4 547
AUD 548 2 3 -1 -1 0 16777217 18 545 266 545 0 16777216 0 0 0 0 0 0 0 4 548
AUD 549 1 3 238 -1 0 16777216 0 0 0 0 0 16777217 88 549 331 549 0 0 0 4 549
AUD 550 2 31 -1 -1 0 16777217 84 547 331 547 0 16777216 0 0 0 0 0 0 0 4 550
AUD 551 1 31 239 -1 0 16777216 0 0 0 0 0 16777217 86 551 331 551 0 0 0 4 551
AUD 552 2 31 -1 -1 0 16777217 86 551 331 551 0 16777216 0 0 0 0 0 0 0 4 552
AUD 553 1 31 240 -1 0 16777216 0 0 0 0 0 16777217 16 553 266 553 0 0 0 4 553
AUD 554 2 31 -1 -1 0 16777217 16 553 266 553 0 16777216 0 0 0 0 0 0 0 4 554
AUD 555 1 31 241 -1 0 16777216 0 0 0 0 0 16777217 20 555 266 555 0 0 0 4 555
AUD 556 2 31 -1 -1 0 16777217 20 555 266 555 0 16777216 0 0 0 0 0 0 0 4 556
AUD 557 1 31 242 -1 0 16777216 0 0 0 0 0 16777217 86 557 331 557 0 0 0 4 557
AUD 558 2 31 -1 -1 0 16777217 86 557 331 557 0 16777216 0 0 0 0 0 0 0 4 558
AUD 559 1 31 243 -1 0 16777216 0 0 0 0 0 16777217 16 559 266 559 0 0 0 4 559
AUD 560 2 31 -1 -1 0 16777217 16 559 266 559 0 16777216 0 0 0 0 0 0 0 4 560
AUD 561 1 31 244 -1 0 16777216 0 0 0 0 0 16777217 20 561 266 561 0 0 0 4 561
AUD 562 2 31 -1 -1 0 16777217 20 561 266 561 0 16777216 0 0 0 0 0 0 0 4 562
AUD 563 1 31 245 -1 0 16777216 0 0 0 0 0 16777217 86 563 331 563 0 0 0 4 563
AUD 564 2 31 -1 -1 0 16777217 86 563 331 563 0 16777216 0 0 0 0 0 0 0 4 564
AUD 565 1 31 246 -1 0 16777216 0 0 0 0 0 16777217 16 565 266 565 0 0 0 4 565
AUD 566 2 31 -1 -1 0 16777217 16 565 266 565 0 16777216 0 0 0 0 0 0 0 4 566
AUD 567 1 31 247 -1 0 16777216 0 0 0 0 0 16777217 88 567 331 567 0 0 0 4 567
AUD 568 2 3 -1 -1 0 16777217 88 549 331 549 0 16777216 0 0 0 0 0 0 0 4 568
AUD 569 1 3 248 -1 0 16777216 0 0 0 0 0 16777217 86 569 331 569 0 0 0 4 569
AUD 570 2 19 -1 -1 0 16777217 88 461 336 516 0 16777216 0 0 0 0 0 0 0 4 570
AUD 571 1 19 249 -1 0 16777216 0 0 0 0 0 16777217 84 571 331 571 0 0 0 4 571
AUD 572 2 19 -1 -1 0 16777217 84 571 331 571 0 16777216 0 0 0 0 0 0 0 4 572
AUD 573 1 19 250 -1 0 16777216 0 0 0 0 0 16777217 20 573 266 573 0 0 0 4 573
AUD 574 2 19 -1 -1 0 16777217 20 573 266 573 0 16777216 0 0 0 0 0 0 0 4 574
AUD 575 1 19 251 -1 0 16777216 0 0 0 0 0 16777217 18 575 266 575 0 0 0 4 575
AUD 576 2 19 -1 -1 0 16777217 18 575 266 575 0 16777216 0 0 0 0 0 0 0 4 576
AUD 577 1 19 252 -1 0 16777216 0 0 0 0 0 16777217 84 577 331 577 0 0 0 4 577
AUD 578 2 19 -1 -1 0 16777217 84 577 331 577 0 16777216 0 0 0 0 0 0 0 4 578
AUD 579 1 19 253 -1 0 16777216 0 0 0 0 0 16777217 20 579 266 579 0 0 0 4 579
AUD 580 2 19 -1 -1 0 16777217 20 579 266 579 0 16777216 0 0 0 0 0 0 0 4 580
AUD 581 1 19 254 -1 0 16777216 0 0 0 0 0 16777217 18 581 266 581 0 0 0 4 581
AUD 582 12 29 -1 2 0 16777217 88 475 336 530 0 16777217 88 475 346 582 0 0 0 4 582
AUD 583 2 19 -1 -1 0 16777217 18 581 266 581 0 16777216 0 0 0 0 0 0 0 4 583
AUD 584 1 19 255 -1 0 16777216 0 0 0 0 0 16777217 84 584 331 584 0 0 0 4 584
AUD 585 2 19 -1 -1 0 16777217 84 584 331 584 0 16777216 0 0 0 0 0 0 0 4 585
AUD 586 1 19 256 -1 0 16777216 0 0 0 0 0 16777217 20 586 266 586 0 0 0 4 586
AUD 587 12 8 -1 1 0 16777217 88 536 331 536 0 16777217 88 536 336 587 0 0 0 4 587
AUD 588 2 19 -1 -1 0 16777217 20 586 266 586 0 16777216 0 0 0 0 0 0 0 4 588
AUD 589 1 19 257 -1 0 16777216 0 0 0 0 0 16777217 86 589 331 589 0 0 0 4 589
AUD 590 14 19 257 80 0 16777217 86 589 331 589 0 16777217 86 589 592 590 0 1 7 4 590
AUD 591 2 16 -1 -1 0 16777217 88 482 336 537 0 16777216 0 0 0 0 0 0 0 4 591
AUD 592 1 16 258 -1 0 16777216 0 0 0 0 0 16777217 84 592 331 592 0 0 0 4 592
AUD 593 14 16 258 80 0 16777217 84 592 331 592 0 16777217 84 592 592 593 0 1 7 4 593
AUD 594 2 16 -1 -1 0 16777217 84 592 592 593 0 16777216 0 0 0 0 0 0 0 4 594
AUD 595 1 16 259 -1 0 16777216 0 0 0 0 0 16777217 88 595 331 595 0 0 0 4 595
AUD 596 14 16 259 80 0 16777217 88 595 331 595 0 16777217 88 595 592 596 0 1 7 4 596
AUD 597 12 20 -1 1 0 16777217 88 543 331 543 0 16777217 88 543 336 597 0 0 0 4 597
AUD 598 2 3 -1 -1 0 16777217 86 569 331 569 0 16777216 0 0 0 0 0 0 0 4 598
AUD 599 1 3 260 -1 0 16777216 0 0 0 0 0 16777217 18 599 266 599 0 0 0 4 599
AUD 600 2 3 -1 -1 0 16777217 18 599 266 599 0 16777216 0 0 0 0 0 0 0 4 600
AUD 601 1 3 261 -1 0 16777216 0 0 0 0 0 16777217 16 601 266 601 0 0 0 4 601
AUD 602 2 3 -1 -1 0 16777217 16 601 266 601 0 16777216 0 0 0 0 0 0 0 4 602
AUD 603 1 3 262 -1 0 16777216 0 0 0 0 0 16777217 88 603 331 603 0 0 0 4 603
AUD 604 2 19 -1 -1 0 16777217 86 589 592 590 0 16777216 0 0 0 0 0 0 0 4 604
AUD 605 1 19 263 -1 0 16777216 0 0 0 0 0 16777217 18 605 266 605 0 0 0 4 605
AUD 606 2 19 -1 -1 0 16777217 18 605 266 605 0 16777216 0 0 0 0 0 0 0 4 606
AUD 607 1 19 264 -1 0 16777216 0 0 0 0 0 16777217 16 607 266 607 0 0 0 4 607
AUD 608 2 19 -1 -1 0 16777217 16 607 266 607 0 16777216 0 0 0 0 0 0 0 4 608
AUD 609 1 19 265 -1 0 16777216 0 0 0 0 0 16777217 88 609 331 609 0 0 0 4 609
AUD 610 2 3 -1 -1 0 16777217 88 603 331 603 0 16777216 0 0 0 0 0 0 0 4 610
AUD 611 1 3 266 -1 0 16777216 0 0 0 0 0 16777217 18 611 266 611 0 0 0 4 611
AUD 612 2 3 -1 -1 0 16777217 18 611 266 611 0 16777216 0 0 0 0 0 0 0 4 612
AUD 613 1 3 267 -1 0 16777216 0 0 0 0 0 16777217 84 613 331 613 0 0 0 4 613
AUD 614 2 3 -1 -1 0 16777217 84 613 331 613 0 16777216 0 0 0 0 0 0 0 4 614
AUD 615 1 3 268 -1 0 16777216 0 0 0 0 0 16777217 88 615 331 615 0 0 0 4 615
AUD 616 2 3 -1 -1 0 16777217 88 615 331 615 0 16777216 0 0 0 0 0 0 0 4 616
AUD 617 1 3 269 -1 0 16777216 0 0 0 0 0 16777217 86 617 331 617 0 0 0 4 617
AUD 618 2 3 -1 -1 0 16777217 86 617 331 617 0 16777216 0 0 0 0 0 0 0 4 618
AUD 619 1 3 270 -1 0 16777216 0 0 0 0 0 16777217 16 619 266 619 0 0 0 4 619
AUD 620 2 3 -1 -1 0 16777217 16 619 266 619 0 16777216 0 0 0 0 0 0 0 4 620
AUD 621 1 3 271 -1 0 16777216 0 0 0 0 0 16777217 20 621 266 621 0 0 0 4 621
AUD 622 12 31 -1 1 0 16777217 88 567 331 567 0 16777217 88 567 336 622 0 0 0 4 622
AUD 623 2 3 -1 -1 0 16777217 20 621 266 621 0 16777216 0 0 0 0 0 0 0 4 623
AUD 624 1 3 272 -1 0 16777216 0 0 0 0 0 16777217 86 624 331 624 0 0 0 4 624
AUD 625 2 3 -1 -1 0 16777217 86 624 331 624 0 16777216 0 0 0 0 0 0 0 4 625
AUD 626 1 3 273 -1 0 16777216 0 0 0 0 0 16777217 16 626 266 626 0 0 0 4 626
AUD 627 2 3 -1 -1 0 16777217 16 626 266 626 0 16777216 0 0 0 0 0 0 0 4 627
AUD 628 1 3 274 -1 0 16777216 0 0 0 0 0 16777217 20 628 266 628 0 0 0 4 628
AUD 629 2 3 -1 -1 0 16777217 20 628 266 628 0 16777216 0 0 0 0 0 0 0 4 629
AUD 630 1 3 275 -1 0 16777216 0 0 0 0 0 16777217 86 630 331 630 0 0 0 4 630
AUD 631 2 3 -1 -1 0 16777217 86 630 331 630 0 16777216 0 0 0 0 0 0 0 4 631
AUD 632 1 3 276 -1 0 16777216 0 0 0 0 0 16777217 16 632 266 632 0 0 0 4 632
AUD 633 2 3 -1 -1 0 16777217 16 632 266 632 0 16777216 0 0 0 0 0 0 0 4 633
AUD 634 1 3 277 -1 0 16777216 0 0 0 0 0 16777217 88 634 331 634 0 0 0 4 634
AUD 635 2 3 -1 -1 0 16777217 88 634 331 634 0 16777216 0 0 0 0 0 0 0 4 635
AUD 636 1 3 278 -1 0 16777216 0 0 0 0 0 16777217 86 636 331 636 0 0 0 4 636
AUD 637 2 3 -1 -1 0 16777217 86 636 331 636 0 16777216 0 0 0 0 0 0 0 4 637
AUD 638 1 3 279 -1 0 16777216 0 0 0 0 0 16777217 84 638 331 638 0 0 0 4 638
AUD 639 2 3 -1 -1 0 16777217 84 638 331 638 0 16777216 0 0 0 0 0 0 0 4 639
AUD 640 1 3 280 -1 0 16777216 0 0 0 0 0 16777217 20 640 266 640 0 0 0 4 640
AUD 641 2 3 -1 -1 0 16777217 20 640 266 640 0 16777216 0 0 0 0 0 0 0 4 641
AUD 642 1 3 281 -1 0 16777216 0 0 0 0 0 16777217 18 642 266 642 0 0 0 4 642
AUD 643 12 8 -1 2 0 16777217 88 536 336 587 0 16777217 88 536 346 643 0 0 0 4 643
AUD 644 2 3 -1 -1 0 16777217 18 642 266 642 0 16777216 0 0 0 0 0 0 0 4 644
AUD 645 1 3 282 -1 0 16777216 0 0 0 0 0 16777217 84 645 331 645 0 0 0 4 645
AUD 646 2 3 -1 -1 0 16777217 84 645 331 645 0 16777216 0 0 0 0 0 0 0 4 646
AUD 647 1 3 283 -1 0 16777216 0 0 0 0 0 16777217 20 647 266 647 0 0 0 4 647
AUD 648 12 16 -1 1 0 16777217 88 595 592 596 0 16777217 88 595 336 648 0 0 0 4 648
AUD 649 2 3 -1 -1 0 16777217 20 647 266 647 0 16777216 0 0 0 0 0 0 0 4 649
AUD 650 1 3 284 -1 0 16777216 0 0 0 0 0 16777217 18 650 266 650 0 0 0 4 650
AUD 651 12 20 -1 2 0 16777217 88 543 336 597 0 16777217 88 543 346 651 0 0 0 4 651
AUD 652 2 3 -1 -1 0 16777217 18 650 266 650 0 16777216 0 0 0 0 0 0 0 4 652
AUD 653 1 3 285 -1 0 16777216 0 0 0 0 0 16777217 84 653 331 653 0 0 0 4 653
AUD 654 2 3 -1 -1 0 16777217 84 653 331 653 0 16777216 0 0 0 0 0 0 0 4 654
AUD 655 1 3 286 -1 0 16777216 0 0 0 0 0 16777217 20 655 266 655 0 0 0 4 655
AUD 656 2 3 -1 -1 0 16777217 20 655 266 655 0 16777216 0 0 0 0 0 0 0 4 656
AUD 657 1 3 287 -1 0 16777216 0 0 0 0 0 16777217 86 657 331 657 0 0 0 4 657
AUD 658 2 3 -1 -1 0 16777217 86 657 331 657 0 16777216 0 0 0 0 0 0 0 4 658
AUD 659 1 3 288 -1 0 16777216 0 0 0 0 0 16777217 84 659 331 659 0 0 0 4 659
AUD 660 2 3 -1 -1 0 16777217 84 659 331 659 0 16777216 0 0 0 0 0 0 0 4 660
AUD 661 1 3 289 -1 0 16777216 0 0 0 0 0 16777217 88 661 331 661 0 0 0 4 661
AUD 662 12 19 -1 1 0 16777217 88 609 331 609 0 16777217 88 609 336 662 0 0 0 4 662
AUD 663 2 3 -1 -1 0 16777217 88 661 331 661 0 16777216 0 0 0 0 0 0 0 4 663
AUD 664 1 3 290 -1 0 16777216 0 0 0 0 0 16777217 18 664 266 664 0 0 0 4 664
AUD 665 2 3 -1 -1 0 16777217 18 664 266 664 0 16777216 0 0 0 0 0 0 0 4 665
AUD 666 1 3 291 -1 0 16777216 0 0 0 0 0 16777217 16 666 266 666 0 0 0 4 666
AUD 667 2 3 -1 -1 0 16777217 16 666 266 666 0 16777216 0 0 0 0 0 0 0 4 667
AUD 668 1 3 292 -1 0 16777216 0 0 0 0 0 16777217 88 668 331 668 0 0 0 4 668
AUD 669 2 3 -1 -1 0 16777217 88 668 331 668 0 16777216 0 0 0 0 0 0 0 4 669
AUD 670 1 3 293 -1 0 16777216 0 0 0 0 0 16777217 18 670 266 670 0 0 0 4 670
AUD 671 2 3 -1 -1 0 16777217 18 670 266 670 0 16777216 0 0 0 0 0 0 0 4 671
AUD 672 1 3 294 -1 0 16777216 0 0 0 0 0 16777217 16 672 266 672 0 0 0 4 672
AUD 673 2 3 -1 -1 0 16777217 16 672 266 672 0 16777216 0 0 0 0 0 0 0 4 673
AUD 674 1 3 295 -1 0 16777216 0 0 0 0 0 16777217 88 674 331 674 0 0 0 4 674
AUD 675 2 3 -1 -1 0 16777217 88 674 331 674 0 16777216 0 0 0 0 0 0 0 4 675
AUD 676 1 3 296 -1 0 16777216 0 0 0 0 0 16777217 18 676 266 676 0 0 0 4 676
AUD 677 2 31 -1 -1 0 16777217 88 567 336 622 0 16777216 0 0 0 0 0 0 0 4 677
AUD 678 1 31 297 -1 0 16777216 0 0 0 0 0 16777217 84 678 331 678 0 0 0 4 678
AUD 679 2 3 -1 -1 0 16777217 18 676 266 676 0 16777216 0 0 0 0 0 0 0 4 679
AUD 680 1 3 298 -1 0 16777216 0 0 0 0 0 16777217 88 680 331 680 0 0 0 4 680
AUD 681 2 31 -1 -1 0 16777217 84 678 331 678 0 16777216 0 0 0 0 0 0 0 4 681
AUD 682 1 31 299 -1 0 16777216 0 0 0 0 0 16777217 86 682 331 682 0 0 0 4 682
AUD 683 2 31 -1 -1 0 16777217 86 682 331 682 0 16777216 0 0 0 0 0 0 0 4 683
AUD 684 1 31 300 -1 0 16777216 0 0 0 0 0 16777217 16 684 266 684 0 0 0 4 684
AUD 685 2 31 -1 -1 0 16777217 16 684 266 684 0 16777216 0 0 0 0 0 0 0 4 685
AUD 686 1 31 301 -1 0 16777216 0 0 0 0 0 16777217 20 686 266 686 0 0 0 4 686
AUD 687 2 31 -1 -1 0 16777217 20 686 266 686 0 16777216 0 0 0 0 0 0 0 4 687
AUD 688 1 31 302 -1 0 16777216 0 0 0 0 0 16777217 86 688 331 688 0 0 0 4 688
AUD 689 2 31 -1 -1 0 16777217 86 688 331 688 0 16777216 0 0 0 0 0 0 0 4 689
AUD 690 1 31 303 -1 0 16777216 0 0 0 0 0 16777217 16 690 266 690 0 0 0 4 690
AUD 691 2 31 -1 -1 0 16777217 16 690 266 690 0 16777216 0 0 0 0 0 0 0 4 691
AUD 692 1 31 304 -1 0 16777216 0 0 0 0 0 16777217 20 692 266 692 0 0 0 4 692
AUD 693 2 31 -1 -1 0 16777217 20 692 266 692 0 16777216 0 0 0 0 0 0 0 4 693
AUD 694 1 31 305 -1 0 16777216 0 0 0 0 0 16777217 86 694 331 694 0 0 0 4 694
AUD 695 2 31 -1 -1 0 16777217 86 694 331 694 0 16777216 0 0 0 0 0 0 0 4 695
AUD 696 1 31 306 -1 0 16777216 0 0 0 0 0 16777217 16 696 266 696 0 0 0 4 696
AUD 697 2 31 -1 -1 0 16777217 16 696 266 696 0 16777216 0 0 0 0 0 0 0 4 697
AUD 698 1 31 307 -1 0 16777216 0 0 0 0 0 16777217 88 698 331 698 0 0 0 4 698
AUD 699 14 31 307 80 0 16777217 88 698 331 698 0 16777217 88 698 592 699 0 1 7 4 699
AUD 700 2 3 -1 -1 0 16777217 88 680 331 680 0 16777216 0 0 0 0 0 0 0 4 700
AUD 701 1 3 308 -1 0 16777216 0 0 0 0 0 16777217 86 701 331 701 0 0 0 4 701
AUD 702 14 3 308 80 0 16777217 86 701 331 701 0 16777217 86 701 592 702 0 1 7 4 702
AUD 703 2 16 -1 -1 0 16777217 88 595 336 648 0 16777216 0 0 0 0 0 0 0 4 703
AUD 704 1 16 309 -1 0 16777216 0 0 0 0 0 16777217 84 704 331 704 0 0 0 4 704
AUD 705 14 16 309 80 0 16777217 84 704 331 704 0 16777217 84 704 592 705 0 1 7 4 705
AUD 706 2 16 -1 -1 0 16777217 84 704 592 705 0 16777216 0 0 0 0 0 0 0 4 706
AUD 707 1 16 310 -1 0 16777216 0 0 0 0 0 16777217 20 707 266 707 0 0 0 4 707
AUD 708 2 16 -1 -1 0 16777217 20 707 266 707 0 16777216 0 0 0 0 0 0 0 4 708
AUD 709 1 16 311 -1 0 16777216 0 0 0 0 0 16777217 18 709 266 709 0 0 0 4 709
AUD 710 2 16 -1 -1 0 16777217 18 709 266 709 0 16777216 0 0 0 0 0 0 0 4 710
AUD 711 1 16 312 -1 0 16777216 0 0 0 0 0 16777217 84 711 331 711 0 0 0 4 711
AUD 712 2 16 -1 -1 0 16777217 84 711 331 711 0 16777216 0 0 0 0 0 0 0 4 712
AUD 713 1 16 313 -1 0 16777216 0 0 0 0 0 16777217 20 713 266 713 0 0 0 4 713
AUD 714 2 16 -1 -1 0 16777217 20 713 266 713 0 16777216 0 0 0 0 0 0 0 4 714
AUD 715 1 16 314 -1 0 16777216 0 0 0 0 0 16777217 18 715 266 715 0 0 0 4 715
AUD 716 12 19 -1 2 0 16777217 88 609 336 662 0 16777217 88 609 346 716 0 0 0 4 716
AUD 717 2 16 -1 -1 0 16777217 18 715 266 715 0 16777216 0 0 0 0 0 0 0 4 717
AUD 718 1 16 315 -1 0 16777216 0 0 0 0 0 16777217 84 718 331 718 0 0 0 4 718
AUD 719 2 16 -1 -1 0 16777217 84 718 331 718 0 16777216 0 0 0 0 0 0 0 4 719
AUD 720 1 16 316 -1 0 16777216 0 0 0 0 0 16777217 20 720 266 720 0 0 0 4 720
AUD 721 2 16 -1 -1 0 16777217 20 720 266 720 0 16777216 0 0 0 0 0 0 0 4 721
AUD 722 1 16 317 -1 0 16777216 0 0 0 0 0 16777217 86 722 331 722 0 0 0 4 722
AUD 723 2 3 -1 -1 0 16777217 86 701 592 702 0 16777216 0 0 0 0 0 0 0 4 723
AUD 724 1 3 318 -1 0 16777216 0 0 0 0 0 16777217 84 724 331 724 0 0 0 4 724
AUD 725 2 3 -1 -1 0 16777217 84 724 331 724 0 16777216 0 0 0 0 0 0 0 4 725
AUD 726 1 3 319 -1 0 16777216 0 0 0 0 0 16777217 88 726 331 726 0 0 0 4 726
AUD 727 2 16 -1 -1 0 16777217 86 722 331 722 0 16777216 0 0 0 0 0 0 0 4 727
AUD 728 1 16 320 -1 0 16777216 0 0 0 0 0 16777217 18 728 266 728 0 0 0 4 728
AUD 729 2 16 -1 -1 0 16777217 18 728 266 728 0 16777216 0 0 0 0 0 0 0 4 729
AUD 730 1 16 321 -1 0 16777216 0 0 0 0 0 16777217 16 730 266 730 0 0 0 4 730
AUD 731 2 16 -1 -1 0 16777217 16 730 266 730 0 16777216 0 0 0 0 0 0 0 4 731
AUD 732 1 16 322 -1 0 16777216 0 0 0 0 0 16777217 88 732 331 732 0 0 0 4 732
AUD 733 2 3 -1 -1 0 16777217 88 726 331 726 0 16777216 0 0 0 0 0 0 0 4 733
AUD 734 1 3 323 -1 0 16777216 0 0 0 0 0 16777217 18 734 266 734 0 0 0 4 734
AUD 735 2 3 -1 -1 0 16777217 18 734 266 734 0 16777216 0 0 0 0 0 0 0 4 735
AUD 736 1 3 324 -1 0 16777216 0 0 0 0 0 16777217 16 736 266 736 0 0 0 4 736
AUD 737 2 3 -1 -1 0 16777217 16 736 266 736 0 16777216 0 0 0 0 0 0 0 4 737
AUD 738 1 3 325 -1 0 16777216 0 0 0 0 0 16777217 88 738 331 738 0 0 0 4 738
AUD 739 2 3 -1 -1 0 16777217 88 738 331 738 0 16777216 0 0 0 0 0 0 0 4 739
AUD 740 1 3 326 -1 0 16777216 0 0 0 0 0 16777217 18 740 266 740 0 0 0 4 740
AUD 741 2 3 -1 -1 0 16777217 18 740 266 740 0 16777216 0 0 0 0 0 0 0 4 741
AUD 742 1 3 327 -1 0 16777216 0 0 0 0 0 16777217 84 742 331 742 0 0 0 4 742
AUD 743 2 3 -1 -1 0 16777217 84 742 331 742 0 16777216 0 0 0 0 0 0 0 4 743
AUD 744 1 3 328 -1 0 16777216 0 0 0 0 0 16777217 88 744 331 744 0 0 0 4 744
AUD 745 2 3 -1 -1 0 16777217 88 744 331 744 0 16777216 0 0 0 0 0 0 0 4 745
AUD 746 1 3 329 -1 0 16777216 0 0 0 0 0 16777217 86 746 331 746 0 0 0 4 746
AUD 747 2 3 -1 -1 0 16777217 86 746 331 746 0 16777216 0 0 0 0 0 0 0 4 747
AUD 748 1 3 330 -1 0 16777216 0 0 0 0 0 16777217 16 748 266 748 0 0 0 4 748
AUD 749 2 3 -1 -1 0 16777217 16 748 266 748 0 16777216 0 0 0 0 0 0 0 4 749
AUD 750 1 3 331 -1 0 16777216 0 0 0 0 0 16777217 20 750 266 750 0 0 0 4 750
AUD 751 12 31 -1 1 0 16777217 88 698 592 699 0 16777217 88 698 336 751 0 0 0 4 751
AUD 752 2 3 -1 -1 0 16777217 20 750 266 750 0 16777216 0 0 0 0 0 0 0 4 752
AUD 753 1 3 332 -1 0 16777216 0 0 0 0 0 16777217 86 753 331 753 0 0 0 4 753
AUD 754 2 3 -1 -1 0 16777217 86 753 331 753 0 16777216 0 0 0 0 0 0 0 4 754
AUD 755 1 3 333 -1 0 16777216 0 0 0 0 0 16777217 16 755 266 755 0 0 0 4 755
AUD 756 2 3 -1 -1 0 16777217 16 755 266 755 0 16777216 0 0 0 0 0 0 0 4 756
AUD 757 1 3 334 -1 0 16777216 0 0 0 0 0 16777217 20 757 266 757 0 0 0 4 757
AUD 758 2 3 -1 -1 0 16777217 20 757 266 757 0 16777216 0 0 0 0 0 0 0 4 758
AUD 759 1 3 335 -1 0 16777216 0 0 0 0 0 16777217 86 759 331 759 0 0 0 4 759
AUD 760 2 3 -1 -1 0 16777217 86 759 331 759 0 16777216 0 0 0 0 0 0 0 4 760
AUD 761 1 3 336 -1 0 16777216 0 0 0 0 0 16777217 16 761 266 761 0 0 0 4 761
AUD 762 2 3 -1 -1 0 16777217 16 761 266 761 0 16777216 0 0 0 0 0 0 0 4 762
AUD 763 1 3 337 -1 0 16777216 0 0 0 0 0 16777217 88 763 331 763 0 0 0 4 763
AUD 764 2 3 -1 -1 0 16777217 88 763 331 763 0 16777216 0 0 0 0 0 0 0 4 764
AUD 765 1 3 338 -1 0 16777216 0 0 0 0 0 16777217 86 765 331 765 0 0 0 4 765
AUD 766 2 3 -1 -1 0 16777217 86 765 331 765 0 16777216 0 0 0 0 0 0 0 4 766
AUD 767 1 3 339 -1 0 16777216 0 0 0 0 0 16777217 84 767 331 767 0 0 0 4 767
AUD 768 2 3 -1 -1 0 16777217 84 767 331 767 0 16777216 0 0 0 0 0 0 0 4 768
AUD 769 1 3 340 -1 0 16777216 0 0 0 0 0 16777217 20 769 266 769 0 0 0 4 769
AUD 770 2 3 -1 -1 0 16777217 20 769 266 769 0 16777216 0 0 0 0 0 0 0 4 770
AUD 771 1 3 341 -1 0 16777216 0 0 0 0 0 16777217 18 771 266 771 0 0 0 4 771
AUD 772 2 3 -1 -1 0 16777217 18 771 266 771 0 16777216 0 0 0 0 0 0 0 4 772
AUD 773 1 3 342 -1 0 16777216 0 0 0 0 0 16777217 84 773 331 773 0 0 0 4 773
AUD 774 2 3 -1 -1 0 16777217 84 773 331 773 0 16777216 0 0 0 0 0 0 0 4 774
AUD 775 1 3 343 -1 0 16777216 0 0 0 0 0 16777217 20 775 266 775 0 0 0 4 775
AUD 776 2 3 -1 -1 0 16777217 20 775 266 775 0 16777216 0 0 0 0 0 0 0 4 776
AUD 777 1 3 344 -1 0 16777216 0 0 0 0 0 16777217 18 777 266 777 0 0 0 4 777
AUD 778 2 3 -1 -1 0 16777217 18 777 266 777 0 16777216 0 0 0 0 0 0 0 4 778
AUD 779 1 3 345 -1 0 16777216 0 0 0 0 0 16777217 84 779 331 779 0 0 0 4 779
AUD 780 2 3 -1 -1 0 16777217 84 779 331 779 0 16777216 0 0 0 0 0 0 0 4 780
AUD 781 1 3 346 -1 0 16777216 0 0 0 0 0 16777217 20 781 266 781 0 0 0 4 781
AUD 782 12 16 -1 1 0 16777217 88 732 331 732 0 16777217 88 732 336 782 0 0 0 4 782
AUD 783 2 3 -1 -1 0 16777217 20 781 266 781 0 16777216 0 0 0 0 0 0 0 4 783
AUD 784 1 3 347 -1 0 16777216 0 0 0 0 0 16777217 86 784 331 784 0 0 0 4 784
AUD 785 2 3 -1 -1 0 16777217 86 784 331 784 0 16777216 0 0 0 0 0 0 0 4 785
AUD 786 1 3 348 -1 0 16777216 0 0 0 0 0 16777217 84 786 331 786 0 0 0 4 786
AUD 787 2 3 -1 -1 0 16777217 84 786 331 786 0 16777216 0 0 0 0 0 0 0 4 787
AUD 788 1 3 349 -1 0 16777216 0 0 0 0 0 16777217 88 788 331 788 0 0 0 4 788
AUD 789 2 3 -1 -1 0 16777217 88 788 331 788 0 16777216 0 0 0 0 0 0 0 4 789
AUD 790 1 3 350 -1 0 16777216 0 0 0 0 0 16777217 18 790 266 790 0 0 0 4 790
AUD 791 2 3 -1 -1 0 16777217 18 790 266 790 0 16777216 0 0 0 0 0 0 0 4 791
AUD 792 1 3 351 -1 0 16777216 0 0 0 0 0 16777217 16 792 266 792 0 0 0 4 792
AUD 793 2 3 -1 -1 0 16777217 16 792 266 792 0 16777216 0 0 0 0 0 0 0 4 793
AUD 794 1 3 352 -1 0 16777216 0 0 0 0 0 16777217 88 794 331 794 0 0 0 4 794
AUD 795 2 3 -1 -1 0 16777217 88 794 331 794 0 16777216 0 0 0 0 0 0 0 4 795
AUD 796 1 3 353 -1 0 16777216 0 0 0 0 0 16777217 18 796 266 796 0 0 0 4 796
AUD 797 2 3 -1 -1 0 16777217 18 796 266 796 0 16777216 0 0 0 0 0 0 0 4 797
AUD 798 1 3 354 -1 0 16777216 0 0 0 0 0 16777217 16 798 266 798 0 0 0 4 798
AUD 799 2 3 -1 -1 0 16777217 16 798 266 798 0 16777216 0 0 0 0 0 0 0 4 799
AUD 800 1 3 355 -1 0 16777216 0 0 0 0 0 16777217 88 800 331 800 0 0 0 4 800
AUD 801 2 3 -1 -1 0 16777217 88 800 331 800 0 16777216 0 0 0 0 0 0 0 4 801
AUD 802 1 3 356 -1 0 16777216 0 0 0 0 0 16777217 18 802 266 802 0 0 0 4 802
AUD 803 2 31 -1 -1 0 16777217 88 698 336 751 0 16777216 0 0 0 0 0 0 0 4 803
AUD 804 1 31 357 -1 0 16777216 0 0 0 0 0 16777217 84 804 331 804 0 0 0 4 804
AUD 805 14 31 357 80 0 16777217 84 804 331 804 0 16777217 84 804 592 805 0 1 7 4 805
AUD 806 2 3 -1 -1 0 16777217 18 802 266 802 0 16777216 0 0 0 0 0 0 0 4 806
AUD 807 1 3 358 -1 0 16777216 0 0 0 0 0 16777217 88 807 331 807 0 0 0 4 807
AUD 808 14 3 358 80 0 16777217 88 807 331 807 0 16777217 88 807 592 808 0 1 7 4 808
AUD 809 2 31 -1 -1 0 16777217 84 804 592 805 0 16777216 0 0 0 0 0 0 0 4 809
AUD 810 1 31 359 -1 0 16777216 0 0 0 0 0 16777217 86 810 331 810 0 0 0 4 810
AUD 811 14 31 359 80 0 16777217 86 810 331 810 0 16777217 86 810 592 811 0 1 7 4 811
AUD 812 2 31 -1 -1 0 16777217 86 810 592 811 0 16777216 0 0 0 0 0 0 0 4 812
AUD 813 1 31 360 -1 0 16777216 0 0 0 0 0 16777217 16 813 266 813 0 0 0 4 813
AUD 814 2 31 -1 -1 0 16777217 16 813 266 813 0 16777216 0 0 0 0 0 0 0 4 814
AUD 815 1 31 361 -1 0 16777216 0 0 0 0 0 16777217 20 815 266 815 0 0 0 4 815
AUD 816 2 31 -1 -1 0 16777217 20 815 266 815 0 16777216 0 0 0 0 0 0 0 4 816
AUD 817 1 31 362 -1 0 16777216 0 0 0 0 0 16777217 86 817 331 817 0 0 0 4 817
AUD 818 2 31 -1 -1 0 16777217 86 817 331 817 0 16777216 0 0 0 0 0 0 0 4 818
AUD 819 1 31 363 -1 0 16777216 0 0 0 0 0 16777217 16 819 266 819 0 0 0 4 819
AUD 820 2 31 -1 -1 0 16777217 16 819 266 819 0 16777216 0 0 0 0 0 0 0 4 820
AUD 821 1 31 364 -1 0 16777216 0 0 0 0 0 16777217 20 821 266 821 0 0 0 4 821
AUD 822 2 31 -1 -1 0 16777217 20 821 266 821 0 16777216 0 0 0 0 0 0 0 4 822
AUD 823 1 31 365 -1 0 16777216 0 0 0 0 0 16777217 86 823 331 823 0 0 0 4 823
AUD 824 2 31 -1 -1 0 16777217 86 823 331 823 0 16777216 0 0 0 0 0 0 0 4 824
AUD 825 1 31 366 -1 0 16777216 0 0 0 0 0 16777217 16 825 266 825 0 0 0 4 825
AUD 826 2 31 -1 -1 0 16777217 16 825 266 825 0 16777216 0 0 0 0 0 0 0 4 826
AUD 827 1 31 367 -1 0 16777216 0 0 0 0 0 16777217 88 827 331 827 0 0 0 4 827
AUD 828 2 3 -1 -1 0 16777217 88 807 592 808 0 16777216 0 0 0 0 0 0 0 4 828
AUD 829 1 3 368 -1 0 16777216 0 0 0 0 0 16777217 86 829 331 829 0 0 0 4 829
AUD 830 2 3 -1 -1 0 16777217 86 829 331 829 0 16777216 0 0 0 0 0 0 0 4 830
AUD 831 1 3 369 -1 0 16777216 0 0 0 0 0 16777217 84 831 331 831 0 0 0 4 831
AUD 832 2 3 -1 -1 0 16777217 84 831 331 831 0 16777216 0 0 0 0 0 0 0 4 832
AUD 833 1 3 370 -1 0 16777216 0 0 0 0 0 16777217 20 833 266 833 0 0 0 4 833
AUD 834 2 3 -1 -1 0 16777217 20 833 266 833 0 16777216 0 0 0 0 0 0 0 4 834
AUD 835 1 3 371 -1 0 16777216 0 0 0 0 0 16777217 18 835 266 835 0 0 0 4 835
AUD 836 12 16 -1 2 0 16777217 88 732 336 782 0 16777217 88 732 346 836 0 0 0 4 836
AUD 837 2 3 -1 -1 0 16777217 18 835 266 835 0 16777216 0 0 0 0 0 0 0 4 837
AUD 838 1 3 372 -1 0 16777216 0 0 0 0 0 16777217 84 838 331 838 0 0 0 4 838
AUD 839 2 3 -1 -1 0 16777217 84 838 331 838 0 16777216 0 0 0 0 0 0 0 4 839
AUD 840 1 3 373 -1 0 16777216 0 0 0 0 0 16777217 20 840 266 840 0 0 0 4 840
AUD 841 2 3 -1 -1 0 16777217 20 840 266 840 0 16777216 0 0 0 0 0 0 0 4 841
AUD 842 1 3 374 -1 0 16777216 0 0 0 0 0 16777217 18 842 266 842 0 0 0 4 842
AUD 843 2 3 -1 -1 0 16777217 18 842 266 842 0 16777216 0 0 0 0 0 0 0 4 843
AUD 844 1 3 375 -1 0 16777216 0 0 0 0 0 16777217 84 844 331 844 0 0 0 4 844
AUD 845 2 3 -1 -1 0 16777217 84 844 331 844 0 16777216 0 0 0 0 0 0 0 4 845
AUD 846 1 3 376 -1 0 16777216 0 0 0 0 0 16777217 20 846 266 846 0 0 0 4 846
AUD 847 2 3 -1 -1 0 16777217 20 846 266 846 0 16777216 0 0 0 0 0 0 0 4 847
AUD 848 1 3 377 -1 0 16777216 0 0 0 0 0 16777217 86 848 331 848 0 0 0 4 848
AUD 849 2 3 -1 -1 0 16777217 86 848 331 848 0 16777216 0 0 0 0 0 0 0 4 849
AUD 850 1 3 378 -1 0 16777216 0 0 0 0 0 16777217 84 850 331 850 0 0 0 4 850
AUD 851 2 3 -1 -1 0 16777217 84 850 331 850 0 16777216 0 0 0 0 0 0 0 4 851
AUD 852 1 3 379 -1 0 16777216 0 0 0 0 0 16777217 88 852 331 852 0 0 0 4 852
AUD 853 2 3 -1 -1 0 16777217 88 852 331 852 0 16777216 0 0 0 0 0 0 0 4 853
AUD 854 1 3 380 -1 0 16777216 0 0 0 0 0 16777217 18 854 266 854 0 0 0 4 854
AUD 855 2 3 -1 -1 0 16777217 18 854 266 854 0 16777216 0 0 0 0 0 0 0 4 855
AUD 856 1 3 381 -1 0 16777216 0 0 0 0 0 16777217 16 856 266 856 0 0 0 4 856
AUD 857 2 3 -1 -1 0 16777217 16 856 266 856 0 16777216 0 0 0 0 0 0 0 4 857
AUD 858 1 3 382 -1 0 16777216 0 0 0 0 0 16777217 88 858 331 858 0 0 0 4 858
AUD 859 2 3 -1 -1 0 16777217 88 858 331 858 0 16777216 0 0 0 0 0 0 0 4 859
AUD 860 1 3 383 -1 0 16777216 0 0 0 0 0 16777217 18 860 266 860 0 0 0 4 860
AUD 861 2 3 -1 -1 0 16777217 18 860 266 860 0 16777216 0 0 0 0 0 0 0 4 861
AUD 862 1 3 384 -1 0 16777216 0 0 0 0 0 16777217 16 862 266 862 0 0 0 4 862
AUD 863 2 3 -1 -1 0 16777217 16 862 266 862 0 16777216 0 0 0 0 0 0 0 4 863
AUD 864 1 3 385 -1 0 16777216 0 0 0 0 0 16777217 88 864 331 864 0 0 0 4 864
AUD 865 2 3 -1 -1 0 16777217 88 864 331 864 0 16777216 0 0 0 0 0 0 0 4 865
AUD 866 1 3 386 -1 0 16777216 0 0 0 0 0 16777217 18 866 266 866 0 0 0 4 866
AUD 867 2 3 -1 -1 0 16777217 18 866 266 866 0 16777216 0 0 0 0 0 0 0 4 867
AUD 868 1 3 387 -1 0 16777216 0 0 0 0 0 16777217 84 868 331 868 0 0 0 4 868
AUD 869 2 3 -1 -1 0 16777217 84 868 331 868 0 16777216 0 0 0 0 0 0 0 4 869
AUD 870 1 3 388 -1 0 16777216 0 0 0 0 0 16777217 88 870 331 870 0 0 0 4 870
AUD 871 2 3 -1 -1 0 16777217 88 870 331 870 0 16777216 0 0 0 0 0 0 0 4 871
AUD 872 1 3 389 -1 0 16777216 0 0 0 0 0 16777217 86 872 331 872 0 0 0 4 872
AUD 873 2 3 -1 -1 0 16777217 86 872 331 872 0 16777216 0 0 0 0 0 0 0 4 873
AUD 874 1 3 390 -1 0 16777216 0 0 0 0 0 16777217 16 874 266 874 0 0 0 4 874
AUD 875 2 3 -1 -1 0 16777217 16 874 266 874 0 16777216 0 0 0 0 0 0 0 4 875
AUD 876 1 3 391 -1 0 16777216 0 0 0 0 0 16777217 20 876 266 876 0 0 0 4 876
AUD 877 12 31 -1 1 0 16777217 88 827 331 827 0 16777217 88 827 336 877 0 0 0 4 877
AUD 878 2 3 -1 -1 0 16777217 20 876 266 876 0 16777216 0 0 0 0 0 0 0 4 878
AUD 879 1 3 392 -1 0 16777216 0 0 0 0 0 16777217 86 879 331 879 0 0 0 4 879
AUD 880 2 3 -1 -1 0 16777217 86 879 331 879 0 16777216 0 0 0 0 0 0 0 4 880
AUD 881 1 3 393 -1 0 16777216 0 0 0 0 0 16777217 16 881 266 881 0 0 0 4 881
AUD 882 2 3 -1 -1 0 16777217 16 881 266 881 0 16777216 0 0 0 0 0 0 0 4 882
AUD 883 1 3 394 -1 0 16777216 0 0 0 0 0 16777217 20 883 266 883 0 0 0 4 883
AUD 884 2 3 -1 -1 0 16777217 20 883 266 883 0 16777216 0 0 0 0 0 0 0 4 884
AUD 885 1 3 395 -1 0 16777216 0 0 0 0 0 16777217 86 885 331 885 0 0 0 4 885
AUD 886 2 3 -1 -1 0 16777217 86 885 331 885 0 16777216 0 0 0 0 0 0 0 4 886
AUD 887 1 3 396 -1 0 16777216 0 0 0 0 0 16777217 16 887 266 887 0 0 0 4 887
AUD 888 2 3 -1 -1 0 16777217 16 887 266 887 0 16777216 0 0 0 0 0 0 0 4 888
AUD 889 1 3 397 -1 0 16777216 0 0 0 0 0 16777217 88 889 331 889 0 0 0 4 889
AUD 890 2 3 -1 -1 0 16777217 88 889 331 889 0 16777216 0 0 0 0 0 0 0 4 890
AUD 891 1 3 398 -1 0 16777216 0 0 0 0 0 16777217 86 891 331 891 0 0 0 4 891
AUD 892 2 3 -1 -1 0 16777217 86 891 331 891 0 16777216 0 0 0 0 0 0 0 4 892
AUD 893 1 3 399 -1 0 16777216 0 0 0 0 0 16777217 84 893 331 893 0 0 0 4 893
AUD 894 2 3 -1 -1 0 16777217 84 893 331 893 0 16777216 0 0 0 0 0 0 0 4 894
AUD 895 1 3 400 -1 0 16777216 0 0 0 0 0 16777217 20 895 266 895 0 0 0 4 895
AUD 896 2 3 -1 -1 0 16777217 20 895 266 895 0 16777216 0 0 0 0 0 0 0 4 896
AUD 897 1 3 401 -1 0 16777216 0 0 0 0 0 16777217 18 897 266 897 0 0 0 4 897
AUD 898 2 3 -1 -1 0 16777217 18 897 266 897 0 16777216 0 0 0 0 0 0 0 4 898
AUD 899 1 3 402 -1 0 16777216 0 0 0 0 0 16777217 84 899 331 899 0 0 0 4 899
AUD 900 2 3 -1 -1 0 16777217 84 899 331 899 0 16777216 0 0 0 0 0 0 0 4 900
AUD 901 1 3 403 -1 0 16777216 0 0 0 0 0 16777217 20 901 266 901 0 0 0 4 901
AUD 902 2 3 -1 -1 0 16777217 20 901 266 901 0 16777216 0 0 0 0 0 0 0 4 902
AUD 903 1 3 404 -1 0 16777216 0 0 0 0 0 16777217 18 903 266 903 0 0 0 4 903
AUD 904 2 3 -1 -1 0 16777217 18 903 266 903 0 16777216 0 0 0 0 0 0 0 4 904
AUD 905 1 3 405 -1 0 16777216 0 0 0 0 0 16777217 84 905 331 905 0 0 0 4 905
AUD 906 2 3 -1 -1 0 16777217 84 905 331 905 0 16777216 0 0 0 0 0 0 0 4 906
AUD 907 1 3 406 -1 0 16777216 0 0 0 0 0 16777217 20 907 266 907 0 0 0 4 907
AUD 908 2 3 -1 -1 0 16777217 20 907 266 907 0 16777216 0 0 0 0 0 0 0 4 908
AUD 909 1 3 407 -1 0 16777216 0 0 0 0 0 16777217 86 909 331 909 0 0 0 4 909
AUD 910 14 3 407 80 0 16777217 86 909 331 909 0 16777217 86 909 592 910 0 1 7 4 910
AUD 911 2 3 -1 -1 0 16777217 86 909 592 910 0 16777216 0 0 0 0 0 0 0 4 911
AUD 912 1 3 408 -1 0 16777216 0 0 0 0 0 16777217 84 912 331 912 0 0 0 4 912
AUD 913 14 3 408 80 0 16777217 84 912 331 912 0 16777217 84 912 592 913 0 1 7 4 913
AUD 914 2 3 -1 -1 0 16777217 84 912 592 913 0 16777216 0 0 0 0 0 0 0 4 914
AUD 915 1 3 409 -1 0 16777216 0 0 0 0 0 16777217 88 915 331 915 0 0 0 4 915
AUD 916 14 3 409 80 0 16777217 88 915 331 915 0 16777217 88 915 592 916 0 1 7 4 916
AUD 917 2 3 -1 -1 0 16777217 88 915 592 916 0 16777216 0 0 0 0 0 0 0 4 917
AUD 918 1 3 410 -1 0 16777216 0 0 0 0 0 16777217 18 918 266 918 0 0 0 4 918
AUD 919 2 3 -1 -1 0 16777217 18 918 266 918 0 16777216 0 0 0 0 0 0 0 4 919
AUD 920 1 3 411 -1 0 16777216 0 0 0 0 0 16777217 16 920 266 920 0 0 0 4 920
AUD 921 2 3 -1 -1 0 16777217 16 920 266 920 0 16777216 0 0 0 0 0 0 0 4 921
AUD 922 1 3 412 -1 0 16777216 0 0 0 0 0 16777217 88 922 331 922 0 0 0 4 922
AUD 923 2 3 -1 -1 0 16777217 88 922 331 922 0 16777216 0 0 0 0 0 0 0 4 923
AUD 924 1 3 413 -1 0 16777216 0 0 0 0 0 16777217 18 924 266 924 0 0 0 4 924
AUD 925 2 3 -1 -1 0 16777217 18 924 266 924 0 16777216 0 0 0 0 0 0 0 4 925
AUD 926 1 3 414 -1 0 16777216 0 0 0 0 0 16777217 16 926 266 926 0 0 0 4 926
AUD 927 2 3 -1 -1 0 16777217 16 926 266 926 0 16777216 0 0 0 0 0 0 0 4 927
AUD 928 1 3 415 -1 0 16777216 0 0 0 0 0 16777217 88 928 331 928 0 0 0 4 928
AUD 929 2 3 -1 -1 0 16777217 88 928 331 928 0 16777216 0 0 0 0 0 0 0 4 929
AUD 930 1 3 416 -1 0 16777216 0 0 0 0 0 16777217 18 930 266 930 0 0 0 4 930
AUD 931 2 31 -1 -1 0 16777217 88 827 336 877 0 16777216 0 0 0 0 0 0 0 4 931
AUD 932 1 31 417 -1 0 16777216 0 0 0 0 0 16777217 84 932 331 932 0 0 0 4 932
AUD 933 2 3 -1 -1 0 16777217 18 930 266 930 0 16777216 0 0 0 0 0 0 0 4 933
AUD 934 1 3 418 -1 0 16777216 0 0 0 0 0 16777217 88 934 331 934 0 0 0 4 934
AUD 935 2 31 -1 -1 0 16777217 84 932 331 932 0 16777216 0 0 0 0 0 0 0 4 935
AUD 936 1 31 419 -1 0 16777216 0 0 0 0 0 16777217 86 936 331 936 0 0 0 4 936
AUD 937 2 31 -1 -1 0 16777217 86 936 331 936 0 16777216 0 0 0 0 0 0 0 4 937
AUD 938 1 31 420 -1 0 16777216 0 0 0 0 0 16777217 16 938 266 938 0 0 0 4 938
AUD 939 2 31 -1 -1 0 16777217 16 938 266 938 0 16777216 0 0 0 0 0 0 0 4 939
AUD 940 1 31 421 -1 0 16777216 0 0 0 0 0 16777217 20 940 266 940 0 0 0 4 940
AUD 941 2 31 -1 -1 0 16777217 20 940 266 940 0 16777216 0 0 0 0 0 0 0 4 941
AUD 942 1 31 422 -1 0 16777216 0 0 0 0 0 16777217 86 942 331 942 0 0 0 4 942
AUD 943 2 31 -1 -1 0 16777217 86 942 331 942 0 16777216 0 0 0 0 0 0 0 4 943
AUD 944 1 31 423 -1 0 16777216 0 0 0 0 0 16777217 16 944 266 944 0 0 0 4 944
AUD 945 2 31 -1 -1 0 16777217 16 944 266 944 0 16777216 0 0 0 0 0 0 0 4 945
AUD 946 1 31 424 -1 0 16777216 0 0 0 0 0 16777217 20 946 266 946 0 0 0 4 946
AUD 947 2 31 -1 -1 0 16777217 20 946 266 946 0 16777216 0 0 0 0 0 0 0 4 947
AUD 948 1 31 425 -1 0 16777216 0 0 0 0 0 16777217 86 948 331 948 0 0 0 4 948
AUD 949 2 31 -1 -1 0 16777217 86 948 331 948 0 16777216 0 0 0 0 0 0 0 4 949
AUD 950 1 31 426 -1 0 16777216 0 0 0 0 0 16777217 16 950 266 950 0 0 0 4 950
AUD 951 2 31 -1 -1 0 16777217 16 950 266 950 0 16777216 0 0 0 0 0 0 0 4 951
AUD 952 1 31 427 -1 0 16777216 0 0 0 0 0 16777217 88 952 331 952 0 0 0 4 952
AUD 953 2 3 -1 -1 0 16777217 88 934 331 934 0 16777216 0 0 0 0 0 0 0 4 953
AUD 954 1 3 428 -1 0 16777216 0 0 0 0 0 16777217 86 954 331 954 0 0 0 4 954
AUD 955 2 3 -1 -1 0 16777217 86 954 331 954 0 16777216 0 0 0 0 0 0 0 4 955
AUD 956 1 3 429 -1 0 16777216 0 0 0 0 0 16777217 84 956 331 956 0 0 0 4 956
AUD 957 2 3 -1 -1 0 16777217 84 956 331 956 0 16777216 0 0 0 0 0 0 0 4 957
AUD 958 1 3 430 -1 0 16777216 0 0 0 0 0 16777217 20 958 266 958 0 0 0 4 958
AUD 959 2 3 -1 -1 0 16777217 20 958 266 958 0 16777216 0 0 0 0 0 0 0 4 959
AUD 960 1 3 431 -1 0 16777216 0 0 0 0 0 16777217 18 960 266 960 0 0 0 4 960
AUD 961 2 3 -1 -1 0 16777217 18 960 266 960 0 16777216 0 0 0 0 0 0 0 4 961
AUD 962 1 3 432 -1 0 16777216 0 0 0 0 0 16777217 84 962 331 962 0 0 0 4 962
AUD 963 2 3 -1 -1 0 16777217 84 962 331 962 0 16777216 0 0 0 0 0 0 0 4 963
AUD 964 1 3 433 -1 0 16777216 0 0 0 0 0 16777217 20 964 266 964 0 0 0 4 964
AUD 965 2 3 -1 -1 0 16777217 20 964 266 964 0 16777216 0 0 0 0 0 0 0 4 965
AUD 966 1 3 434 -1 0 16777216 0 0 0 0 0 16777217 18 966 266 966 0 0 0 4 966
AUD 967 2 3 -1 -1 0 16777217 18 966 266 966 0 16777216 0 0 0 0 0 0 0 4 967
AUD 968 1 3 435 -1 0 16777216 0 0 0 0 0 16777217 84 968 331 968 0 0 0 4 968
AUD 969 2 3 -1 -1 0 16777217 84 968 331 968 0 16777216 0 0 0 0 0 0 0 4 969
AUD 970 1 3 436 -1 0 16777216 0 0 0 0 0 16777217 20 970 266 970 0 0 0 4 970
AUD 971 2 3 -1 -1 0 16777217 20 970 266 970 0 16777216 0 0 0 0 0 0 0 4 971
AUD 972 1 3 437 -1 0 16777216 0 0 0 0 0 16777217 86 972 331 972 0 0 0 4 972
AUD 973 2 3 -1 -1 0 16777217 86 972 331 972 0 16777216 0 0 0 0 0 0 0 4 973
AUD 974 1 3 438 -1 0 16777216 0 0 0 0 0 16777217 84 974 331 974 0 0 0 4 974
AUD 975 2 3 -1 -1 0 16777217 84 974 331 974 0 16777216 0 0 0 0 0 0 0 4 975
AUD 976 1 3 439 -1 0 16777216 0 0 0 0 0 16777217 88 976 331 976 0 0 0 4 976
AUD 977 2 3 -1 -1 0 16777217 88 976 331 976 0 16777216 0 0 0 0 0 0 0 4 977
AUD 978 1 3 440 -1 0 16777216 0 0 0 0 0 16777217 18 978 266 978 0 0 0 4 978
AUD 979 2 3 -1 -1 0 16777217 18 978 266 978 0 16777216 0 0 0 0 0 0 0 4 979
AUD 980 1 3 441 -1 0 16777216 0 0 0 0 0 16777217 16 980 266 980 0 0 0 4 980
AUD 981 2 3 -1 -1 0 16777217 16 980 266 980 0 16777216 0 0 0 0 0 0 0 4 981
AUD 982 1 3 442 -1 0 16777216 0 0 0 0 0 16777217 88 982 331 982 0 0 0 4 982
AUD 983 2 3 -1 -1 0 16777217 88 982 331 982 0 16777216 0 0 0 0 0 0 0 4 983
AUD 984 1 3 443 -1 0 16777216 0 0 0 0 0 16777217 18 984 266 984 0 0 0 4 984
AUD 985 2 3 -1 -1 0 16777217 18 984 266 984 0 16777216 0 0 0 0 0 0 0 4 985
AUD 986 1 3 444 -1 0 16777216 0 0 0 0 0 16777217 16 986 266 986 0 0 0 4 986
AUD 987 2 3 -1 -1 0 16777217 16 986 266 986 0 16777216 0 0 0 0 0 0 0 4 987
AUD 988 1 3 445 -1 0 16777216 0 0 0 0 0 16777217 88 988 331 988 0 0 0 4 988
AUD 989 2 3 -1 -1 0 16777217 88 988 331 988 0 16777216 0 0 0 0 0 0 0 4 989
AUD 990 1 3 446 -1 0 16777216 0 0 0 0 0 16777217 18 990 266 990 0 0 0 4 990
AUD 991 2 3 -1 -1 0 16777217 18 990 266 990 0 16777216 0 0 0 0 0 0 0 4 991
AUD 992 1 3 447 -1 0 16777216 0 0 0 0 0 16777217 84 992 331 992 0 0 0 4 992
AUD 993 2 3 -1 -1 0 16777217 84 992 331 992 0 16777216 0 0 0 0 0 0 0 4 993
AUD 994 1 3 448 -1 0 16777216 0 0 0 0 0 16777217 88 994 331 994 0 0 0 4 994
AUD 995 2 3 -1 -1 0 16777217 88 994 331 994 0 16777216 0 0 0 0 0 0 0 4 995
AUD 996 1 3 449 -1 0 16777216 0 0 0 0 0 16777217 86 996 331 996 0 0 0 4 996
AUD 997 2 3 -1 -1 0 16777217 86 996 331 996 0 16777216 0 0 0 0 0 0 0 4 997
AUD 998 1 3 450 -1 0 16777216 0 0 0 0 0 16777217 16 998 266 998 0 0 0 4 998
AUD 999 2 3 -1 -1 0 16777217 16 998 266 998 0 16777216 0 0 0 0 0 0 0 4 999
AUD 1000 1 3 451 -1 0 16777216 0 0 0 0 0 16777217 20 1000 266 1000 0 0 0 4 1000
AUD 1001 12 31 -1 1 0 16777217 88 952 331 952 0 16777217 88 952 336 1001 0 0 0 4 1001
AUD 1002 2 3 -1 -1 0 16777217 20 1000 266 1000 0 16777216 0 0 0 0 0 0 0 4 1002
AUD 1003 1 3 452 -1 0 16777216 0 0 0 0 0 16777217 86 1003 331 1003 0 0 0 4 1003
AUD 1004 2 3 -1 -1 0 16777217 86 1003 331 1003 0 16777216 0 0 0 0 0 0 0 4 1004
AUD 1005 1 3 453 -1 0 16777216 0 0 0 0 0 16777217 16 1005 266 1005 0 0 0 4 1005
AUD 1006 2 3 -1 -1 0 16777217 16 1005 266 1005 0 16777216 0 0 0 0 0 0 0 4 1006
AUD 1007 1 3 454 -1 0 16777216 0 0 0 0 0 16777217 20 1007 266 1007 0 0 0 4 1007
AUD 1008 2 3 -1 -1 0 16777217 20 1007 266 1007 0 16777216 0 0 0 0 0 0 0 4 1008
AUD 1009 1 3 455 -1 0 16777216 0 0 0 0 0 16777217 86 1009 331 1009 0 0 0 4 1009
AUD 1010 2 3 -1 -1 0 16777217 86 1009 331 1009 0 16777216 0 0 0 0 0 0 0 4 1010
AUD 1011 1 3 456 -1 0 16777216 0 0 0 0 0 16777217 16 1011 266 1011 0 0 0 4 1011
AUD 1012 2 3 -1 -1 0 16777217 16 1011 266 1011 0 16777216 0 0 0 0 0 0 0 4 1012
AUD 1013 1 3 457 -1 0 16777216 0 0 0 0 0 16777217 88 1013 331 1013 0 0 0 4 1013
AUD 1014 14 3 457 80 0 16777217 88 1013 331 1013 0 16777217 88 1013 592 1014 0 1 7 4 1014
AUD 1015 2 3 -1 -1 0 16777217 88 1013 592 1014 0 16777216 0 0 0 0 0 0 0 4 1015
AUD 1016 1 3 458 -1 0 16777216 0 0 0 0 0 16777217 86 1016 331 1016 0 0 0 4 1016
AUD 1017 14 3 458 80 0 16777217 86 1016 331 1016 0 16777217 86 1016 592 1017 0 1 7 4 1017
AUD 1018 2 3 -1 -1 0 16777217 86 1016 592 1017 0 16777216 0 0 0 0 0 0 0 4 1018
AUD 1019 1 3 459 -1 0 16777216 0 0 0 0 0 16777217 84 1019 331 1019 0 0 0 4 1019
AUD 1020 14 3 459 80 0 16777217 84 1019 331 1019 0 16777217 84 1019 592 1020 0 1 7 4 1020
AUD 1021 2 3 -1 -1 0 16777217 84 1019 592 1020 0 16777216 0 0 0 0 0 0 0 4 1021
AUD 1022 1 3 460 -1 0 16777216 0 0 0 0 0 16777217 20 1022 266 1022 0 0 0 4 1022
AUD 1023 2 3 -1 -1 0 16777217 20 1022 266 1022 0 16777216 0 0 0 0 0 0 0 4 1023
AUD 1024 1 3 461 -1 0 16777216 0 0 0 0 0 16777217 18 1024 266 1024 0 0 0 4 1024
AUD 1025 2 3 -1 -1 0 16777217 18 1024 266 1024 0 16777216 0 0 0 0 0 0 0 4 1025
AUD 1026 1 3 462 -1 0 16777216 0 0 0 0 0 16777217 84 1026 331 1026 0 0 0 4 1026
AUD 1027 2 3 -1 -1 0 16777217 84 1026 331 1026 0 16777216 0 0 0 0 0 0 0 4 1027
AUD 1028 1 3 463 -1 0 16777216 0 0 0 0 0 16777217 20 1028 266 1028 0 0 0 4 1028
AUD 1029 2 3 -1 -1 0 16777217 20 1028 266 1028 0 16777216 0 0 0 0 0 0 0 4 1029
AUD 1030 1 3 464 -1 0 16777216 0 0 0 0 0 16777217 18 1030 266 1030 0 0 0 4 1030
AUD 1031 2 3 -1 -1 0 16777217 18 1030 266 1030 0 16777216 0 0 0 0 0 0 0 4 1031
AUD 1032 1 3 465 -1 0 16777216 0 0 0 0 0 16777217 84 1032 331 1032 0 0 0 4 1032
AUD 1033 2 3 -1 -1 0 16777217 84 1032 331 1032 0 16777216 0 0 0 0 0 0 0 4 1033
AUD 1034 1 3 466 -1 0 16777216 0 0 0 0 0 16777217 20 1034 266 1034 0 0 0 4 1034
AUD 1035 2 3 -1 -1 0 16777217 20 1034 266 1034 0 16777216 0 0 0 0 0 0 0 4 1035
AUD 1036 1 3 467 -1 0 16777216 0 0 0 0 0 16777217 86 1036 331 1036 0 0 0 4 1036
AUD 1037 2 3 -1 -1 0 16777217 86 1036 331 1036 0 16777216 0 0 0 0 0 0 0 4 1037
AUD 1038 1 3 468 -1 0 16777216 0 0 0 0 0 16777217 84 1038 331 1038 0 0 0 4 1038
AUD 1039 2 3 -1 -1 0 16777217 84 1038 331 1038 0 16777216 0 0 0 0 0 0 0 4 1039
AUD 1040 1 3 469 -1 0 16777216 0 0 0 0 0 16777217 88 1040 331 1040 0 0 0 4 1040
AUD 1041 2 3 -1 -1 0 16777217 88 1040 331 1040 0 16777216 0 0 0 0 0 0 0 4 1041
AUD 1042 1 3 470 -1 0 16777216 0 0 0 0 0 16777217 18 1042 266 1042 0 0 0 4 1042
AUD 1043 2 3 -1 -1 0 16777217 18 1042 266 1042 0 16777216 0 0 0 0 0 0 0 4 1043
AUD 1044 1 3 471 -1 0 16777216 0 0 0 0 0 16777217 16 1044 266 1044 0 0 0 4 1044
AUD 1045 2 3 -1 -1 0 16777217 16 1044 266 1044 0 16777216 0 0 0 0 0 0 0 4 1045
AUD 1046 1 3 472 -1 0 16777216 0 0 0 0 0 16777217 88 1046 331 1046 0 0 0 4 1046
AUD 1047 2 3 -1 -1 0 16777217 88 1046 331 1046 0 16777216 0 0 0 0 0 0 0 4 1047
AUD 1048 1 3 473 -1 0 16777216 0 0 0 0 0 16777217 18 1048 266 1048 0 0 0 4 1048
AUD 1049 2 3 -1 -1 0 16777217 18 1048 266 1048 0 16777216 0 0 0 0 0 0 0 4 1049
AUD 1050 1 3 474 -1 0 16777216 0 0 0 0 0 16777217 16 1050 266 1050 0 0 0 4 1050
AUD 1051 2 3 -1 -1 0 16777217 16 1050 266 1050 0 16777216 0 0 0 0 0 0 0 4 1051
AUD 1052 1 3 475 -1 0 16777216 0 0 0 0 0 16777217 88 1052 331 1052 0 0 0 4 1052
AUD 1053 2 3 -1 -1 0 16777217 88 1052 331 1052 0 16777216 0 0 0 0 0 0 0 4 1053
AUD 1054 1 3 476 -1 0 16777216 0 0 0 0 0 16777217 18 1054 266 1054 0 0 0 4 1054
AUD 1055 2 31 -1 -1 0 16777217 88 952 336 1001 0 16777216 0 0 0 0 0 0 0 4 1055
AUD 1056 1 31 477 -1 0 16777216 0 0 0 0 0 16777217 84 1056 331 1056 0 0 0 4 1056
AUD 1057 2 3 -1 -1 0 16777217 18 1054 266 1054 0 16777216 0 0 0 0 0 0 0 4 1057
AUD 1058 1 3 478 -1 0 16777216 0 0 0 0 0 16777217 88 1058 331 1058 0 0 0 4 1058
AUD 1059 2 31 -1 -1 0 16777217 84 1056 331 1056 0 16777216 0 0 0 0 0 0 0 4 1059
AUD 1060 1 31 479 -1 0 16777216 0 0 0 0 0 16777217 86 1060 331 1060 0 0 0 4 1060
AUD 1061 2 31 -1 -1 0 16777217 86 1060 331 1060 0 16777216 0 0 0 0 0 0 0 4 1061
AUD 1062 1 31 480 -1 0 16777216 0 0 0 0 0 16777217 16 1062 266 1062 0 0 0 4 1062
AUD 1063 2 31 -1 -1 0 16777217 16 1062 266 1062 0 16777216 0 0 0 0 0 0 0 4 1063
AUD 1064 1 31 481 -1 0 16777216 0 0 0 0 0 16777217 20 1064 266 1064 0 0 0 4 1064
AUD 1065 2 31 -1 -1 0 16777217 20 1064 266 1064 0 16777216 0 0 0 0 0 0 0 4 1065
AUD 1066 1 31 482 -1 0 16777216 0 0 0 0 0 16777217 86 1066 331 1066 0 0 0 4 1066
AUD 1067 2 31 -1 -1 0 16777217 86 1066 331 1066 0 16777216 0 0 0 0 0 0 0 4 1067
AUD 1068 1 31 483 -1 0 16777216 0 0 0 0 0 16777217 16 1068 266 1068 0 0 0 4 1068
AUD 1069 2 31 -1 -1 0 16777217 16 1068 266 1068 0 16777216 0 0 0 0 0 0 0 4 1069
AUD 1070 1 31 484 -1 0 16777216 0 0 0 0 0 16777217 20 1070 266 1070 0 0 0 4 1070
AUD 1071 2 31 -1 -1 0 16777217 20 1070 266 1070 0 16777216 0 0 0 0 0 0 0 4 1071
AUD 1072 1 31 485 -1 0 16777216 0 0 0 0 0 16777217 86 1072 331 1072 0 0 0 4 1072
AUD 1073 2 31 -1 -1 0 16777217 86 1072 331 1072 0 16777216 0 0 0 0 0 0 0 4 1073
AUD 1074 1 31 486 -1 0 16777216 0 0 0 0 0 16777217 16 1074 266 1074 0 0 0 4 1074
AUD 1075 2 31 -1 -1 0 16777217 16 1074 266 1074 0 16777216 0 0 0 0 0 0 0 4 1075
AUD 1076 1 31 487 -1 0 16777216 0 0 0 0 0 16777217 88 1076 331 1076 0 0 0 4 1076
AUD 1077 2 3 -1 -1 0 16777217 88 1058 331 1058 0 16777216 0 0 0 0 0 0 0 4 1077
AUD 1078 1 3 488 -1 0 16777216 0 0 0 0 0 16777217 86 1078 331 1078 0 0 0 4 1078
AUD 1079 2 3 -1 -1 0 16777217 86 1078 331 1078 0 16777216 0 0 0 0 0 0 0 4 1079
AUD 1080 1 3 489 -1 0 16777216 0 0 0 0 0 16777217 84 1080 331 1080 0 0 0 4 1080
AUD 1081 2 3 -1 -1 0 16777217 84 1080 331 1080 0 16777216 0 0 0 0 0 0 0 4 1081
AUD 1082 1 3 490 -1 0 16777216 0 0 0 0 0 16777217 20 1082 266 1082 0 0 0 4 1082
AUD 1083 2 3 -1 -1 0 16777217 20 1082 266 1082 0 16777216 0 0 0 0 0 0 0 4 1083
AUD 1084 1 3 491 -1 0 16777216 0 0 0 0 0 16777217 18 1084 266 1084 0 0 0 4 1084
AUD 1085 2 3 -1 -1 0 16777217 18 1084 266 1084 0 16777216 0 0 0 0 0 0 0 4 1085
AUD 1086 1 3 492 -1 0 16777216 0 0 0 0 0 16777217 84 1086 331 1086 0 0 0 4 1086
AUD 1087 2 3 -1 -1 0 16777217 84 1086 331 1086 0 16777216 0 0 0 0 0 0 0 4 1087
AUD 1088 1 3 493 -1 0 16777216 0 0 0 0 0 16777217 20 1088 266 1088 0 0 0 4 1088
AUD 1089 2 3 -1 -1 0 16777217 20 1088 266 1088 0 16777216 0 0 0 0 0 0 0 4 1089
AUD 1090 1 3 494 -1 0 16777216 0 0 0 0 0 16777217 18 1090 266 1090 0 0 0 4 1090
AUD 1091 2 3 -1 -1 0 16777217 18 1090 266 1090 0 16777216 0 0 0 0 0 0 0 4 1091
AUD 1092 1 3 495 -1 0 16777216 0 0 0 0 0 16777217 84 1092 331 1092 0 0 0 4 1092
AUD 1093 2 3 -1 -1 0 16777217 84 1092 331 1092 0 16777216 0 0 0 0 0 0 0 4 1093
AUD 1094 1 3 496 -1 0 16777216 0 0 0 0 0 16777217 20 1094 266 1094 0 0 0 4 1094
AUD 1095 2 3 -1 -1 0 16777217 20 1094 266 1094 0 16777216 0 0 0 0 0 0 0 4 1095
AUD 1096 1 3 497 -1 0 16777216 0 0 0 0 0 16777217 86 1096 331 1096 0 0 0 4 1096
AUD 1097 2 3 -1 -1 0 16777217 86 1096 331 1096 0 16777216 0 0 0 0 0 0 0 4 1097
AUD 1098 1 3 498 -1 0 16777216 0 0 0 0 0 16777217 84 1098 331 1098 0 0 0 4 1098
AUD 1099 2 3 -1 -1 0 16777217 84 1098 331 1098 0 16777216 0 0 0 0 0 0 0 4 1099
AUD 1100 1 3 499 -1 0 16777216 0 0 0 0 0 16777217 88 1100 331 1100 0 0 0 4 1100
AUD_DONE 1101
AUD_FP -1761359139
