AUD 0 1 0 -1 -1 0 0 0 0 0 0 0 65537 95 0 0 0 0 0 0 0 0
AUD 1 1 1 -1 -1 0 0 0 0 0 0 0 65537 90 1 0 1 0 0 0 0 1
AUD 2 8 -1 4 -1 0 0 0 0 0 0 0 0 0 0 0 0 0 0 0 4 2
AUD 3 1 2 0 -1 0 0 0 0 0 0 0 16777217 20 3 266 3 0 0 0 4 3
AUD 4 1 3 1 -1 0 0 0 0 0 0 0 16777217 18 4 266 4 0 0 0 4 4
AUD 5 1 4 2 -1 0 0 0 0 0 0 0 16777217 16 5 266 5 0 0 0 4 5
AUD 6 1 5 3 -1 0 0 0 0 0 0 0 16777217 88 6 331 6 0 0 0 4 6
AUD 7 1 6 4 -1 0 0 0 0 0 0 0 16777217 18 7 266 7 0 0 0 4 7
AUD 8 1 7 5 -1 0 0 0 0 0 0 0 16777217 16 8 266 8 0 0 0 4 8
AUD 9 1 8 6 -1 0 0 0 0 0 0 0 16777217 88 9 331 9 0 0 0 4 9
AUD 10 1 9 7 -1 0 0 0 0 0 0 0 16777217 86 10 331 10 0 0 0 4 10
AUD 11 14 9 7 80 0 16777217 86 10 331 10 0 16777217 86 10 592 11 0 1 7 4 11
AUD 12 1 10 8 -1 0 0 0 0 0 0 0 16777217 84 12 331 12 0 0 0 4 12
AUD 13 14 10 8 80 0 16777217 84 12 331 12 0 16777217 84 12 592 13 0 1 7 4 13
AUD 14 1 11 9 -1 0 0 0 0 0 0 0 16777217 88 14 331 14 0 0 0 4 14
AUD 15 14 11 9 80 0 16777217 88 14 331 14 0 16777217 88 14 592 15 0 1 7 4 15
AUD 16 1 12 10 -1 0 0 0 0 0 0 0 16777217 18 16 266 16 0 0 0 4 16
AUD 17 1 13 11 -1 0 0 0 0 0 0 0 16777217 16 17 266 17 0 0 0 4 17
AUD 18 1 14 12 -1 0 0 0 0 0 0 0 16777217 20 18 266 18 0 0 0 4 18
AUD 19 1 15 13 -1 0 0 0 0 0 0 0 16777217 86 19 331 19 0 0 0 4 19
AUD 20 1 16 14 -1 0 0 0 0 0 0 0 16777217 16 20 266 20 0 0 0 4 20
AUD 21 1 17 15 -1 0 0 0 0 0 0 0 16777217 20 21 266 21 0 0 0 4 21
AUD 22 1 18 16 -1 0 0 0 0 0 0 0 16777217 86 22 331 22 0 0 0 4 22
AUD 23 1 19 17 -1 0 0 0 0 0 0 0 16777217 84 23 331 23 0 0 0 4 23
AUD 24 1 20 18 -1 0 0 0 0 0 0 0 16777217 88 24 331 24 0 0 0 4 24
AUD 25 1 21 19 -1 0 0 0 0 0 0 0 16777217 86 25 331 25 0 0 0 4 25
AUD 26 1 22 20 -1 0 0 0 0 0 0 0 16777217 16 26 266 26 0 0 0 4 26
AUD 27 1 23 21 -1 0 0 0 0 0 0 0 16777217 20 27 266 27 0 0 0 4 27
AUD 28 1 24 22 -1 0 0 0 0 0 0 0 16777217 18 28 266 28 0 0 0 4 28
AUD 29 1 25 23 -1 0 0 0 0 0 0 0 16777217 84 29 331 29 0 0 0 4 29
AUD 30 1 26 24 -1 0 0 0 0 0 0 0 16777217 20 30 266 30 0 0 0 4 30
AUD 31 1 27 25 -1 0 0 0 0 0 0 0 16777217 18 31 266 31 0 0 0 4 31
AUD 32 1 28 26 -1 0 0 0 0 0 0 0 16777217 84 32 331 32 0 0 0 4 32
AUD 33 1 29 27 -1 0 0 0 0 0 0 0 16777217 88 33 331 33 0 0 0 4 33
AUD 34 12 5 -1 1 0 16777217 88 6 331 6 0 16777217 88 6 336 34 0 0 0 4 34
AUD 35 1 30 28 -1 0 0 0 0 0 0 0 16777217 86 35 331 35 0 0 0 4 35
AUD 36 1 31 29 -1 0 0 0 0 0 0 0 16777217 84 36 331 36 0 0 0 4 36
AUD 37 2 4 -1 -1 0 16777217 16 5 266 5 0 16777216 0 0 0 0 0 0 0 4 37
AUD 38 1 4 30 -1 0 16777216 0 0 0 0 0 16777217 20 38 266 38 0 0 0 4 38
AUD 39 12 8 -1 1 0 16777217 88 9 331 9 0 16777217 88 9 336 39 0 0 0 4 39
AUD 40 2 7 -1 -1 0 16777217 16 8 266 8 0 16777216 0 0 0 0 0 0 0 4 40
AUD 41 1 7 31 -1 0 16777216 0 0 0 0 0 16777217 18 41 266 41 0 0 0 4 41
AUD 42 12 9 -1 1 0 16777217 86 10 592 11 0 16777217 86 10 336 42 0 0 0 4 42
AUD 43 2 13 -1 -1 0 16777217 16 17 266 17 0 16777216 0 0 0 0 0 0 0 4 43
AUD 44 1 13 32 -1 0 16777216 0 0 0 0 0 16777217 16 44 266 44 0 0 0 4 44
AUD 45 12 10 -1 1 0 16777217 84 12 592 13 0 16777217 84 12 336 45 0 0 0 4 45
AUD 46 2 13 -1 -1 0 16777217 16 44 266 44 0 16777216 0 0 0 0 0 0 0 4 46
AUD 47 1 13 33 -1 0 16777216 0 0 0 0 0 16777217 88 47 331 47 0 0 0 4 47
AUD 48 12 11 -1 1 0 16777217 88 14 592 15 0 16777217 88 14 336 48 0 0 0 4 48
AUD 49 2 16 -1 -1 0 16777217 16 20 266 20 0 16777216 0 0 0 0 0 0 0 4 49
AUD 50 1 16 34 -1 0 16777216 0 0 0 0 0 16777217 18 50 266 50 0 0 0 4 50
AUD 51 2 22 -1 -1 0 16777217 16 26 266 26 0 16777216 0 0 0 0 0 0 0 4 51
AUD 52 1 22 35 -1 0 16777216 0 0 0 0 0 16777217 16 52 266 52 0 0 0 4 52
AUD 53 2 22 -1 -1 0 16777217 16 52 266 52 0 16777216 0 0 0 0 0 0 0 4 53
AUD 54 1 22 36 -1 0 16777216 0 0 0 0 0 16777217 88 54 331 54 0 0 0 4 54
AUD 55 2 3 -1 -1 0 16777217 18 4 266 4 0 16777216 0 0 0 0 0 0 0 4 55
AUD 56 1 3 37 -1 0 16777216 0 0 0 0 0 16777217 86 56 331 56 0 0 0 4 56
AUD 57 12 15 -1 1 0 16777217 86 19 331 19 0 16777217 86 19 336 57 0 0 0 4 57
AUD 58 2 6 -1 -1 0 16777217 18 7 266 7 0 16777216 0 0 0 0 0 0 0 4 58
AUD 59 1 6 38 -1 0 16777216 0 0 0 0 0 16777217 84 59 331 59 0 0 0 4 59
AUD 60 2 7 -1 -1 0 16777217 18 41 266 41 0 16777216 0 0 0 0 0 0 0 4 60
AUD 61 1 7 39 -1 0 16777216 0 0 0 0 0 16777217 88 61 331 61 0 0 0 4 61
AUD 62 2 12 -1 -1 0 16777217 18 16 266 16 0 16777216 0 0 0 0 0 0 0 4 62
AUD 63 1 12 40 -1 0 16777216 0 0 0 0 0 16777217 18 63 266 63 0 0 0 4 63
AUD 64 12 18 -1 1 0 16777217 86 22 331 22 0 16777217 86 22 336 64 0 0 0 4 64
AUD 65 2 12 -1 -1 0 16777217 18 63 266 63 0 16777216 0 0 0 0 0 0 0 4 65
AUD 66 1 12 41 -1 0 16777216 0 0 0 0 0 16777217 16 66 266 66 0 0 0 4 66
AUD 67 12 19 -1 1 0 16777217 84 23 331 23 0 16777217 84 23 336 67 0 0 0 4 67
AUD 68 2 12 -1 -1 0 16777217 16 66 266 66 0 16777216 0 0 0 0 0 0 0 4 68
AUD 69 1 12 42 -1 0 16777216 0 0 0 0 0 16777217 20 69 266 69 0 0 0 4 69
AUD 70 12 20 -1 1 0 16777217 88 24 331 24 0 16777217 88 24 336 70 0 0 0 4 70
AUD 71 2 16 -1 -1 0 16777217 18 50 266 50 0 16777216 0 0 0 0 0 0 0 4 71
AUD 72 1 16 43 -1 0 16777216 0 0 0 0 0 16777217 86 72 331 72 0 0 0 4 72
AUD 73 12 21 -1 1 0 16777217 86 25 331 25 0 16777217 86 25 336 73 0 0 0 4 73
AUD 74 2 24 -1 -1 0 16777217 18 28 266 28 0 16777216 0 0 0 0 0 0 0 4 74
AUD 75 1 24 44 -1 0 16777216 0 0 0 0 0 16777217 16 75 266 75 0 0 0 4 75
AUD 76 2 24 -1 -1 0 16777217 16 75 266 75 0 16777216 0 0 0 0 0 0 0 4 76
AUD 77 1 24 45 -1 0 16777216 0 0 0 0 0 16777217 20 77 266 77 0 0 0 4 77
AUD 78 2 27 -1 -1 0 16777217 18 31 266 31 0 16777216 0 0 0 0 0 0 0 4 78
AUD 79 1 27 46 -1 0 16777216 0 0 0 0 0 16777217 86 79 331 79 0 0 0 4 79
AUD 80 2 2 -1 -1 0 16777217 20 3 266 3 0 16777216 0 0 0 0 0 0 0 4 80
AUD 81 1 2 47 -1 0 16777216 0 0 0 0 0 16777217 84 81 331 81 0 0 0 4 81
AUD 82 12 25 -1 1 0 16777217 84 29 331 29 0 16777217 84 29 336 82 0 0 0 4 82
AUD 83 2 4 -1 -1 0 16777217 20 38 266 38 0 16777216 0 0 0 0 0 0 0 4 83
AUD 84 1 4 48 -1 0 16777216 0 0 0 0 0 16777217 88 84 331 84 0 0 0 4 84
AUD 85 2 12 -1 -1 0 16777217 20 69 266 69 0 16777216 0 0 0 0 0 0 0 4 85
AUD 86 1 12 49 -1 0 16777216 0 0 0 0 0 16777217 86 86 331 86 0 0 0 4 86
AUD 87 2 14 -1 -1 0 16777217 20 18 266 18 0 16777216 0 0 0 0 0 0 0 4 87
AUD 88 1 14 50 -1 0 16777216 0 0 0 0 0 16777217 16 88 266 88 0 0 0 4 88
AUD 89 12 28 -1 1 0 16777217 84 32 331 32 0 16777217 84 32 336 89 0 0 0 4 89
AUD 90 2 14 -1 -1 0 16777217 16 88 266 88 0 16777216 0 0 0 0 0 0 0 4 90
AUD 91 1 14 51 -1 0 16777216 0 0 0 0 0 16777217 20 91 266 91 0 0 0 4 91
AUD 92 12 29 -1 1 0 16777217 88 33 331 33 0 16777217 88 33 336 92 0 0 0 4 92
AUD 93 2 14 -1 -1 0 16777217 20 91 266 91 0 16777216 0 0 0 0 0 0 0 4 93
AUD 94 1 14 52 -1 0 16777216 0 0 0 0 0 16777217 18 94 266 94 0 0 0 4 94
AUD 95 12 30 -1 1 0 16777217 86 35 331 35 0 16777217 86 35 336 95 0 0 0 4 95
AUD 96 12 5 -1 2 0 16777217 88 6 336 34 0 16777217 88 6 346 96 0 0 0 4 96
AUD 97 2 14 -1 -1 0 16777217 18 94 266 94 0 16777216 0 0 0 0 0 0 0 4 97
AUD 98 1 14 53 -1 0 16777216 0 0 0 0 0 16777217 84 98 331 98 0 0 0 4 98
AUD 99 12 31 -1 1 0 16777217 84 36 331 36 0 16777217 84 36 336 99 0 0 0 4 99
AUD 100 2 17 -1 -1 0 16777217 20 21 266 21 0 16777216 0 0 0 0 0 0 0 4 100
AUD 101 1 17 54 -1 0 16777216 0 0 0 0 0 16777217 20 101 266 101 0 0 0 4 101
AUD 102 2 17 -1 -1 0 16777217 20 101 266 101 0 16777216 0 0 0 0 0 0 0 4 102
AUD 103 1 17 55 -1 0 16777216 0 0 0 0 0 16777217 18 103 266 103 0 0 0 4 103
AUD 104 12 8 -1 2 0 16777217 88 9 336 39 0 16777217 88 9 346 104 0 0 0 4 104
AUD 105 2 17 -1 -1 0 16777217 18 103 266 103 0 16777216 0 0 0 0 0 0 0 4 105
AUD 106 1 17 56 -1 0 16777216 0 0 0 0 0 16777217 84 106 331 106 0 0 0 4 106
AUD 107 2 9 -1 -1 0 16777217 86 10 336 42 0 16777216 0 0 0 0 0 0 0 4 107
AUD 108 1 9 57 -1 0 16777216 0 0 0 0 0 16777217 88 108 331 108 0 0 0 4 108
AUD 109 14 9 57 80 0 16777217 88 108 331 108 0 16777217 88 108 592 109 0 1 7 4 109
AUD 110 12 13 -1 1 0 16777217 88 47 331 47 0 16777217 88 47 336 110 0 0 0 4 110
AUD 111 2 10 -1 -1 0 16777217 84 12 336 45 0 16777216 0 0 0 0 0 0 0 4 111
AUD 112 1 10 58 -1 0 16777216 0 0 0 0 0 16777217 86 112 331 112 0 0 0 4 112
AUD 113 14 10 58 80 0 16777217 86 112 331 112 0 16777217 86 112 592 113 0 1 7 4 113
AUD 114 2 11 -1 -1 0 16777217 88 14 336 48 0 16777216 0 0 0 0 0 0 0 4 114
AUD 115 1 11 59 -1 0 16777216 0 0 0 0 0 16777217 84 115 331 115 0 0 0 4 115
AUD 116 14 11 59 80 0 16777217 84 115 331 115 0 16777217 84 115 592 116 0 1 7 4 116
AUD 117 2 23 -1 -1 0 16777217 20 27 266 27 0 16777216 0 0 0 0 0 0 0 4 117
AUD 118 1 23 60 -1 0 16777216 0 0 0 0 0 16777217 20 118 266 118 0 0 0 4 118
AUD 119 12 22 -1 1 0 16777217 88 54 331 54 0 16777217 88 54 336 119 0 0 0 4 119
AUD 120 2 23 -1 -1 0 16777217 20 118 266 118 0 16777216 0 0 0 0 0 0 0 4 120
AUD 121 1 23 61 -1 0 16777216 0 0 0 0 0 16777217 18 121 266 121 0 0 0 4 121
AUD 122 12 3 -1 1 0 16777217 86 56 331 56 0 16777217 86 56 336 122 0 0 0 4 122
AUD 123 2 23 -1 -1 0 16777217 18 121 266 121 0 16777216 0 0 0 0 0 0 0 4 123
AUD 124 1 23 62 -1 0 16777216 0 0 0 0 0 16777217 16 124 266 124 0 0 0 4 124
AUD 125 12 6 -1 1 0 16777217 84 59 331 59 0 16777217 84 59 336 125 0 0 0 4 125
AUD 126 12 15 -1 2 0 16777217 86 19 336 57 0 16777217 86 19 346 126 0 0 0 4 126
AUD 127 2 23 -1 -1 0 16777217 16 124 266 124 0 16777216 0 0 0 0 0 0 0 4 127
AUD 128 1 23 63 -1 0 16777216 0 0 0 0 0 16777217 88 128 331 128 0 0 0 4 128
AUD 129 12 7 -1 1 0 16777217 88 61 331 61 0 16777217 88 61 336 129 0 0 0 4 129
AUD 130 2 24 -1 -1 0 16777217 20 77 266 77 0 16777216 0 0 0 0 0 0 0 4 130
AUD 131 1 24 64 -1 0 16777216 0 0 0 0 0 16777217 18 131 266 131 0 0 0 4 131
AUD 132 2 24 -1 -1 0 16777217 18 131 266 131 0 16777216 0 0 0 0 0 0 0 4 132
AUD 133 1 24 65 -1 0 16777216 0 0 0 0 0 16777217 16 133 266 133 0 0 0 4 133
AUD 134 12 18 -1 2 0 16777217 86 22 336 64 0 16777217 86 22 346 134 0 0 0 4 134
AUD 135 2 24 -1 -1 0 16777217 16 133 266 133 0 16777216 0 0 0 0 0 0 0 4 135
AUD 136 1 24 66 -1 0 16777216 0 0 0 0 0 16777217 88 136 331 136 0 0 0 4 136
AUD 137 2 19 -1 -1 0 16777217 84 23 336 67 0 16777216 0 0 0 0 0 0 0 4 137
AUD 138 1 19 67 -1 0 16777216 0 0 0 0 0 16777217 86 138 331 138 0 0 0 4 138
AUD 139 12 16 -1 1 0 16777217 86 72 331 72 0 16777217 86 72 336 139 0 0 0 4 139
AUD 140 2 20 -1 -1 0 16777217 88 24 336 70 0 16777216 0 0 0 0 0 0 0 4 140
AUD 141 1 20 68 -1 0 16777216 0 0 0 0 0 16777217 84 141 331 141 0 0 0 4 141
AUD 142 2 21 -1 -1 0 16777217 86 25 336 73 0 16777216 0 0 0 0 0 0 0 4 142
AUD 143 1 21 69 -1 0 16777216 0 0 0 0 0 16777217 88 143 331 143 0 0 0 4 143
AUD 144 2 26 -1 -1 0 16777217 20 30 266 30 0 16777216 0 0 0 0 0 0 0 4 144
AUD 145 1 26 70 -1 0 16777216 0 0 0 0 0 16777217 18 145 266 145 0 0 0 4 145
AUD 146 12 27 -1 1 0 16777217 86 79 331 79 0 16777217 86 79 336 146 0 0 0 4 146
AUD 147 2 26 -1 -1 0 16777217 18 145 266 145 0 16777216 0 0 0 0 0 0 0 4 147
AUD 148 1 26 71 -1 0 16777216 0 0 0 0 0 16777217 16 148 266 148 0 0 0 4 148
AUD 149 12 2 -1 1 0 16777217 84 81 331 81 0 16777217 84 81 336 149 0 0 0 4 149
AUD 150 2 26 -1 -1 0 16777217 16 148 266 148 0 16777216 0 0 0 0 0 0 0 4 150
AUD 151 1 26 72 -1 0 16777216 0 0 0 0 0 16777217 20 151 266 151 0 0 0 4 151
AUD 152 12 4 -1 1 0 16777217 88 84 331 84 0 16777217 88 84 336 152 0 0 0 4 152
AUD 153 12 25 -1 2 0 16777217 84 29 336 82 0 16777217 84 29 346 153 0 0 0 4 153
AUD 154 2 26 -1 -1 0 16777217 20 151 266 151 0 16777216 0 0 0 0 0 0 0 4 154
AUD 155 1 26 73 -1 0 16777216 0 0 0 0 0 16777217 86 155 331 155 0 0 0 4 155
AUD 156 12 12 -1 1 0 16777217 86 86 331 86 0 16777217 86 86 336 156 0 0 0 4 156
AUD 157 2 11 -1 -1 0 16777217 84 115 592 116 0 16777216 0 0 0 0 0 0 0 4 157
AUD 158 1 11 74 -1 0 16777216 0 0 0 0 0 16777217 16 158 266 158 0 0 0 4 158
AUD 159 2 11 -1 -1 0 16777217 16 158 266 158 0 16777216 0 0 0 0 0 0 0 4 159
AUD 160 1 11 75 -1 0 16777216 0 0 0 0 0 16777217 20 160 266 160 0 0 0 4 160
AUD 161 12 28 -1 2 0 16777217 84 32 336 89 0 16777217 84 32 346 161 0 0 0 4 161
AUD 162 2 11 -1 -1 0 16777217 20 160 266 160 0 16777216 0 0 0 0 0 0 0 4 162
AUD 163 1 11 76 -1 0 16777216 0 0 0 0 0 16777217 86 163 331 163 0 0 0 4 163
AUD 164 2 29 -1 -1 0 16777217 88 33 336 92 0 16777216 0 0 0 0 0 0 0 4 164
AUD 165 1 29 77 -1 0 16777216 0 0 0 0 0 16777217 84 165 331 165 0 0 0 4 165
AUD 166 12 14 -1 1 0 16777217 84 98 331 98 0 16777217 84 98 336 166 0 0 0 4 166
AUD 167 2 30 -1 -1 0 16777217 86 35 336 95 0 16777216 0 0 0 0 0 0 0 4 167
AUD 168 1 30 78 -1 0 16777216 0 0 0 0 0 16777217 88 168 331 168 0 0 0 4 168
AUD 169 2 31 -1 -1 0 16777217 84 36 336 99 0 16777216 0 0 0 0 0 0 0 4 169
AUD 170 1 31 79 -1 0 16777216 0 0 0 0 0 16777217 86 170 331 170 0 0 0 4 170
AUD 171 2 17 -1 -1 0 16777217 84 106 331 106 0 16777216 0 0 0 0 0 0 0 4 171
AUD 172 1 17 80 -1 0 16777216 0 0 0 0 0 16777217 16 172 266 172 0 0 0 4 172
AUD 173 2 17 -1 -1 0 16777217 16 172 266 172 0 16777216 0 0 0 0 0 0 0 4 173
AUD 174 1 17 81 -1 0 16777216 0 0 0 0 0 16777217 20 174 266 174 0 0 0 4 174
AUD 175 12 9 -1 1 0 16777217 88 108 592 109 0 16777217 88 108 336 175 0 0 0 4 175
AUD 176 2 17 -1 -1 0 16777217 20 174 266 174 0 16777216 0 0 0 0 0 0 0 4 176
AUD 177 1 17 82 -1 0 16777216 0 0 0 0 0 16777217 18 177 266 177 0 0 0 4 177
AUD 178 12 10 -1 1 0 16777217 86 112 592 113 0 16777217 86 112 336 178 0 0 0 4 178
AUD 179 12 13 -1 2 0 16777217 88 47 336 110 0 16777217 88 47 346 179 0 0 0 4 179
AUD 180 2 17 -1 -1 0 16777217 18 177 266 177 0 16777216 0 0 0 0 0 0 0 4 180
AUD 181 1 17 83 -1 0 16777216 0 0 0 0 0 16777217 84 181 331 181 0 0 0 4 181
AUD 182 2 17 -1 -1 0 16777217 84 181 331 181 0 16777216 0 0 0 0 0 0 0 4 182
AUD 183 1 17 84 -1 0 16777216 0 0 0 0 0 16777217 20 183 266 183 0 0 0 4 183
AUD 184 2 17 -1 -1 0 16777217 20 183 266 183 0 16777216 0 0 0 0 0 0 0 4 184
AUD 185 1 17 85 -1 0 16777216 0 0 0 0 0 16777217 18 185 266 185 0 0 0 4 185
AUD 186 12 22 -1 2 0 16777217 88 54 336 119 0 16777217 88 54 346 186 0 0 0 4 186
AUD 187 2 17 -1 -1 0 16777217 18 185 266 185 0 16777216 0 0 0 0 0 0 0 4 187
AUD 188 1 17 86 -1 0 16777216 0 0 0 0 0 16777217 84 188 331 188 0 0 0 4 188
AUD 189 2 3 -1 -1 0 16777217 86 56 336 122 0 16777216 0 0 0 0 0 0 0 4 189
AUD 190 1 3 87 -1 0 16777216 0 0 0 0 0 16777217 88 190 331 190 0 0 0 4 190
AUD 191 12 23 -1 1 0 16777217 88 128 331 128 0 16777217 88 128 336 191 0 0 0 4 191
AUD 192 2 6 -1 -1 0 16777217 84 59 336 125 0 16777216 0 0 0 0 0 0 0 4 192
AUD 193 1 6 88 -1 0 16777216 0 0 0 0 0 16777217 86 193 331 193 0 0 0 4 193
AUD 194 2 7 -1 -1 0 16777217 88 61 336 129 0 16777216 0 0 0 0 0 0 0 4 194
AUD 195 1 7 89 -1 0 16777216 0 0 0 0 0 16777217 84 195 331 195 0 0 0 4 195
AUD 196 2 7 -1 -1 0 16777217 84 195 331 195 0 16777216 0 0 0 0 0 0 0 4 196
AUD 197 1 7 90 -1 0 16777216 0 0 0 0 0 16777217 20 197 266 197 0 0 0 4 197
AUD 198 12 24 -1 1 0 16777217 88 136 331 136 0 16777217 88 136 336 198 0 0 0 4 198
AUD 199 2 7 -1 -1 0 16777217 20 197 266 197 0 16777216 0 0 0 0 0 0 0 4 199
AUD 200 1 7 91 -1 0 16777216 0 0 0 0 0 16777217 18 200 266 200 0 0 0 4 200
AUD 201 12 19 -1 1 0 16777217 86 138 331 138 0 16777217 86 138 336 201 0 0 0 4 201
AUD 202 2 7 -1 -1 0 16777217 18 200 266 200 0 16777216 0 0 0 0 0 0 0 4 202
AUD 203 1 7 92 -1 0 16777216 0 0 0 0 0 16777217 16 203 266 203 0 0 0 4 203
AUD 204 12 20 -1 1 0 16777217 84 141 331 141 0 16777217 84 141 336 204 0 0 0 4 204
AUD 205 12 16 -1 2 0 16777217 86 72 336 139 0 16777217 86 72 346 205 0 0 0 4 205
AUD 206 2 7 -1 -1 0 16777217 16 203 266 203 0 16777216 0 0 0 0 0 0 0 4 206
AUD 207 1 7 93 -1 0 16777216 0 0 0 0 0 16777217 88 207 331 207 0 0 0 4 207
AUD 208 12 21 -1 1 0 16777217 88 143 331 143 0 16777217 88 143 336 208 0 0 0 4 208
AUD 209 2 17 -1 -1 0 16777217 84 188 331 188 0 16777216 0 0 0 0 0 0 0 4 209
AUD 210 1 17 94 -1 0 16777216 0 0 0 0 0 16777217 18 210 266 210 0 0 0 4 210
AUD 211 2 17 -1 -1 0 16777217 18 210 266 210 0 16777216 0 0 0 0 0 0 0 4 211
AUD 212 1 17 95 -1 0 16777216 0 0 0 0 0 16777217 16 212 266 212 0 0 0 4 212
AUD 213 12 27 -1 2 0 16777217 86 79 336 146 0 16777217 86 79 346 213 0 0 0 4 213
AUD 214 2 17 -1 -1 0 16777217 16 212 266 212 0 16777216 0 0 0 0 0 0 0 4 214
AUD 215 1 17 96 -1 0 16777216 0 0 0 0 0 16777217 88 215 331 215 0 0 0 4 215
AUD 216 2 2 -1 -1 0 16777217 84 81 336 149 0 16777216 0 0 0 0 0 0 0 4 216
AUD 217 1 2 97 -1 0 16777216 0 0 0 0 0 16777217 86 217 331 217 0 0 0 4 217
AUD 218 12 26 -1 1 0 16777217 86 155 331 155 0 16777217 86 155 336 218 0 0 0 4 218
AUD 219 2 4 -1 -1 0 16777217 88 84 336 152 0 16777216 0 0 0 0 0 0 0 4 219
AUD 220 1 4 98 -1 0 16777216 0 0 0 0 0 16777217 84 220 331 220 0 0 0 4 220
AUD 221 2 12 -1 -1 0 16777217 86 86 336 156 0 16777216 0 0 0 0 0 0 0 4 221
AUD 222 1 12 99 -1 0 16777216 0 0 0 0 0 16777217 88 222 331 222 0 0 0 4 222
AUD 223 2 4 -1 -1 0 16777217 84 220 331 220 0 16777216 0 0 0 0 0 0 0 4 223
AUD 224 1 4 100 -1 0 16777216 0 0 0 0 0 16777217 18 224 266 224 0 0 0 4 224
AUD 225 12 11 -1 1 0 16777217 86 163 331 163 0 16777217 86 163 336 225 0 0 0 4 225
AUD 226 2 4 -1 -1 0 16777217 18 224 266 224 0 16777216 0 0 0 0 0 0 0 4 226
AUD 227 1 4 101 -1 0 16777216 0 0 0 0 0 16777217 16 227 266 227 0 0 0 4 227
AUD 228 12 29 -1 1 0 16777217 84 165 331 165 0 16777217 84 165 336 228 0 0 0 4 228
AUD 229 2 4 -1 -1 0 16777217 16 227 266 227 0 16777216 0 0 0 0 0 0 0 4 229
AUD 230 1 4 102 -1 0 16777216 0 0 0 0 0 16777217 20 230 266 230 0 0 0 4 230
AUD 231 12 30 -1 1 0 16777217 88 168 331 168 0 16777217 88 168 336 231 0 0 0 4 231
AUD 232 12 14 -1 2 0 16777217 84 98 336 166 0 16777217 84 98 346 232 0 0 0 4 232
AUD 233 2 4 -1 -1 0 16777217 20 230 266 230 0 16777216 0 0 0 0 0 0 0 4 233
AUD 234 1 4 103 -1 0 16777216 0 0 0 0 0 16777217 86 234 331 234 0 0 0 4 234
AUD 235 12 31 -1 1 0 16777217 86 170 331 170 0 16777217 86 170 336 235 0 0 0 4 235
AUD 236 2 2 -1 -1 0 16777217 86 217 331 217 0 16777216 0 0 0 0 0 0 0 4 236
AUD 237 1 2 104 -1 0 16777216 0 0 0 0 0 16777217 16 237 266 237 0 0 0 4 237
AUD 238 2 2 -1 -1 0 16777217 16 237 266 237 0 16777216 0 0 0 0 0 0 0 4 238
AUD 239 1 2 105 -1 0 16777216 0 0 0 0 0 16777217 20 239 266 239 0 0 0 4 239
AUD 240 2 2 -1 -1 0 16777217 20 239 266 239 0 16777216 0 0 0 0 0 0 0 4 240
AUD 241 1 2 106 -1 0 16777216 0 0 0 0 0 16777217 86 241 331 241 0 0 0 4 241
AUD 242 2 9 -1 -1 0 16777217 88 108 336 175 0 16777216 0 0 0 0 0 0 0 4 242
AUD 243 1 9 107 -1 0 16777216 0 0 0 0 0 16777217 84 243 331 243 0 0 0 4 243
AUD 244 14 9 107 80 0 16777217 84 243 331 243 0 16777217 84 243 592 244 0 1 7 4 244
AUD 245 2 10 -1 -1 0 16777217 86 112 336 178 0 16777216 0 0 0 0 0 0 0 4 245
AUD 246 1 10 108 -1 0 16777216 0 0 0 0 0 16777217 88 246 331 246 0 0 0 4 246
AUD 247 14 10 108 80 0 16777217 88 246 331 246 0 16777217 88 246 592 247 0 1 7 4 247
AUD 248 2 9 -1 -1 0 16777217 84 243 592 244 0 16777216 0 0 0 0 0 0 0 4 248
AUD 249 1 9 109 -1 0 16777216 0 0 0 0 0 16777217 86 249 331 249 0 0 0 4 249
AUD 250 14 9 109 80 0 16777217 86 249 331 249 0 16777217 86 249 592 250 0 1 7 4 250
AUD 251 2 2 -1 -1 0 16777217 86 241 331 241 0 16777216 0 0 0 0 0 0 0 4 251
AUD 252 1 2 110 -1 0 16777216 0 0 0 0 0 16777217 16 252 266 252 0 0 0 4 252
AUD 253 2 2 -1 -1 0 16777217 16 252 266 252 0 16777216 0 0 0 0 0 0 0 4 253
AUD 254 1 2 111 -1 0 16777216 0 0 0 0 0 16777217 20 254 266 254 0 0 0 4 254
AUD 255 12 3 -1 1 0 16777217 88 190 331 190 0 16777217 88 190 336 255 0 0 0 4 255
AUD 256 2 2 -1 -1 0 16777217 20 254 266 254 0 16777216 0 0 0 0 0 0 0 4 256
AUD 257 1 2 112 -1 0 16777216 0 0 0 0 0 16777217 18 257 266 257 0 0 0 4 257
AUD 258 12 6 -1 1 0 16777217 86 193 331 193 0 16777217 86 193 336 258 0 0 0 4 258
AUD 259 12 23 -1 2 0 16777217 88 128 336 191 0 16777217 88 128 346 259 0 0 0 4 259
AUD 260 2 2 -1 -1 0 16777217 18 257 266 257 0 16777216 0 0 0 0 0 0 0 4 260
AUD 261 1 2 113 -1 0 16777216 0 0 0 0 0 16777217 84 261 331 261 0 0 0 4 261
AUD 262 2 2 -1 -1 0 16777217 84 261 331 261 0 16777216 0 0 0 0 0 0 0 4 262
AUD 263 1 2 114 -1 0 16777216 0 0 0 0 0 16777217 20 263 266 263 0 0 0 4 263
AUD 264 2 2 -1 -1 0 16777217 20 263 266 263 0 16777216 0 0 0 0 0 0 0 4 264
AUD 265 1 2 115 -1 0 16777216 0 0 0 0 0 16777217 18 265 266 265 0 0 0 4 265
AUD 266 12 24 -1 2 0 16777217 88 136 336 198 0 16777217 88 136 346 266 0 0 0 4 266
AUD 267 2 2 -1 -1 0 16777217 18 265 266 265 0 16777216 0 0 0 0 0 0 0 4 267
AUD 268 1 2 116 -1 0 16777216 0 0 0 0 0 16777217 84 268 331 268 0 0 0 4 268
AUD 269 2 19 -1 -1 0 16777217 86 138 336 201 0 16777216 0 0 0 0 0 0 0 4 269
AUD 270 1 19 117 -1 0 16777216 0 0 0 0 0 16777217 88 270 331 270 0 0 0 4 270
AUD 271 12 7 -1 1 0 16777217 88 207 331 207 0 16777217 88 207 336 271 0 0 0 4 271
AUD 272 2 20 -1 -1 0 16777217 84 141 336 204 0 16777216 0 0 0 0 0 0 0 4 272
AUD 273 1 20 118 -1 0 16777216 0 0 0 0 0 16777217 86 273 331 273 0 0 0 4 273
AUD 274 2 21 -1 -1 0 16777217 88 143 336 208 0 16777216 0 0 0 0 0 0 0 4 274
AUD 275 1 21 119 -1 0 16777216 0 0 0 0 0 16777217 84 275 331 275 0 0 0 4 275
AUD 276 2 2 -1 -1 0 16777217 84 268 331 268 0 16777216 0 0 0 0 0 0 0 4 276
AUD 277 1 2 120 -1 0 16777216 0 0 0 0 0 16777217 20 277 266 277 0 0 0 4 277
AUD 278 12 17 -1 1 0 16777217 88 215 331 215 0 16777217 88 215 336 278 0 0 0 4 278
AUD 279 2 2 -1 -1 0 16777217 20 277 266 277 0 16777216 0 0 0 0 0 0 0 4 279
AUD 280 1 2 121 -1 0 16777216 0 0 0 0 0 16777217 18 280 266 280 0 0 0 4 280
AUD 281 2 2 -1 -1 0 16777217 18 280 266 280 0 16777216 0 0 0 0 0 0 0 4 281
AUD 282 1 2 122 -1 0 16777216 0 0 0 0 0 16777217 16 282 266 282 0 0 0 4 282
AUD 283 12 26 -1 2 0 16777217 86 155 336 218 0 16777217 86 155 346 283 0 0 0 4 283
AUD 284 2 2 -1 -1 0 16777217 16 282 266 282 0 16777216 0 0 0 0 0 0 0 4 284
AUD 285 1 2 123 -1 0 16777216 0 0 0 0 0 16777217 88 285 331 285 0 0 0 4 285
AUD 286 12 12 -1 1 0 16777217 88 222 331 222 0 16777217 88 222 336 286 0 0 0 4 286
AUD 287 2 21 -1 -1 0 16777217 84 275 331 275 0 16777216 0 0 0 0 0 0 0 4 287
AUD 288 1 21 124 -1 0 16777216 0 0 0 0 0 16777217 18 288 266 288 0 0 0 4 288
AUD 289 2 21 -1 -1 0 16777217 18 288 266 288 0 16777216 0 0 0 0 0 0 0 4 289
AUD 290 1 21 125 -1 0 16777216 0 0 0 0 0 16777217 16 290 266 290 0 0 0 4 290
AUD 291 12 11 -1 2 0 16777217 86 163 336 225 0 16777217 86 163 346 291 0 0 0 4 291
AUD 292 2 21 -1 -1 0 16777217 16 290 266 290 0 16777216 0 0 0 0 0 0 0 4 292
AUD 293 1 21 126 -1 0 16777216 0 0 0 0 0 16777217 88 293 331 293 0 0 0 4 293
AUD 294 2 29 -1 -1 0 16777217 84 165 336 228 0 16777216 0 0 0 0 0 0 0 4 294
AUD 295 1 29 127 -1 0 16777216 0 0 0 0 0 16777217 86 295 331 295 0 0 0 4 295
AUD 296 12 4 -1 1 0 16777217 86 234 331 234 0 16777217 86 234 336 296 0 0 0 4 296
AUD 297 2 30 -1 -1 0 16777217 88 168 336 231 0 16777216 0 0 0 0 0 0 0 4 297
AUD 298 1 30 128 -1 0 16777216 0 0 0 0 0 16777217 84 298 331 298 0 0 0 4 298
AUD 299 2 31 -1 -1 0 16777217 86 170 336 235 0 16777216 0 0 0 0 0 0 0 4 299
AUD 300 1 31 129 -1 0 16777216 0 0 0 0 0 16777217 88 300 331 300 0 0 0 4 300
AUD 301 2 30 -1 -1 0 16777217 84 298 331 298 0 16777216 0 0 0 0 0 0 0 4 301
AUD 302 1 30 130 -1 0 16777216 0 0 0 0 0 16777217 18 302 266 302 0 0 0 4 302
AUD 303 2 30 -1 -1 0 16777217 18 302 266 302 0 16777216 0 0 0 0 0 0 0 4 303
AUD 304 1 30 131 -1 0 16777216 0 0 0 0 0 16777217 16 304 266 304 0 0 0 4 304
AUD 305 2 30 -1 -1 0 16777217 16 304 266 304 0 16777216 0 0 0 0 0 0 0 4 305
AUD 306 1 30 132 -1 0 16777216 0 0 0 0 0 16777217 20 306 266 306 0 0 0 4 306
AUD 307 12 10 -1 1 0 16777217 88 246 592 247 0 16777217 88 246 336 307 0 0 0 4 307
AUD 308 2 30 -1 -1 0 16777217 20 306 266 306 0 16777216 0 0 0 0 0 0 0 4 308
AUD 309 1 30 133 -1 0 16777216 0 0 0 0 0 16777217 86 309 331 309 0 0 0 4 309
AUD 310 12 9 -1 1 0 16777217 86 249 592 250 0 16777217 86 249 336 310 0 0 0 4 310
AUD 311 2 20 -1 -1 0 16777217 86 273 331 273 0 16777216 0 0 0 0 0 0 0 4 311
AUD 312 1 20 134 -1 0 16777216 0 0 0 0 0 16777217 16 312 266 312 0 0 0 4 312
AUD 313 2 20 -1 -1 0 16777217 16 312 266 312 0 16777216 0 0 0 0 0 0 0 4 313
AUD 314 1 20 135 -1 0 16777216 0 0 0 0 0 16777217 20 314 266 314 0 0 0 4 314
AUD 315 2 20 -1 -1 0 16777217 20 314 266 314 0 16777216 0 0 0 0 0 0 0 4 315
AUD 316 1 20 136 -1 0 16777216 0 0 0 0 0 16777217 86 316 331 316 0 0 0 4 316
AUD 317 2 3 -1 -1 0 16777217 88 190 336 255 0 16777216 0 0 0 0 0 0 0 4 317
AUD 318 1 3 137 -1 0 16777216 0 0 0 0 0 16777217 84 318 331 318 0 0 0 4 318
AUD 319 2 6 -1 -1 0 16777217 86 193 336 258 0 16777216 0 0 0 0 0 0 0 4 319
AUD 320 1 6 138 -1 0 16777216 0 0 0 0 0 16777217 88 320 331 320 0 0 0 4 320
AUD 321 2 3 -1 -1 0 16777217 84 318 331 318 0 16777216 0 0 0 0 0 0 0 4 321
AUD 322 1 3 139 -1 0 16777216 0 0 0 0 0 16777217 86 322 331 322 0 0 0 4 322
AUD 323 2 3 -1 -1 0 16777217 86 322 331 322 0 16777216 0 0 0 0 0 0 0 4 323
AUD 324 1 3 140 -1 0 16777216 0 0 0 0 0 16777217 16 324 266 324 0 0 0 4 324
AUD 325 2 3 -1 -1 0 16777217 16 324 266 324 0 16777216 0 0 0 0 0 0 0 4 325
AUD 326 1 3 141 -1 0 16777216 0 0 0 0 0 16777217 20 326 266 326 0 0 0 4 326
AUD 327 12 19 -1 1 0 16777217 88 270 331 270 0 16777217 88 270 336 327 0 0 0 4 327
AUD 328 2 3 -1 -1 0 16777217 20 326 266 326 0 16777216 0 0 0 0 0 0 0 4 328
AUD 329 1 3 142 -1 0 16777216 0 0 0 0 0 16777217 18 329 266 329 0 0 0 4 329
AUD 330 12 7 -1 2 0 16777217 88 207 336 271 0 16777217 88 207 346 330 0 0 0 4 330
AUD 331 2 3 -1 -1 0 16777217 18 329 266 329 0 16777216 0 0 0 0 0 0 0 4 331
AUD 332 1 3 143 -1 0 16777216 0 0 0 0 0 16777217 84 332 331 332 0 0 0 4 332
AUD 333 2 3 -1 -1 0 16777217 84 332 331 332 0 16777216 0 0 0 0 0 0 0 4 333
AUD 334 1 3 144 -1 0 16777216 0 0 0 0 0 16777217 20 334 266 334 0 0 0 4 334
AUD 335 2 3 -1 -1 0 16777217 20 334 266 334 0 16777216 0 0 0 0 0 0 0 4 335
AUD 336 1 3 145 -1 0 16777216 0 0 0 0 0 16777217 18 336 266 336 0 0 0 4 336
AUD 337 12 17 -1 2 0 16777217 88 215 336 278 0 16777217 88 215 346 337 0 0 0 4 337
AUD 338 2 3 -1 -1 0 16777217 18 336 266 336 0 16777216 0 0 0 0 0 0 0 4 338
AUD 339 1 3 146 -1 0 16777216 0 0 0 0 0 16777217 84 339 331 339 0 0 0 4 339
AUD 340 2 3 -1 -1 0 16777217 84 339 331 339 0 16777216 0 0 0 0 0 0 0 4 340
AUD 341 1 3 147 -1 0 16777216 0 0 0 0 0 16777217 88 341 331 341 0 0 0 4 341
AUD 342 12 2 -1 1 0 16777217 88 285 331 285 0 16777217 88 285 336 342 0 0 0 4 342
AUD 343 2 20 -1 -1 0 16777217 86 316 331 316 0 16777216 0 0 0 0 0 0 0 4 343
AUD 344 1 20 148 -1 0 16777216 0 0 0 0 0 16777217 86 344 331 344 0 0 0 4 344
AUD 345 2 12 -1 -1 0 16777217 88 222 336 286 0 16777216 0 0 0 0 0 0 0 4 345
AUD 346 1 12 149 -1 0 16777216 0 0 0 0 0 16777217 84 346 331 346 0 0 0 4 346
AUD 347 2 12 -1 -1 0 16777217 84 346 331 346 0 16777216 0 0 0 0 0 0 0 4 347
AUD 348 1 12 150 -1 0 16777216 0 0 0 0 0 16777217 20 348 266 348 0 0 0 4 348
AUD 349 12 21 -1 1 0 16777217 88 293 331 293 0 16777217 88 293 336 349 0 0 0 4 349
AUD 350 2 12 -1 -1 0 16777217 20 348 266 348 0 16777216 0 0 0 0 0 0 0 4 350
AUD 351 1 12 151 -1 0 16777216 0 0 0 0 0 16777217 18 351 266 351 0 0 0 4 351
AUD 352 12 29 -1 1 0 16777217 86 295 331 295 0 16777217 86 295 336 352 0 0 0 4 352
AUD 353 2 12 -1 -1 0 16777217 18 351 266 351 0 16777216 0 0 0 0 0 0 0 4 353
AUD 354 1 12 152 -1 0 16777216 0 0 0 0 0 16777217 16 354 266 354 0 0 0 4 354
AUD 355 12 4 -1 2 0 16777217 86 234 336 296 0 16777217 86 234 346 355 0 0 0 4 355
AUD 356 2 12 -1 -1 0 16777217 16 354 266 354 0 16777216 0 0 0 0 0 0 0 4 356
AUD 357 1 12 153 -1 0 16777216 0 0 0 0 0 16777217 88 357 331 357 0 0 0 4 357
AUD 358 12 31 -1 1 0 16777217 88 300 331 300 0 16777217 88 300 336 358 0 0 0 4 358
AUD 359 2 20 -1 -1 0 16777217 86 344 331 344 0 16777216 0 0 0 0 0 0 0 4 359
AUD 360 1 20 154 -1 0 16777216 0 0 0 0 0 16777217 18 360 266 360 0 0 0 4 360
AUD 361 2 20 -1 -1 0 16777217 18 360 266 360 0 16777216 0 0 0 0 0 0 0 4 361
AUD 362 1 20 155 -1 0 16777216 0 0 0 0 0 16777217 16 362 266 362 0 0 0 4 362
AUD 363 2 20 -1 -1 0 16777217 16 362 266 362 0 16777216 0 0 0 0 0 0 0 4 363
AUD 364 1 20 156 -1 0 16777216 0 0 0 0 0 16777217 88 364 331 364 0 0 0 4 364
AUD 365 2 30 -1 -1 0 16777217 86 309 331 309 0 16777216 0 0 0 0 0 0 0 4 365
AUD 366 1 30 157 -1 0 16777216 0 0 0 0 0 16777217 86 366 331 366 0 0 0 4 366
AUD 367 14 30 157 80 0 16777217 86 366 331 366 0 16777217 86 366 592 367 0 1 7 4 367
AUD 368 2 10 -1 -1 0 16777217 88 246 336 307 0 16777216 0 0 0 0 0 0 0 4 368
AUD 369 1 10 158 -1 0 16777216 0 0 0 0 0 16777217 84 369 331 369 0 0 0 4 369
AUD 370 14 10 158 80 0 16777217 84 369 331 369 0 16777217 84 369 592 370 0 1 7 4 370
AUD 371 2 9 -1 -1 0 16777217 86 249 336 310 0 16777216 0 0 0 0 0 0 0 4 371
AUD 372 1 9 159 -1 0 16777216 0 0 0 0 0 16777217 88 372 331 372 0 0 0 4 372
AUD 373 14 9 159 80 0 16777217 88 372 331 372 0 16777217 88 372 592 373 0 1 7 4 373
AUD 374 2 10 -1 -1 0 16777217 84 369 592 370 0 16777216 0 0 0 0 0 0 0 4 374
AUD 375 1 10 160 -1 0 16777216 0 0 0 0 0 16777217 18 375 266 375 0 0 0 4 375
AUD 376 2 10 -1 -1 0 16777217 18 375 266 375 0 16777216 0 0 0 0 0 0 0 4 376
AUD 377 1 10 161 -1 0 16777216 0 0 0 0 0 16777217 16 377 266 377 0 0 0 4 377
AUD 378 2 10 -1 -1 0 16777217 16 377 266 377 0 16777216 0 0 0 0 0 0 0 4 378
AUD 379 1 10 162 -1 0 16777216 0 0 0 0 0 16777217 20 379 266 379 0 0 0 4 379
AUD 380 12 6 -1 1 0 16777217 88 320 331 320 0 16777217 88 320 336 380 0 0 0 4 380
AUD 381 2 10 -1 -1 0 16777217 20 379 266 379 0 16777216 0 0 0 0 0 0 0 4 381
AUD 382 1 10 163 -1 0 16777216 0 0 0 0 0 16777217 86 382 331 382 0 0 0 4 382
AUD 383 2 10 -1 -1 0 16777217 86 382 331 382 0 16777216 0 0 0 0 0 0 0 4 383
AUD 384 1 10 164 -1 0 16777216 0 0 0 0 0 16777217 16 384 266 384 0 0 0 4 384
AUD 385 2 10 -1 -1 0 16777217 16 384 266 384 0 16777216 0 0 0 0 0 0 0 4 385
AUD 386 1 10 165 -1 0 16777216 0 0 0 0 0 16777217 20 386 266 386 0 0 0 4 386
AUD 387 2 10 -1 -1 0 16777217 20 386 266 386 0 16777216 0 0 0 0 0 0 0 4 387
AUD 388 1 10 166 -1 0 16777216 0 0 0 0 0 16777217 86 388 331 388 0 0 0 4 388
AUD 389 2 19 -1 -1 0 16777217 88 270 336 327 0 16777216 0 0 0 0 0 0 0 4 389
AUD 390 1 19 167 -1 0 16777216 0 0 0 0 0 16777217 84 390 331 390 0 0 0 4 390
AUD 391 2 19 -1 -1 0 16777217 84 390 331 390 0 16777216 0 0 0 0 0 0 0 4 391
AUD 392 1 19 168 -1 0 16777216 0 0 0 0 0 16777217 88 392 331 392 0 0 0 4 392
AUD 393 2 10 -1 -1 0 16777217 86 388 331 388 0 16777216 0 0 0 0 0 0 0 4 393
AUD 394 1 10 169 -1 0 16777216 0 0 0 0 0 16777217 86 394 331 394 0 0 0 4 394
AUD 395 2 10 -1 -1 0 16777217 86 394 331 394 0 16777216 0 0 0 0 0 0 0 4 395
AUD 396 1 10 170 -1 0 16777216 0 0 0 0 0 16777217 16 396 266 396 0 0 0 4 396
AUD 397 2 10 -1 -1 0 16777217 16 396 266 396 0 16777216 0 0 0 0 0 0 0 4 397
AUD 398 1 10 171 -1 0 16777216 0 0 0 0 0 16777217 20 398 266 398 0 0 0 4 398
AUD 399 12 3 -1 1 0 16777217 88 341 331 341 0 16777217 88 341 336 399 0 0 0 4 399
AUD 400 2 10 -1 -1 0 16777217 20 398 266 398 0 16777216 0 0 0 0 0 0 0 4 400
AUD 401 1 10 172 -1 0 16777216 0 0 0 0 0 16777217 18 401 266 401 0 0 0 4 401
AUD 402 12 2 -1 2 0 16777217 88 285 336 342 0 16777217 88 285 346 402 0 0 0 4 402
AUD 403 2 10 -1 -1 0 16777217 18 401 266 401 0 16777216 0 0 0 0 0 0 0 4 403
AUD 404 1 10 173 -1 0 16777216 0 0 0 0 0 16777217 84 404 331 404 0 0 0 4 404
AUD 405 2 10 -1 -1 0 16777217 84 404 331 404 0 16777216 0 0 0 0 0 0 0 4 405
AUD 406 1 10 174 -1 0 16777216 0 0 0 0 0 16777217 20 406 266 406 0 0 0 4 406
AUD 407 2 10 -1 -1 0 16777217 20 406 266 406 0 16777216 0 0 0 0 0 0 0 4 407
AUD 408 1 10 175 -1 0 16777216 0 0 0 0 0 16777217 18 408 266 408 0 0 0 4 408
AUD 409 12 21 -1 2 0 16777217 88 293 336 349 0 16777217 88 293 346 409 0 0 0 4 409
AUD 410 2 10 -1 -1 0 16777217 18 408 266 408 0 16777216 0 0 0 0 0 0 0 4 410
AUD 411 1 10 176 -1 0 16777216 0 0 0 0 0 16777217 84 411 331 411 0 0 0 4 411
AUD 412 2 29 -1 -1 0 16777217 86 295 336 352 0 16777216 0 0 0 0 0 0 0 4 412
AUD 413 1 29 177 -1 0 16777216 0 0 0 0 0 16777217 88 413 331 413 0 0 0 4 413
AUD 414 12 12 -1 1 0 16777217 88 357 331 357 0 16777217 88 357 336 414 0 0 0 4 414
AUD 415 2 10 -1 -1 0 16777217 84 411 331 411 0 16777216 0 0 0 0 0 0 0 4 415
AUD 416 1 10 178 -1 0 16777216 0 0 0 0 0 16777217 86 416 331 416 0 0 0 4 416
AUD 417 2 31 -1 -1 0 16777217 88 300 336 358 0 16777216 0 0 0 0 0 0 0 4 417
AUD 418 1 31 179 -1 0 16777216 0 0 0 0 0 16777217 84 418 331 418 0 0 0 4 418
AUD 419 2 31 -1 -1 0 16777217 84 418 331 418 0 16777216 0 0 0 0 0 0 0 4 419
AUD 420 1 31 180 -1 0 16777216 0 0 0 0 0 16777217 20 420 266 420 0 0 0 4 420
AUD 421 12 20 -1 1 0 16777217 88 364 331 364 0 16777217 88 364 336 421 0 0 0 4 421
AUD 422 2 31 -1 -1 0 16777217 20 420 266 420 0 16777216 0 0 0 0 0 0 0 4 422
AUD 423 1 31 181 -1 0 16777216 0 0 0 0 0 16777217 18 423 266 423 0 0 0 4 423
AUD 424 12 30 -1 1 0 16777217 86 366 592 367 0 16777217 86 366 336 424 0 0 0 4 424
AUD 425 2 31 -1 -1 0 16777217 18 423 266 423 0 16777216 0 0 0 0 0 0 0 4 425
AUD 426 1 31 182 -1 0 16777216 0 0 0 0 0 16777217 16 426 266 426 0 0 0 4 426
AUD 427 2 31 -1 -1 0 16777217 16 426 266 426 0 16777216 0 0 0 0 0 0 0 4 427
AUD 428 1 31 183 -1 0 16777216 0 0 0 0 0 16777217 88 428 331 428 0 0 0 4 428
AUD 429 12 9 -1 1 0 16777217 88 372 592 373 0 16777217 88 372 336 429 0 0 0 4 429
AUD 430 2 10 -1 -1 0 16777217 86 416 331 416 0 16777216 0 0 0 0 0 0 0 4 430
AUD 431 1 10 184 -1 0 16777216 0 0 0 0 0 16777217 18 431 266 431 0 0 0 4 431
AUD 432 2 10 -1 -1 0 16777217 18 431 266 431 0 16777216 0 0 0 0 0 0 0 4 432
AUD 433 1 10 185 -1 0 16777216 0 0 0 0 0 16777217 16 433 266 433 0 0 0 4 433
AUD 434 2 10 -1 -1 0 16777217 16 433 266 433 0 16777216 0 0 0 0 0 0 0 4 434
AUD 435 1 10 186 -1 0 16777216 0 0 0 0 0 16777217 88 435 331 435 0 0 0 4 435
AUD 436 2 10 -1 -1 0 16777217 88 435 331 435 0 16777216 0 0 0 0 0 0 0 4 436
AUD 437 1 10 187 -1 0 16777216 0 0 0 0 0 16777217 86 437 331 437 0 0 0 4 437
AUD 438 2 6 -1 -1 0 16777217 88 320 336 380 0 16777216 0 0 0 0 0 0 0 4 438
AUD 439 1 6 188 -1 0 16777216 0 0 0 0 0 16777217 84 439 331 439 0 0 0 4 439
AUD 440 2 6 -1 -1 0 16777217 84 439 331 439 0 16777216 0 0 0 0 0 0 0 4 440
AUD 441 1 6 189 -1 0 16777216 0 0 0 0 0 16777217 88 441 331 441 0 0 0 4 441
AUD 442 2 10 -1 -1 0 16777217 86 437 331 437 0 16777216 0 0 0 0 0 0 0 4 442
AUD 443 1 10 190 -1 0 16777216 0 0 0 0 0 16777217 18 443 266 443 0 0 0 4 443
AUD 444 2 10 -1 -1 0 16777217 18 443 266 443 0 16777216 0 0 0 0 0 0 0 4 444
AUD 445 1 10 191 -1 0 16777216 0 0 0 0 0 16777217 16 445 266 445 0 0 0 4 445
AUD 446 2 10 -1 -1 0 16777217 16 445 266 445 0 16777216 0 0 0 0 0 0 0 4 446
AUD 447 1 10 192 -1 0 16777216 0 0 0 0 0 16777217 20 447 266 447 0 0 0 4 447
AUD 448 12 19 -1 1 0 16777217 88 392 331 392 0 16777217 88 392 336 448 0 0 0 4 448
AUD 449 2 10 -1 -1 0 16777217 20 447 266 447 0 16777216 0 0 0 0 0 0 0 4 449
AUD 450 1 10 193 -1 0 16777216 0 0 0 0 0 16777217 86 450 331 450 0 0 0 4 450
AUD 451 2 10 -1 -1 0 16777217 86 450 331 450 0 16777216 0 0 0 0 0 0 0 4 451
AUD 452 1 10 194 -1 0 16777216 0 0 0 0 0 16777217 16 452 266 452 0 0 0 4 452
AUD 453 2 10 -1 -1 0 16777217 16 452 266 452 0 16777216 0 0 0 0 0 0 0 4 453
AUD 454 1 10 195 -1 0 16777216 0 0 0 0 0 16777217 20 454 266 454 0 0 0 4 454
AUD 455 2 10 -1 -1 0 16777217 20 454 266 454 0 16777216 0 0 0 0 0 0 0 4 455
AUD 456 1 10 196 -1 0 16777216 0 0 0 0 0 16777217 86 456 331 456 0 0 0 4 456
AUD 457 2 3 -1 -1 0 16777217 88 341 336 399 0 16777216 0 0 0 0 0 0 0 4 457
AUD 458 1 3 197 -1 0 16777216 0 0 0 0 0 16777217 84 458 331 458 0 0 0 4 458
AUD 459 2 3 -1 -1 0 16777217 84 458 331 458 0 16777216 0 0 0 0 0 0 0 4 459
AUD 460 1 3 198 -1 0 16777216 0 0 0 0 0 16777217 88 460 331 460 0 0 0 4 460
AUD 461 2 10 -1 -1 0 16777217 86 456 331 456 0 16777216 0 0 0 0 0 0 0 4 461
AUD 462 1 10 199 -1 0 16777216 0 0 0 0 0 16777217 86 462 331 462 0 0 0 4 462
AUD 463 2 10 -1 -1 0 16777217 86 462 331 462 0 16777216 0 0 0 0 0 0 0 4 463
AUD 464 1 10 200 -1 0 16777216 0 0 0 0 0 16777217 16 464 266 464 0 0 0 4 464
AUD 465 2 10 -1 -1 0 16777217 16 464 266 464 0 16777216 0 0 0 0 0 0 0 4 465
AUD 466 1 10 201 -1 0 16777216 0 0 0 0 0 16777217 20 466 266 466 0 0 0 4 466
AUD 467 12 29 -1 1 0 16777217 88 413 331 413 0 16777217 88 413 336 467 0 0 0 4 467
AUD 468 2 10 -1 -1 0 16777217 20 466 266 466 0 16777216 0 0 0 0 0 0 0 4 468
AUD 469 1 10 202 -1 0 16777216 0 0 0 0 0 16777217 18 469 266 469 0 0 0 4 469
AUD 470 12 12 -1 2 0 16777217 88 357 336 414 0 16777217 88 357 346 470 0 0 0 4 470
AUD 471 2 10 -1 -1 0 16777217 18 469 266 469 0 16777216 0 0 0 0 0 0 0 4 471
AUD 472 1 10 203 -1 0 16777216 0 0 0 0 0 16777217 84 472 331 472 0 0 0 4 472
AUD 473 2 10 -1 -1 0 16777217 84 472 331 472 0 16777216 0 0 0 0 0 0 0 4 473
AUD 474 1 10 204 -1 0 16777216 0 0 0 0 0 16777217 20 474 266 474 0 0 0 4 474
AUD 475 2 10 -1 -1 0 16777217 20 474 266 474 0 16777216 0 0 0 0 0 0 0 4 475
AUD 476 1 10 205 -1 0 16777216 0 0 0 0 0 16777217 18 476 266 476 0 0 0 4 476
AUD 477 12 20 -1 2 0 16777217 88 364 336 421 0 16777217 88 364 346 477 0 0 0 4 477
AUD 478 2 10 -1 -1 0 16777217 18 476 266 476 0 16777216 0 0 0 0 0 0 0 4 478
AUD 479 1 10 206 -1 0 16777216 0 0 0 0 0 16777217 84 479 331 479 0 0 0 4 479
AUD 480 2 30 -1 -1 0 16777217 86 366 336 424 0 16777216 0 0 0 0 0 0 0 4 480
AUD 481 1 30 207 -1 0 16777216 0 0 0 0 0 16777217 88 481 331 481 0 0 0 4 481
AUD 482 14 30 207 80 0 16777217 88 481 331 481 0 16777217 88 481 592 482 0 1 7 4 482
AUD 483 12 31 -1 1 0 16777217 88 428 331 428 0 16777217 88 428 336 483 0 0 0 4 483
AUD 484 2 10 -1 -1 0 16777217 84 479 331 479 0 16777216 0 0 0 0 0 0 0 4 484
AUD 485 1 10 208 -1 0 16777216 0 0 0 0 0 16777217 86 485 331 485 0 0 0 4 485
AUD 486 14 10 208 80 0 16777217 86 485 331 485 0 16777217 86 485 592 486 0 1 7 4 486
AUD 487 2 9 -1 -1 0 16777217 88 372 336 429 0 16777216 0 0 0 0 0 0 0 4 487
AUD 488 1 9 209 -1 0 16777216 0 0 0 0 0 16777217 84 488 331 488 0 0 0 4 488
AUD 489 14 9 209 80 0 16777217 84 488 331 488 0 16777217 84 488 592 489 0 1 7 4 489
AUD 490 2 9 -1 -1 0 16777217 84 488 592 489 0 16777216 0 0 0 0 0 0 0 4 490
AUD 491 1 9 210 -1 0 16777216 0 0 0 0 0 16777217 20 491 266 491 0 0 0 4 491
AUD 492 2 9 -1 -1 0 16777217 20 491 266 491 0 16777216 0 0 0 0 0 0 0 4 492
AUD 493 1 9 211 -1 0 16777216 0 0 0 0 0 16777217 18 493 266 493 0 0 0 4 493
AUD 494 2 9 -1 -1 0 16777217 18 493 266 493 0 16777216 0 0 0 0 0 0 0 4 494
AUD 495 1 9 212 -1 0 16777216 0 0 0 0 0 16777217 16 495 266 495 0 0 0 4 495
AUD 496 2 9 -1 -1 0 16777217 16 495 266 495 0 16777216 0 0 0 0 0 0 0 4 496
AUD 497 1 9 213 -1 0 16777216 0 0 0 0 0 16777217 88 497 331 497 0 0 0 4 497
AUD 498 12 6 -1 1 0 16777217 88 441 331 441 0 16777217 88 441 336 498 0 0 0 4 498
AUD 499 2 10 -1 -1 0 16777217 86 485 592 486 0 16777216 0 0 0 0 0 0 0 4 499
AUD 500 1 10 214 -1 0 16777216 0 0 0 0 0 16777217 18 500 266 500 0 0 0 4 500
AUD 501 2 10 -1 -1 0 16777217 18 500 266 500 0 16777216 0 0 0 0 0 0 0 4 501
AUD 502 1 10 215 -1 0 16777216 0 0 0 0 0 16777217 16 502 266 502 0 0 0 4 502
AUD 503 2 10 -1 -1 0 16777217 16 502 266 502 0 16777216 0 0 0 0 0 0 0 4 503
AUD 504 1 10 216 -1 0 16777216 0 0 0 0 0 16777217 88 504 331 504 0 0 0 4 504
AUD 505 2 3 -1 -1 0 16777217 88 460 331 460 0 16777216 0 0 0 0 0 0 0 4 505
AUD 506 1 3 217 -1 0 16777216 0 0 0 0 0 16777217 86 506 331 506 0 0 0 4 506
AUD 507 2 19 -1 -1 0 16777217 88 392 336 448 0 16777216 0 0 0 0 0 0 0 4 507
AUD 508 1 19 218 -1 0 16777216 0 0 0 0 0 16777217 84 508 331 508 0 0 0 4 508
AUD 509 2 19 -1 -1 0 16777217 84 508 331 508 0 16777216 0 0 0 0 0 0 0 4 509
AUD 510 1 19 219 -1 0 16777216 0 0 0 0 0 16777217 88 510 331 510 0 0 0 4 510
AUD 511 2 3 -1 -1 0 16777217 86 506 331 506 0 16777216 0 0 0 0 0 0 0 4 511
AUD 512 1 3 220 -1 0 16777216 0 0 0 0 0 16777217 18 512 266 512 0 0 0 4 512
AUD 513 2 3 -1 -1 0 16777217 18 512 266 512 0 16777216 0 0 0 0 0 0 0 4 513
AUD 514 1 3 221 -1 0 16777216 0 0 0 0 0 16777217 16 514 266 514 0 0 0 4 514
AUD 515 2 3 -1 -1 0 16777217 16 514 266 514 0 16777216 0 0 0 0 0 0 0 4 515
AUD 516 1 3 222 -1 0 16777216 0 0 0 0 0 16777217 20 516 266 516 0 0 0 4 516
AUD 517 2 3 -1 -1 0 16777217 20 516 266 516 0 16777216 0 0 0 0 0 0 0 4 517
AUD 518 1 3 223 -1 0 16777216 0 0 0 0 0 16777217 86 518 331 518 0 0 0 4 518
AUD 519 2 3 -1 -1 0 16777217 86 518 331 518 0 16777216 0 0 0 0 0 0 0 4 519
AUD 520 1 3 224 -1 0 16777216 0 0 0 0 0 16777217 16 520 266 520 0 0 0 4 520
AUD 521 2 3 -1 -1 0 16777217 16 520 266 520 0 16777216 0 0 0 0 0 0 0 4 521
AUD 522 1 3 225 -1 0 16777216 0 0 0 0 0 16777217 20 522 266 522 0 0 0 4 522
AUD 523 2 3 -1 -1 0 16777217 20 522 266 522 0 16777216 0 0 0 0 0 0 0 4 523
AUD 524 1 3 226 -1 0 16777216 0 0 0 0 0 16777217 86 524 331 524 0 0 0 4 524
AUD 525 2 29 -1 -1 0 16777217 88 413 336 467 0 16777216 0 0 0 0 0 0 0 4 525
AUD 526 1 29 227 -1 0 16777216 0 0 0 0 0 16777217 84 526 331 526 0 0 0 4 526
AUD 527 2 29 -1 -1 0 16777217 84 526 331 526 0 16777216 0 0 0 0 0 0 0 4 527
AUD 528 1 29 228 -1 0 16777216 0 0 0 0 0 16777217 88 528 331 528 0 0 0 4 528
AUD 529 2 3 -1 -1 0 16777217 86 524 331 524 0 16777216 0 0 0 0 0 0 0 4 529
AUD 530 1 3 229 -1 0 16777216 0 0 0 0 0 16777217 86 530 331 530 0 0 0 4 530
AUD 531 2 3 -1 -1 0 16777217 86 530 331 530 0 16777216 0 0 0 0 0 0 0 4 531
AUD 532 1 3 230 -1 0 16777216 0 0 0 0 0 16777217 16 532 266 532 0 0 0 4 532
AUD 533 2 3 -1 -1 0 16777217 16 532 266 532 0 16777216 0 0 0 0 0 0 0 4 533
AUD 534 1 3 231 -1 0 16777216 0 0 0 0 0 16777217 20 534 266 534 0 0 0 4 534
AUD 535 12 30 -1 1 0 16777217 88 481 592 482 0 16777217 88 481 336 535 0 0 0 4 535
AUD 536 2 3 -1 -1 0 16777217 20 534 266 534 0 16777216 0 0 0 0 0 0 0 4 536
AUD 537 1 3 232 -1 0 16777216 0 0 0 0 0 16777217 18 537 266 537 0 0 0 4 537
AUD 538 12 31 -1 2 0 16777217 88 428 336 483 0 16777217 88 428 346 538 0 0 0 4 538
AUD 539 2 3 -1 -1 0 16777217 18 537 266 537 0 16777216 0 0 0 0 0 0 0 4 539
AUD 540 1 3 233 -1 0 16777216 0 0 0 0 0 16777217 84 540 331 540 0 0 0 4 540
AUD 541 2 3 -1 -1 0 16777217 84 540 331 540 0 16777216 0 0 0 0 0 0 0 4 541
AUD 542 1 3 234 -1 0 16777216 0 0 0 0 0 16777217 20 542 266 542 0 0 0 4 542
AUD 543 2 3 -1 -1 0 16777217 20 542 266 542 0 16777216 0 0 0 0 0 0 0 4 543
AUD 544 1 3 235 -1 0 16777216 0 0 0 0 0 16777217 18 544 266 544 0 0 0 4 544
AUD 545 2 3 -1 -1 0 16777217 18 544 266 544 0 16777216 0 0 0 0 0 0 0 4 545
AUD 546 1 3 236 -1 0 16777216 0 0 0 0 0 16777217 84 546 331 546 0 0 0 4 546
AUD 547 2 3 -1 -1 0 16777217 84 546 331 546 0 16777216 0 0 0 0 0 0 0 4 547
AUD 548 1 3 237 -1 0 16777216 0 0 0 0 0 16777217 88 548 331 548 0 0 0 4 548
AUD 549 12 9 -1 1 0 16777217 88 497 331 497 0 16777217 88 497 336 549 0 0 0 4 549
AUD 550 2 3 -1 -1 0 16777217 88 548 331 548 0 16777216 0 0 0 0 0 0 0 4 550
AUD 551 1 3 238 -1 0 16777216 0 0 0 0 0 16777217 86 551 331 551 0 0 0 4 551
AUD 552 2 6 -1 -1 0 16777217 88 441 336 498 0 16777216 0 0 0 0 0 0 0 4 552
AUD 553 1 6 239 -1 0 16777216 0 0 0 0 0 16777217 84 553 331 553 0 0 0 4 553
AUD 554 2 6 -1 -1 0 16777217 84 553 331 553 0 16777216 0 0 0 0 0 0 0 4 554
AUD 555 1 6 240 -1 0 16777216 0 0 0 0 0 16777217 20 555 266 555 0 0 0 4 555
AUD 556 12 10 -1 1 0 16777217 88 504 331 504 0 16777217 88 504 336 556 0 0 0 4 556
AUD 557 2 6 -1 -1 0 16777217 20 555 266 555 0 16777216 0 0 0 0 0 0 0 4 557
AUD 558 1 6 241 -1 0 16777216 0 0 0 0 0 16777217 18 558 266 558 0 0 0 4 558
AUD 559 2 6 -1 -1 0 16777217 18 558 266 558 0 16777216 0 0 0 0 0 0 0 4 559
AUD 560 1 6 242 -1 0 16777216 0 0 0 0 0 16777217 16 560 266 560 0 0 0 4 560
AUD 561 2 6 -1 -1 0 16777217 16 560 266 560 0 16777216 0 0 0 0 0 0 0 4 561
AUD 562 1 6 243 -1 0 16777216 0 0 0 0 0 16777217 88 562 331 562 0 0 0 4 562
AUD 563 12 19 -1 1 0 16777217 88 510 331 510 0 16777217 88 510 336 563 0 0 0 4 563
AUD 564 2 3 -1 -1 0 16777217 86 551 331 551 0 16777216 0 0 0 0 0 0 0 4 564
AUD 565 1 3 244 -1 0 16777216 0 0 0 0 0 16777217 18 565 266 565 0 0 0 4 565
AUD 566 2 3 -1 -1 0 16777217 18 565 266 565 0 16777216 0 0 0 0 0 0 0 4 566
AUD 567 1 3 245 -1 0 16777216 0 0 0 0 0 16777217 16 567 266 567 0 0 0 4 567
AUD 568 2 3 -1 -1 0 16777217 16 567 266 567 0 16777216 0 0 0 0 0 0 0 4 568
AUD 569 1 3 246 -1 0 16777216 0 0 0 0 0 16777217 88 569 331 569 0 0 0 4 569
AUD 570 2 3 -1 -1 0 16777217 88 569 331 569 0 16777216 0 0 0 0 0 0 0 4 570
AUD 571 1 3 247 -1 0 16777216 0 0 0 0 0 16777217 86 571 331 571 0 0 0 4 571
AUD 572 2 3 -1 -1 0 16777217 86 571 331 571 0 16777216 0 0 0 0 0 0 0 4 572
AUD 573 1 3 248 -1 0 16777216 0 0 0 0 0 16777217 84 573 331 573 0 0 0 4 573
AUD 574 2 3 -1 -1 0 16777217 84 573 331 573 0 16777216 0 0 0 0 0 0 0 4 574
AUD 575 1 3 249 -1 0 16777216 0 0 0 0 0 16777217 88 575 331 575 0 0 0 4 575
AUD 576 2 3 -1 -1 0 16777217 88 575 331 575 0 16777216 0 0 0 0 0 0 0 4 576
AUD 577 1 3 250 -1 0 16777216 0 0 0 0 0 16777217 18 577 266 577 0 0 0 4 577
AUD 578 2 3 -1 -1 0 16777217 18 577 266 577 0 16777216 0 0 0 0 0 0 0 4 578
AUD 579 1 3 251 -1 0 16777216 0 0 0 0 0 16777217 16 579 266 579 0 0 0 4 579
AUD 580 2 3 -1 -1 0 16777217 16 579 266 579 0 16777216 0 0 0 0 0 0 0 4 580
AUD 581 1 3 252 -1 0 16777216 0 0 0 0 0 16777217 20 581 266 581 0 0 0 4 581
AUD 582 12 29 -1 1 0 16777217 88 528 331 528 0 16777217 88 528 336 582 0 0 0 4 582
AUD 583 2 3 -1 -1 0 16777217 20 581 266 581 0 16777216 0 0 0 0 0 0 0 4 583
AUD 584 1 3 253 -1 0 16777216 0 0 0 0 0 16777217 86 584 331 584 0 0 0 4 584
AUD 585 2 3 -1 -1 0 16777217 86 584 331 584 0 16777216 0 0 0 0 0 0 0 4 585
AUD 586 1 3 254 -1 0 16777216 0 0 0 0 0 16777217 16 586 266 586 0 0 0 4 586
AUD 587 2 3 -1 -1 0 16777217 16 586 266 586 0 16777216 0 0 0 0 0 0 0 4 587
AUD 588 1 3 255 -1 0 16777216 0 0 0 0 0 16777217 20 588 266 588 0 0 0 4 588
AUD 589 2 3 -1 -1 0 16777217 20 588 266 588 0 16777216 0 0 0 0 0 0 0 4 589
AUD 590 1 3 256 -1 0 16777216 0 0 0 0 0 16777217 86 590 331 590 0 0 0 4 590
AUD 591 2 30 -1 -1 0 16777217 88 481 336 535 0 16777216 0 0 0 0 0 0 0 4 591
AUD 592 1 30 257 -1 0 16777216 0 0 0 0 0 16777217 84 592 331 592 0 0 0 4 592
AUD 593 14 30 257 80 0 16777217 84 592 331 592 0 16777217 84 592 592 593 0 1 7 4 593
AUD 594 2 30 -1 -1 0 16777217 84 592 592 593 0 16777216 0 0 0 0 0 0 0 4 594
AUD 595 1 30 258 -1 0 16777216 0 0 0 0 0 16777217 88 595 331 595 0 0 0 4 595
AUD 596 14 30 258 80 0 16777217 88 595 331 595 0 16777217 88 595 592 596 0 1 7 4 596
AUD 597 2 3 -1 -1 0 16777217 86 590 331 590 0 16777216 0 0 0 0 0 0 0 4 597
AUD 598 1 3 259 -1 0 16777216 0 0 0 0 0 16777217 86 598 331 598 0 0 0 4 598
AUD 599 14 3 259 80 0 16777217 86 598 331 598 0 16777217 86 598 592 599 0 1 7 4 599
AUD 600 2 3 -1 -1 0 16777217 86 598 592 599 0 16777216 0 0 0 0 0 0 0 4 600
AUD 601 1 3 260 -1 0 16777216 0 0 0 0 0 16777217 16 601 266 601 0 0 0 4 601
AUD 602 2 3 -1 -1 0 16777217 16 601 266 601 0 16777216 0 0 0 0 0 0 0 4 602
AUD 603 1 3 261 -1 0 16777216 0 0 0 0 0 16777217 20 603 266 603 0 0 0 4 603
AUD 604 2 3 -1 -1 0 16777217 20 603 266 603 0 16777216 0 0 0 0 0 0 0 4 604
AUD 605 1 3 262 -1 0 16777216 0 0 0 0 0 16777217 18 605 266 605 0 0 0 4 605
AUD 606 12 9 -1 2 0 16777217 88 497 336 549 0 16777217 88 497 346 606 0 0 0 4 606
AUD 607 2 3 -1 -1 0 16777217 18 605 266 605 0 16777216 0 0 0 0 0 0 0 4 607
AUD 608 1 3 263 -1 0 16777216 0 0 0 0 0 16777217 84 608 331 608 0 0 0 4 608
AUD 609 2 3 -1 -1 0 16777217 84 608 331 608 0 16777216 0 0 0 0 0 0 0 4 609
AUD 610 1 3 264 -1 0 16777216 0 0 0 0 0 16777217 20 610 266 610 0 0 0 4 610
AUD 611 2 3 -1 -1 0 16777217 20 610 266 610 0 16777216 0 0 0 0 0 0 0 4 611
AUD 612 1 3 265 -1 0 16777216 0 0 0 0 0 16777217 18 612 266 612 0 0 0 4 612
AUD 613 12 10 -1 2 0 16777217 88 504 336 556 0 16777217 88 504 346 613 0 0 0 4 613
AUD 614 2 3 -1 -1 0 16777217 18 612 266 612 0 16777216 0 0 0 0 0 0 0 4 614
AUD 615 1 3 266 -1 0 16777216 0 0 0 0 0 16777217 84 615 331 615 0 0 0 4 615
AUD 616 2 3 -1 -1 0 16777217 84 615 331 615 0 16777216 0 0 0 0 0 0 0 4 616
AUD 617 1 3 267 -1 0 16777216 0 0 0 0 0 16777217 88 617 331 617 0 0 0 4 617
AUD 618 12 6 -1 1 0 16777217 88 562 331 562 0 16777217 88 562 336 618 0 0 0 4 618
AUD 619 2 3 -1 -1 0 16777217 88 617 331 617 0 16777216 0 0 0 0 0 0 0 4 619
AUD 620 1 3 268 -1 0 16777216 0 0 0 0 0 16777217 86 620 331 620 0 0 0 4 620
AUD 621 2 19 -1 -1 0 16777217 88 510 336 563 0 16777216 0 0 0 0 0 0 0 4 621
AUD 622 1 19 269 -1 0 16777216 0 0 0 0 0 16777217 84 622 331 622 0 0 0 4 622
AUD 623 2 19 -1 -1 0 16777217 84 622 331 622 0 16777216 0 0 0 0 0 0 0 4 623
AUD 624 1 19 270 -1 0 16777216 0 0 0 0 0 16777217 20 624 266 624 0 0 0 4 624
AUD 625 2 19 -1 -1 0 16777217 20 624 266 624 0 16777216 0 0 0 0 0 0 0 4 625
AUD 626 1 19 271 -1 0 16777216 0 0 0 0 0 16777217 18 626 266 626 0 0 0 4 626
AUD 627 2 19 -1 -1 0 16777217 18 626 266 626 0 16777216 0 0 0 0 0 0 0 4 627
AUD 628 1 19 272 -1 0 16777216 0 0 0 0 0 16777217 16 628 266 628 0 0 0 4 628
AUD 629 2 19 -1 -1 0 16777217 16 628 266 628 0 16777216 0 0 0 0 0 0 0 4 629
AUD 630 1 19 273 -1 0 16777216 0 0 0 0 0 16777217 88 630 331 630 0 0 0 4 630
AUD 631 2 3 -1 -1 0 16777217 86 620 331 620 0 16777216 0 0 0 0 0 0 0 4 631
AUD 632 1 3 274 -1 0 16777216 0 0 0 0 0 16777217 18 632 266 632 0 0 0 4 632
AUD 633 2 3 -1 -1 0 16777217 18 632 266 632 0 16777216 0 0 0 0 0 0 0 4 633
AUD 634 1 3 275 -1 0 16777216 0 0 0 0 0 16777217 16 634 266 634 0 0 0 4 634
AUD 635 2 3 -1 -1 0 16777217 16 634 266 634 0 16777216 0 0 0 0 0 0 0 4 635
AUD 636 1 3 276 -1 0 16777216 0 0 0 0 0 16777217 88 636 331 636 0 0 0 4 636
AUD 637 2 3 -1 -1 0 16777217 88 636 331 636 0 16777216 0 0 0 0 0 0 0 4 637
AUD 638 1 3 277 -1 0 16777216 0 0 0 0 0 16777217 86 638 331 638 0 0 0 4 638
AUD 639 2 29 -1 -1 0 16777217 88 528 336 582 0 16777216 0 0 0 0 0 0 0 4 639
AUD 640 1 29 278 -1 0 16777216 0 0 0 0 0 16777217 84 640 331 640 0 0 0 4 640
AUD 641 2 29 -1 -1 0 16777217 84 640 331 640 0 16777216 0 0 0 0 0 0 0 4 641
AUD 642 1 29 279 -1 0 16777216 0 0 0 0 0 16777217 88 642 331 642 0 0 0 4 642
AUD 643 2 3 -1 -1 0 16777217 86 638 331 638 0 16777216 0 0 0 0 0 0 0 4 643
AUD 644 1 3 280 -1 0 16777216 0 0 0 0 0 16777217 18 644 266 644 0 0 0 4 644
AUD 645 2 3 -1 -1 0 16777217 18 644 266 644 0 16777216 0 0 0 0 0 0 0 4 645
AUD 646 1 3 281 -1 0 16777216 0 0 0 0 0 16777217 16 646 266 646 0 0 0 4 646
AUD 647 2 3 -1 -1 0 16777217 16 646 266 646 0 16777216 0 0 0 0 0 0 0 4 647
AUD 648 1 3 282 -1 0 16777216 0 0 0 0 0 16777217 20 648 266 648 0 0 0 4 648
AUD 649 12 30 -1 1 0 16777217 88 595 592 596 0 16777217 88 595 336 649 0 0 0 4 649
AUD 650 2 3 -1 -1 0 16777217 20 648 266 648 0 16777216 0 0 0 0 0 0 0 4 650
AUD 651 1 3 283 -1 0 16777216 0 0 0 0 0 16777217 86 651 331 651 0 0 0 4 651
AUD 652 2 3 -1 -1 0 16777217 86 651 331 651 0 16777216 0 0 0 0 0 0 0 4 652
AUD 653 1 3 284 -1 0 16777216 0 0 0 0 0 16777217 16 653 266 653 0 0 0 4 653
AUD 654 2 3 -1 -1 0 16777217 16 653 266 653 0 16777216 0 0 0 0 0 0 0 4 654
AUD 655 1 3 285 -1 0 16777216 0 0 0 0 0 16777217 20 655 266 655 0 0 0 4 655
AUD 656 2 3 -1 -1 0 16777217 20 655 266 655 0 16777216 0 0 0 0 0 0 0 4 656
AUD 657 1 3 286 -1 0 16777216 0 0 0 0 0 16777217 86 657 331 657 0 0 0 4 657
AUD 658 2 3 -1 -1 0 16777217 86 657 331 657 0 16777216 0 0 0 0 0 0 0 4 658
AUD 659 1 3 287 -1 0 16777216 0 0 0 0 0 16777217 84 659 331 659 0 0 0 4 659
AUD 660 2 3 -1 -1 0 16777217 84 659 331 659 0 16777216 0 0 0 0 0 0 0 4 660
AUD 661 1 3 288 -1 0 16777216 0 0 0 0 0 16777217 88 661 331 661 0 0 0 4 661
AUD 662 2 3 -1 -1 0 16777217 88 661 331 661 0 16777216 0 0 0 0 0 0 0 4 662
AUD 663 1 3 289 -1 0 16777216 0 0 0 0 0 16777217 86 663 331 663 0 0 0 4 663
AUD 664 2 3 -1 -1 0 16777217 86 663 331 663 0 16777216 0 0 0 0 0 0 0 4 664
AUD 665 1 3 290 -1 0 16777216 0 0 0 0 0 16777217 16 665 266 665 0 0 0 4 665
AUD 666 2 3 -1 -1 0 16777217 16 665 266 665 0 16777216 0 0 0 0 0 0 0 4 666
AUD 667 1 3 291 -1 0 16777216 0 0 0 0 0 16777217 20 667 266 667 0 0 0 4 667
AUD 668 2 3 -1 -1 0 16777217 20 667 266 667 0 16777216 0 0 0 0 0 0 0 4 668
AUD 669 1 3 292 -1 0 16777216 0 0 0 0 0 16777217 18 669 266 669 0 0 0 4 669
AUD 670 12 6 -1 2 0 16777217 88 562 336 618 0 16777217 88 562 346 670 0 0 0 4 670
AUD 671 2 3 -1 -1 0 16777217 18 669 266 669 0 16777216 0 0 0 0 0 0 0 4 671
AUD 672 1 3 293 -1 0 16777216 0 0 0 0 0 16777217 84 672 331 672 0 0 0 4 672
AUD 673 2 3 -1 -1 0 16777217 84 672 331 672 0 16777216 0 0 0 0 0 0 0 4 673
AUD 674 1 3 294 -1 0 16777216 0 0 0 0 0 16777217 20 674 266 674 0 0 0 4 674
AUD 675 2 3 -1 -1 0 16777217 20 674 266 674 0 16777216 0 0 0 0 0 0 0 4 675
AUD 676 1 3 295 -1 0 16777216 0 0 0 0 0 16777217 18 676 266 676 0 0 0 4 676
AUD 677 2 3 -1 -1 0 16777217 18 676 266 676 0 16777216 0 0 0 0 0 0 0 4 677
AUD 678 1 3 296 -1 0 16777216 0 0 0 0 0 16777217 84 678 331 678 0 0 0 4 678
AUD 679 2 3 -1 -1 0 16777217 84 678 331 678 0 16777216 0 0 0 0 0 0 0 4 679
AUD 680 1 3 297 -1 0 16777216 0 0 0 0 0 16777217 88 680 331 680 0 0 0 4 680
AUD 681 12 19 -1 1 0 16777217 88 630 331 630 0 16777217 88 630 336 681 0 0 0 4 681
AUD 682 2 3 -1 -1 0 16777217 88 680 331 680 0 16777216 0 0 0 0 0 0 0 4 682
AUD 683 1 3 298 -1 0 16777216 0 0 0 0 0 16777217 86 683 331 683 0 0 0 4 683
AUD 684 2 3 -1 -1 0 16777217 86 683 331 683 0 16777216 0 0 0 0 0 0 0 4 684
AUD 685 1 3 299 -1 0 16777216 0 0 0 0 0 16777217 84 685 331 685 0 0 0 4 685
AUD 686 2 3 -1 -1 0 16777217 84 685 331 685 0 16777216 0 0 0 0 0 0 0 4 686
AUD 687 1 3 300 -1 0 16777216 0 0 0 0 0 16777217 20 687 266 687 0 0 0 4 687
AUD 688 2 3 -1 -1 0 16777217 20 687 266 687 0 16777216 0 0 0 0 0 0 0 4 688
AUD 689 1 3 301 -1 0 16777216 0 0 0 0 0 16777217 18 689 266 689 0 0 0 4 689
AUD 690 2 3 -1 -1 0 16777217 18 689 266 689 0 16777216 0 0 0 0 0 0 0 4 690
AUD 691 1 3 302 -1 0 16777216 0 0 0 0 0 16777217 16 691 266 691 0 0 0 4 691
AUD 692 2 3 -1 -1 0 16777217 16 691 266 691 0 16777216 0 0 0 0 0 0 0 4 692
AUD 693 1 3 303 -1 0 16777216 0 0 0 0 0 16777217 88 693 331 693 0 0 0 4 693
AUD 694 12 29 -1 1 0 16777217 88 642 331 642 0 16777217 88 642 336 694 0 0 0 4 694
AUD 695 2 3 -1 -1 0 16777217 88 693 331 693 0 16777216 0 0 0 0 0 0 0 4 695
AUD 696 1 3 304 -1 0 16777216 0 0 0 0 0 16777217 18 696 266 696 0 0 0 4 696
AUD 697 2 3 -1 -1 0 16777217 18 696 266 696 0 16777216 0 0 0 0 0 0 0 4 697
AUD 698 1 3 305 -1 0 16777216 0 0 0 0 0 16777217 16 698 266 698 0 0 0 4 698
AUD 699 2 3 -1 -1 0 16777217 16 698 266 698 0 16777216 0 0 0 0 0 0 0 4 699
AUD 700 1 3 306 -1 0 16777216 0 0 0 0 0 16777217 88 700 331 700 0 0 0 4 700
AUD 701 2 3 -1 -1 0 16777217 88 700 331 700 0 16777216 0 0 0 0 0 0 0 4 701
AUD 702 1 3 307 -1 0 16777216 0 0 0 0 0 16777217 86 702 331 702 0 0 0 4 702
AUD 703 14 3 307 80 0 16777217 86 702 331 702 0 16777217 86 702 592 703 0 1 7 4 703
AUD 704 2 30 -1 -1 0 16777217 88 595 336 649 0 16777216 0 0 0 0 0 0 0 4 704
AUD 705 1 30 308 -1 0 16777216 0 0 0 0 0 16777217 84 705 331 705 0 0 0 4 705
AUD 706 14 30 308 80 0 16777217 84 705 331 705 0 16777217 84 705 592 706 0 1 7 4 706
AUD 707 2 30 -1 -1 0 16777217 84 705 592 706 0 16777216 0 0 0 0 0 0 0 4 707
AUD 708 1 30 309 -1 0 16777216 0 0 0 0 0 16777217 88 708 331 708 0 0 0 4 708
AUD 709 14 30 309 80 0 16777217 88 708 331 708 0 16777217 88 708 592 709 0 1 7 4 709
AUD 710 2 3 -1 -1 0 16777217 86 702 592 703 0 16777216 0 0 0 0 0 0 0 4 710
AUD 711 1 3 310 -1 0 16777216 0 0 0 0 0 16777217 18 711 266 711 0 0 0 4 711
AUD 712 2 3 -1 -1 0 16777217 18 711 266 711 0 16777216 0 0 0 0 0 0 0 4 712
AUD 713 1 3 311 -1 0 16777216 0 0 0 0 0 16777217 16 713 266 713 0 0 0 4 713
AUD 714 2 3 -1 -1 0 16777217 16 713 266 713 0 16777216 0 0 0 0 0 0 0 4 714
AUD 715 1 3 312 -1 0 16777216 0 0 0 0 0 16777217 20 715 266 715 0 0 0 4 715
AUD 716 2 3 -1 -1 0 16777217 20 715 266 715 0 16777216 0 0 0 0 0 0 0 4 716
AUD 717 1 3 313 -1 0 16777216 0 0 0 0 0 16777217 86 717 331 717 0 0 0 4 717
AUD 718 2 3 -1 -1 0 16777217 86 717 331 717 0 16777216 0 0 0 0 0 0 0 4 718
AUD 719 1 3 314 -1 0 16777216 0 0 0 0 0 16777217 16 719 266 719 0 0 0 4 719
AUD 720 2 3 -1 -1 0 16777217 16 719 266 719 0 16777216 0 0 0 0 0 0 0 4 720
AUD 721 1 3 315 -1 0 16777216 0 0 0 0 0 16777217 20 721 266 721 0 0 0 4 721
AUD 722 2 3 -1 -1 0 16777217 20 721 266 721 0 16777216 0 0 0 0 0 0 0 4 722
AUD 723 1 3 316 -1 0 16777216 0 0 0 0 0 16777217 86 723 331 723 0 0 0 4 723
AUD 724 2 3 -1 -1 0 16777217 86 723 331 723 0 16777216 0 0 0 0 0 0 0 4 724
AUD 725 1 3 317 -1 0 16777216 0 0 0 0 0 16777217 84 725 331 725 0 0 0 4 725
AUD 726 2 3 -1 -1 0 16777217 84 725 331 725 0 16777216 0 0 0 0 0 0 0 4 726
AUD 727 1 3 318 -1 0 16777216 0 0 0 0 0 16777217 88 727 331 727 0 0 0 4 727
AUD 728 2 3 -1 -1 0 16777217 88 727 331 727 0 16777216 0 0 0 0 0 0 0 4 728
AUD 729 1 3 319 -1 0 16777216 0 0 0 0 0 16777217 86 729 331 729 0 0 0 4 729
AUD 730 2 3 -1 -1 0 16777217 86 729 331 729 0 16777216 0 0 0 0 0 0 0 4 730
AUD 731 1 3 320 -1 0 16777216 0 0 0 0 0 16777217 16 731 266 731 0 0 0 4 731
AUD 732 2 3 -1 -1 0 16777217 16 731 266 731 0 16777216 0 0 0 0 0 0 0 4 732
AUD 733 1 3 321 -1 0 16777216 0 0 0 0 0 16777217 20 733 266 733 0 0 0 4 733
AUD 734 2 3 -1 -1 0 16777217 20 733 266 733 0 16777216 0 0 0 0 0 0 0 4 734
AUD 735 1 3 322 -1 0 16777216 0 0 0 0 0 16777217 18 735 266 735 0 0 0 4 735
AUD 736 12 19 -1 2 0 16777217 88 630 336 681 0 16777217 88 630 346 736 0 0 0 4 736
AUD 737 2 3 -1 -1 0 16777217 18 735 266 735 0 16777216 0 0 0 0 0 0 0 4 737
AUD 738 1 3 323 -1 0 16777216 0 0 0 0 0 16777217 84 738 331 738 0 0 0 4 738
AUD 739 2 3 -1 -1 0 16777217 84 738 331 738 0 16777216 0 0 0 0 0 0 0 4 739
AUD 740 1 3 324 -1 0 16777216 0 0 0 0 0 16777217 20 740 266 740 0 0 0 4 740
AUD 741 2 3 -1 -1 0 16777217 20 740 266 740 0 16777216 0 0 0 0 0 0 0 4 741
AUD 742 1 3 325 -1 0 16777216 0 0 0 0 0 16777217 18 742 266 742 0 0 0 4 742
AUD 743 2 3 -1 -1 0 16777217 18 742 266 742 0 16777216 0 0 0 0 0 0 0 4 743
AUD 744 1 3 326 -1 0 16777216 0 0 0 0 0 16777217 84 744 331 744 0 0 0 4 744
AUD 745 2 3 -1 -1 0 16777217 84 744 331 744 0 16777216 0 0 0 0 0 0 0 4 745
AUD 746 1 3 327 -1 0 16777216 0 0 0 0 0 16777217 88 746 331 746 0 0 0 4 746
AUD 747 2 3 -1 -1 0 16777217 88 746 331 746 0 16777216 0 0 0 0 0 0 0 4 747
AUD 748 1 3 328 -1 0 16777216 0 0 0 0 0 16777217 86 748 331 748 0 0 0 4 748
AUD 749 2 29 -1 -1 0 16777217 88 642 336 694 0 16777216 0 0 0 0 0 0 0 4 749
AUD 750 1 29 329 -1 0 16777216 0 0 0 0 0 16777217 84 750 331 750 0 0 0 4 750
AUD 751 2 29 -1 -1 0 16777217 84 750 331 750 0 16777216 0 0 0 0 0 0 0 4 751
AUD 752 1 29 330 -1 0 16777216 0 0 0 0 0 16777217 20 752 266 752 0 0 0 4 752
AUD 753 2 29 -1 -1 0 16777217 20 752 266 752 0 16777216 0 0 0 0 0 0 0 4 753
AUD 754 1 29 331 -1 0 16777216 0 0 0 0 0 16777217 18 754 266 754 0 0 0 4 754
AUD 755 2 29 -1 -1 0 16777217 18 754 266 754 0 16777216 0 0 0 0 0 0 0 4 755
AUD 756 1 29 332 -1 0 16777216 0 0 0 0 0 16777217 16 756 266 756 0 0 0 4 756
AUD 757 2 29 -1 -1 0 16777217 16 756 266 756 0 16777216 0 0 0 0 0 0 0 4 757
AUD 758 1 29 333 -1 0 16777216 0 0 0 0 0 16777217 88 758 331 758 0 0 0 4 758
AUD 759 12 30 -1 1 0 16777217 88 708 592 709 0 16777217 88 708 336 759 0 0 0 4 759
AUD 760 2 3 -1 -1 0 16777217 86 748 331 748 0 16777216 0 0 0 0 0 0 0 4 760
AUD 761 1 3 334 -1 0 16777216 0 0 0 0 0 16777217 18 761 266 761 0 0 0 4 761
AUD 762 2 3 -1 -1 0 16777217 18 761 266 761 0 16777216 0 0 0 0 0 0 0 4 762
AUD 763 1 3 335 -1 0 16777216 0 0 0 0 0 16777217 16 763 266 763 0 0 0 4 763
AUD 764 2 3 -1 -1 0 16777217 16 763 266 763 0 16777216 0 0 0 0 0 0 0 4 764
AUD 765 1 3 336 -1 0 16777216 0 0 0 0 0 16777217 88 765 331 765 0 0 0 4 765
AUD 766 2 3 -1 -1 0 16777217 88 765 331 765 0 16777216 0 0 0 0 0 0 0 4 766
AUD 767 1 3 337 -1 0 16777216 0 0 0 0 0 16777217 86 767 331 767 0 0 0 4 767
AUD 768 2 3 -1 -1 0 16777217 86 767 331 767 0 16777216 0 0 0 0 0 0 0 4 768
AUD 769 1 3 338 -1 0 16777216 0 0 0 0 0 16777217 84 769 331 769 0 0 0 4 769
AUD 770 2 3 -1 -1 0 16777217 84 769 331 769 0 16777216 0 0 0 0 0 0 0 4 770
AUD 771 1 3 339 -1 0 16777216 0 0 0 0 0 16777217 88 771 331 771 0 0 0 4 771
AUD 772 2 3 -1 -1 0 16777217 88 771 331 771 0 16777216 0 0 0 0 0 0 0 4 772
AUD 773 1 3 340 -1 0 16777216 0 0 0 0 0 16777217 18 773 266 773 0 0 0 4 773
AUD 774 2 3 -1 -1 0 16777217 18 773 266 773 0 16777216 0 0 0 0 0 0 0 4 774
AUD 775 1 3 341 -1 0 16777216 0 0 0 0 0 16777217 16 775 266 775 0 0 0 4 775
AUD 776 2 3 -1 -1 0 16777217 16 775 266 775 0 16777216 0 0 0 0 0 0 0 4 776
AUD 777 1 3 342 -1 0 16777216 0 0 0 0 0 16777217 20 777 266 777 0 0 0 4 777
AUD 778 2 3 -1 -1 0 16777217 20 777 266 777 0 16777216 0 0 0 0 0 0 0 4 778
AUD 779 1 3 343 -1 0 16777216 0 0 0 0 0 16777217 86 779 331 779 0 0 0 4 779
AUD 780 2 3 -1 -1 0 16777217 86 779 331 779 0 16777216 0 0 0 0 0 0 0 4 780
AUD 781 1 3 344 -1 0 16777216 0 0 0 0 0 16777217 16 781 266 781 0 0 0 4 781
AUD 782 2 3 -1 -1 0 16777217 16 781 266 781 0 16777216 0 0 0 0 0 0 0 4 782
AUD 783 1 3 345 -1 0 16777216 0 0 0 0 0 16777217 20 783 266 783 0 0 0 4 783
AUD 784 2 3 -1 -1 0 16777217 20 783 266 783 0 16777216 0 0 0 0 0 0 0 4 784
AUD 785 1 3 346 -1 0 16777216 0 0 0 0 0 16777217 86 785 331 785 0 0 0 4 785
AUD 786 2 3 -1 -1 0 16777217 86 785 331 785 0 16777216 0 0 0 0 0 0 0 4 786
AUD 787 1 3 347 -1 0 16777216 0 0 0 0 0 16777217 84 787 331 787 0 0 0 4 787
AUD 788 2 3 -1 -1 0 16777217 84 787 331 787 0 16777216 0 0 0 0 0 0 0 4 788
AUD 789 1 3 348 -1 0 16777216 0 0 0 0 0 16777217 88 789 331 789 0 0 0 4 789
AUD 790 2 3 -1 -1 0 16777217 88 789 331 789 0 16777216 0 0 0 0 0 0 0 4 790
AUD 791 1 3 349 -1 0 16777216 0 0 0 0 0 16777217 86 791 331 791 0 0 0 4 791
AUD 792 2 3 -1 -1 0 16777217 86 791 331 791 0 16777216 0 0 0 0 0 0 0 4 792
AUD 793 1 3 350 -1 0 16777216 0 0 0 0 0 16777217 16 793 266 793 0 0 0 4 793
AUD 794 2 3 -1 -1 0 16777217 16 793 266 793 0 16777216 0 0 0 0 0 0 0 4 794
AUD 795 1 3 351 -1 0 16777216 0 0 0 0 0 16777217 20 795 266 795 0 0 0 4 795
AUD 796 2 3 -1 -1 0 16777217 20 795 266 795 0 16777216 0 0 0 0 0 0 0 4 796
AUD 797 1 3 352 -1 0 16777216 0 0 0 0 0 16777217 18 797 266 797 0 0 0 4 797
AUD 798 2 3 -1 -1 0 16777217 18 797 266 797 0 16777216 0 0 0 0 0 0 0 4 798
AUD 799 1 3 353 -1 0 16777216 0 0 0 0 0 16777217 84 799 331 799 0 0 0 4 799
AUD 800 2 3 -1 -1 0 16777217 84 799 331 799 0 16777216 0 0 0 0 0 0 0 4 800
AUD 801 1 3 354 -1 0 16777216 0 0 0 0 0 16777217 20 801 266 801 0 0 0 4 801
AUD 802 2 3 -1 -1 0 16777217 20 801 266 801 0 16777216 0 0 0 0 0 0 0 4 802
AUD 803 1 3 355 -1 0 16777216 0 0 0 0 0 16777217 18 803 266 803 0 0 0 4 803
AUD 804 2 3 -1 -1 0 16777217 18 803 266 803 0 16777216 0 0 0 0 0 0 0 4 804
AUD 805 1 3 356 -1 0 16777216 0 0 0 0 0 16777217 84 805 331 805 0 0 0 4 805
AUD 806 2 3 -1 -1 0 16777217 84 805 331 805 0 16777216 0 0 0 0 0 0 0 4 806
AUD 807 1 3 357 -1 0 16777216 0 0 0 0 0 16777217 88 807 331 807 0 0 0 4 807
AUD 808 14 3 357 80 0 16777217 88 807 331 807 0 16777217 88 807 592 808 0 1 7 4 808
AUD 809 12 29 -1 1 0 16777217 88 758 331 758 0 16777217 88 758 336 809 0 0 0 4 809
AUD 810 2 3 -1 -1 0 16777217 88 807 592 808 0 16777216 0 0 0 0 0 0 0 4 810
AUD 811 1 3 358 -1 0 16777216 0 0 0 0 0 16777217 86 811 331 811 0 0 0 4 811
AUD 812 14 3 358 80 0 16777217 86 811 331 811 0 16777217 86 811 592 812 0 1 7 4 812
AUD 813 2 30 -1 -1 0 16777217 88 708 336 759 0 16777216 0 0 0 0 0 0 0 4 813
AUD 814 1 30 359 -1 0 16777216 0 0 0 0 0 16777217 84 814 331 814 0 0 0 4 814
AUD 815 14 30 359 80 0 16777217 84 814 331 814 0 16777217 84 814 592 815 0 1 7 4 815
AUD 816 2 30 -1 -1 0 16777217 84 814 592 815 0 16777216 0 0 0 0 0 0 0 4 816
AUD 817 1 30 360 -1 0 16777216 0 0 0 0 0 16777217 20 817 266 817 0 0 0 4 817
AUD 818 2 30 -1 -1 0 16777217 20 817 266 817 0 16777216 0 0 0 0 0 0 0 4 818
AUD 819 1 30 361 -1 0 16777216 0 0 0 0 0 16777217 18 819 266 819 0 0 0 4 819
AUD 820 2 30 -1 -1 0 16777217 18 819 266 819 0 16777216 0 0 0 0 0 0 0 4 820
AUD 821 1 30 362 -1 0 16777216 0 0 0 0 0 16777217 16 821 266 821 0 0 0 4 821
AUD 822 2 30 -1 -1 0 16777217 16 821 266 821 0 16777216 0 0 0 0 0 0 0 4 822
AUD 823 1 30 363 -1 0 16777216 0 0 0 0 0 16777217 88 823 331 823 0 0 0 4 823
AUD 824 2 3 -1 -1 0 16777217 86 811 592 812 0 16777216 0 0 0 0 0 0 0 4 824
AUD 825 1 3 364 -1 0 16777216 0 0 0 0 0 16777217 18 825 266 825 0 0 0 4 825
AUD 826 2 3 -1 -1 0 16777217 18 825 266 825 0 16777216 0 0 0 0 0 0 0 4 826
AUD 827 1 3 365 -1 0 16777216 0 0 0 0 0 16777217 16 827 266 827 0 0 0 4 827
AUD 828 2 3 -1 -1 0 16777217 16 827 266 827 0 16777216 0 0 0 0 0 0 0 4 828
AUD 829 1 3 366 -1 0 16777216 0 0 0 0 0 16777217 88 829 331 829 0 0 0 4 829
AUD 830 2 3 -1 -1 0 16777217 88 829 331 829 0 16777216 0 0 0 0 0 0 0 4 830
AUD 831 1 3 367 -1 0 16777216 0 0 0 0 0 16777217 86 831 331 831 0 0 0 4 831
AUD 832 2 3 -1 -1 0 16777217 86 831 331 831 0 16777216 0 0 0 0 0 0 0 4 832
AUD 833 1 3 368 -1 0 16777216 0 0 0 0 0 16777217 84 833 331 833 0 0 0 4 833
AUD 834 2 3 -1 -1 0 16777217 84 833 331 833 0 16777216 0 0 0 0 0 0 0 4 834
AUD 835 1 3 369 -1 0 16777216 0 0 0 0 0 16777217 88 835 331 835 0 0 0 4 835
AUD 836 2 3 -1 -1 0 16777217 88 835 331 835 0 16777216 0 0 0 0 0 0 0 4 836
AUD 837 1 3 370 -1 0 16777216 0 0 0 0 0 16777217 18 837 266 837 0 0 0 4 837
AUD 838 2 3 -1 -1 0 16777217 18 837 266 837 0 16777216 0 0 0 0 0 0 0 4 838
AUD 839 1 3 371 -1 0 16777216 0 0 0 0 0 16777217 16 839 266 839 0 0 0 4 839
AUD 840 2 3 -1 -1 0 16777217 16 839 266 839 0 16777216 0 0 0 0 0 0 0 4 840
AUD 841 1 3 372 -1 0 16777216 0 0 0 0 0 16777217 20 841 266 841 0 0 0 4 841
AUD 842 2 3 -1 -1 0 16777217 20 841 266 841 0 16777216 0 0 0 0 0 0 0 4 842
AUD 843 1 3 373 -1 0 16777216 0 0 0 0 0 16777217 86 843 331 843 0 0 0 4 843
AUD 844 2 3 -1 -1 0 16777217 86 843 331 843 0 16777216 0 0 0 0 0 0 0 4 844
AUD 845 1 3 374 -1 0 16777216 0 0 0 0 0 16777217 16 845 266 845 0 0 0 4 845
AUD 846 2 3 -1 -1 0 16777217 16 845 266 845 0 16777216 0 0 0 0 0 0 0 4 846
AUD 847 1 3 375 -1 0 16777216 0 0 0 0 0 16777217 20 847 266 847 0 0 0 4 847
AUD 848 2 3 -1 -1 0 16777217 20 847 266 847 0 16777216 0 0 0 0 0 0 0 4 848
AUD 849 1 3 376 -1 0 16777216 0 0 0 0 0 16777217 86 849 331 849 0 0 0 4 849
AUD 850 2 3 -1 -1 0 16777217 86 849 331 849 0 16777216 0 0 0 0 0 0 0 4 850
AUD 851 1 3 377 -1 0 16777216 0 0 0 0 0 16777217 84 851 331 851 0 0 0 4 851
AUD 852 2 3 -1 -1 0 16777217 84 851 331 851 0 16777216 0 0 0 0 0 0 0 4 852
AUD 853 1 3 378 -1 0 16777216 0 0 0 0 0 16777217 88 853 331 853 0 0 0 4 853
AUD 854 2 3 -1 -1 0 16777217 88 853 331 853 0 16777216 0 0 0 0 0 0 0 4 854
AUD 855 1 3 379 -1 0 16777216 0 0 0 0 0 16777217 86 855 331 855 0 0 0 4 855
AUD 856 2 3 -1 -1 0 16777217 86 855 331 855 0 16777216 0 0 0 0 0 0 0 4 856
AUD 857 1 3 380 -1 0 16777216 0 0 0 0 0 16777217 16 857 266 857 0 0 0 4 857
AUD 858 2 3 -1 -1 0 16777217 16 857 266 857 0 16777216 0 0 0 0 0 0 0 4 858
AUD 859 1 3 381 -1 0 16777216 0 0 0 0 0 16777217 20 859 266 859 0 0 0 4 859
AUD 860 2 3 -1 -1 0 16777217 20 859 266 859 0 16777216 0 0 0 0 0 0 0 4 860
AUD 861 1 3 382 -1 0 16777216 0 0 0 0 0 16777217 18 861 266 861 0 0 0 4 861
AUD 862 12 29 -1 2 0 16777217 88 758 336 809 0 16777217 88 758 346 862 0 0 0 4 862
AUD 863 2 3 -1 -1 0 16777217 18 861 266 861 0 16777216 0 0 0 0 0 0 0 4 863
AUD 864 1 3 383 -1 0 16777216 0 0 0 0 0 16777217 84 864 331 864 0 0 0 4 864
AUD 865 2 3 -1 -1 0 16777217 84 864 331 864 0 16777216 0 0 0 0 0 0 0 4 865
AUD 866 1 3 384 -1 0 16777216 0 0 0 0 0 16777217 20 866 266 866 0 0 0 4 866
AUD 867 2 3 -1 -1 0 16777217 20 866 266 866 0 16777216 0 0 0 0 0 0 0 4 867
AUD 868 1 3 385 -1 0 16777216 0 0 0 0 0 16777217 18 868 266 868 0 0 0 4 868
AUD 869 2 3 -1 -1 0 16777217 18 868 266 868 0 16777216 0 0 0 0 0 0 0 4 869
AUD 870 1 3 386 -1 0 16777216 0 0 0 0 0 16777217 84 870 331 870 0 0 0 4 870
AUD 871 2 3 -1 -1 0 16777217 84 870 331 870 0 16777216 0 0 0 0 0 0 0 4 871
AUD 872 1 3 387 -1 0 16777216 0 0 0 0 0 16777217 88 872 331 872 0 0 0 4 872
AUD 873 12 30 -1 1 0 16777217 88 823 331 823 0 16777217 88 823 336 873 0 0 0 4 873
AUD 874 2 3 -1 -1 0 16777217 88 872 331 872 0 16777216 0 0 0 0 0 0 0 4 874
AUD 875 1 3 388 -1 0 16777216 0 0 0 0 0 16777217 86 875 331 875 0 0 0 4 875
AUD 876 2 3 -1 -1 0 16777217 86 875 331 875 0 16777216 0 0 0 0 0 0 0 4 876
AUD 877 1 3 389 -1 0 16777216 0 0 0 0 0 16777217 84 877 331 877 0 0 0 4 877
AUD 878 2 3 -1 -1 0 16777217 84 877 331 877 0 16777216 0 0 0 0 0 0 0 4 878
AUD 879 1 3 390 -1 0 16777216 0 0 0 0 0 16777217 20 879 266 879 0 0 0 4 879
AUD 880 2 3 -1 -1 0 16777217 20 879 266 879 0 16777216 0 0 0 0 0 0 0 4 880
AUD 881 1 3 391 -1 0 16777216 0 0 0 0 0 16777217 18 881 266 881 0 0 0 4 881
AUD 882 2 3 -1 -1 0 16777217 18 881 266 881 0 16777216 0 0 0 0 0 0 0 4 882
AUD 883 1 3 392 -1 0 16777216 0 0 0 0 0 16777217 16 883 266 883 0 0 0 4 883
AUD 884 2 3 -1 -1 0 16777217 16 883 266 883 0 16777216 0 0 0 0 0 0 0 4 884
AUD 885 1 3 393 -1 0 16777216 0 0 0 0 0 16777217 88 885 331 885 0 0 0 4 885
AUD 886 2 3 -1 -1 0 16777217 88 885 331 885 0 16777216 0 0 0 0 0 0 0 4 886
AUD 887 1 3 394 -1 0 16777216 0 0 0 0 0 16777217 18 887 266 887 0 0 0 4 887
AUD 888 2 3 -1 -1 0 16777217 18 887 266 887 0 16777216 0 0 0 0 0 0 0 4 888
AUD 889 1 3 395 -1 0 16777216 0 0 0 0 0 16777217 16 889 266 889 0 0 0 4 889
AUD 890 2 3 -1 -1 0 16777217 16 889 266 889 0 16777216 0 0 0 0 0 0 0 4 890
AUD 891 1 3 396 -1 0 16777216 0 0 0 0 0 16777217 88 891 331 891 0 0 0 4 891
AUD 892 2 3 -1 -1 0 16777217 88 891 331 891 0 16777216 0 0 0 0 0 0 0 4 892
AUD 893 1 3 397 -1 0 16777216 0 0 0 0 0 16777217 86 893 331 893 0 0 0 4 893
AUD 894 2 3 -1 -1 0 16777217 86 893 331 893 0 16777216 0 0 0 0 0 0 0 4 894
AUD 895 1 3 398 -1 0 16777216 0 0 0 0 0 16777217 84 895 331 895 0 0 0 4 895
AUD 896 2 3 -1 -1 0 16777217 84 895 331 895 0 16777216 0 0 0 0 0 0 0 4 896
AUD 897 1 3 399 -1 0 16777216 0 0 0 0 0 16777217 88 897 331 897 0 0 0 4 897
AUD 898 2 3 -1 -1 0 16777217 88 897 331 897 0 16777216 0 0 0 0 0 0 0 4 898
AUD 899 1 3 400 -1 0 16777216 0 0 0 0 0 16777217 18 899 266 899 0 0 0 4 899
AUD 900 2 3 -1 -1 0 16777217 18 899 266 899 0 16777216 0 0 0 0 0 0 0 4 900
AUD 901 1 3 401 -1 0 16777216 0 0 0 0 0 16777217 16 901 266 901 0 0 0 4 901
AUD 902 2 3 -1 -1 0 16777217 16 901 266 901 0 16777216 0 0 0 0 0 0 0 4 902
AUD 903 1 3 402 -1 0 16777216 0 0 0 0 0 16777217 20 903 266 903 0 0 0 4 903
AUD 904 2 3 -1 -1 0 16777217 20 903 266 903 0 16777216 0 0 0 0 0 0 0 4 904
AUD 905 1 3 403 -1 0 16777216 0 0 0 0 0 16777217 86 905 331 905 0 0 0 4 905
AUD 906 2 3 -1 -1 0 16777217 86 905 331 905 0 16777216 0 0 0 0 0 0 0 4 906
AUD 907 1 3 404 -1 0 16777216 0 0 0 0 0 16777217 16 907 266 907 0 0 0 4 907
AUD 908 2 3 -1 -1 0 16777217 16 907 266 907 0 16777216 0 0 0 0 0 0 0 4 908
AUD 909 1 3 405 -1 0 16777216 0 0 0 0 0 16777217 20 909 266 909 0 0 0 4 909
AUD 910 2 3 -1 -1 0 16777217 20 909 266 909 0 16777216 0 0 0 0 0 0 0 4 910
AUD 911 1 3 406 -1 0 16777216 0 0 0 0 0 16777217 86 911 331 911 0 0 0 4 911
AUD 912 2 3 -1 -1 0 16777217 86 911 331 911 0 16777216 0 0 0 0 0 0 0 4 912
AUD 913 1 3 407 -1 0 16777216 0 0 0 0 0 16777217 84 913 331 913 0 0 0 4 913
AUD 914 14 3 407 80 0 16777217 84 913 331 913 0 16777217 84 913 592 914 0 1 7 4 914
AUD 915 2 3 -1 -1 0 16777217 84 913 592 914 0 16777216 0 0 0 0 0 0 0 4 915
AUD 916 1 3 408 -1 0 16777216 0 0 0 0 0 16777217 88 916 331 916 0 0 0 4 916
AUD 917 14 3 408 80 0 16777217 88 916 331 916 0 16777217 88 916 592 917 0 1 7 4 917
AUD 918 2 3 -1 -1 0 16777217 88 916 592 917 0 16777216 0 0 0 0 0 0 0 4 918
AUD 919 1 3 409 -1 0 16777216 0 0 0 0 0 16777217 86 919 331 919 0 0 0 4 919
AUD 920 14 3 409 80 0 16777217 86 919 331 919 0 16777217 86 919 592 920 0 1 7 4 920
AUD 921 2 3 -1 -1 0 16777217 86 919 592 920 0 16777216 0 0 0 0 0 0 0 4 921
AUD 922 1 3 410 -1 0 16777216 0 0 0 0 0 16777217 16 922 266 922 0 0 0 4 922
AUD 923 2 3 -1 -1 0 16777217 16 922 266 922 0 16777216 0 0 0 0 0 0 0 4 923
AUD 924 1 3 411 -1 0 16777216 0 0 0 0 0 16777217 20 924 266 924 0 0 0 4 924
AUD 925 2 3 -1 -1 0 16777217 20 924 266 924 0 16777216 0 0 0 0 0 0 0 4 925
AUD 926 1 3 412 -1 0 16777216 0 0 0 0 0 16777217 18 926 266 926 0 0 0 4 926
AUD 927 12 30 -1 2 0 16777217 88 823 336 873 0 16777217 88 823 346 927 0 0 0 4 927
AUD 928 2 3 -1 -1 0 16777217 18 926 266 926 0 16777216 0 0 0 0 0 0 0 4 928
AUD 929 1 3 413 -1 0 16777216 0 0 0 0 0 16777217 84 929 331 929 0 0 0 4 929
AUD 930 2 3 -1 -1 0 16777217 84 929 331 929 0 16777216 0 0 0 0 0 0 0 4 930
AUD 931 1 3 414 -1 0 16777216 0 0 0 0 0 16777217 20 931 266 931 0 0 0 4 931
AUD 932 2 3 -1 -1 0 16777217 20 931 266 931 0 16777216 0 0 0 0 0 0 0 4 932
AUD 933 1 3 415 -1 0 16777216 0 0 0 0 0 16777217 18 933 266 933 0 0 0 4 933
AUD 934 2 3 -1 -1 0 16777217 18 933 266 933 0 16777216 0 0 0 0 0 0 0 4 934
AUD 935 1 3 416 -1 0 16777216 0 0 0 0 0 16777217 84 935 331 935 0 0 0 4 935
AUD 936 2 3 -1 -1 0 16777217 84 935 331 935 0 16777216 0 0 0 0 0 0 0 4 936
AUD 937 1 3 417 -1 0 16777216 0 0 0 0 0 16777217 88 937 331 937 0 0 0 4 937
AUD 938 2 3 -1 -1 0 16777217 88 937 331 937 0 16777216 0 0 0 0 0 0 0 4 938
AUD 939 1 3 418 -1 0 16777216 0 0 0 0 0 16777217 86 939 331 939 0 0 0 4 939
AUD 940 2 3 -1 -1 0 16777217 86 939 331 939 0 16777216 0 0 0 0 0 0 0 4 940
AUD 941 1 3 419 -1 0 16777216 0 0 0 0 0 16777217 84 941 331 941 0 0 0 4 941
AUD 942 2 3 -1 -1 0 16777217 84 941 331 941 0 16777216 0 0 0 0 0 0 0 4 942
AUD 943 1 3 420 -1 0 16777216 0 0 0 0 0 16777217 20 943 266 943 0 0 0 4 943
AUD 944 2 3 -1 -1 0 16777217 20 943 266 943 0 16777216 0 0 0 0 0 0 0 4 944
AUD 945 1 3 421 -1 0 16777216 0 0 0 0 0 16777217 18 945 266 945 0 0 0 4 945
AUD 946 2 3 -1 -1 0 16777217 18 945 266 945 0 16777216 0 0 0 0 0 0 0 4 946
AUD 947 1 3 422 -1 0 16777216 0 0 0 0 0 16777217 16 947 266 947 0 0 0 4 947
AUD 948 2 3 -1 -1 0 16777217 16 947 266 947 0 16777216 0 0 0 0 0 0 0 4 948
AUD 949 1 3 423 -1 0 16777216 0 0 0 0 0 16777217 88 949 331 949 0 0 0 4 949
AUD 950 2 3 -1 -1 0 16777217 88 949 331 949 0 16777216 0 0 0 0 0 0 0 4 950
AUD 951 1 3 424 -1 0 16777216 0 0 0 0 0 16777217 18 951 266 951 0 0 0 4 951
AUD 952 2 3 -1 -1 0 16777217 18 951 266 951 0 16777216 0 0 0 0 0 0 0 4 952
AUD 953 1 3 425 -1 0 16777216 0 0 0 0 0 16777217 16 953 266 953 0 0 0 4 953
AUD 954 2 3 -1 -1 0 16777217 16 953 266 953 0 16777216 0 0 0 0 0 0 0 4 954
AUD 955 1 3 426 -1 0 16777216 0 0 0 0 0 16777217 88 955 331 955 0 0 0 4 955
AUD 956 2 3 -1 -1 0 16777217 88 955 331 955 0 16777216 0 0 0 0 0 0 0 4 956
AUD 957 1 3 427 -1 0 16777216 0 0 0 0 0 16777217 86 957 331 957 0 0 0 4 957
AUD 958 2 3 -1 -1 0 16777217 86 957 331 957 0 16777216 0 0 0 0 0 0 0 4 958
AUD 959 1 3 428 -1 0 16777216 0 0 0 0 0 16777217 84 959 331 959 0 0 0 4 959
AUD 960 2 3 -1 -1 0 16777217 84 959 331 959 0 16777216 0 0 0 0 0 0 0 4 960
AUD 961 1 3 429 -1 0 16777216 0 0 0 0 0 16777217 88 961 331 961 0 0 0 4 961
AUD 962 2 3 -1 -1 0 16777217 88 961 331 961 0 16777216 0 0 0 0 0 0 0 4 962
AUD 963 1 3 430 -1 0 16777216 0 0 0 0 0 16777217 18 963 266 963 0 0 0 4 963
AUD 964 2 3 -1 -1 0 16777217 18 963 266 963 0 16777216 0 0 0 0 0 0 0 4 964
AUD 965 1 3 431 -1 0 16777216 0 0 0 0 0 16777217 16 965 266 965 0 0 0 4 965
AUD 966 2 3 -1 -1 0 16777217 16 965 266 965 0 16777216 0 0 0 0 0 0 0 4 966
AUD 967 1 3 432 -1 0 16777216 0 0 0 0 0 16777217 20 967 266 967 0 0 0 4 967
AUD 968 2 3 -1 -1 0 16777217 20 967 266 967 0 16777216 0 0 0 0 0 0 0 4 968
AUD 969 1 3 433 -1 0 16777216 0 0 0 0 0 16777217 86 969 331 969 0 0 0 4 969
AUD 970 2 3 -1 -1 0 16777217 86 969 331 969 0 16777216 0 0 0 0 0 0 0 4 970
AUD 971 1 3 434 -1 0 16777216 0 0 0 0 0 16777217 16 971 266 971 0 0 0 4 971
AUD 972 2 3 -1 -1 0 16777217 16 971 266 971 0 16777216 0 0 0 0 0 0 0 4 972
AUD 973 1 3 435 -1 0 16777216 0 0 0 0 0 16777217 20 973 266 973 0 0 0 4 973
AUD 974 2 3 -1 -1 0 16777217 20 973 266 973 0 16777216 0 0 0 0 0 0 0 4 974
AUD 975 1 3 436 -1 0 16777216 0 0 0 0 0 16777217 86 975 331 975 0 0 0 4 975
AUD 976 2 3 -1 -1 0 16777217 86 975 331 975 0 16777216 0 0 0 0 0 0 0 4 976
AUD 977 1 3 437 -1 0 16777216 0 0 0 0 0 16777217 84 977 331 977 0 0 0 4 977
AUD 978 2 3 -1 -1 0 16777217 84 977 331 977 0 16777216 0 0 0 0 0 0 0 4 978
AUD 979 1 3 438 -1 0 16777216 0 0 0 0 0 16777217 88 979 331 979 0 0 0 4 979
AUD 980 2 3 -1 -1 0 16777217 88 979 331 979 0 16777216 0 0 0 0 0 0 0 4 980
AUD 981 1 3 439 -1 0 16777216 0 0 0 0 0 16777217 86 981 331 981 0 0 0 4 981
AUD 982 2 3 -1 -1 0 16777217 86 981 331 981 0 16777216 0 0 0 0 0 0 0 4 982
AUD 983 1 3 440 -1 0 16777216 0 0 0 0 0 16777217 16 983 266 983 0 0 0 4 983
AUD 984 2 3 -1 -1 0 16777217 16 983 266 983 0 16777216 0 0 0 0 0 0 0 4 984
AUD 985 1 3 441 -1 0 16777216 0 0 0 0 0 16777217 20 985 266 985 0 0 0 4 985
AUD 986 2 3 -1 -1 0 16777217 20 985 266 985 0 16777216 0 0 0 0 0 0 0 4 986
AUD 987 1 3 442 -1 0 16777216 0 0 0 0 0 16777217 18 987 266 987 0 0 0 4 987
AUD 988 2 3 -1 -1 0 16777217 18 987 266 987 0 16777216 0 0 0 0 0 0 0 4 988
AUD 989 1 3 443 -1 0 16777216 0 0 0 0 0 16777217 84 989 331 989 0 0 0 4 989
AUD 990 2 3 -1 -1 0 16777217 84 989 331 989 0 16777216 0 0 0 0 0 0 0 4 990
AUD 991 1 3 444 -1 0 16777216 0 0 0 0 0 16777217 20 991 266 991 0 0 0 4 991
AUD 992 2 3 -1 -1 0 16777217 20 991 266 991 0 16777216 0 0 0 0 0 0 0 4 992
AUD 993 1 3 445 -1 0 16777216 0 0 0 0 0 16777217 18 993 266 993 0 0 0 4 993
AUD 994 2 3 -1 -1 0 16777217 18 993 266 993 0 16777216 0 0 0 0 0 0 0 4 994
AUD 995 1 3 446 -1 0 16777216 0 0 0 0 0 16777217 84 995 331 995 0 0 0 4 995
AUD 996 2 3 -1 -1 0 16777217 84 995 331 995 0 16777216 0 0 0 0 0 0 0 4 996
AUD 997 1 3 447 -1 0 16777216 0 0 0 0 0 16777217 88 997 331 997 0 0 0 4 997
AUD 998 2 3 -1 -1 0 16777217 88 997 331 997 0 16777216 0 0 0 0 0 0 0 4 998
AUD 999 1 3 448 -1 0 16777216 0 0 0 0 0 16777217 86 999 331 999 0 0 0 4 999
AUD 1000 2 3 -1 -1 0 16777217 86 999 331 999 0 16777216 0 0 0 0 0 0 0 4 1000
AUD 1001 1 3 449 -1 0 16777216 0 0 0 0 0 16777217 84 1001 331 1001 0 0 0 4 1001
AUD 1002 2 3 -1 -1 0 16777217 84 1001 331 1001 0 16777216 0 0 0 0 0 0 0 4 1002
AUD 1003 1 3 450 -1 0 16777216 0 0 0 0 0 16777217 20 1003 266 1003 0 0 0 4 1003
AUD 1004 2 3 -1 -1 0 16777217 20 1003 266 1003 0 16777216 0 0 0 0 0 0 0 4 1004
AUD 1005 1 3 451 -1 0 16777216 0 0 0 0 0 16777217 18 1005 266 1005 0 0 0 4 1005
AUD 1006 2 3 -1 -1 0 16777217 18 1005 266 1005 0 16777216 0 0 0 0 0 0 0 4 1006
AUD 1007 1 3 452 -1 0 16777216 0 0 0 0 0 16777217 16 1007 266 1007 0 0 0 4 1007
AUD 1008 2 3 -1 -1 0 16777217 16 1007 266 1007 0 16777216 0 0 0 0 0 0 0 4 1008
AUD 1009 1 3 453 -1 0 16777216 0 0 0 0 0 16777217 88 1009 331 1009 0 0 0 4 1009
AUD 1010 2 3 -1 -1 0 16777217 88 1009 331 1009 0 16777216 0 0 0 0 0 0 0 4 1010
AUD 1011 1 3 454 -1 0 16777216 0 0 0 0 0 16777217 18 1011 266 1011 0 0 0 4 1011
AUD 1012 2 3 -1 -1 0 16777217 18 1011 266 1011 0 16777216 0 0 0 0 0 0 0 4 1012
AUD 1013 1 3 455 -1 0 16777216 0 0 0 0 0 16777217 16 1013 266 1013 0 0 0 4 1013
AUD 1014 2 3 -1 -1 0 16777217 16 1013 266 1013 0 16777216 0 0 0 0 0 0 0 4 1014
AUD 1015 1 3 456 -1 0 16777216 0 0 0 0 0 16777217 88 1015 331 1015 0 0 0 4 1015
AUD 1016 2 3 -1 -1 0 16777217 88 1015 331 1015 0 16777216 0 0 0 0 0 0 0 4 1016
AUD 1017 1 3 457 -1 0 16777216 0 0 0 0 0 16777217 86 1017 331 1017 0 0 0 4 1017
AUD 1018 14 3 457 80 0 16777217 86 1017 331 1017 0 16777217 86 1017 592 1018 0 1 7 4 1018
AUD 1019 2 3 -1 -1 0 16777217 86 1017 592 1018 0 16777216 0 0 0 0 0 0 0 4 1019
AUD 1020 1 3 458 -1 0 16777216 0 0 0 0 0 16777217 84 1020 331 1020 0 0 0 4 1020
AUD 1021 14 3 458 80 0 16777217 84 1020 331 1020 0 16777217 84 1020 592 1021 0 1 7 4 1021
AUD 1022 2 3 -1 -1 0 16777217 84 1020 592 1021 0 16777216 0 0 0 0 0 0 0 4 1022
AUD 1023 1 3 459 -1 0 16777216 0 0 0 0 0 16777217 88 1023 331 1023 0 0 0 4 1023
AUD 1024 14 3 459 80 0 16777217 88 1023 331 1023 0 16777217 88 1023 592 1024 0 1 7 4 1024
AUD 1025 2 3 -1 -1 0 16777217 88 1023 592 1024 0 16777216 0 0 0 0 0 0 0 4 1025
AUD 1026 1 3 460 -1 0 16777216 0 0 0 0 0 16777217 18 1026 266 1026 0 0 0 4 1026
AUD 1027 2 3 -1 -1 0 16777217 18 1026 266 1026 0 16777216 0 0 0 0 0 0 0 4 1027
AUD 1028 1 3 461 -1 0 16777216 0 0 0 0 0 16777217 16 1028 266 1028 0 0 0 4 1028
AUD 1029 2 3 -1 -1 0 16777217 16 1028 266 1028 0 16777216 0 0 0 0 0 0 0 4 1029
AUD 1030 1 3 462 -1 0 16777216 0 0 0 0 0 16777217 20 1030 266 1030 0 0 0 4 1030
AUD 1031 2 3 -1 -1 0 16777217 20 1030 266 1030 0 16777216 0 0 0 0 0 0 0 4 1031
AUD 1032 1 3 463 -1 0 16777216 0 0 0 0 0 16777217 86 1032 331 1032 0 0 0 4 1032
AUD 1033 2 3 -1 -1 0 16777217 86 1032 331 1032 0 16777216 0 0 0 0 0 0 0 4 1033
AUD 1034 1 3 464 -1 0 16777216 0 0 0 0 0 16777217 16 1034 266 1034 0 0 0 4 1034
AUD 1035 2 3 -1 -1 0 16777217 16 1034 266 1034 0 16777216 0 0 0 0 0 0 0 4 1035
AUD 1036 1 3 465 -1 0 16777216 0 0 0 0 0 16777217 20 1036 266 1036 0 0 0 4 1036
AUD 1037 2 3 -1 -1 0 16777217 20 1036 266 1036 0 16777216 0 0 0 0 0 0 0 4 1037
AUD 1038 1 3 466 -1 0 16777216 0 0 0 0 0 16777217 86 1038 331 1038 0 0 0 4 1038
AUD 1039 2 3 -1 -1 0 16777217 86 1038 331 1038 0 16777216 0 0 0 0 0 0 0 4 1039
AUD 1040 1 3 467 -1 0 16777216 0 0 0 0 0 16777217 84 1040 331 1040 0 0 0 4 1040
AUD 1041 2 3 -1 -1 0 16777217 84 1040 331 1040 0 16777216 0 0 0 0 0 0 0 4 1041
AUD 1042 1 3 468 -1 0 16777216 0 0 0 0 0 16777217 88 1042 331 1042 0 0 0 4 1042
AUD 1043 2 3 -1 -1 0 16777217 88 1042 331 1042 0 16777216 0 0 0 0 0 0 0 4 1043
AUD 1044 1 3 469 -1 0 16777216 0 0 0 0 0 16777217 86 1044 331 1044 0 0 0 4 1044
AUD 1045 2 3 -1 -1 0 16777217 86 1044 331 1044 0 16777216 0 0 0 0 0 0 0 4 1045
AUD 1046 1 3 470 -1 0 16777216 0 0 0 0 0 16777217 16 1046 266 1046 0 0 0 4 1046
AUD 1047 2 3 -1 -1 0 16777217 16 1046 266 1046 0 16777216 0 0 0 0 0 0 0 4 1047
AUD 1048 1 3 471 -1 0 16777216 0 0 0 0 0 16777217 20 1048 266 1048 0 0 0 4 1048
AUD 1049 2 3 -1 -1 0 16777217 20 1048 266 1048 0 16777216 0 0 0 0 0 0 0 4 1049
AUD 1050 1 3 472 -1 0 16777216 0 0 0 0 0 16777217 18 1050 266 1050 0 0 0 4 1050
AUD 1051 2 3 -1 -1 0 16777217 18 1050 266 1050 0 16777216 0 0 0 0 0 0 0 4 1051
AUD 1052 1 3 473 -1 0 16777216 0 0 0 0 0 16777217 84 1052 331 1052 0 0 0 4 1052
AUD 1053 2 3 -1 -1 0 16777217 84 1052 331 1052 0 16777216 0 0 0 0 0 0 0 4 1053
AUD 1054 1 3 474 -1 0 16777216 0 0 0 0 0 16777217 20 1054 266 1054 0 0 0 4 1054
AUD 1055 2 3 -1 -1 0 16777217 20 1054 266 1054 0 16777216 0 0 0 0 0 0 0 4 1055
AUD 1056 1 3 475 -1 0 16777216 0 0 0 0 0 16777217 18 1056 266 1056 0 0 0 4 1056
AUD 1057 2 3 -1 -1 0 16777217 18 1056 266 1056 0 16777216 0 0 0 0 0 0 0 4 1057
AUD 1058 1 3 476 -1 0 16777216 0 0 0 0 0 16777217 84 1058 331 1058 0 0 0 4 1058
AUD 1059 2 3 -1 -1 0 16777217 84 1058 331 1058 0 16777216 0 0 0 0 0 0 0 4 1059
AUD 1060 1 3 477 -1 0 16777216 0 0 0 0 0 16777217 88 1060 331 1060 0 0 0 4 1060
AUD 1061 2 3 -1 -1 0 16777217 88 1060 331 1060 0 16777216 0 0 0 0 0 0 0 4 1061
AUD 1062 1 3 478 -1 0 16777216 0 0 0 0 0 16777217 86 1062 331 1062 0 0 0 4 1062
AUD 1063 2 3 -1 -1 0 16777217 86 1062 331 1062 0 16777216 0 0 0 0 0 0 0 4 1063
AUD 1064 1 3 479 -1 0 16777216 0 0 0 0 0 16777217 84 1064 331 1064 0 0 0 4 1064
AUD 1065 2 3 -1 -1 0 16777217 84 1064 331 1064 0 16777216 0 0 0 0 0 0 0 4 1065
AUD 1066 1 3 480 -1 0 16777216 0 0 0 0 0 16777217 20 1066 266 1066 0 0 0 4 1066
AUD 1067 2 3 -1 -1 0 16777217 20 1066 266 1066 0 16777216 0 0 0 0 0 0 0 4 1067
AUD 1068 1 3 481 -1 0 16777216 0 0 0 0 0 16777217 18 1068 266 1068 0 0 0 4 1068
AUD 1069 2 3 -1 -1 0 16777217 18 1068 266 1068 0 16777216 0 0 0 0 0 0 0 4 1069
AUD 1070 1 3 482 -1 0 16777216 0 0 0 0 0 16777217 16 1070 266 1070 0 0 0 4 1070
AUD 1071 2 3 -1 -1 0 16777217 16 1070 266 1070 0 16777216 0 0 0 0 0 0 0 4 1071
AUD 1072 1 3 483 -1 0 16777216 0 0 0 0 0 16777217 88 1072 331 1072 0 0 0 4 1072
AUD 1073 2 3 -1 -1 0 16777217 88 1072 331 1072 0 16777216 0 0 0 0 0 0 0 4 1073
AUD 1074 1 3 484 -1 0 16777216 0 0 0 0 0 16777217 18 1074 266 1074 0 0 0 4 1074
AUD 1075 2 3 -1 -1 0 16777217 18 1074 266 1074 0 16777216 0 0 0 0 0 0 0 4 1075
AUD 1076 1 3 485 -1 0 16777216 0 0 0 0 0 16777217 16 1076 266 1076 0 0 0 4 1076
AUD 1077 2 3 -1 -1 0 16777217 16 1076 266 1076 0 16777216 0 0 0 0 0 0 0 4 1077
AUD 1078 1 3 486 -1 0 16777216 0 0 0 0 0 16777217 88 1078 331 1078 0 0 0 4 1078
AUD 1079 2 3 -1 -1 0 16777217 88 1078 331 1078 0 16777216 0 0 0 0 0 0 0 4 1079
AUD 1080 1 3 487 -1 0 16777216 0 0 0 0 0 16777217 86 1080 331 1080 0 0 0 4 1080
AUD 1081 2 3 -1 -1 0 16777217 86 1080 331 1080 0 16777216 0 0 0 0 0 0 0 4 1081
AUD 1082 1 3 488 -1 0 16777216 0 0 0 0 0 16777217 84 1082 331 1082 0 0 0 4 1082
AUD 1083 2 3 -1 -1 0 16777217 84 1082 331 1082 0 16777216 0 0 0 0 0 0 0 4 1083
AUD 1084 1 3 489 -1 0 16777216 0 0 0 0 0 16777217 88 1084 331 1084 0 0 0 4 1084
AUD 1085 2 3 -1 -1 0 16777217 88 1084 331 1084 0 16777216 0 0 0 0 0 0 0 4 1085
AUD 1086 1 3 490 -1 0 16777216 0 0 0 0 0 16777217 18 1086 266 1086 0 0 0 4 1086
AUD 1087 2 3 -1 -1 0 16777217 18 1086 266 1086 0 16777216 0 0 0 0 0 0 0 4 1087
AUD 1088 1 3 491 -1 0 16777216 0 0 0 0 0 16777217 16 1088 266 1088 0 0 0 4 1088
AUD 1089 2 3 -1 -1 0 16777217 16 1088 266 1088 0 16777216 0 0 0 0 0 0 0 4 1089
AUD 1090 1 3 492 -1 0 16777216 0 0 0 0 0 16777217 20 1090 266 1090 0 0 0 4 1090
AUD 1091 2 3 -1 -1 0 16777217 20 1090 266 1090 0 16777216 0 0 0 0 0 0 0 4 1091
AUD 1092 1 3 493 -1 0 16777216 0 0 0 0 0 16777217 86 1092 331 1092 0 0 0 4 1092
AUD 1093 2 3 -1 -1 0 16777217 86 1092 331 1092 0 16777216 0 0 0 0 0 0 0 4 1093
AUD 1094 1 3 494 -1 0 16777216 0 0 0 0 0 16777217 16 1094 266 1094 0 0 0 4 1094
AUD 1095 2 3 -1 -1 0 16777217 16 1094 266 1094 0 16777216 0 0 0 0 0 0 0 4 1095
AUD 1096 1 3 495 -1 0 16777216 0 0 0 0 0 16777217 20 1096 266 1096 0 0 0 4 1096
AUD 1097 2 3 -1 -1 0 16777217 20 1096 266 1096 0 16777216 0 0 0 0 0 0 0 4 1097
AUD 1098 1 3 496 -1 0 16777216 0 0 0 0 0 16777217 86 1098 331 1098 0 0 0 4 1098
AUD 1099 2 3 -1 -1 0 16777217 86 1098 331 1098 0 16777216 0 0 0 0 0 0 0 4 1099
AUD 1100 1 3 497 -1 0 16777216 0 0 0 0 0 16777217 84 1100 331 1100 0 0 0 4 1100
AUD 1101 2 3 -1 -1 0 16777217 84 1100 331 1100 0 16777216 0 0 0 0 0 0 0 4 1101
AUD 1102 1 3 498 -1 0 16777216 0 0 0 0 0 16777217 88 1102 331 1102 0 0 0 4 1102
AUD 1103 2 3 -1 -1 0 16777217 88 1102 331 1102 0 16777216 0 0 0 0 0 0 0 4 1103
AUD 1104 1 3 499 -1 0 16777216 0 0 0 0 0 16777217 86 1104 331 1104 0 0 0 4 1104
AUD_DONE 1105
AUD_FP 1392623324
