N16_COLUMNS,pop,arm,parent_updates,parent_old,final_old,old_lost,old_rescued,old_gate_hits,parent_new,final_new,new_gain,new_gate_hits,proposals,accepted,rejected,skipped,anchor_loss,anchor_checks
N16_CONF,0,0,87,506,506,0,0,0,157,157,0,0,0,0,0,1536,0,0
N16_CONF,0,1,87,506,137,371,2,0,157,497,340,0,118,118,0,1418,0,0
N16_CONF,0,3,87,506,471,35,0,81,157,443,286,416,256,46,210,1280,0,0
N16_CONF,0,4,87,506,494,12,0,81,157,239,82,416,843,15,828,693,0,96
N16_CONF,0,6,87,506,505,1,0,81,157,179,22,416,996,4,992,540,0,512
N16_CONF,0,8,87,506,473,33,0,52,157,461,304,439,195,57,138,1341,0,0
N16_CONF,0,14,87,506,485,21,0,38,157,461,304,432,195,57,138,1341,0,0
N16_CONF,0,17,87,506,492,14,0,25,157,452,295,417,267,45,222,1269,0,0
N16_CONF,0,19,87,506,505,1,0,25,157,397,240,417,385,31,354,1151,1,512
N16_CONF,1,0,137,507,507,0,0,0,143,143,0,0,0,0,0,1536,0,0
N16_CONF,1,1,137,507,173,336,2,0,143,484,341,0,100,100,0,1436,0,0
N16_CONF,1,3,137,507,476,31,0,74,143,425,282,394,281,53,228,1255,0,0
N16_CONF,1,4,137,507,491,16,0,74,143,298,155,394,588,15,573,948,0,96
N16_CONF,1,6,137,507,507,0,0,74,143,161,18,394,1051,8,1043,485,0,512
N16_CONF,1,8,137,507,473,34,0,48,143,447,304,424,226,52,174,1310,0,0
N16_CONF,1,14,137,507,484,23,0,37,143,447,304,413,226,52,174,1310,0,0
N16_CONF,1,17,137,507,498,9,0,22,143,415,272,377,276,48,228,1260,0,0
N16_CONF,1,19,137,507,507,0,0,22,143,370,227,377,387,39,348,1149,0,512
N16_CONF,2,0,156,507,507,0,0,0,159,159,0,0,0,0,0,1536,0,0
N16_CONF,2,1,156,507,159,349,1,0,159,496,337,0,117,117,0,1419,0,0
N16_CONF,2,3,156,507,466,41,0,82,159,442,283,413,312,48,264,1224,0,0
N16_CONF,2,4,156,507,494,13,0,82,159,276,117,413,784,23,761,752,0,96
N16_CONF,2,6,156,507,507,0,0,82,159,179,20,413,1009,2,1007,527,0,512
N16_CONF,2,8,156,507,465,43,1,56,159,462,303,434,245,71,174,1291,0,0
N16_CONF,2,14,156,507,472,36,1,49,159,462,303,432,245,71,174,1291,0,0
N16_CONF,2,17,156,507,493,14,0,23,159,455,296,412,297,45,252,1239,0,0
N16_CONF,2,19,156,507,507,0,0,23,159,411,252,412,410,33,377,1126,0,512
N16_CONF,3,0,134,499,499,0,0,0,164,164,0,0,0,0,0,1536,0,0
N16_CONF,3,1,134,499,156,349,6,0,164,492,328,0,79,79,0,1457,0,0
N16_CONF,3,3,134,499,463,36,0,71,164,431,267,394,279,45,234,1257,0,0
N16_CONF,3,4,134,499,489,10,0,71,164,263,99,394,731,19,712,805,0,96
N16_CONF,3,6,134,499,498,1,0,71,164,238,74,394,783,12,771,753,0,512
N16_CONF,3,8,134,499,451,48,0,54,164,449,285,423,212,50,162,1324,0,0
N16_CONF,3,14,134,499,459,40,0,46,164,449,285,420,212,50,162,1324,0,0
N16_CONF,3,17,134,499,489,10,0,19,164,432,268,377,292,46,246,1244,0,0
N16_CONF,3,19,134,499,497,2,0,19,164,363,199,377,444,28,416,1092,1,512
N16_CONF,4,0,140,472,472,0,0,0,124,124,0,0,0,0,0,1536,0,0
N16_CONF,4,1,140,472,151,359,38,0,124,503,379,0,111,111,0,1425,0,0
N16_CONF,4,3,140,472,420,59,7,86,124,428,304,408,374,44,330,1162,0,0
N16_CONF,4,4,140,472,476,6,10,86,124,278,154,408,817,21,796,719,0,96
N16_CONF,4,6,140,472,477,0,5,86,124,177,53,408,1047,13,1034,489,0,512
N16_CONF,4,8,140,472,425,47,0,62,124,450,326,427,273,69,204,1263,0,0
N16_CONF,4,14,140,472,423,49,0,55,124,437,313,416,273,63,210,1263,0,0
N16_CONF,4,17,140,472,451,21,0,29,124,434,310,403,347,53,294,1189,0,0
N16_CONF,4,19,140,472,472,0,0,29,124,387,263,403,556,36,520,980,0,512
N16_CONF,5,0,122,493,493,0,0,0,154,154,0,0,0,0,0,1536,0,0
N16_CONF,5,1,122,493,167,337,11,0,154,490,336,0,95,95,0,1441,0,0
N16_CONF,5,3,122,493,450,43,0,74,154,433,279,398,325,55,270,1211,0,0
N16_CONF,5,4,122,493,489,4,0,74,154,339,185,398,600,20,580,936,0,96
N16_CONF,5,6,122,493,493,0,0,74,154,201,47,398,975,12,963,561,0,512
N16_CONF,5,8,122,493,452,41,0,62,154,456,302,439,233,71,162,1303,0,0
N16_CONF,5,14,122,493,454,39,0,57,154,456,302,437,233,71,162,1303,0,0
N16_CONF,5,17,122,493,480,13,0,22,154,439,285,391,318,60,258,1218,0,0
N16_CONF,5,19,122,493,493,0,0,22,154,381,227,391,458,29,429,1078,0,512
N16_CONF,6,0,132,502,502,0,0,0,139,139,0,0,0,0,0,1536,0,0
N16_CONF,6,1,132,502,160,350,8,0,139,488,349,0,101,101,0,1435,0,0
N16_CONF,6,3,132,502,469,33,0,81,139,427,288,397,388,64,324,1148,0,0
N16_CONF,6,4,132,502,499,3,0,81,139,356,217,397,652,33,619,884,0,96
N16_CONF,6,6,132,502,502,0,0,81,139,188,49,397,1049,10,1039,487,0,512
N16_CONF,6,8,132,502,459,43,0,66,139,449,310,423,243,63,180,1293,0,0
N16_CONF,6,14,132,502,463,39,0,59,139,449,310,421,243,63,180,1293,0,0
N16_CONF,6,17,132,502,487,15,0,25,139,429,290,386,334,64,270,1202,0,0
N16_CONF,6,19,132,502,502,0,0,25,139,391,252,386,521,36,485,1015,0,512
N16_CONF,7,0,129,496,496,0,0,0,164,164,0,0,0,0,0,1536,0,0
N16_CONF,7,1,129,496,143,359,6,0,164,498,334,0,97,97,0,1439,0,0
N16_CONF,7,3,129,496,454,42,0,73,164,421,257,393,314,62,252,1222,0,0
N16_CONF,7,4,129,496,489,7,0,73,164,343,179,393,552,25,527,984,0,96
N16_CONF,7,6,129,496,496,0,0,73,164,186,22,393,1014,4,1010,522,0,512
N16_CONF,7,8,129,496,447,49,0,71,164,455,291,445,202,82,120,1334,0,0
N16_CONF,7,14,129,496,474,22,0,50,164,450,286,415,199,73,126,1337,0,0
N16_CONF,7,17,129,496,484,12,0,22,164,433,269,390,325,61,264,1211,0,0
N16_CONF,7,19,129,496,496,0,0,22,164,375,211,390,445,34,411,1091,0,512
N16_CONF,8,0,63,502,502,0,0,0,148,148,0,0,0,0,0,1536,0,0
N16_CONF,8,1,63,502,163,342,3,0,148,493,345,0,88,88,0,1448,0,0
N16_CONF,8,3,63,502,470,32,0,76,148,418,270,388,313,49,264,1223,0,0
N16_CONF,8,4,63,502,497,5,0,76,148,330,182,388,560,22,538,976,0,96
N16_CONF,8,6,63,502,502,0,0,76,148,196,48,388,958,15,943,578,0,512
N16_CONF,8,8,63,502,457,45,0,61,148,438,290,418,210,42,168,1326,0,0
N16_CONF,8,14,63,502,467,35,0,46,148,428,280,398,240,42,198,1296,0,0
N16_CONF,8,17,63,502,486,16,0,25,148,401,253,365,303,45,258,1233,0,0
N16_CONF,8,19,63,502,501,1,0,25,148,352,204,365,486,28,458,1050,0,512
N16_CONF,9,0,59,496,496,0,0,0,139,139,0,0,0,0,0,1536,0,0
N16_CONF,9,1,59,496,143,363,10,0,139,495,356,0,81,81,0,1455,0,0
N16_CONF,9,3,59,496,465,31,0,72,139,427,288,402,299,41,258,1237,0,0
N16_CONF,9,4,59,496,483,13,0,72,139,339,200,402,534,30,504,1002,0,96
N16_CONF,9,6,59,496,496,0,0,72,139,187,48,402,994,6,988,542,0,512
N16_CONF,9,8,59,496,456,40,0,68,139,466,327,452,173,53,120,1363,0,0
N16_CONF,9,14,59,496,456,40,0,52,139,460,321,432,166,40,126,1370,0,0
N16_CONF,9,17,59,496,483,13,0,22,139,426,287,391,306,36,270,1230,0,0
N16_CONF,9,19,59,496,495,1,0,22,139,393,254,391,410,28,382,1126,0,512
N16_CONF,10,0,66,494,494,0,0,0,169,169,0,0,0,0,0,1536,0,0
N16_CONF,10,1,66,494,130,364,0,0,169,488,319,0,75,75,0,1461,0,0
N16_CONF,10,3,66,494,467,27,0,71,169,421,252,377,285,45,240,1251,0,0
N16_CONF,10,4,66,494,477,17,0,71,169,364,195,377,535,27,508,1001,0,96
N16_CONF,10,6,66,494,494,0,0,71,169,212,43,377,901,17,884,635,0,512
N16_CONF,10,8,66,494,465,29,0,54,169,447,278,416,196,46,150,1340,0,0
N16_CONF,10,14,66,494,474,20,0,40,169,441,272,397,208,46,162,1328,0,0
N16_CONF,10,17,66,494,481,13,0,21,169,414,245,355,263,47,216,1273,0,0
N16_CONF,10,19,66,494,494,0,0,21,169,383,214,355,372,30,342,1164,0,512
N16_CONF,11,0,70,502,502,0,0,0,158,158,0,0,0,0,0,1536,0,0
N16_CONF,11,1,70,502,148,354,0,0,158,497,339,0,107,107,0,1429,0,0
N16_CONF,11,3,70,502,471,31,0,75,158,430,272,398,280,46,234,1256,0,0
N16_CONF,11,4,70,502,489,13,0,75,158,189,31,398,961,6,955,575,0,96
N16_CONF,11,6,70,502,502,0,0,75,158,181,23,398,1062,2,1060,474,0,512
N16_CONF,11,8,70,502,468,34,0,59,158,451,293,431,239,65,174,1297,0,0
N16_CONF,11,14,70,502,475,27,0,43,158,455,297,418,232,58,174,1304,0,0
N16_CONF,11,17,70,502,490,12,0,24,158,438,280,399,279,45,234,1257,0,0
N16_CONF,11,19,70,502,502,0,0,24,158,390,232,399,444,33,411,1092,0,512
N16_CONF,12,0,72,505,505,0,0,0,155,155,0,0,0,0,0,1536,0,0
N16_CONF,12,1,72,505,136,371,2,0,155,493,338,0,91,91,0,1445,0,0
N16_CONF,12,3,72,505,480,25,0,71,155,413,258,378,260,38,222,1276,0,0
N16_CONF,12,4,72,505,498,7,0,71,155,196,41,378,859,13,846,677,0,96
N16_CONF,12,6,72,505,505,0,0,71,155,184,29,378,960,4,956,576,0,512
N16_CONF,12,8,72,505,464,41,0,54,155,457,302,433,227,53,174,1309,0,0
N16_CONF,12,14,72,505,487,18,0,37,155,440,285,404,254,56,198,1282,0,0
N16_CONF,12,17,72,505,494,11,0,24,155,412,257,362,267,39,228,1269,0,0
N16_CONF,12,19,72,505,505,0,0,24,155,334,179,362,426,27,399,1110,0,512
N16_CONF,13,0,121,490,490,0,0,0,148,148,0,0,0,0,0,1536,0,0
N16_CONF,13,1,121,490,150,357,17,0,148,499,351,0,108,108,0,1428,0,0
N16_CONF,13,3,121,490,457,36,3,81,148,429,281,400,306,66,240,1230,0,0
N16_CONF,13,4,121,490,479,11,0,81,148,221,73,400,897,18,879,639,0,96
N16_CONF,13,6,121,490,492,1,3,81,148,211,63,400,916,8,908,620,0,512
N16_CONF,13,8,121,490,459,31,0,51,148,459,311,426,249,63,186,1287,0,0
N16_CONF,13,14,121,490,476,14,0,32,148,443,295,406,281,65,216,1255,0,0
N16_CONF,13,17,121,490,479,11,0,26,148,433,285,394,309,69,240,1227,0,0
N16_CONF,13,19,121,490,490,0,0,26,148,361,213,394,475,23,452,1061,1,512
N16_CONF,14,0,90,505,505,0,0,0,147,147,0,0,0,0,0,1536,0,0
N16_CONF,14,1,90,505,160,352,7,0,147,499,352,0,70,70,0,1466,0,0
N16_CONF,14,3,90,505,473,32,0,74,147,426,279,392,235,55,180,1301,0,0
N16_CONF,14,4,90,505,502,3,0,74,147,195,48,392,872,11,861,664,0,96
N16_CONF,14,6,90,505,496,9,0,74,147,262,115,392,700,10,690,836,0,512
N16_CONF,14,8,90,505,476,29,0,46,147,456,309,425,226,58,168,1310,0,0
N16_CONF,14,14,90,505,493,12,0,26,147,443,296,399,258,54,204,1278,0,0
N16_CONF,14,17,90,505,493,12,0,20,147,427,280,379,271,49,222,1265,0,0
N16_CONF,14,19,90,505,503,2,0,20,147,368,221,379,370,31,339,1166,0,512
N16_CONF,15,0,85,506,506,0,0,0,160,160,0,0,0,0,0,1536,0,0
N16_CONF,15,1,85,506,156,353,3,0,160,495,335,0,102,102,0,1434,0,0
N16_CONF,15,3,85,506,463,43,0,84,160,435,275,409,307,49,258,1229,0,0
N16_CONF,15,4,85,506,489,17,0,84,160,166,6,409,991,6,985,545,0,96
N16_CONF,15,6,85,506,504,2,0,84,160,171,11,409,990,6,984,546,0,512
N16_CONF,15,8,85,506,466,40,0,51,160,455,295,422,258,54,204,1278,0,0
N16_CONF,15,14,85,506,469,37,0,47,160,455,295,421,258,54,204,1278,0,0
N16_CONF,15,17,85,506,493,13,0,26,160,438,278,399,297,51,246,1239,0,0
N16_CONF,15,19,85,506,506,0,0,26,160,375,215,399,484,23,461,1052,0,512
N16_HOLDOUT_ARM,N16_CONF,0,0,0,0,0,0,0,0,0,0,0,0,24576,0,16
N16_HOLDOUT_ARM,N16_CONF,1,5666,116,5479,319,369,371,0,0,1540,1540,0,23036,0,16
N16_HOLDOUT_ARM,N16_CONF,3,577,10,4421,252,52,59,1226,6357,4814,806,4008,19762,0,16
N16_HOLDOUT_ARM,N16_CONF,4,157,10,1964,6,17,17,1226,6357,11776,304,11472,12800,0,16
N16_HOLDOUT_ARM,N16_CONF,6,14,8,685,11,9,9,1226,6357,15405,133,15272,9171,0,16
N16_HOLDOUT_ARM,N16_CONF,8,627,1,4830,278,49,49,915,6877,3607,949,2658,20969,0,16
N16_HOLDOUT_ARM,N16_CONF,14,472,1,4748,272,49,49,714,6661,3723,915,2808,20853,0,16
N16_HOLDOUT_ARM,N16_CONF,17,209,0,4450,245,21,21,375,6197,4751,803,3948,19825,0,16
N16_HOLDOUT_ARM,N16_CONF,19,7,0,3603,179,2,2,375,6197,7073,489,6584,17503,3,16
N16_HOLDOUT_GATE,N16_CONF,19,1,1
R33_N16_CONFIRMATION_COMPLETE
