AUD 0 1 0 -1 -1 0 0 0 0 0 0 0 65537 95 0 0 0 0 0 0 0 0
AUD 1 1 1 -1 -1 0 0 0 0 0 0 0 65537 90 1 0 1 0 0 0 0 1
AUD 2 8 -1 4 -1 0 0 0 0 0 0 0 0 0 0 0 0 0 0 0 4 2
AUD 3 1 2 0 -1 0 0 0 0 0 0 0 16777217 18 3 266 3 0 0 0 4 3
AUD 4 1 3 1 -1 0 0 0 0 0 0 0 16777217 84 4 331 4 0 0 0 4 4
AUD 5 1 4 2 -1 0 0 0 0 0 0 0 16777217 20 5 266 5 0 0 0 4 5
AUD 6 1 5 3 -1 0 0 0 0 0 0 0 16777217 18 6 266 6 0 0 0 4 6
AUD 7 1 6 4 -1 0 0 0 0 0 0 0 16777217 84 7 331 7 0 0 0 4 7
AUD 8 1 7 5 -1 0 0 0 0 0 0 0 16777217 20 8 266 8 0 0 0 4 8
AUD 9 1 8 6 -1 0 0 0 0 0 0 0 16777217 18 9 266 9 0 0 0 4 9
AUD 10 1 9 7 -1 0 0 0 0 0 0 0 16777217 84 10 331 10 0 0 0 4 10
AUD 11 14 9 7 80 0 16777217 84 10 331 10 0 16777217 84 10 592 11 0 1 7 4 11
AUD 12 1 10 8 -1 0 0 0 0 0 0 0 16777217 20 12 266 12 0 0 0 4 12
AUD 13 1 11 9 -1 0 0 0 0 0 0 0 16777217 18 13 266 13 0 0 0 4 13
AUD 14 1 12 10 -1 0 0 0 0 0 0 0 16777217 16 14 266 14 0 0 0 4 14
AUD 15 1 13 11 -1 0 0 0 0 0 0 0 16777217 88 15 331 15 0 0 0 4 15
AUD 16 1 14 12 -1 0 0 0 0 0 0 0 16777217 18 16 266 16 0 0 0 4 16
AUD 17 1 15 13 -1 0 0 0 0 0 0 0 16777217 16 17 266 17 0 0 0 4 17
AUD 18 1 16 14 -1 0 0 0 0 0 0 0 16777217 88 18 331 18 0 0 0 4 18
AUD 19 1 17 15 -1 0 0 0 0 0 0 0 16777217 18 19 266 19 0 0 0 4 19
AUD 20 1 18 16 -1 0 0 0 0 0 0 0 16777217 16 20 266 20 0 0 0 4 20
AUD 21 1 19 17 -1 0 0 0 0 0 0 0 16777217 88 21 331 21 0 0 0 4 21
AUD 22 1 20 18 -1 0 0 0 0 0 0 0 16777217 18 22 266 22 0 0 0 4 22
AUD 23 1 21 19 -1 0 0 0 0 0 0 0 16777217 16 23 266 23 0 0 0 4 23
AUD 24 1 22 20 -1 0 0 0 0 0 0 0 16777217 20 24 266 24 0 0 0 4 24
AUD 25 1 23 21 -1 0 0 0 0 0 0 0 16777217 86 25 331 25 0 0 0 4 25
AUD 26 1 24 22 -1 0 0 0 0 0 0 0 16777217 16 26 266 26 0 0 0 4 26
AUD 27 1 25 23 -1 0 0 0 0 0 0 0 16777217 20 27 266 27 0 0 0 4 27
AUD 28 1 26 24 -1 0 0 0 0 0 0 0 16777217 86 28 331 28 0 0 0 4 28
AUD 29 1 27 25 -1 0 0 0 0 0 0 0 16777217 16 29 266 29 0 0 0 4 29
AUD 30 12 3 -1 1 0 16777217 84 4 331 4 0 16777217 84 4 336 30 0 0 0 4 30
AUD 31 1 28 26 -1 0 0 0 0 0 0 0 16777217 20 31 266 31 0 0 0 4 31
AUD 32 1 29 27 -1 0 0 0 0 0 0 0 16777217 86 32 331 32 0 0 0 4 32
AUD 33 1 30 28 -1 0 0 0 0 0 0 0 16777217 16 33 266 33 0 0 0 4 33
AUD 34 12 6 -1 1 0 16777217 84 7 331 7 0 16777217 84 7 336 34 0 0 0 4 34
AUD 35 1 31 29 -1 0 0 0 0 0 0 0 16777217 20 35 266 35 0 0 0 4 35
AUD 36 2 12 -1 -1 0 16777217 16 14 266 14 0 16777216 0 0 0 0 0 0 0 4 36
AUD 37 1 12 30 -1 0 16777216 0 0 0 0 0 16777217 18 37 266 37 0 0 0 4 37
AUD 38 2 15 -1 -1 0 16777217 16 17 266 17 0 16777216 0 0 0 0 0 0 0 4 38
AUD 39 1 15 31 -1 0 16777216 0 0 0 0 0 16777217 84 39 331 39 0 0 0 4 39
AUD 40 12 9 -1 1 0 16777217 84 10 592 11 0 16777217 84 10 336 40 0 0 0 4 40
AUD 41 2 18 -1 -1 0 16777217 16 20 266 20 0 16777216 0 0 0 0 0 0 0 4 41
AUD 42 1 18 32 -1 0 16777216 0 0 0 0 0 16777217 20 42 266 42 0 0 0 4 42
AUD 43 2 21 -1 -1 0 16777217 16 23 266 23 0 16777216 0 0 0 0 0 0 0 4 43
AUD 44 1 21 33 -1 0 16777216 0 0 0 0 0 16777217 18 44 266 44 0 0 0 4 44
AUD 45 2 24 -1 -1 0 16777217 16 26 266 26 0 16777216 0 0 0 0 0 0 0 4 45
AUD 46 1 24 34 -1 0 16777216 0 0 0 0 0 16777217 84 46 331 46 0 0 0 4 46
AUD 47 2 27 -1 -1 0 16777217 16 29 266 29 0 16777216 0 0 0 0 0 0 0 4 47
AUD 48 1 27 35 -1 0 16777216 0 0 0 0 0 16777217 20 48 266 48 0 0 0 4 48
AUD 49 12 13 -1 1 0 16777217 88 15 331 15 0 16777217 88 15 336 49 0 0 0 4 49
AUD 50 2 30 -1 -1 0 16777217 16 33 266 33 0 16777216 0 0 0 0 0 0 0 4 50
AUD 51 1 30 36 -1 0 16777216 0 0 0 0 0 16777217 18 51 266 51 0 0 0 4 51
AUD 52 2 2 -1 -1 0 16777217 18 3 266 3 0 16777216 0 0 0 0 0 0 0 4 52
AUD 53 1 2 37 -1 0 16777216 0 0 0 0 0 16777217 84 53 331 53 0 0 0 4 53
AUD 54 2 5 -1 -1 0 16777217 18 6 266 6 0 16777216 0 0 0 0 0 0 0 4 54
AUD 55 1 5 38 -1 0 16777216 0 0 0 0 0 16777217 20 55 266 55 0 0 0 4 55
AUD 56 12 16 -1 1 0 16777217 88 18 331 18 0 16777217 88 18 336 56 0 0 0 4 56
AUD 57 2 8 -1 -1 0 16777217 18 9 266 9 0 16777216 0 0 0 0 0 0 0 4 57
AUD 58 1 8 39 -1 0 16777216 0 0 0 0 0 16777217 18 58 266 58 0 0 0 4 58
AUD 59 2 8 -1 -1 0 16777217 18 58 266 58 0 16777216 0 0 0 0 0 0 0 4 59
AUD 60 1 8 40 -1 0 16777216 0 0 0 0 0 16777217 16 60 266 60 0 0 0 4 60
AUD 61 2 8 -1 -1 0 16777217 16 60 266 60 0 16777216 0 0 0 0 0 0 0 4 61
AUD 62 1 8 41 -1 0 16777216 0 0 0 0 0 16777217 88 62 331 62 0 0 0 4 62
AUD 63 12 19 -1 1 0 16777217 88 21 331 21 0 16777217 88 21 336 63 0 0 0 4 63
AUD 64 2 11 -1 -1 0 16777217 18 13 266 13 0 16777216 0 0 0 0 0 0 0 4 64
AUD 65 1 11 42 -1 0 16777216 0 0 0 0 0 16777217 18 65 266 65 0 0 0 4 65
AUD 66 2 11 -1 -1 0 16777217 18 65 266 65 0 16777216 0 0 0 0 0 0 0 4 66
AUD 67 1 11 43 -1 0 16777216 0 0 0 0 0 16777217 16 67 266 67 0 0 0 4 67
AUD 68 2 11 -1 -1 0 16777217 16 67 266 67 0 16777216 0 0 0 0 0 0 0 4 68
AUD 69 1 11 44 -1 0 16777216 0 0 0 0 0 16777217 88 69 331 69 0 0 0 4 69
AUD 70 2 12 -1 -1 0 16777217 18 37 266 37 0 16777216 0 0 0 0 0 0 0 4 70
AUD 71 1 12 45 -1 0 16777216 0 0 0 0 0 16777217 18 71 266 71 0 0 0 4 71
AUD 72 12 23 -1 1 0 16777217 86 25 331 25 0 16777217 86 25 336 72 0 0 0 4 72
AUD 73 2 12 -1 -1 0 16777217 18 71 266 71 0 16777216 0 0 0 0 0 0 0 4 73
AUD 74 1 12 46 -1 0 16777216 0 0 0 0 0 16777217 16 74 266 74 0 0 0 4 74
AUD 75 2 12 -1 -1 0 16777217 16 74 266 74 0 16777216 0 0 0 0 0 0 0 4 75
AUD 76 1 12 47 -1 0 16777216 0 0 0 0 0 16777217 88 76 331 76 0 0 0 4 76
AUD 77 2 14 -1 -1 0 16777217 18 16 266 16 0 16777216 0 0 0 0 0 0 0 4 77
AUD 78 1 14 48 -1 0 16777216 0 0 0 0 0 16777217 18 78 266 78 0 0 0 4 78
AUD 79 12 26 -1 1 0 16777217 86 28 331 28 0 16777217 86 28 336 79 0 0 0 4 79
AUD 80 2 14 -1 -1 0 16777217 18 78 266 78 0 16777216 0 0 0 0 0 0 0 4 80
AUD 81 1 14 49 -1 0 16777216 0 0 0 0 0 16777217 16 81 266 81 0 0 0 4 81
AUD 82 2 14 -1 -1 0 16777217 16 81 266 81 0 16777216 0 0 0 0 0 0 0 4 82
AUD 83 1 14 50 -1 0 16777216 0 0 0 0 0 16777217 20 83 266 83 0 0 0 4 83
AUD 84 12 3 -1 2 0 16777217 84 4 336 30 0 16777217 84 4 346 84 0 0 0 4 84
AUD 85 2 17 -1 -1 0 16777217 18 19 266 19 0 16777216 0 0 0 0 0 0 0 4 85
AUD 86 1 17 51 -1 0 16777216 0 0 0 0 0 16777217 86 86 331 86 0 0 0 4 86
AUD 87 12 29 -1 1 0 16777217 86 32 331 32 0 16777217 86 32 336 87 0 0 0 4 87
AUD 88 2 20 -1 -1 0 16777217 18 22 266 22 0 16777216 0 0 0 0 0 0 0 4 88
AUD 89 1 20 52 -1 0 16777216 0 0 0 0 0 16777217 16 89 266 89 0 0 0 4 89
AUD 90 2 20 -1 -1 0 16777217 16 89 266 89 0 16777216 0 0 0 0 0 0 0 4 90
AUD 91 1 20 53 -1 0 16777216 0 0 0 0 0 16777217 20 91 266 91 0 0 0 4 91
AUD 92 12 6 -1 2 0 16777217 84 7 336 34 0 16777217 84 7 346 92 0 0 0 4 92
AUD 93 2 21 -1 -1 0 16777217 18 44 266 44 0 16777216 0 0 0 0 0 0 0 4 93
AUD 94 1 21 54 -1 0 16777216 0 0 0 0 0 16777217 86 94 331 94 0 0 0 4 94
AUD 95 2 30 -1 -1 0 16777217 18 51 266 51 0 16777216 0 0 0 0 0 0 0 4 95
AUD 96 1 30 55 -1 0 16777216 0 0 0 0 0 16777217 16 96 266 96 0 0 0 4 96
AUD 97 12 15 -1 1 0 16777217 84 39 331 39 0 16777217 84 39 336 97 0 0 0 4 97
AUD 98 2 30 -1 -1 0 16777217 16 96 266 96 0 16777216 0 0 0 0 0 0 0 4 98
AUD 99 1 30 56 -1 0 16777216 0 0 0 0 0 16777217 20 99 266 99 0 0 0 4 99
AUD 100 12 9 -1 2 0 16777217 84 10 336 40 0 16777217 84 10 346 100 0 0 0 4 100
AUD 101 2 4 -1 -1 0 16777217 20 5 266 5 0 16777216 0 0 0 0 0 0 0 4 101
AUD 102 1 4 57 -1 0 16777216 0 0 0 0 0 16777217 86 102 331 102 0 0 0 4 102
AUD 103 14 4 57 80 0 16777217 86 102 331 102 0 16777217 86 102 592 103 0 1 7 4 103
AUD 104 2 5 -1 -1 0 16777217 20 55 266 55 0 16777216 0 0 0 0 0 0 0 4 104
AUD 105 1 5 58 -1 0 16777216 0 0 0 0 0 16777217 16 105 266 105 0 0 0 4 105
AUD 106 12 24 -1 1 0 16777217 84 46 331 46 0 16777217 84 46 336 106 0 0 0 4 106
AUD 107 2 5 -1 -1 0 16777217 16 105 266 105 0 16777216 0 0 0 0 0 0 0 4 107
AUD 108 1 5 59 -1 0 16777216 0 0 0 0 0 16777217 20 108 266 108 0 0 0 4 108
AUD 109 2 5 -1 -1 0 16777217 20 108 266 108 0 16777216 0 0 0 0 0 0 0 4 109
AUD 110 1 5 60 -1 0 16777216 0 0 0 0 0 16777217 18 110 266 110 0 0 0 4 110
AUD 111 12 13 -1 2 0 16777217 88 15 336 49 0 16777217 88 15 346 111 0 0 0 4 111
AUD 112 2 5 -1 -1 0 16777217 18 110 266 110 0 16777216 0 0 0 0 0 0 0 4 112
AUD 113 1 5 61 -1 0 16777216 0 0 0 0 0 16777217 84 113 331 113 0 0 0 4 113
AUD 114 12 2 -1 1 0 16777217 84 53 331 53 0 16777217 84 53 336 114 0 0 0 4 114
AUD 115 2 7 -1 -1 0 16777217 20 8 266 8 0 16777216 0 0 0 0 0 0 0 4 115
AUD 116 1 7 62 -1 0 16777216 0 0 0 0 0 16777217 20 116 266 116 0 0 0 4 116
AUD 117 2 7 -1 -1 0 16777217 20 116 266 116 0 16777216 0 0 0 0 0 0 0 4 117
AUD 118 1 7 63 -1 0 16777216 0 0 0 0 0 16777217 18 118 266 118 0 0 0 4 118
AUD 119 12 16 -1 2 0 16777217 88 18 336 56 0 16777217 88 18 346 119 0 0 0 4 119
AUD 120 2 7 -1 -1 0 16777217 18 118 266 118 0 16777216 0 0 0 0 0 0 0 4 120
AUD 121 1 7 64 -1 0 16777216 0 0 0 0 0 16777217 84 121 331 121 0 0 0 4 121
AUD 122 2 10 -1 -1 0 16777217 20 12 266 12 0 16777216 0 0 0 0 0 0 0 4 122
AUD 123 1 10 65 -1 0 16777216 0 0 0 0 0 16777217 20 123 266 123 0 0 0 4 123
AUD 124 12 8 -1 1 0 16777217 88 62 331 62 0 16777217 88 62 336 124 0 0 0 4 124
AUD 125 2 10 -1 -1 0 16777217 20 123 266 123 0 16777216 0 0 0 0 0 0 0 4 125
AUD 126 1 10 66 -1 0 16777216 0 0 0 0 0 16777217 18 126 266 126 0 0 0 4 126
AUD 127 12 19 -1 2 0 16777217 88 21 336 63 0 16777217 88 21 346 127 0 0 0 4 127
AUD 128 2 10 -1 -1 0 16777217 18 126 266 126 0 16777216 0 0 0 0 0 0 0 4 128
AUD 129 1 10 67 -1 0 16777216 0 0 0 0 0 16777217 84 129 331 129 0 0 0 4 129
AUD 130 2 14 -1 -1 0 16777217 20 83 266 83 0 16777216 0 0 0 0 0 0 0 4 130
AUD 131 1 14 68 -1 0 16777216 0 0 0 0 0 16777217 20 131 266 131 0 0 0 4 131
AUD 132 12 11 -1 1 0 16777217 88 69 331 69 0 16777217 88 69 336 132 0 0 0 4 132
AUD 133 2 14 -1 -1 0 16777217 20 131 266 131 0 16777216 0 0 0 0 0 0 0 4 133
AUD 134 1 14 69 -1 0 16777216 0 0 0 0 0 16777217 18 134 266 134 0 0 0 4 134
AUD 135 2 14 -1 -1 0 16777217 18 134 266 134 0 16777216 0 0 0 0 0 0 0 4 135
AUD 136 1 14 70 -1 0 16777216 0 0 0 0 0 16777217 16 136 266 136 0 0 0 4 136
AUD 137 12 23 -1 2 0 16777217 86 25 336 72 0 16777217 86 25 346 137 0 0 0 4 137
AUD 138 2 14 -1 -1 0 16777217 16 136 266 136 0 16777216 0 0 0 0 0 0 0 4 138
AUD 139 1 14 71 -1 0 16777216 0 0 0 0 0 16777217 88 139 331 139 0 0 0 4 139
AUD 140 12 12 -1 1 0 16777217 88 76 331 76 0 16777217 88 76 336 140 0 0 0 4 140
AUD 141 2 18 -1 -1 0 16777217 20 42 266 42 0 16777216 0 0 0 0 0 0 0 4 141
AUD 142 1 18 72 -1 0 16777216 0 0 0 0 0 16777217 18 142 266 142 0 0 0 4 142
AUD 143 2 18 -1 -1 0 16777217 18 142 266 142 0 16777216 0 0 0 0 0 0 0 4 143
AUD 144 1 18 73 -1 0 16777216 0 0 0 0 0 16777217 16 144 266 144 0 0 0 4 144
AUD 145 12 26 -1 2 0 16777217 86 28 336 79 0 16777217 86 28 346 145 0 0 0 4 145
AUD 146 2 18 -1 -1 0 16777217 16 144 266 144 0 16777216 0 0 0 0 0 0 0 4 146
AUD 147 1 18 74 -1 0 16777216 0 0 0 0 0 16777217 88 147 331 147 0 0 0 4 147
AUD 148 2 20 -1 -1 0 16777217 20 91 266 91 0 16777216 0 0 0 0 0 0 0 4 148
AUD 149 1 20 75 -1 0 16777216 0 0 0 0 0 16777217 18 149 266 149 0 0 0 4 149
AUD 150 12 17 -1 1 0 16777217 86 86 331 86 0 16777217 86 86 336 150 0 0 0 4 150
AUD 151 2 20 -1 -1 0 16777217 18 149 266 149 0 16777216 0 0 0 0 0 0 0 4 151
AUD 152 1 20 76 -1 0 16777216 0 0 0 0 0 16777217 16 152 266 152 0 0 0 4 152
AUD 153 12 29 -1 2 0 16777217 86 32 336 87 0 16777217 86 32 346 153 0 0 0 4 153
AUD 154 2 20 -1 -1 0 16777217 16 152 266 152 0 16777216 0 0 0 0 0 0 0 4 154
AUD 155 1 20 77 -1 0 16777216 0 0 0 0 0 16777217 88 155 331 155 0 0 0 4 155
AUD 156 2 22 -1 -1 0 16777217 20 24 266 24 0 16777216 0 0 0 0 0 0 0 4 156
AUD 157 1 22 78 -1 0 16777216 0 0 0 0 0 16777217 18 157 266 157 0 0 0 4 157
AUD 158 12 21 -1 1 0 16777217 86 94 331 94 0 16777217 86 94 336 158 0 0 0 4 158
AUD 159 2 22 -1 -1 0 16777217 18 157 266 157 0 16777216 0 0 0 0 0 0 0 4 159
AUD 160 1 22 79 -1 0 16777216 0 0 0 0 0 16777217 16 160 266 160 0 0 0 4 160
AUD 161 2 22 -1 -1 0 16777217 16 160 266 160 0 16777216 0 0 0 0 0 0 0 4 161
AUD 162 1 22 80 -1 0 16777216 0 0 0 0 0 16777217 20 162 266 162 0 0 0 4 162
AUD 163 12 15 -1 2 0 16777217 84 39 336 97 0 16777217 84 39 346 163 0 0 0 4 163
AUD 164 2 22 -1 -1 0 16777217 20 162 266 162 0 16777216 0 0 0 0 0 0 0 4 164
AUD 165 1 22 81 -1 0 16777216 0 0 0 0 0 16777217 86 165 331 165 0 0 0 4 165
AUD 166 12 4 -1 1 0 16777217 86 102 592 103 0 16777217 86 102 336 166 0 0 0 4 166
AUD 167 2 25 -1 -1 0 16777217 20 27 266 27 0 16777216 0 0 0 0 0 0 0 4 167
AUD 168 1 25 82 -1 0 16777216 0 0 0 0 0 16777217 16 168 266 168 0 0 0 4 168
AUD 169 2 25 -1 -1 0 16777217 16 168 266 168 0 16777216 0 0 0 0 0 0 0 4 169
AUD 170 1 25 83 -1 0 16777216 0 0 0 0 0 16777217 20 170 266 170 0 0 0 4 170
AUD 171 12 24 -1 2 0 16777217 84 46 336 106 0 16777217 84 46 346 171 0 0 0 4 171
AUD 172 2 25 -1 -1 0 16777217 20 170 266 170 0 16777216 0 0 0 0 0 0 0 4 172
AUD 173 1 25 84 -1 0 16777216 0 0 0 0 0 16777217 86 173 331 173 0 0 0 4 173
AUD 174 2 27 -1 -1 0 16777217 20 48 266 48 0 16777216 0 0 0 0 0 0 0 4 174
AUD 175 1 27 85 -1 0 16777216 0 0 0 0 0 16777217 16 175 266 175 0 0 0 4 175
AUD 176 12 5 -1 1 0 16777217 84 113 331 113 0 16777217 84 113 336 176 0 0 0 4 176
AUD 177 2 27 -1 -1 0 16777217 16 175 266 175 0 16777216 0 0 0 0 0 0 0 4 177
AUD 178 1 27 86 -1 0 16777216 0 0 0 0 0 16777217 20 178 266 178 0 0 0 4 178
AUD 179 12 2 -1 2 0 16777217 84 53 336 114 0 16777217 84 53 346 179 0 0 0 4 179
AUD 180 2 27 -1 -1 0 16777217 20 178 266 178 0 16777216 0 0 0 0 0 0 0 4 180
AUD 181 1 27 87 -1 0 16777216 0 0 0 0 0 16777217 86 181 331 181 0 0 0 4 181
AUD 182 2 28 -1 -1 0 16777217 20 31 266 31 0 16777216 0 0 0 0 0 0 0 4 182
AUD 183 1 28 88 -1 0 16777216 0 0 0 0 0 16777217 16 183 266 183 0 0 0 4 183
AUD 184 12 7 -1 1 0 16777217 84 121 331 121 0 16777217 84 121 336 184 0 0 0 4 184
AUD 185 2 28 -1 -1 0 16777217 16 183 266 183 0 16777216 0 0 0 0 0 0 0 4 185
AUD 186 1 28 89 -1 0 16777216 0 0 0 0 0 16777217 20 186 266 186 0 0 0 4 186
AUD 187 2 28 -1 -1 0 16777217 20 186 266 186 0 16777216 0 0 0 0 0 0 0 4 187
AUD 188 1 28 90 -1 0 16777216 0 0 0 0 0 16777217 18 188 266 188 0 0 0 4 188
AUD 189 12 8 -1 2 0 16777217 88 62 336 124 0 16777217 88 62 346 189 0 0 0 4 189
AUD 190 2 28 -1 -1 0 16777217 18 188 266 188 0 16777216 0 0 0 0 0 0 0 4 190
AUD 191 1 28 91 -1 0 16777216 0 0 0 0 0 16777217 84 191 331 191 0 0 0 4 191
AUD 192 12 10 -1 1 0 16777217 84 129 331 129 0 16777217 84 129 336 192 0 0 0 4 192
AUD 193 2 30 -1 -1 0 16777217 20 99 266 99 0 16777216 0 0 0 0 0 0 0 4 193
AUD 194 1 30 92 -1 0 16777216 0 0 0 0 0 16777217 20 194 266 194 0 0 0 4 194
AUD 195 2 30 -1 -1 0 16777217 20 194 266 194 0 16777216 0 0 0 0 0 0 0 4 195
AUD 196 1 30 93 -1 0 16777216 0 0 0 0 0 16777217 18 196 266 196 0 0 0 4 196
AUD 197 12 11 -1 2 0 16777217 88 69 336 132 0 16777217 88 69 346 197 0 0 0 4 197
AUD 198 2 30 -1 -1 0 16777217 18 196 266 196 0 16777216 0 0 0 0 0 0 0 4 198
AUD 199 1 30 94 -1 0 16777216 0 0 0 0 0 16777217 84 199 331 199 0 0 0 4 199
AUD 200 2 31 -1 -1 0 16777217 20 35 266 35 0 16777216 0 0 0 0 0 0 0 4 200
AUD 201 1 31 95 -1 0 16777216 0 0 0 0 0 16777217 20 201 266 201 0 0 0 4 201
AUD 202 12 14 -1 1 0 16777217 88 139 331 139 0 16777217 88 139 336 202 0 0 0 4 202
AUD 203 2 31 -1 -1 0 16777217 20 201 266 201 0 16777216 0 0 0 0 0 0 0 4 203
AUD 204 1 31 96 -1 0 16777216 0 0 0 0 0 16777217 18 204 266 204 0 0 0 4 204
AUD 205 12 12 -1 2 0 16777217 88 76 336 140 0 16777217 88 76 346 205 0 0 0 4 205
AUD 206 2 31 -1 -1 0 16777217 18 204 266 204 0 16777216 0 0 0 0 0 0 0 4 206
AUD 207 1 31 97 -1 0 16777216 0 0 0 0 0 16777217 84 207 331 207 0 0 0 4 207
AUD 208 2 28 -1 -1 0 16777217 84 191 331 191 0 16777216 0 0 0 0 0 0 0 4 208
AUD 209 1 28 98 -1 0 16777216 0 0 0 0 0 16777217 20 209 266 209 0 0 0 4 209
AUD 210 12 18 -1 1 0 16777217 88 147 331 147 0 16777217 88 147 336 210 0 0 0 4 210
AUD 211 2 28 -1 -1 0 16777217 20 209 266 209 0 16777216 0 0 0 0 0 0 0 4 211
AUD 212 1 28 99 -1 0 16777216 0 0 0 0 0 16777217 18 212 266 212 0 0 0 4 212
AUD 213 2 28 -1 -1 0 16777217 18 212 266 212 0 16777216 0 0 0 0 0 0 0 4 213
AUD 214 1 28 100 -1 0 16777216 0 0 0 0 0 16777217 16 214 266 214 0 0 0 4 214
AUD 215 2 28 -1 -1 0 16777217 16 214 266 214 0 16777216 0 0 0 0 0 0 0 4 215
AUD 216 2 30 -1 -1 0 16777217 84 199 331 199 0 16777216 0 0 0 0 0 0 0 4 216
AUD 217 12 17 -1 2 0 16777217 86 86 336 150 0 16777217 86 86 346 217 0 0 0 4 217
AUD 218 1 28 101 -1 0 16777216 0 0 0 0 0 16777217 88 218 331 218 0 0 0 4 218
AUD 219 12 20 -1 1 0 16777217 88 155 331 155 0 16777217 88 155 336 219 0 0 0 4 219
AUD 220 1 30 102 -1 0 16777216 0 0 0 0 0 16777217 18 220 266 220 0 0 0 4 220
AUD 221 2 30 -1 -1 0 16777217 18 220 266 220 0 16777216 0 0 0 0 0 0 0 4 221
AUD 222 1 30 103 -1 0 16777216 0 0 0 0 0 16777217 16 222 266 222 0 0 0 4 222
AUD 223 12 21 -1 2 0 16777217 86 94 336 158 0 16777217 86 94 346 223 0 0 0 4 223
AUD 224 2 30 -1 -1 0 16777217 16 222 266 222 0 16777216 0 0 0 0 0 0 0 4 224
AUD 225 1 30 104 -1 0 16777216 0 0 0 0 0 16777217 88 225 331 225 0 0 0 4 225
AUD 226 2 31 -1 -1 0 16777217 84 207 331 207 0 16777216 0 0 0 0 0 0 0 4 226
AUD 227 1 31 105 -1 0 16777216 0 0 0 0 0 16777217 18 227 266 227 0 0 0 4 227
AUD 228 12 22 -1 1 0 16777217 86 165 331 165 0 16777217 86 165 336 228 0 0 0 4 228
AUD 229 2 31 -1 -1 0 16777217 18 227 266 227 0 16777216 0 0 0 0 0 0 0 4 229
AUD 230 1 31 106 -1 0 16777216 0 0 0 0 0 16777217 16 230 266 230 0 0 0 4 230
AUD 231 12 4 -1 2 0 16777217 86 102 336 166 0 16777217 86 102 346 231 0 0 0 4 231
AUD 232 2 31 -1 -1 0 16777217 16 230 266 230 0 16777216 0 0 0 0 0 0 0 4 232
AUD 233 1 31 107 -1 0 16777216 0 0 0 0 0 16777217 88 233 331 233 0 0 0 4 233
AUD 234 14 31 107 80 0 16777217 88 233 331 233 0 16777217 88 233 592 234 0 1 7 4 234
AUD 235 2 25 -1 -1 0 16777217 86 173 331 173 0 16777216 0 0 0 0 0 0 0 4 235
AUD 236 1 25 108 -1 0 16777216 0 0 0 0 0 16777217 18 236 266 236 0 0 0 4 236
AUD 237 2 25 -1 -1 0 16777217 18 236 266 236 0 16777216 0 0 0 0 0 0 0 4 237
AUD 238 1 25 109 -1 0 16777216 0 0 0 0 0 16777217 16 238 266 238 0 0 0 4 238
AUD 239 2 25 -1 -1 0 16777217 16 238 266 238 0 16777216 0 0 0 0 0 0 0 4 239
AUD 240 1 25 110 -1 0 16777216 0 0 0 0 0 16777217 20 240 266 240 0 0 0 4 240
AUD 241 12 5 -1 2 0 16777217 84 113 336 176 0 16777217 84 113 346 241 0 0 0 4 241
AUD 242 2 25 -1 -1 0 16777217 20 240 266 240 0 16777216 0 0 0 0 0 0 0 4 242
AUD 243 1 25 111 -1 0 16777216 0 0 0 0 0 16777217 86 243 331 243 0 0 0 4 243
AUD 244 12 27 -1 1 0 16777217 86 181 331 181 0 16777217 86 181 336 244 0 0 0 4 244
AUD 245 2 25 -1 -1 0 16777217 86 243 331 243 0 16777216 0 0 0 0 0 0 0 4 245
AUD 246 1 25 112 -1 0 16777216 0 0 0 0 0 16777217 16 246 266 246 0 0 0 4 246
AUD 247 2 25 -1 -1 0 16777217 16 246 266 246 0 16777216 0 0 0 0 0 0 0 4 247
AUD 248 1 25 113 -1 0 16777216 0 0 0 0 0 16777217 20 248 266 248 0 0 0 4 248
AUD 249 12 7 -1 2 0 16777217 84 121 336 184 0 16777217 84 121 346 249 0 0 0 4 249
AUD 250 2 25 -1 -1 0 16777217 20 248 266 248 0 16777216 0 0 0 0 0 0 0 4 250
AUD 251 1 25 114 -1 0 16777216 0 0 0 0 0 16777217 86 251 331 251 0 0 0 4 251
AUD 252 2 25 -1 -1 0 16777217 86 251 331 251 0 16777216 0 0 0 0 0 0 0 4 252
AUD 253 1 25 115 -1 0 16777216 0 0 0 0 0 16777217 16 253 266 253 0 0 0 4 253
AUD 254 2 25 -1 -1 0 16777217 16 253 266 253 0 16777216 0 0 0 0 0 0 0 4 254
AUD 255 1 25 116 -1 0 16777216 0 0 0 0 0 16777217 20 255 266 255 0 0 0 4 255
AUD 256 12 10 -1 2 0 16777217 84 129 336 192 0 16777217 84 129 346 256 0 0 0 4 256
AUD 257 2 25 -1 -1 0 16777217 20 255 266 255 0 16777216 0 0 0 0 0 0 0 4 257
AUD 258 1 25 117 -1 0 16777216 0 0 0 0 0 16777217 86 258 331 258 0 0 0 4 258
AUD 259 2 25 -1 -1 0 16777217 86 258 331 258 0 16777216 0 0 0 0 0 0 0 4 259
AUD 260 1 25 118 -1 0 16777216 0 0 0 0 0 16777217 16 260 266 260 0 0 0 4 260
AUD 261 2 25 -1 -1 0 16777217 16 260 266 260 0 16777216 0 0 0 0 0 0 0 4 261
AUD 262 1 25 119 -1 0 16777216 0 0 0 0 0 16777217 20 262 266 262 0 0 0 4 262
AUD 263 2 25 -1 -1 0 16777217 20 262 266 262 0 16777216 0 0 0 0 0 0 0 4 263
AUD 264 1 25 120 -1 0 16777216 0 0 0 0 0 16777217 18 264 266 264 0 0 0 4 264
AUD 265 12 14 -1 2 0 16777217 88 139 336 202 0 16777217 88 139 346 265 0 0 0 4 265
AUD 266 2 25 -1 -1 0 16777217 18 264 266 264 0 16777216 0 0 0 0 0 0 0 4 266
AUD 267 1 25 121 -1 0 16777216 0 0 0 0 0 16777217 84 267 331 267 0 0 0 4 267
AUD 268 2 25 -1 -1 0 16777217 84 267 331 267 0 16777216 0 0 0 0 0 0 0 4 268
AUD 269 1 25 122 -1 0 16777216 0 0 0 0 0 16777217 20 269 266 269 0 0 0 4 269
AUD 270 2 25 -1 -1 0 16777217 20 269 266 269 0 16777216 0 0 0 0 0 0 0 4 270
AUD 271 1 25 123 -1 0 16777216 0 0 0 0 0 16777217 18 271 266 271 0 0 0 4 271
AUD 272 12 18 -1 2 0 16777217 88 147 336 210 0 16777217 88 147 346 272 0 0 0 4 272
AUD 273 2 25 -1 -1 0 16777217 18 271 266 271 0 16777216 0 0 0 0 0 0 0 4 273
AUD 274 1 25 124 -1 0 16777216 0 0 0 0 0 16777217 84 274 331 274 0 0 0 4 274
AUD 275 2 25 -1 -1 0 16777217 84 274 331 274 0 16777216 0 0 0 0 0 0 0 4 275
AUD 276 1 25 125 -1 0 16777216 0 0 0 0 0 16777217 20 276 266 276 0 0 0 4 276
AUD 277 12 28 -1 1 0 16777217 88 218 331 218 0 16777217 88 218 336 277 0 0 0 4 277
AUD 278 2 25 -1 -1 0 16777217 20 276 266 276 0 16777216 0 0 0 0 0 0 0 4 278
AUD 279 1 25 126 -1 0 16777216 0 0 0 0 0 16777217 18 279 266 279 0 0 0 4 279
AUD 280 12 20 -1 2 0 16777217 88 155 336 219 0 16777217 88 155 346 280 0 0 0 4 280
AUD 281 2 25 -1 -1 0 16777217 18 279 266 279 0 16777216 0 0 0 0 0 0 0 4 281
AUD 282 1 25 127 -1 0 16777216 0 0 0 0 0 16777217 84 282 331 282 0 0 0 4 282
AUD 283 2 25 -1 -1 0 16777217 84 282 331 282 0 16777216 0 0 0 0 0 0 0 4 283
AUD 284 1 25 128 -1 0 16777216 0 0 0 0 0 16777217 20 284 266 284 0 0 0 4 284
AUD 285 12 30 -1 1 0 16777217 88 225 331 225 0 16777217 88 225 336 285 0 0 0 4 285
AUD 286 2 25 -1 -1 0 16777217 20 284 266 284 0 16777216 0 0 0 0 0 0 0 4 286
AUD 287 1 25 129 -1 0 16777216 0 0 0 0 0 16777217 18 287 266 287 0 0 0 4 287
AUD 288 2 25 -1 -1 0 16777217 18 287 266 287 0 16777216 0 0 0 0 0 0 0 4 288
AUD 289 1 25 130 -1 0 16777216 0 0 0 0 0 16777217 16 289 266 289 0 0 0 4 289
AUD 290 12 22 -1 2 0 16777217 86 165 336 228 0 16777217 86 165 346 290 0 0 0 4 290
AUD 291 2 25 -1 -1 0 16777217 16 289 266 289 0 16777216 0 0 0 0 0 0 0 4 291
AUD 292 1 25 131 -1 0 16777216 0 0 0 0 0 16777217 88 292 331 292 0 0 0 4 292
AUD 293 12 31 -1 1 0 16777217 88 233 592 234 0 16777217 88 233 336 293 0 0 0 4 293
AUD 294 2 25 -1 -1 0 16777217 88 292 331 292 0 16777216 0 0 0 0 0 0 0 4 294
AUD 295 1 25 132 -1 0 16777216 0 0 0 0 0 16777217 18 295 266 295 0 0 0 4 295
AUD 296 2 25 -1 -1 0 16777217 18 295 266 295 0 16777216 0 0 0 0 0 0 0 4 296
AUD 297 1 25 133 -1 0 16777216 0 0 0 0 0 16777217 16 297 266 297 0 0 0 4 297
AUD 298 2 25 -1 -1 0 16777217 16 297 266 297 0 16777216 0 0 0 0 0 0 0 4 298
AUD 299 1 25 134 -1 0 16777216 0 0 0 0 0 16777217 88 299 331 299 0 0 0 4 299
AUD 300 2 25 -1 -1 0 16777217 88 299 331 299 0 16777216 0 0 0 0 0 0 0 4 300
AUD 301 1 25 135 -1 0 16777216 0 0 0 0 0 16777217 18 301 266 301 0 0 0 4 301
AUD 302 2 25 -1 -1 0 16777217 18 301 266 301 0 16777216 0 0 0 0 0 0 0 4 302
AUD 303 1 25 136 -1 0 16777216 0 0 0 0 0 16777217 16 303 266 303 0 0 0 4 303
AUD 304 12 27 -1 2 0 16777217 86 181 336 244 0 16777217 86 181 346 304 0 0 0 4 304
AUD 305 2 25 -1 -1 0 16777217 16 303 266 303 0 16777216 0 0 0 0 0 0 0 4 305
AUD 306 1 25 137 -1 0 16777216 0 0 0 0 0 16777217 88 306 331 306 0 0 0 4 306
AUD 307 2 25 -1 -1 0 16777217 88 306 331 306 0 16777216 0 0 0 0 0 0 0 4 307
AUD 308 1 25 138 -1 0 16777216 0 0 0 0 0 16777217 18 308 266 308 0 0 0 4 308
AUD 309 2 25 -1 -1 0 16777217 18 308 266 308 0 16777216 0 0 0 0 0 0 0 4 309
AUD 310 1 25 139 -1 0 16777216 0 0 0 0 0 16777217 16 310 266 310 0 0 0 4 310
AUD 311 2 25 -1 -1 0 16777217 16 310 266 310 0 16777216 0 0 0 0 0 0 0 4 311
AUD 312 1 25 140 -1 0 16777216 0 0 0 0 0 16777217 20 312 266 312 0 0 0 4 312
AUD 313 2 25 -1 -1 0 16777217 20 312 266 312 0 16777216 0 0 0 0 0 0 0 4 313
AUD 314 1 25 141 -1 0 16777216 0 0 0 0 0 16777217 86 314 331 314 0 0 0 4 314
AUD 315 2 25 -1 -1 0 16777217 86 314 331 314 0 16777216 0 0 0 0 0 0 0 4 315
AUD 316 1 25 142 -1 0 16777216 0 0 0 0 0 16777217 16 316 266 316 0 0 0 4 316
AUD 317 2 25 -1 -1 0 16777217 16 316 266 316 0 16777216 0 0 0 0 0 0 0 4 317
AUD 318 1 25 143 -1 0 16777216 0 0 0 0 0 16777217 20 318 266 318 0 0 0 4 318
AUD 319 2 25 -1 -1 0 16777217 20 318 266 318 0 16777216 0 0 0 0 0 0 0 4 319
AUD 320 1 25 144 -1 0 16777216 0 0 0 0 0 16777217 86 320 331 320 0 0 0 4 320
AUD 321 2 25 -1 -1 0 16777217 86 320 331 320 0 16777216 0 0 0 0 0 0 0 4 321
AUD 322 1 25 145 -1 0 16777216 0 0 0 0 0 16777217 16 322 266 322 0 0 0 4 322
AUD 323 2 25 -1 -1 0 16777217 16 322 266 322 0 16777216 0 0 0 0 0 0 0 4 323
AUD 324 1 25 146 -1 0 16777216 0 0 0 0 0 16777217 20 324 266 324 0 0 0 4 324
AUD 325 2 25 -1 -1 0 16777217 20 324 266 324 0 16777216 0 0 0 0 0 0 0 4 325
AUD 326 1 25 147 -1 0 16777216 0 0 0 0 0 16777217 86 326 331 326 0 0 0 4 326
AUD 327 2 25 -1 -1 0 16777217 86 326 331 326 0 16777216 0 0 0 0 0 0 0 4 327
AUD 328 1 25 148 -1 0 16777216 0 0 0 0 0 16777217 16 328 266 328 0 0 0 4 328
AUD 329 2 25 -1 -1 0 16777217 16 328 266 328 0 16777216 0 0 0 0 0 0 0 4 329
AUD 330 1 25 149 -1 0 16777216 0 0 0 0 0 16777217 20 330 266 330 0 0 0 4 330
AUD 331 2 25 -1 -1 0 16777217 20 330 266 330 0 16777216 0 0 0 0 0 0 0 4 331
AUD 332 1 25 150 -1 0 16777216 0 0 0 0 0 16777217 18 332 266 332 0 0 0 4 332
AUD 333 12 28 -1 2 0 16777217 88 218 336 277 0 16777217 88 218 346 333 0 0 0 4 333
AUD 334 2 25 -1 -1 0 16777217 18 332 266 332 0 16777216 0 0 0 0 0 0 0 4 334
AUD 335 1 25 151 -1 0 16777216 0 0 0 0 0 16777217 84 335 331 335 0 0 0 4 335
AUD 336 2 25 -1 -1 0 16777217 84 335 331 335 0 16777216 0 0 0 0 0 0 0 4 336
AUD 337 1 25 152 -1 0 16777216 0 0 0 0 0 16777217 20 337 266 337 0 0 0 4 337
AUD 338 2 25 -1 -1 0 16777217 20 337 266 337 0 16777216 0 0 0 0 0 0 0 4 338
AUD 339 1 25 153 -1 0 16777216 0 0 0 0 0 16777217 18 339 266 339 0 0 0 4 339
AUD 340 12 30 -1 2 0 16777217 88 225 336 285 0 16777217 88 225 346 340 0 0 0 4 340
AUD 341 2 25 -1 -1 0 16777217 18 339 266 339 0 16777216 0 0 0 0 0 0 0 4 341
AUD 342 1 25 154 -1 0 16777216 0 0 0 0 0 16777217 84 342 331 342 0 0 0 4 342
AUD 343 2 25 -1 -1 0 16777217 84 342 331 342 0 16777216 0 0 0 0 0 0 0 4 343
AUD 344 1 25 155 -1 0 16777216 0 0 0 0 0 16777217 20 344 266 344 0 0 0 4 344
AUD 345 2 25 -1 -1 0 16777217 20 344 266 344 0 16777216 0 0 0 0 0 0 0 4 345
AUD 346 1 25 156 -1 0 16777216 0 0 0 0 0 16777217 18 346 266 346 0 0 0 4 346
AUD 347 12 31 -1 2 0 16777217 88 233 336 293 0 16777217 88 233 346 347 0 0 0 4 347
AUD 348 2 25 -1 -1 0 16777217 18 346 266 346 0 16777216 0 0 0 0 0 0 0 4 348
AUD 349 1 25 157 -1 0 16777216 0 0 0 0 0 16777217 84 349 331 349 0 0 0 4 349
AUD 350 14 25 157 80 0 16777217 84 349 331 349 0 16777217 84 349 592 350 0 1 7 4 350
AUD 351 2 25 -1 -1 0 16777217 84 349 592 350 0 16777216 0 0 0 0 0 0 0 4 351
AUD 352 1 25 158 -1 0 16777216 0 0 0 0 0 16777217 20 352 266 352 0 0 0 4 352
AUD 353 2 25 -1 -1 0 16777217 20 352 266 352 0 16777216 0 0 0 0 0 0 0 4 353
AUD 354 1 25 159 -1 0 16777216 0 0 0 0 0 16777217 18 354 266 354 0 0 0 4 354
AUD 355 2 25 -1 -1 0 16777217 18 354 266 354 0 16777216 0 0 0 0 0 0 0 4 355
AUD 356 1 25 160 -1 0 16777216 0 0 0 0 0 16777217 16 356 266 356 0 0 0 4 356
AUD 357 2 25 -1 -1 0 16777217 16 356 266 356 0 16777216 0 0 0 0 0 0 0 4 357
AUD 358 1 25 161 -1 0 16777216 0 0 0 0 0 16777217 88 358 331 358 0 0 0 4 358
AUD 359 2 25 -1 -1 0 16777217 88 358 331 358 0 16777216 0 0 0 0 0 0 0 4 359
AUD 360 1 25 162 -1 0 16777216 0 0 0 0 0 16777217 18 360 266 360 0 0 0 4 360
AUD 361 2 25 -1 -1 0 16777217 18 360 266 360 0 16777216 0 0 0 0 0 0 0 4 361
AUD 362 1 25 163 -1 0 16777216 0 0 0 0 0 16777217 16 362 266 362 0 0 0 4 362
AUD 363 2 25 -1 -1 0 16777217 16 362 266 362 0 16777216 0 0 0 0 0 0 0 4 363
AUD 364 1 25 164 -1 0 16777216 0 0 0 0 0 16777217 88 364 331 364 0 0 0 4 364
AUD 365 2 25 -1 -1 0 16777217 88 364 331 364 0 16777216 0 0 0 0 0 0 0 4 365
AUD 366 1 25 165 -1 0 16777216 0 0 0 0 0 16777217 18 366 266 366 0 0 0 4 366
AUD 367 2 25 -1 -1 0 16777217 18 366 266 366 0 16777216 0 0 0 0 0 0 0 4 367
AUD 368 1 25 166 -1 0 16777216 0 0 0 0 0 16777217 16 368 266 368 0 0 0 4 368
AUD 369 2 25 -1 -1 0 16777217 16 368 266 368 0 16777216 0 0 0 0 0 0 0 4 369
AUD 370 1 25 167 -1 0 16777216 0 0 0 0 0 16777217 88 370 331 370 0 0 0 4 370
AUD 371 2 25 -1 -1 0 16777217 88 370 331 370 0 16777216 0 0 0 0 0 0 0 4 371
AUD 372 1 25 168 -1 0 16777216 0 0 0 0 0 16777217 18 372 266 372 0 0 0 4 372
AUD 373 2 25 -1 -1 0 16777217 18 372 266 372 0 16777216 0 0 0 0 0 0 0 4 373
AUD 374 1 25 169 -1 0 16777216 0 0 0 0 0 16777217 16 374 266 374 0 0 0 4 374
AUD 375 2 25 -1 -1 0 16777217 16 374 266 374 0 16777216 0 0 0 0 0 0 0 4 375
AUD 376 1 25 170 -1 0 16777216 0 0 0 0 0 16777217 20 376 266 376 0 0 0 4 376
AUD 377 2 25 -1 -1 0 16777217 20 376 266 376 0 16777216 0 0 0 0 0 0 0 4 377
AUD 378 1 25 171 -1 0 16777216 0 0 0 0 0 16777217 86 378 331 378 0 0 0 4 378
AUD 379 2 25 -1 -1 0 16777217 86 378 331 378 0 16777216 0 0 0 0 0 0 0 4 379
AUD 380 1 25 172 -1 0 16777216 0 0 0 0 0 16777217 16 380 266 380 0 0 0 4 380
AUD 381 2 25 -1 -1 0 16777217 16 380 266 380 0 16777216 0 0 0 0 0 0 0 4 381
AUD 382 1 25 173 -1 0 16777216 0 0 0 0 0 16777217 20 382 266 382 0 0 0 4 382
AUD 383 2 25 -1 -1 0 16777217 20 382 266 382 0 16777216 0 0 0 0 0 0 0 4 383
AUD 384 1 25 174 -1 0 16777216 0 0 0 0 0 16777217 86 384 331 384 0 0 0 4 384
AUD 385 2 25 -1 -1 0 16777217 86 384 331 384 0 16777216 0 0 0 0 0 0 0 4 385
AUD 386 1 25 175 -1 0 16777216 0 0 0 0 0 16777217 16 386 266 386 0 0 0 4 386
AUD 387 2 25 -1 -1 0 16777217 16 386 266 386 0 16777216 0 0 0 0 0 0 0 4 387
AUD 388 1 25 176 -1 0 16777216 0 0 0 0 0 16777217 20 388 266 388 0 0 0 4 388
AUD 389 2 25 -1 -1 0 16777217 20 388 266 388 0 16777216 0 0 0 0 0 0 0 4 389
AUD 390 1 25 177 -1 0 16777216 0 0 0 0 0 16777217 86 390 331 390 0 0 0 4 390
AUD 391 2 25 -1 -1 0 16777217 86 390 331 390 0 16777216 0 0 0 0 0 0 0 4 391
AUD 392 1 25 178 -1 0 16777216 0 0 0 0 0 16777217 16 392 266 392 0 0 0 4 392
AUD 393 2 25 -1 -1 0 16777217 16 392 266 392 0 16777216 0 0 0 0 0 0 0 4 393
AUD 394 1 25 179 -1 0 16777216 0 0 0 0 0 16777217 20 394 266 394 0 0 0 4 394
AUD 395 2 25 -1 -1 0 16777217 20 394 266 394 0 16777216 0 0 0 0 0 0 0 4 395
AUD 396 1 25 180 -1 0 16777216 0 0 0 0 0 16777217 18 396 266 396 0 0 0 4 396
AUD 397 2 25 -1 -1 0 16777217 18 396 266 396 0 16777216 0 0 0 0 0 0 0 4 397
AUD 398 1 25 181 -1 0 16777216 0 0 0 0 0 16777217 84 398 331 398 0 0 0 4 398
AUD 399 2 25 -1 -1 0 16777217 84 398 331 398 0 16777216 0 0 0 0 0 0 0 4 399
AUD 400 1 25 182 -1 0 16777216 0 0 0 0 0 16777217 20 400 266 400 0 0 0 4 400
AUD 401 2 25 -1 -1 0 16777217 20 400 266 400 0 16777216 0 0 0 0 0 0 0 4 401
AUD 402 1 25 183 -1 0 16777216 0 0 0 0 0 16777217 18 402 266 402 0 0 0 4 402
AUD 403 2 25 -1 -1 0 16777217 18 402 266 402 0 16777216 0 0 0 0 0 0 0 4 403
AUD 404 1 25 184 -1 0 16777216 0 0 0 0 0 16777217 84 404 331 404 0 0 0 4 404
AUD 405 2 25 -1 -1 0 16777217 84 404 331 404 0 16777216 0 0 0 0 0 0 0 4 405
AUD 406 1 25 185 -1 0 16777216 0 0 0 0 0 16777217 20 406 266 406 0 0 0 4 406
AUD 407 2 25 -1 -1 0 16777217 20 406 266 406 0 16777216 0 0 0 0 0 0 0 4 407
AUD 408 1 25 186 -1 0 16777216 0 0 0 0 0 16777217 18 408 266 408 0 0 0 4 408
AUD 409 2 25 -1 -1 0 16777217 18 408 266 408 0 16777216 0 0 0 0 0 0 0 4 409
AUD 410 1 25 187 -1 0 16777216 0 0 0 0 0 16777217 84 410 331 410 0 0 0 4 410
AUD 411 2 25 -1 -1 0 16777217 84 410 331 410 0 16777216 0 0 0 0 0 0 0 4 411
AUD 412 1 25 188 -1 0 16777216 0 0 0 0 0 16777217 20 412 266 412 0 0 0 4 412
AUD 413 2 25 -1 -1 0 16777217 20 412 266 412 0 16777216 0 0 0 0 0 0 0 4 413
AUD 414 1 25 189 -1 0 16777216 0 0 0 0 0 16777217 18 414 266 414 0 0 0 4 414
AUD 415 2 25 -1 -1 0 16777217 18 414 266 414 0 16777216 0 0 0 0 0 0 0 4 415
AUD 416 1 25 190 -1 0 16777216 0 0 0 0 0 16777217 16 416 266 416 0 0 0 4 416
AUD 417 2 25 -1 -1 0 16777217 16 416 266 416 0 16777216 0 0 0 0 0 0 0 4 417
AUD 418 1 25 191 -1 0 16777216 0 0 0 0 0 16777217 88 418 331 418 0 0 0 4 418
AUD 419 2 25 -1 -1 0 16777217 88 418 331 418 0 16777216 0 0 0 0 0 0 0 4 419
AUD 420 1 25 192 -1 0 16777216 0 0 0 0 0 16777217 18 420 266 420 0 0 0 4 420
AUD 421 2 25 -1 -1 0 16777217 18 420 266 420 0 16777216 0 0 0 0 0 0 0 4 421
AUD 422 1 25 193 -1 0 16777216 0 0 0 0 0 16777217 16 422 266 422 0 0 0 4 422
AUD 423 2 25 -1 -1 0 16777217 16 422 266 422 0 16777216 0 0 0 0 0 0 0 4 423
AUD 424 1 25 194 -1 0 16777216 0 0 0 0 0 16777217 88 424 331 424 0 0 0 4 424
AUD 425 2 25 -1 -1 0 16777217 88 424 331 424 0 16777216 0 0 0 0 0 0 0 4 425
AUD 426 1 25 195 -1 0 16777216 0 0 0 0 0 16777217 18 426 266 426 0 0 0 4 426
AUD 427 2 25 -1 -1 0 16777217 18 426 266 426 0 16777216 0 0 0 0 0 0 0 4 427
AUD 428 1 25 196 -1 0 16777216 0 0 0 0 0 16777217 16 428 266 428 0 0 0 4 428
AUD 429 2 25 -1 -1 0 16777217 16 428 266 428 0 16777216 0 0 0 0 0 0 0 4 429
AUD 430 1 25 197 -1 0 16777216 0 0 0 0 0 16777217 88 430 331 430 0 0 0 4 430
AUD 431 2 25 -1 -1 0 16777217 88 430 331 430 0 16777216 0 0 0 0 0 0 0 4 431
AUD 432 1 25 198 -1 0 16777216 0 0 0 0 0 16777217 18 432 266 432 0 0 0 4 432
AUD 433 2 25 -1 -1 0 16777217 18 432 266 432 0 16777216 0 0 0 0 0 0 0 4 433
AUD 434 1 25 199 -1 0 16777216 0 0 0 0 0 16777217 16 434 266 434 0 0 0 4 434
AUD 435 2 25 -1 -1 0 16777217 16 434 266 434 0 16777216 0 0 0 0 0 0 0 4 435
AUD 436 1 25 200 -1 0 16777216 0 0 0 0 0 16777217 20 436 266 436 0 0 0 4 436
AUD 437 2 25 -1 -1 0 16777217 20 436 266 436 0 16777216 0 0 0 0 0 0 0 4 437
AUD 438 2 2 -1 -1 0 16777217 84 53 346 179 0 16777216 0 0 0 0 0 0 0 4 438
AUD 439 1 2 201 -1 0 16777216 0 0 0 0 0 16777217 86 439 331 439 0 0 0 4 439
AUD 440 1 25 202 -1 0 16777216 0 0 0 0 0 16777217 16 440 266 440 0 0 0 4 440
AUD 441 2 25 -1 -1 0 16777217 16 440 266 440 0 16777216 0 0 0 0 0 0 0 4 441
AUD 442 1 25 203 -1 0 16777216 0 0 0 0 0 16777217 20 442 266 442 0 0 0 4 442
AUD 443 2 25 -1 -1 0 16777217 20 442 266 442 0 16777216 0 0 0 0 0 0 0 4 443
AUD 444 1 25 204 -1 0 16777216 0 0 0 0 0 16777217 86 444 331 444 0 0 0 4 444
AUD 445 2 2 -1 -1 0 16777217 86 439 331 439 0 16777216 0 0 0 0 0 0 0 4 445
AUD 446 1 2 205 -1 0 16777216 0 0 0 0 0 16777217 16 446 266 446 0 0 0 4 446
AUD 447 2 2 -1 -1 0 16777217 16 446 266 446 0 16777216 0 0 0 0 0 0 0 4 447
AUD 448 1 2 206 -1 0 16777216 0 0 0 0 0 16777217 20 448 266 448 0 0 0 4 448
AUD 449 2 2 -1 -1 0 16777217 20 448 266 448 0 16777216 0 0 0 0 0 0 0 4 449
AUD 450 1 2 207 -1 0 16777216 0 0 0 0 0 16777217 86 450 331 450 0 0 0 4 450
AUD 451 14 2 207 80 0 16777217 86 450 331 450 0 16777217 86 450 592 451 0 1 7 4 451
AUD 452 2 2 -1 -1 0 16777217 86 450 592 451 0 16777216 0 0 0 0 0 0 0 4 452
AUD 453 1 2 208 -1 0 16777216 0 0 0 0 0 16777217 16 453 266 453 0 0 0 4 453
AUD 454 2 2 -1 -1 0 16777217 16 453 266 453 0 16777216 0 0 0 0 0 0 0 4 454
AUD 455 1 2 209 -1 0 16777216 0 0 0 0 0 16777217 20 455 266 455 0 0 0 4 455
AUD 456 2 2 -1 -1 0 16777217 20 455 266 455 0 16777216 0 0 0 0 0 0 0 4 456
AUD 457 1 2 210 -1 0 16777216 0 0 0 0 0 16777217 18 457 266 457 0 0 0 4 457
AUD 458 2 2 -1 -1 0 16777217 18 457 266 457 0 16777216 0 0 0 0 0 0 0 4 458
AUD 459 1 2 211 -1 0 16777216 0 0 0 0 0 16777217 84 459 331 459 0 0 0 4 459
AUD 460 2 2 -1 -1 0 16777217 84 459 331 459 0 16777216 0 0 0 0 0 0 0 4 460
AUD 461 1 2 212 -1 0 16777216 0 0 0 0 0 16777217 20 461 266 461 0 0 0 4 461
AUD 462 2 2 -1 -1 0 16777217 20 461 266 461 0 16777216 0 0 0 0 0 0 0 4 462
AUD 463 1 2 213 -1 0 16777216 0 0 0 0 0 16777217 18 463 266 463 0 0 0 4 463
AUD 464 2 2 -1 -1 0 16777217 18 463 266 463 0 16777216 0 0 0 0 0 0 0 4 464
AUD 465 1 2 214 -1 0 16777216 0 0 0 0 0 16777217 84 465 331 465 0 0 0 4 465
AUD 466 2 2 -1 -1 0 16777217 84 465 331 465 0 16777216 0 0 0 0 0 0 0 4 466
AUD 467 1 2 215 -1 0 16777216 0 0 0 0 0 16777217 20 467 266 467 0 0 0 4 467
AUD 468 2 2 -1 -1 0 16777217 20 467 266 467 0 16777216 0 0 0 0 0 0 0 4 468
AUD 469 1 2 216 -1 0 16777216 0 0 0 0 0 16777217 18 469 266 469 0 0 0 4 469
AUD 470 2 2 -1 -1 0 16777217 18 469 266 469 0 16777216 0 0 0 0 0 0 0 4 470
AUD 471 1 2 217 -1 0 16777216 0 0 0 0 0 16777217 84 471 331 471 0 0 0 4 471
AUD 472 2 2 -1 -1 0 16777217 84 471 331 471 0 16777216 0 0 0 0 0 0 0 4 472
AUD 473 1 2 218 -1 0 16777216 0 0 0 0 0 16777217 20 473 266 473 0 0 0 4 473
AUD 474 2 2 -1 -1 0 16777217 20 473 266 473 0 16777216 0 0 0 0 0 0 0 4 474
AUD 475 1 2 219 -1 0 16777216 0 0 0 0 0 16777217 18 475 266 475 0 0 0 4 475
AUD 476 2 2 -1 -1 0 16777217 18 475 266 475 0 16777216 0 0 0 0 0 0 0 4 476
AUD 477 1 2 220 -1 0 16777216 0 0 0 0 0 16777217 16 477 266 477 0 0 0 4 477
AUD 478 2 2 -1 -1 0 16777217 16 477 266 477 0 16777216 0 0 0 0 0 0 0 4 478
AUD 479 1 2 221 -1 0 16777216 0 0 0 0 0 16777217 88 479 331 479 0 0 0 4 479
AUD 480 2 25 -1 -1 0 16777217 86 444 331 444 0 16777216 0 0 0 0 0 0 0 4 480
AUD 481 1 25 222 -1 0 16777216 0 0 0 0 0 16777217 18 481 266 481 0 0 0 4 481
AUD 482 2 25 -1 -1 0 16777217 18 481 266 481 0 16777216 0 0 0 0 0 0 0 4 482
AUD 483 1 25 223 -1 0 16777216 0 0 0 0 0 16777217 16 483 266 483 0 0 0 4 483
AUD 484 2 25 -1 -1 0 16777217 16 483 266 483 0 16777216 0 0 0 0 0 0 0 4 484
AUD 485 1 25 224 -1 0 16777216 0 0 0 0 0 16777217 88 485 331 485 0 0 0 4 485
AUD 486 2 2 -1 -1 0 16777217 88 479 331 479 0 16777216 0 0 0 0 0 0 0 4 486
AUD 487 1 2 225 -1 0 16777216 0 0 0 0 0 16777217 18 487 266 487 0 0 0 4 487
AUD 488 2 2 -1 -1 0 16777217 18 487 266 487 0 16777216 0 0 0 0 0 0 0 4 488
AUD 489 1 2 226 -1 0 16777216 0 0 0 0 0 16777217 16 489 266 489 0 0 0 4 489
AUD 490 2 2 -1 -1 0 16777217 16 489 266 489 0 16777216 0 0 0 0 0 0 0 4 490
AUD 491 1 2 227 -1 0 16777216 0 0 0 0 0 16777217 88 491 331 491 0 0 0 4 491
AUD 492 2 2 -1 -1 0 16777217 88 491 331 491 0 16777216 0 0 0 0 0 0 0 4 492
AUD 493 1 2 228 -1 0 16777216 0 0 0 0 0 16777217 18 493 266 493 0 0 0 4 493
AUD 494 2 2 -1 -1 0 16777217 18 493 266 493 0 16777216 0 0 0 0 0 0 0 4 494
AUD 495 1 2 229 -1 0 16777216 0 0 0 0 0 16777217 16 495 266 495 0 0 0 4 495
AUD 496 2 2 -1 -1 0 16777217 16 495 266 495 0 16777216 0 0 0 0 0 0 0 4 496
AUD 497 1 2 230 -1 0 16777216 0 0 0 0 0 16777217 20 497 266 497 0 0 0 4 497
AUD 498 2 2 -1 -1 0 16777217 20 497 266 497 0 16777216 0 0 0 0 0 0 0 4 498
AUD 499 1 2 231 -1 0 16777216 0 0 0 0 0 16777217 86 499 331 499 0 0 0 4 499
AUD 500 2 2 -1 -1 0 16777217 86 499 331 499 0 16777216 0 0 0 0 0 0 0 4 500
AUD 501 1 2 232 -1 0 16777216 0 0 0 0 0 16777217 16 501 266 501 0 0 0 4 501
AUD 502 2 2 -1 -1 0 16777217 16 501 266 501 0 16777216 0 0 0 0 0 0 0 4 502
AUD 503 1 2 233 -1 0 16777216 0 0 0 0 0 16777217 20 503 266 503 0 0 0 4 503
AUD 504 2 2 -1 -1 0 16777217 20 503 266 503 0 16777216 0 0 0 0 0 0 0 4 504
AUD 505 1 2 234 -1 0 16777216 0 0 0 0 0 16777217 86 505 331 505 0 0 0 4 505
AUD 506 2 2 -1 -1 0 16777217 86 505 331 505 0 16777216 0 0 0 0 0 0 0 4 506
AUD 507 1 2 235 -1 0 16777216 0 0 0 0 0 16777217 16 507 266 507 0 0 0 4 507
AUD 508 2 2 -1 -1 0 16777217 16 507 266 507 0 16777216 0 0 0 0 0 0 0 4 508
AUD 509 1 2 236 -1 0 16777216 0 0 0 0 0 16777217 20 509 266 509 0 0 0 4 509
AUD 510 2 2 -1 -1 0 16777217 20 509 266 509 0 16777216 0 0 0 0 0 0 0 4 510
AUD 511 1 2 237 -1 0 16777216 0 0 0 0 0 16777217 86 511 331 511 0 0 0 4 511
AUD 512 2 2 -1 -1 0 16777217 86 511 331 511 0 16777216 0 0 0 0 0 0 0 4 512
AUD 513 1 2 238 -1 0 16777216 0 0 0 0 0 16777217 16 513 266 513 0 0 0 4 513
AUD 514 2 2 -1 -1 0 16777217 16 513 266 513 0 16777216 0 0 0 0 0 0 0 4 514
AUD 515 1 2 239 -1 0 16777216 0 0 0 0 0 16777217 20 515 266 515 0 0 0 4 515
AUD 516 2 2 -1 -1 0 16777217 20 515 266 515 0 16777216 0 0 0 0 0 0 0 4 516
AUD 517 1 2 240 -1 0 16777216 0 0 0 0 0 16777217 18 517 266 517 0 0 0 4 517
AUD 518 2 2 -1 -1 0 16777217 18 517 266 517 0 16777216 0 0 0 0 0 0 0 4 518
AUD 519 1 2 241 -1 0 16777216 0 0 0 0 0 16777217 84 519 331 519 0 0 0 4 519
AUD 520 2 2 -1 -1 0 16777217 84 519 331 519 0 16777216 0 0 0 0 0 0 0 4 520
AUD 521 1 2 242 -1 0 16777216 0 0 0 0 0 16777217 20 521 266 521 0 0 0 4 521
AUD 522 2 2 -1 -1 0 16777217 20 521 266 521 0 16777216 0 0 0 0 0 0 0 4 522
AUD 523 1 2 243 -1 0 16777216 0 0 0 0 0 16777217 18 523 266 523 0 0 0 4 523
AUD 524 2 2 -1 -1 0 16777217 18 523 266 523 0 16777216 0 0 0 0 0 0 0 4 524
AUD 525 1 2 244 -1 0 16777216 0 0 0 0 0 16777217 84 525 331 525 0 0 0 4 525
AUD 526 2 2 -1 -1 0 16777217 84 525 331 525 0 16777216 0 0 0 0 0 0 0 4 526
AUD 527 1 2 245 -1 0 16777216 0 0 0 0 0 16777217 20 527 266 527 0 0 0 4 527
AUD 528 2 2 -1 -1 0 16777217 20 527 266 527 0 16777216 0 0 0 0 0 0 0 4 528
AUD 529 1 2 246 -1 0 16777216 0 0 0 0 0 16777217 18 529 266 529 0 0 0 4 529
AUD 530 2 2 -1 -1 0 16777217 18 529 266 529 0 16777216 0 0 0 0 0 0 0 4 530
AUD 531 1 2 247 -1 0 16777216 0 0 0 0 0 16777217 84 531 331 531 0 0 0 4 531
AUD 532 2 2 -1 -1 0 16777217 84 531 331 531 0 16777216 0 0 0 0 0 0 0 4 532
AUD 533 1 2 248 -1 0 16777216 0 0 0 0 0 16777217 20 533 266 533 0 0 0 4 533
AUD 534 12 25 -1 1 0 16777217 88 485 331 485 0 16777217 88 485 336 534 0 0 0 4 534
AUD 535 2 2 -1 -1 0 16777217 20 533 266 533 0 16777216 0 0 0 0 0 0 0 4 535
AUD 536 1 2 249 -1 0 16777216 0 0 0 0 0 16777217 18 536 266 536 0 0 0 4 536
AUD 537 2 2 -1 -1 0 16777217 18 536 266 536 0 16777216 0 0 0 0 0 0 0 4 537
AUD 538 1 2 250 -1 0 16777216 0 0 0 0 0 16777217 16 538 266 538 0 0 0 4 538
AUD 539 2 2 -1 -1 0 16777217 16 538 266 538 0 16777216 0 0 0 0 0 0 0 4 539
AUD 540 1 2 251 -1 0 16777216 0 0 0 0 0 16777217 88 540 331 540 0 0 0 4 540
AUD 541 2 2 -1 -1 0 16777217 88 540 331 540 0 16777216 0 0 0 0 0 0 0 4 541
AUD 542 1 2 252 -1 0 16777216 0 0 0 0 0 16777217 18 542 266 542 0 0 0 4 542
AUD 543 2 2 -1 -1 0 16777217 18 542 266 542 0 16777216 0 0 0 0 0 0 0 4 543
AUD 544 1 2 253 -1 0 16777216 0 0 0 0 0 16777217 16 544 266 544 0 0 0 4 544
AUD 545 2 2 -1 -1 0 16777217 16 544 266 544 0 16777216 0 0 0 0 0 0 0 4 545
AUD 546 1 2 254 -1 0 16777216 0 0 0 0 0 16777217 88 546 331 546 0 0 0 4 546
AUD 547 2 2 -1 -1 0 16777217 88 546 331 546 0 16777216 0 0 0 0 0 0 0 4 547
AUD 548 1 2 255 -1 0 16777216 0 0 0 0 0 16777217 18 548 266 548 0 0 0 4 548
AUD 549 2 2 -1 -1 0 16777217 18 548 266 548 0 16777216 0 0 0 0 0 0 0 4 549
AUD 550 1 2 256 -1 0 16777216 0 0 0 0 0 16777217 16 550 266 550 0 0 0 4 550
AUD 551 2 2 -1 -1 0 16777217 16 550 266 550 0 16777216 0 0 0 0 0 0 0 4 551
AUD 552 1 2 257 -1 0 16777216 0 0 0 0 0 16777217 88 552 331 552 0 0 0 4 552
AUD 553 14 2 257 80 0 16777217 88 552 331 552 0 16777217 88 552 592 553 0 1 7 4 553
AUD 554 2 2 -1 -1 0 16777217 88 552 592 553 0 16777216 0 0 0 0 0 0 0 4 554
AUD 555 1 2 258 -1 0 16777216 0 0 0 0 0 16777217 18 555 266 555 0 0 0 4 555
AUD 556 2 2 -1 -1 0 16777217 18 555 266 555 0 16777216 0 0 0 0 0 0 0 4 556
AUD 557 1 2 259 -1 0 16777216 0 0 0 0 0 16777217 16 557 266 557 0 0 0 4 557
AUD 558 2 2 -1 -1 0 16777217 16 557 266 557 0 16777216 0 0 0 0 0 0 0 4 558
AUD 559 1 2 260 -1 0 16777216 0 0 0 0 0 16777217 20 559 266 559 0 0 0 4 559
AUD 560 2 2 -1 -1 0 16777217 20 559 266 559 0 16777216 0 0 0 0 0 0 0 4 560
AUD 561 1 2 261 -1 0 16777216 0 0 0 0 0 16777217 86 561 331 561 0 0 0 4 561
AUD 562 2 2 -1 -1 0 16777217 86 561 331 561 0 16777216 0 0 0 0 0 0 0 4 562
AUD 563 1 2 262 -1 0 16777216 0 0 0 0 0 16777217 16 563 266 563 0 0 0 4 563
AUD 564 2 2 -1 -1 0 16777217 16 563 266 563 0 16777216 0 0 0 0 0 0 0 4 564
AUD 565 1 2 263 -1 0 16777216 0 0 0 0 0 16777217 20 565 266 565 0 0 0 4 565
AUD 566 2 2 -1 -1 0 16777217 20 565 266 565 0 16777216 0 0 0 0 0 0 0 4 566
AUD 567 1 2 264 -1 0 16777216 0 0 0 0 0 16777217 86 567 331 567 0 0 0 4 567
AUD 568 2 2 -1 -1 0 16777217 86 567 331 567 0 16777216 0 0 0 0 0 0 0 4 568
AUD 569 1 2 265 -1 0 16777216 0 0 0 0 0 16777217 16 569 266 569 0 0 0 4 569
AUD 570 2 2 -1 -1 0 16777217 16 569 266 569 0 16777216 0 0 0 0 0 0 0 4 570
AUD 571 1 2 266 -1 0 16777216 0 0 0 0 0 16777217 20 571 266 571 0 0 0 4 571
AUD 572 2 2 -1 -1 0 16777217 20 571 266 571 0 16777216 0 0 0 0 0 0 0 4 572
AUD 573 1 2 267 -1 0 16777216 0 0 0 0 0 16777217 86 573 331 573 0 0 0 4 573
AUD 574 2 2 -1 -1 0 16777217 86 573 331 573 0 16777216 0 0 0 0 0 0 0 4 574
AUD 575 1 2 268 -1 0 16777216 0 0 0 0 0 16777217 16 575 266 575 0 0 0 4 575
AUD 576 2 2 -1 -1 0 16777217 16 575 266 575 0 16777216 0 0 0 0 0 0 0 4 576
AUD 577 1 2 269 -1 0 16777216 0 0 0 0 0 16777217 20 577 266 577 0 0 0 4 577
AUD 578 2 2 -1 -1 0 16777217 20 577 266 577 0 16777216 0 0 0 0 0 0 0 4 578
AUD 579 1 2 270 -1 0 16777216 0 0 0 0 0 16777217 18 579 266 579 0 0 0 4 579
AUD 580 2 2 -1 -1 0 16777217 18 579 266 579 0 16777216 0 0 0 0 0 0 0 4 580
AUD 581 1 2 271 -1 0 16777216 0 0 0 0 0 16777217 84 581 331 581 0 0 0 4 581
AUD 582 2 2 -1 -1 0 16777217 84 581 331 581 0 16777216 0 0 0 0 0 0 0 4 582
AUD 583 1 2 272 -1 0 16777216 0 0 0 0 0 16777217 20 583 266 583 0 0 0 4 583
AUD 584 2 2 -1 -1 0 16777217 20 583 266 583 0 16777216 0 0 0 0 0 0 0 4 584
AUD 585 1 2 273 -1 0 16777216 0 0 0 0 0 16777217 18 585 266 585 0 0 0 4 585
AUD 586 12 25 -1 2 0 16777217 88 485 336 534 0 16777217 88 485 346 586 0 0 0 4 586
AUD 587 2 2 -1 -1 0 16777217 18 585 266 585 0 16777216 0 0 0 0 0 0 0 4 587
AUD 588 1 2 274 -1 0 16777216 0 0 0 0 0 16777217 84 588 331 588 0 0 0 4 588
AUD 589 2 2 -1 -1 0 16777217 84 588 331 588 0 16777216 0 0 0 0 0 0 0 4 589
AUD 590 1 2 275 -1 0 16777216 0 0 0 0 0 16777217 20 590 266 590 0 0 0 4 590
AUD 591 2 2 -1 -1 0 16777217 20 590 266 590 0 16777216 0 0 0 0 0 0 0 4 591
AUD 592 1 2 276 -1 0 16777216 0 0 0 0 0 16777217 18 592 266 592 0 0 0 4 592
AUD 593 2 2 -1 -1 0 16777217 18 592 266 592 0 16777216 0 0 0 0 0 0 0 4 593
AUD 594 1 2 277 -1 0 16777216 0 0 0 0 0 16777217 84 594 331 594 0 0 0 4 594
AUD 595 2 2 -1 -1 0 16777217 84 594 331 594 0 16777216 0 0 0 0 0 0 0 4 595
AUD 596 1 2 278 -1 0 16777216 0 0 0 0 0 16777217 20 596 266 596 0 0 0 4 596
AUD 597 2 2 -1 -1 0 16777217 20 596 266 596 0 16777216 0 0 0 0 0 0 0 4 597
AUD 598 1 2 279 -1 0 16777216 0 0 0 0 0 16777217 18 598 266 598 0 0 0 4 598
AUD 599 2 2 -1 -1 0 16777217 18 598 266 598 0 16777216 0 0 0 0 0 0 0 4 599
AUD 600 1 2 280 -1 0 16777216 0 0 0 0 0 16777217 16 600 266 600 0 0 0 4 600
AUD 601 2 2 -1 -1 0 16777217 16 600 266 600 0 16777216 0 0 0 0 0 0 0 4 601
AUD 602 1 2 281 -1 0 16777216 0 0 0 0 0 16777217 88 602 331 602 0 0 0 4 602
AUD 603 2 2 -1 -1 0 16777217 88 602 331 602 0 16777216 0 0 0 0 0 0 0 4 603
AUD 604 1 2 282 -1 0 16777216 0 0 0 0 0 16777217 18 604 266 604 0 0 0 4 604
AUD 605 2 2 -1 -1 0 16777217 18 604 266 604 0 16777216 0 0 0 0 0 0 0 4 605
AUD 606 1 2 283 -1 0 16777216 0 0 0 0 0 16777217 16 606 266 606 0 0 0 4 606
AUD 607 2 2 -1 -1 0 16777217 16 606 266 606 0 16777216 0 0 0 0 0 0 0 4 607
AUD 608 1 2 284 -1 0 16777216 0 0 0 0 0 16777217 88 608 331 608 0 0 0 4 608
AUD 609 2 2 -1 -1 0 16777217 88 608 331 608 0 16777216 0 0 0 0 0 0 0 4 609
AUD 610 1 2 285 -1 0 16777216 0 0 0 0 0 16777217 18 610 266 610 0 0 0 4 610
AUD 611 2 2 -1 -1 0 16777217 18 610 266 610 0 16777216 0 0 0 0 0 0 0 4 611
AUD 612 1 2 286 -1 0 16777216 0 0 0 0 0 16777217 16 612 266 612 0 0 0 4 612
AUD 613 2 2 -1 -1 0 16777217 16 612 266 612 0 16777216 0 0 0 0 0 0 0 4 613
AUD 614 1 2 287 -1 0 16777216 0 0 0 0 0 16777217 88 614 331 614 0 0 0 4 614
AUD 615 2 2 -1 -1 0 16777217 88 614 331 614 0 16777216 0 0 0 0 0 0 0 4 615
AUD 616 1 2 288 -1 0 16777216 0 0 0 0 0 16777217 18 616 266 616 0 0 0 4 616
AUD 617 2 2 -1 -1 0 16777217 18 616 266 616 0 16777216 0 0 0 0 0 0 0 4 617
AUD 618 1 2 289 -1 0 16777216 0 0 0 0 0 16777217 16 618 266 618 0 0 0 4 618
AUD 619 2 2 -1 -1 0 16777217 16 618 266 618 0 16777216 0 0 0 0 0 0 0 4 619
AUD 620 1 2 290 -1 0 16777216 0 0 0 0 0 16777217 20 620 266 620 0 0 0 4 620
AUD 621 2 2 -1 -1 0 16777217 20 620 266 620 0 16777216 0 0 0 0 0 0 0 4 621
AUD 622 1 2 291 -1 0 16777216 0 0 0 0 0 16777217 86 622 331 622 0 0 0 4 622
AUD 623 2 2 -1 -1 0 16777217 86 622 331 622 0 16777216 0 0 0 0 0 0 0 4 623
AUD 624 1 2 292 -1 0 16777216 0 0 0 0 0 16777217 16 624 266 624 0 0 0 4 624
AUD 625 2 2 -1 -1 0 16777217 16 624 266 624 0 16777216 0 0 0 0 0 0 0 4 625
AUD 626 1 2 293 -1 0 16777216 0 0 0 0 0 16777217 20 626 266 626 0 0 0 4 626
AUD 627 2 2 -1 -1 0 16777217 20 626 266 626 0 16777216 0 0 0 0 0 0 0 4 627
AUD 628 1 2 294 -1 0 16777216 0 0 0 0 0 16777217 86 628 331 628 0 0 0 4 628
AUD 629 2 2 -1 -1 0 16777217 86 628 331 628 0 16777216 0 0 0 0 0 0 0 4 629
AUD 630 1 2 295 -1 0 16777216 0 0 0 0 0 16777217 16 630 266 630 0 0 0 4 630
AUD 631 2 2 -1 -1 0 16777217 16 630 266 630 0 16777216 0 0 0 0 0 0 0 4 631
AUD 632 1 2 296 -1 0 16777216 0 0 0 0 0 16777217 20 632 266 632 0 0 0 4 632
AUD 633 2 2 -1 -1 0 16777217 20 632 266 632 0 16777216 0 0 0 0 0 0 0 4 633
AUD 634 1 2 297 -1 0 16777216 0 0 0 0 0 16777217 86 634 331 634 0 0 0 4 634
AUD 635 2 2 -1 -1 0 16777217 86 634 331 634 0 16777216 0 0 0 0 0 0 0 4 635
AUD 636 1 2 298 -1 0 16777216 0 0 0 0 0 16777217 16 636 266 636 0 0 0 4 636
AUD 637 2 2 -1 -1 0 16777217 16 636 266 636 0 16777216 0 0 0 0 0 0 0 4 637
AUD 638 1 2 299 -1 0 16777216 0 0 0 0 0 16777217 20 638 266 638 0 0 0 4 638
AUD 639 2 2 -1 -1 0 16777217 20 638 266 638 0 16777216 0 0 0 0 0 0 0 4 639
AUD 640 1 2 300 -1 0 16777216 0 0 0 0 0 16777217 18 640 266 640 0 0 0 4 640
AUD 641 2 2 -1 -1 0 16777217 18 640 266 640 0 16777216 0 0 0 0 0 0 0 4 641
AUD 642 2 3 -1 -1 0 16777217 84 4 346 84 0 16777216 0 0 0 0 0 0 0 4 642
AUD 643 1 2 301 -1 0 16777216 0 0 0 0 0 16777217 84 643 331 643 0 0 0 4 643
AUD 644 1 3 302 -1 0 16777216 0 0 0 0 0 16777217 20 644 266 644 0 0 0 4 644
AUD 645 2 3 -1 -1 0 16777217 20 644 266 644 0 16777216 0 0 0 0 0 0 0 4 645
AUD 646 1 3 303 -1 0 16777216 0 0 0 0 0 16777217 18 646 266 646 0 0 0 4 646
AUD 647 2 3 -1 -1 0 16777217 18 646 266 646 0 16777216 0 0 0 0 0 0 0 4 647
AUD 648 1 3 304 -1 0 16777216 0 0 0 0 0 16777217 84 648 331 648 0 0 0 4 648
AUD 649 2 2 -1 -1 0 16777217 84 643 331 643 0 16777216 0 0 0 0 0 0 0 4 649
AUD 650 1 2 305 -1 0 16777216 0 0 0 0 0 16777217 20 650 266 650 0 0 0 4 650
AUD 651 2 2 -1 -1 0 16777217 20 650 266 650 0 16777216 0 0 0 0 0 0 0 4 651
AUD 652 1 2 306 -1 0 16777216 0 0 0 0 0 16777217 18 652 266 652 0 0 0 4 652
AUD 653 2 2 -1 -1 0 16777217 18 652 266 652 0 16777216 0 0 0 0 0 0 0 4 653
AUD 654 1 2 307 -1 0 16777216 0 0 0 0 0 16777217 84 654 331 654 0 0 0 4 654
AUD 655 14 2 307 80 0 16777217 84 654 331 654 0 16777217 84 654 592 655 0 1 7 4 655
AUD 656 2 2 -1 -1 0 16777217 84 654 592 655 0 16777216 0 0 0 0 0 0 0 4 656
AUD 657 1 2 308 -1 0 16777216 0 0 0 0 0 16777217 20 657 266 657 0 0 0 4 657
AUD 658 2 2 -1 -1 0 16777217 20 657 266 657 0 16777216 0 0 0 0 0 0 0 4 658
AUD 659 1 2 309 -1 0 16777216 0 0 0 0 0 16777217 18 659 266 659 0 0 0 4 659
AUD 660 2 2 -1 -1 0 16777217 18 659 266 659 0 16777216 0 0 0 0 0 0 0 4 660
AUD 661 1 2 310 -1 0 16777216 0 0 0 0 0 16777217 16 661 266 661 0 0 0 4 661
AUD 662 2 2 -1 -1 0 16777217 16 661 266 661 0 16777216 0 0 0 0 0 0 0 4 662
AUD 663 1 2 311 -1 0 16777216 0 0 0 0 0 16777217 88 663 331 663 0 0 0 4 663
AUD 664 2 3 -1 -1 0 16777217 84 648 331 648 0 16777216 0 0 0 0 0 0 0 4 664
AUD 665 1 3 312 -1 0 16777216 0 0 0 0 0 16777217 18 665 266 665 0 0 0 4 665
AUD 666 2 3 -1 -1 0 16777217 18 665 266 665 0 16777216 0 0 0 0 0 0 0 4 666
AUD 667 1 3 313 -1 0 16777216 0 0 0 0 0 16777217 16 667 266 667 0 0 0 4 667
AUD 668 2 3 -1 -1 0 16777217 16 667 266 667 0 16777216 0 0 0 0 0 0 0 4 668
AUD 669 1 3 314 -1 0 16777216 0 0 0 0 0 16777217 88 669 331 669 0 0 0 4 669
AUD 670 2 2 -1 -1 0 16777217 88 663 331 663 0 16777216 0 0 0 0 0 0 0 4 670
AUD 671 1 2 315 -1 0 16777216 0 0 0 0 0 16777217 18 671 266 671 0 0 0 4 671
AUD 672 2 2 -1 -1 0 16777217 18 671 266 671 0 16777216 0 0 0 0 0 0 0 4 672
AUD 673 1 2 316 -1 0 16777216 0 0 0 0 0 16777217 16 673 266 673 0 0 0 4 673
AUD 674 2 2 -1 -1 0 16777217 16 673 266 673 0 16777216 0 0 0 0 0 0 0 4 674
AUD 675 1 2 317 -1 0 16777216 0 0 0 0 0 16777217 88 675 331 675 0 0 0 4 675
AUD 676 2 2 -1 -1 0 16777217 88 675 331 675 0 16777216 0 0 0 0 0 0 0 4 676
AUD 677 1 2 318 -1 0 16777216 0 0 0 0 0 16777217 18 677 266 677 0 0 0 4 677
AUD 678 2 2 -1 -1 0 16777217 18 677 266 677 0 16777216 0 0 0 0 0 0 0 4 678
AUD 679 1 2 319 -1 0 16777216 0 0 0 0 0 16777217 16 679 266 679 0 0 0 4 679
AUD 680 2 2 -1 -1 0 16777217 16 679 266 679 0 16777216 0 0 0 0 0 0 0 4 680
AUD 681 1 2 320 -1 0 16777216 0 0 0 0 0 16777217 20 681 266 681 0 0 0 4 681
AUD 682 2 2 -1 -1 0 16777217 20 681 266 681 0 16777216 0 0 0 0 0 0 0 4 682
AUD 683 1 2 321 -1 0 16777216 0 0 0 0 0 16777217 86 683 331 683 0 0 0 4 683
AUD 684 2 2 -1 -1 0 16777217 86 683 331 683 0 16777216 0 0 0 0 0 0 0 4 684
AUD 685 1 2 322 -1 0 16777216 0 0 0 0 0 16777217 16 685 266 685 0 0 0 4 685
AUD 686 2 2 -1 -1 0 16777217 16 685 266 685 0 16777216 0 0 0 0 0 0 0 4 686
AUD 687 1 2 323 -1 0 16777216 0 0 0 0 0 16777217 20 687 266 687 0 0 0 4 687
AUD 688 2 2 -1 -1 0 16777217 20 687 266 687 0 16777216 0 0 0 0 0 0 0 4 688
AUD 689 1 2 324 -1 0 16777216 0 0 0 0 0 16777217 86 689 331 689 0 0 0 4 689
AUD 690 2 2 -1 -1 0 16777217 86 689 331 689 0 16777216 0 0 0 0 0 0 0 4 690
AUD 691 1 2 325 -1 0 16777216 0 0 0 0 0 16777217 16 691 266 691 0 0 0 4 691
AUD 692 2 2 -1 -1 0 16777217 16 691 266 691 0 16777216 0 0 0 0 0 0 0 4 692
AUD 693 1 2 326 -1 0 16777216 0 0 0 0 0 16777217 20 693 266 693 0 0 0 4 693
AUD 694 2 2 -1 -1 0 16777217 20 693 266 693 0 16777216 0 0 0 0 0 0 0 4 694
AUD 695 1 2 327 -1 0 16777216 0 0 0 0 0 16777217 86 695 331 695 0 0 0 4 695
AUD 696 2 2 -1 -1 0 16777217 86 695 331 695 0 16777216 0 0 0 0 0 0 0 4 696
AUD 697 1 2 328 -1 0 16777216 0 0 0 0 0 16777217 16 697 266 697 0 0 0 4 697
AUD 698 2 2 -1 -1 0 16777217 16 697 266 697 0 16777216 0 0 0 0 0 0 0 4 698
AUD 699 1 2 329 -1 0 16777216 0 0 0 0 0 16777217 20 699 266 699 0 0 0 4 699
AUD 700 2 2 -1 -1 0 16777217 20 699 266 699 0 16777216 0 0 0 0 0 0 0 4 700
AUD 701 1 2 330 -1 0 16777216 0 0 0 0 0 16777217 18 701 266 701 0 0 0 4 701
AUD 702 2 2 -1 -1 0 16777217 18 701 266 701 0 16777216 0 0 0 0 0 0 0 4 702
AUD 703 1 2 331 -1 0 16777216 0 0 0 0 0 16777217 84 703 331 703 0 0 0 4 703
AUD 704 2 2 -1 -1 0 16777217 84 703 331 703 0 16777216 0 0 0 0 0 0 0 4 704
AUD 705 1 2 332 -1 0 16777216 0 0 0 0 0 16777217 20 705 266 705 0 0 0 4 705
AUD 706 2 2 -1 -1 0 16777217 20 705 266 705 0 16777216 0 0 0 0 0 0 0 4 706
AUD 707 1 2 333 -1 0 16777216 0 0 0 0 0 16777217 18 707 266 707 0 0 0 4 707
AUD 708 2 2 -1 -1 0 16777217 18 707 266 707 0 16777216 0 0 0 0 0 0 0 4 708
AUD 709 1 2 334 -1 0 16777216 0 0 0 0 0 16777217 84 709 331 709 0 0 0 4 709
AUD 710 2 2 -1 -1 0 16777217 84 709 331 709 0 16777216 0 0 0 0 0 0 0 4 710
AUD 711 1 2 335 -1 0 16777216 0 0 0 0 0 16777217 20 711 266 711 0 0 0 4 711
AUD 712 2 2 -1 -1 0 16777217 20 711 266 711 0 16777216 0 0 0 0 0 0 0 4 712
AUD 713 1 2 336 -1 0 16777216 0 0 0 0 0 16777217 18 713 266 713 0 0 0 4 713
AUD 714 2 2 -1 -1 0 16777217 18 713 266 713 0 16777216 0 0 0 0 0 0 0 4 714
AUD 715 1 2 337 -1 0 16777216 0 0 0 0 0 16777217 84 715 331 715 0 0 0 4 715
AUD 716 2 2 -1 -1 0 16777217 84 715 331 715 0 16777216 0 0 0 0 0 0 0 4 716
AUD 717 1 2 338 -1 0 16777216 0 0 0 0 0 16777217 20 717 266 717 0 0 0 4 717
AUD 718 12 3 -1 1 0 16777217 88 669 331 669 0 16777217 88 669 336 718 0 0 0 4 718
AUD 719 2 2 -1 -1 0 16777217 20 717 266 717 0 16777216 0 0 0 0 0 0 0 4 719
AUD 720 1 2 339 -1 0 16777216 0 0 0 0 0 16777217 18 720 266 720 0 0 0 4 720
AUD 721 2 2 -1 -1 0 16777217 18 720 266 720 0 16777216 0 0 0 0 0 0 0 4 721
AUD 722 1 2 340 -1 0 16777216 0 0 0 0 0 16777217 16 722 266 722 0 0 0 4 722
AUD 723 2 2 -1 -1 0 16777217 16 722 266 722 0 16777216 0 0 0 0 0 0 0 4 723
AUD 724 1 2 341 -1 0 16777216 0 0 0 0 0 16777217 88 724 331 724 0 0 0 4 724
AUD 725 2 2 -1 -1 0 16777217 88 724 331 724 0 16777216 0 0 0 0 0 0 0 4 725
AUD 726 1 2 342 -1 0 16777216 0 0 0 0 0 16777217 18 726 266 726 0 0 0 4 726
AUD 727 2 2 -1 -1 0 16777217 18 726 266 726 0 16777216 0 0 0 0 0 0 0 4 727
AUD 728 1 2 343 -1 0 16777216 0 0 0 0 0 16777217 16 728 266 728 0 0 0 4 728
AUD 729 2 2 -1 -1 0 16777217 16 728 266 728 0 16777216 0 0 0 0 0 0 0 4 729
AUD 730 1 2 344 -1 0 16777216 0 0 0 0 0 16777217 88 730 331 730 0 0 0 4 730
AUD 731 2 2 -1 -1 0 16777217 88 730 331 730 0 16777216 0 0 0 0 0 0 0 4 731
AUD 732 1 2 345 -1 0 16777216 0 0 0 0 0 16777217 18 732 266 732 0 0 0 4 732
AUD 733 2 2 -1 -1 0 16777217 18 732 266 732 0 16777216 0 0 0 0 0 0 0 4 733
AUD 734 1 2 346 -1 0 16777216 0 0 0 0 0 16777217 16 734 266 734 0 0 0 4 734
AUD 735 2 2 -1 -1 0 16777217 16 734 266 734 0 16777216 0 0 0 0 0 0 0 4 735
AUD 736 1 2 347 -1 0 16777216 0 0 0 0 0 16777217 88 736 331 736 0 0 0 4 736
AUD 737 2 2 -1 -1 0 16777217 88 736 331 736 0 16777216 0 0 0 0 0 0 0 4 737
AUD 738 1 2 348 -1 0 16777216 0 0 0 0 0 16777217 18 738 266 738 0 0 0 4 738
AUD 739 2 2 -1 -1 0 16777217 18 738 266 738 0 16777216 0 0 0 0 0 0 0 4 739
AUD 740 1 2 349 -1 0 16777216 0 0 0 0 0 16777217 16 740 266 740 0 0 0 4 740
AUD 741 2 2 -1 -1 0 16777217 16 740 266 740 0 16777216 0 0 0 0 0 0 0 4 741
AUD 742 1 2 350 -1 0 16777216 0 0 0 0 0 16777217 20 742 266 742 0 0 0 4 742
AUD 743 2 2 -1 -1 0 16777217 20 742 266 742 0 16777216 0 0 0 0 0 0 0 4 743
AUD 744 1 2 351 -1 0 16777216 0 0 0 0 0 16777217 86 744 331 744 0 0 0 4 744
AUD 745 2 2 -1 -1 0 16777217 86 744 331 744 0 16777216 0 0 0 0 0 0 0 4 745
AUD 746 1 2 352 -1 0 16777216 0 0 0 0 0 16777217 16 746 266 746 0 0 0 4 746
AUD 747 2 2 -1 -1 0 16777217 16 746 266 746 0 16777216 0 0 0 0 0 0 0 4 747
AUD 748 1 2 353 -1 0 16777216 0 0 0 0 0 16777217 20 748 266 748 0 0 0 4 748
AUD 749 2 2 -1 -1 0 16777217 20 748 266 748 0 16777216 0 0 0 0 0 0 0 4 749
AUD 750 1 2 354 -1 0 16777216 0 0 0 0 0 16777217 86 750 331 750 0 0 0 4 750
AUD 751 2 2 -1 -1 0 16777217 86 750 331 750 0 16777216 0 0 0 0 0 0 0 4 751
AUD 752 1 2 355 -1 0 16777216 0 0 0 0 0 16777217 16 752 266 752 0 0 0 4 752
AUD 753 2 2 -1 -1 0 16777217 16 752 266 752 0 16777216 0 0 0 0 0 0 0 4 753
AUD 754 1 2 356 -1 0 16777216 0 0 0 0 0 16777217 20 754 266 754 0 0 0 4 754
AUD 755 2 2 -1 -1 0 16777217 20 754 266 754 0 16777216 0 0 0 0 0 0 0 4 755
AUD 756 1 2 357 -1 0 16777216 0 0 0 0 0 16777217 86 756 331 756 0 0 0 4 756
AUD 757 14 2 357 80 0 16777217 86 756 331 756 0 16777217 86 756 592 757 0 1 7 4 757
AUD 758 2 2 -1 -1 0 16777217 86 756 592 757 0 16777216 0 0 0 0 0 0 0 4 758
AUD 759 1 2 358 -1 0 16777216 0 0 0 0 0 16777217 16 759 266 759 0 0 0 4 759
AUD 760 2 2 -1 -1 0 16777217 16 759 266 759 0 16777216 0 0 0 0 0 0 0 4 760
AUD 761 1 2 359 -1 0 16777216 0 0 0 0 0 16777217 20 761 266 761 0 0 0 4 761
AUD 762 2 2 -1 -1 0 16777217 20 761 266 761 0 16777216 0 0 0 0 0 0 0 4 762
AUD 763 1 2 360 -1 0 16777216 0 0 0 0 0 16777217 18 763 266 763 0 0 0 4 763
AUD 764 2 2 -1 -1 0 16777217 18 763 266 763 0 16777216 0 0 0 0 0 0 0 4 764
AUD 765 1 2 361 -1 0 16777216 0 0 0 0 0 16777217 84 765 331 765 0 0 0 4 765
AUD 766 2 2 -1 -1 0 16777217 84 765 331 765 0 16777216 0 0 0 0 0 0 0 4 766
AUD 767 1 2 362 -1 0 16777216 0 0 0 0 0 16777217 20 767 266 767 0 0 0 4 767
AUD 768 2 2 -1 -1 0 16777217 20 767 266 767 0 16777216 0 0 0 0 0 0 0 4 768
AUD 769 1 2 363 -1 0 16777216 0 0 0 0 0 16777217 18 769 266 769 0 0 0 4 769
AUD 770 12 3 -1 2 0 16777217 88 669 336 718 0 16777217 88 669 346 770 0 0 0 4 770
AUD 771 2 2 -1 -1 0 16777217 18 769 266 769 0 16777216 0 0 0 0 0 0 0 4 771
AUD 772 1 2 364 -1 0 16777216 0 0 0 0 0 16777217 84 772 331 772 0 0 0 4 772
AUD 773 2 2 -1 -1 0 16777217 84 772 331 772 0 16777216 0 0 0 0 0 0 0 4 773
AUD 774 1 2 365 -1 0 16777216 0 0 0 0 0 16777217 20 774 266 774 0 0 0 4 774
AUD 775 2 2 -1 -1 0 16777217 20 774 266 774 0 16777216 0 0 0 0 0 0 0 4 775
AUD 776 1 2 366 -1 0 16777216 0 0 0 0 0 16777217 18 776 266 776 0 0 0 4 776
AUD 777 2 2 -1 -1 0 16777217 18 776 266 776 0 16777216 0 0 0 0 0 0 0 4 777
AUD 778 1 2 367 -1 0 16777216 0 0 0 0 0 16777217 84 778 331 778 0 0 0 4 778
AUD 779 2 2 -1 -1 0 16777217 84 778 331 778 0 16777216 0 0 0 0 0 0 0 4 779
AUD 780 1 2 368 -1 0 16777216 0 0 0 0 0 16777217 20 780 266 780 0 0 0 4 780
AUD 781 2 2 -1 -1 0 16777217 20 780 266 780 0 16777216 0 0 0 0 0 0 0 4 781
AUD 782 1 2 369 -1 0 16777216 0 0 0 0 0 16777217 18 782 266 782 0 0 0 4 782
AUD 783 2 2 -1 -1 0 16777217 18 782 266 782 0 16777216 0 0 0 0 0 0 0 4 783
AUD 784 1 2 370 -1 0 16777216 0 0 0 0 0 16777217 16 784 266 784 0 0 0 4 784
AUD 785 2 2 -1 -1 0 16777217 16 784 266 784 0 16777216 0 0 0 0 0 0 0 4 785
AUD 786 1 2 371 -1 0 16777216 0 0 0 0 0 16777217 88 786 331 786 0 0 0 4 786
AUD 787 2 2 -1 -1 0 16777217 88 786 331 786 0 16777216 0 0 0 0 0 0 0 4 787
AUD 788 1 2 372 -1 0 16777216 0 0 0 0 0 16777217 18 788 266 788 0 0 0 4 788
AUD 789 2 2 -1 -1 0 16777217 18 788 266 788 0 16777216 0 0 0 0 0 0 0 4 789
AUD 790 1 2 373 -1 0 16777216 0 0 0 0 0 16777217 16 790 266 790 0 0 0 4 790
AUD 791 2 2 -1 -1 0 16777217 16 790 266 790 0 16777216 0 0 0 0 0 0 0 4 791
AUD 792 1 2 374 -1 0 16777216 0 0 0 0 0 16777217 88 792 331 792 0 0 0 4 792
AUD 793 2 2 -1 -1 0 16777217 88 792 331 792 0 16777216 0 0 0 0 0 0 0 4 793
AUD 794 1 2 375 -1 0 16777216 0 0 0 0 0 16777217 18 794 266 794 0 0 0 4 794
AUD 795 2 2 -1 -1 0 16777217 18 794 266 794 0 16777216 0 0 0 0 0 0 0 4 795
AUD 796 1 2 376 -1 0 16777216 0 0 0 0 0 16777217 16 796 266 796 0 0 0 4 796
AUD 797 2 2 -1 -1 0 16777217 16 796 266 796 0 16777216 0 0 0 0 0 0 0 4 797
AUD 798 1 2 377 -1 0 16777216 0 0 0 0 0 16777217 88 798 331 798 0 0 0 4 798
AUD 799 2 2 -1 -1 0 16777217 88 798 331 798 0 16777216 0 0 0 0 0 0 0 4 799
AUD 800 1 2 378 -1 0 16777216 0 0 0 0 0 16777217 18 800 266 800 0 0 0 4 800
AUD 801 2 2 -1 -1 0 16777217 18 800 266 800 0 16777216 0 0 0 0 0 0 0 4 801
AUD 802 1 2 379 -1 0 16777216 0 0 0 0 0 16777217 16 802 266 802 0 0 0 4 802
AUD 803 2 2 -1 -1 0 16777217 16 802 266 802 0 16777216 0 0 0 0 0 0 0 4 803
AUD 804 1 2 380 -1 0 16777216 0 0 0 0 0 16777217 20 804 266 804 0 0 0 4 804
AUD 805 2 2 -1 -1 0 16777217 20 804 266 804 0 16777216 0 0 0 0 0 0 0 4 805
AUD 806 1 2 381 -1 0 16777216 0 0 0 0 0 16777217 86 806 331 806 0 0 0 4 806
AUD 807 2 2 -1 -1 0 16777217 86 806 331 806 0 16777216 0 0 0 0 0 0 0 4 807
AUD 808 1 2 382 -1 0 16777216 0 0 0 0 0 16777217 16 808 266 808 0 0 0 4 808
AUD 809 2 2 -1 -1 0 16777217 16 808 266 808 0 16777216 0 0 0 0 0 0 0 4 809
AUD 810 1 2 383 -1 0 16777216 0 0 0 0 0 16777217 20 810 266 810 0 0 0 4 810
AUD 811 2 2 -1 -1 0 16777217 20 810 266 810 0 16777216 0 0 0 0 0 0 0 4 811
AUD 812 1 2 384 -1 0 16777216 0 0 0 0 0 16777217 86 812 331 812 0 0 0 4 812
AUD 813 2 2 -1 -1 0 16777217 86 812 331 812 0 16777216 0 0 0 0 0 0 0 4 813
AUD 814 1 2 385 -1 0 16777216 0 0 0 0 0 16777217 16 814 266 814 0 0 0 4 814
AUD 815 2 2 -1 -1 0 16777217 16 814 266 814 0 16777216 0 0 0 0 0 0 0 4 815
AUD 816 1 2 386 -1 0 16777216 0 0 0 0 0 16777217 20 816 266 816 0 0 0 4 816
AUD 817 2 2 -1 -1 0 16777217 20 816 266 816 0 16777216 0 0 0 0 0 0 0 4 817
AUD 818 1 2 387 -1 0 16777216 0 0 0 0 0 16777217 86 818 331 818 0 0 0 4 818
AUD 819 2 2 -1 -1 0 16777217 86 818 331 818 0 16777216 0 0 0 0 0 0 0 4 819
AUD 820 1 2 388 -1 0 16777216 0 0 0 0 0 16777217 16 820 266 820 0 0 0 4 820
AUD 821 2 2 -1 -1 0 16777217 16 820 266 820 0 16777216 0 0 0 0 0 0 0 4 821
AUD 822 1 2 389 -1 0 16777216 0 0 0 0 0 16777217 20 822 266 822 0 0 0 4 822
AUD 823 2 2 -1 -1 0 16777217 20 822 266 822 0 16777216 0 0 0 0 0 0 0 4 823
AUD 824 1 2 390 -1 0 16777216 0 0 0 0 0 16777217 18 824 266 824 0 0 0 4 824
AUD 825 2 2 -1 -1 0 16777217 18 824 266 824 0 16777216 0 0 0 0 0 0 0 4 825
AUD 826 1 2 391 -1 0 16777216 0 0 0 0 0 16777217 84 826 331 826 0 0 0 4 826
AUD 827 2 2 -1 -1 0 16777217 84 826 331 826 0 16777216 0 0 0 0 0 0 0 4 827
AUD 828 1 2 392 -1 0 16777216 0 0 0 0 0 16777217 20 828 266 828 0 0 0 4 828
AUD 829 2 2 -1 -1 0 16777217 20 828 266 828 0 16777216 0 0 0 0 0 0 0 4 829
AUD 830 1 2 393 -1 0 16777216 0 0 0 0 0 16777217 18 830 266 830 0 0 0 4 830
AUD 831 2 2 -1 -1 0 16777217 18 830 266 830 0 16777216 0 0 0 0 0 0 0 4 831
AUD 832 1 2 394 -1 0 16777216 0 0 0 0 0 16777217 84 832 331 832 0 0 0 4 832
AUD 833 2 2 -1 -1 0 16777217 84 832 331 832 0 16777216 0 0 0 0 0 0 0 4 833
AUD 834 1 2 395 -1 0 16777216 0 0 0 0 0 16777217 20 834 266 834 0 0 0 4 834
AUD 835 2 2 -1 -1 0 16777217 20 834 266 834 0 16777216 0 0 0 0 0 0 0 4 835
AUD 836 1 2 396 -1 0 16777216 0 0 0 0 0 16777217 18 836 266 836 0 0 0 4 836
AUD 837 2 2 -1 -1 0 16777217 18 836 266 836 0 16777216 0 0 0 0 0 0 0 4 837
AUD 838 1 2 397 -1 0 16777216 0 0 0 0 0 16777217 84 838 331 838 0 0 0 4 838
AUD 839 2 2 -1 -1 0 16777217 84 838 331 838 0 16777216 0 0 0 0 0 0 0 4 839
AUD 840 1 2 398 -1 0 16777216 0 0 0 0 0 16777217 20 840 266 840 0 0 0 4 840
AUD 841 2 2 -1 -1 0 16777217 20 840 266 840 0 16777216 0 0 0 0 0 0 0 4 841
AUD 842 1 2 399 -1 0 16777216 0 0 0 0 0 16777217 18 842 266 842 0 0 0 4 842
AUD 843 2 2 -1 -1 0 16777217 18 842 266 842 0 16777216 0 0 0 0 0 0 0 4 843
AUD 844 1 2 400 -1 0 16777216 0 0 0 0 0 16777217 16 844 266 844 0 0 0 4 844
AUD 845 2 2 -1 -1 0 16777217 16 844 266 844 0 16777216 0 0 0 0 0 0 0 4 845
AUD 846 2 5 -1 -1 0 16777217 84 113 346 241 0 16777216 0 0 0 0 0 0 0 4 846
AUD 847 1 2 401 -1 0 16777216 0 0 0 0 0 16777217 88 847 331 847 0 0 0 4 847
AUD 848 1 5 402 -1 0 16777216 0 0 0 0 0 16777217 18 848 266 848 0 0 0 4 848
AUD 849 2 5 -1 -1 0 16777217 18 848 266 848 0 16777216 0 0 0 0 0 0 0 4 849
AUD 850 1 5 403 -1 0 16777216 0 0 0 0 0 16777217 16 850 266 850 0 0 0 4 850
AUD 851 2 5 -1 -1 0 16777217 16 850 266 850 0 16777216 0 0 0 0 0 0 0 4 851
AUD 852 1 5 404 -1 0 16777216 0 0 0 0 0 16777217 88 852 331 852 0 0 0 4 852
AUD 853 2 2 -1 -1 0 16777217 88 847 331 847 0 16777216 0 0 0 0 0 0 0 4 853
AUD 854 1 2 405 -1 0 16777216 0 0 0 0 0 16777217 18 854 266 854 0 0 0 4 854
AUD 855 2 2 -1 -1 0 16777217 18 854 266 854 0 16777216 0 0 0 0 0 0 0 4 855
AUD 856 1 2 406 -1 0 16777216 0 0 0 0 0 16777217 16 856 266 856 0 0 0 4 856
AUD 857 2 2 -1 -1 0 16777217 16 856 266 856 0 16777216 0 0 0 0 0 0 0 4 857
AUD 858 1 2 407 -1 0 16777216 0 0 0 0 0 16777217 88 858 331 858 0 0 0 4 858
AUD 859 14 2 407 80 0 16777217 88 858 331 858 0 16777217 88 858 592 859 0 1 7 4 859
AUD 860 2 2 -1 -1 0 16777217 88 858 592 859 0 16777216 0 0 0 0 0 0 0 4 860
AUD 861 1 2 408 -1 0 16777216 0 0 0 0 0 16777217 18 861 266 861 0 0 0 4 861
AUD 862 2 2 -1 -1 0 16777217 18 861 266 861 0 16777216 0 0 0 0 0 0 0 4 862
AUD 863 1 2 409 -1 0 16777216 0 0 0 0 0 16777217 16 863 266 863 0 0 0 4 863
AUD 864 2 2 -1 -1 0 16777217 16 863 266 863 0 16777216 0 0 0 0 0 0 0 4 864
AUD 865 1 2 410 -1 0 16777216 0 0 0 0 0 16777217 20 865 266 865 0 0 0 4 865
AUD 866 2 2 -1 -1 0 16777217 20 865 266 865 0 16777216 0 0 0 0 0 0 0 4 866
AUD 867 1 2 411 -1 0 16777216 0 0 0 0 0 16777217 86 867 331 867 0 0 0 4 867
AUD 868 2 2 -1 -1 0 16777217 86 867 331 867 0 16777216 0 0 0 0 0 0 0 4 868
AUD 869 1 2 412 -1 0 16777216 0 0 0 0 0 16777217 16 869 266 869 0 0 0 4 869
AUD 870 2 2 -1 -1 0 16777217 16 869 266 869 0 16777216 0 0 0 0 0 0 0 4 870
AUD 871 1 2 413 -1 0 16777216 0 0 0 0 0 16777217 20 871 266 871 0 0 0 4 871
AUD 872 2 2 -1 -1 0 16777217 20 871 266 871 0 16777216 0 0 0 0 0 0 0 4 872
AUD 873 1 2 414 -1 0 16777216 0 0 0 0 0 16777217 86 873 331 873 0 0 0 4 873
AUD 874 2 2 -1 -1 0 16777217 86 873 331 873 0 16777216 0 0 0 0 0 0 0 4 874
AUD 875 1 2 415 -1 0 16777216 0 0 0 0 0 16777217 16 875 266 875 0 0 0 4 875
AUD 876 2 2 -1 -1 0 16777217 16 875 266 875 0 16777216 0 0 0 0 0 0 0 4 876
AUD 877 1 2 416 -1 0 16777216 0 0 0 0 0 16777217 20 877 266 877 0 0 0 4 877
AUD 878 2 2 -1 -1 0 16777217 20 877 266 877 0 16777216 0 0 0 0 0 0 0 4 878
AUD 879 1 2 417 -1 0 16777216 0 0 0 0 0 16777217 86 879 331 879 0 0 0 4 879
AUD 880 2 2 -1 -1 0 16777217 86 879 331 879 0 16777216 0 0 0 0 0 0 0 4 880
AUD 881 1 2 418 -1 0 16777216 0 0 0 0 0 16777217 16 881 266 881 0 0 0 4 881
AUD 882 2 2 -1 -1 0 16777217 16 881 266 881 0 16777216 0 0 0 0 0 0 0 4 882
AUD 883 1 2 419 -1 0 16777216 0 0 0 0 0 16777217 20 883 266 883 0 0 0 4 883
AUD 884 2 2 -1 -1 0 16777217 20 883 266 883 0 16777216 0 0 0 0 0 0 0 4 884
AUD 885 1 2 420 -1 0 16777216 0 0 0 0 0 16777217 18 885 266 885 0 0 0 4 885
AUD 886 2 2 -1 -1 0 16777217 18 885 266 885 0 16777216 0 0 0 0 0 0 0 4 886
AUD 887 1 2 421 -1 0 16777216 0 0 0 0 0 16777217 84 887 331 887 0 0 0 4 887
AUD 888 2 2 -1 -1 0 16777217 84 887 331 887 0 16777216 0 0 0 0 0 0 0 4 888
AUD 889 1 2 422 -1 0 16777216 0 0 0 0 0 16777217 20 889 266 889 0 0 0 4 889
AUD 890 2 2 -1 -1 0 16777217 20 889 266 889 0 16777216 0 0 0 0 0 0 0 4 890
AUD 891 1 2 423 -1 0 16777216 0 0 0 0 0 16777217 18 891 266 891 0 0 0 4 891
AUD 892 2 2 -1 -1 0 16777217 18 891 266 891 0 16777216 0 0 0 0 0 0 0 4 892
AUD 893 1 2 424 -1 0 16777216 0 0 0 0 0 16777217 84 893 331 893 0 0 0 4 893
AUD 894 2 2 -1 -1 0 16777217 84 893 331 893 0 16777216 0 0 0 0 0 0 0 4 894
AUD 895 1 2 425 -1 0 16777216 0 0 0 0 0 16777217 20 895 266 895 0 0 0 4 895
AUD 896 2 2 -1 -1 0 16777217 20 895 266 895 0 16777216 0 0 0 0 0 0 0 4 896
AUD 897 1 2 426 -1 0 16777216 0 0 0 0 0 16777217 18 897 266 897 0 0 0 4 897
AUD 898 2 2 -1 -1 0 16777217 18 897 266 897 0 16777216 0 0 0 0 0 0 0 4 898
AUD 899 1 2 427 -1 0 16777216 0 0 0 0 0 16777217 84 899 331 899 0 0 0 4 899
AUD 900 2 2 -1 -1 0 16777217 84 899 331 899 0 16777216 0 0 0 0 0 0 0 4 900
AUD 901 1 2 428 -1 0 16777216 0 0 0 0 0 16777217 20 901 266 901 0 0 0 4 901
AUD 902 12 5 -1 1 0 16777217 88 852 331 852 0 16777217 88 852 336 902 0 0 0 4 902
AUD 903 2 2 -1 -1 0 16777217 20 901 266 901 0 16777216 0 0 0 0 0 0 0 4 903
AUD 904 1 2 429 -1 0 16777216 0 0 0 0 0 16777217 18 904 266 904 0 0 0 4 904
AUD 905 2 2 -1 -1 0 16777217 18 904 266 904 0 16777216 0 0 0 0 0 0 0 4 905
AUD 906 1 2 430 -1 0 16777216 0 0 0 0 0 16777217 16 906 266 906 0 0 0 4 906
AUD 907 2 2 -1 -1 0 16777217 16 906 266 906 0 16777216 0 0 0 0 0 0 0 4 907
AUD 908 1 2 431 -1 0 16777216 0 0 0 0 0 16777217 88 908 331 908 0 0 0 4 908
AUD 909 2 2 -1 -1 0 16777217 88 908 331 908 0 16777216 0 0 0 0 0 0 0 4 909
AUD 910 1 2 432 -1 0 16777216 0 0 0 0 0 16777217 18 910 266 910 0 0 0 4 910
AUD 911 2 2 -1 -1 0 16777217 18 910 266 910 0 16777216 0 0 0 0 0 0 0 4 911
AUD 912 1 2 433 -1 0 16777216 0 0 0 0 0 16777217 16 912 266 912 0 0 0 4 912
AUD 913 2 2 -1 -1 0 16777217 16 912 266 912 0 16777216 0 0 0 0 0 0 0 4 913
AUD 914 1 2 434 -1 0 16777216 0 0 0 0 0 16777217 88 914 331 914 0 0 0 4 914
AUD 915 2 2 -1 -1 0 16777217 88 914 331 914 0 16777216 0 0 0 0 0 0 0 4 915
AUD 916 1 2 435 -1 0 16777216 0 0 0 0 0 16777217 18 916 266 916 0 0 0 4 916
AUD 917 2 2 -1 -1 0 16777217 18 916 266 916 0 16777216 0 0 0 0 0 0 0 4 917
AUD 918 1 2 436 -1 0 16777216 0 0 0 0 0 16777217 16 918 266 918 0 0 0 4 918
AUD 919 2 2 -1 -1 0 16777217 16 918 266 918 0 16777216 0 0 0 0 0 0 0 4 919
AUD 920 1 2 437 -1 0 16777216 0 0 0 0 0 16777217 88 920 331 920 0 0 0 4 920
AUD 921 2 2 -1 -1 0 16777217 88 920 331 920 0 16777216 0 0 0 0 0 0 0 4 921
AUD 922 1 2 438 -1 0 16777216 0 0 0 0 0 16777217 18 922 266 922 0 0 0 4 922
AUD 923 2 2 -1 -1 0 16777217 18 922 266 922 0 16777216 0 0 0 0 0 0 0 4 923
AUD 924 1 2 439 -1 0 16777216 0 0 0 0 0 16777217 16 924 266 924 0 0 0 4 924
AUD 925 2 2 -1 -1 0 16777217 16 924 266 924 0 16777216 0 0 0 0 0 0 0 4 925
AUD 926 1 2 440 -1 0 16777216 0 0 0 0 0 16777217 20 926 266 926 0 0 0 4 926
AUD 927 2 2 -1 -1 0 16777217 20 926 266 926 0 16777216 0 0 0 0 0 0 0 4 927
AUD 928 1 2 441 -1 0 16777216 0 0 0 0 0 16777217 86 928 331 928 0 0 0 4 928
AUD 929 2 2 -1 -1 0 16777217 86 928 331 928 0 16777216 0 0 0 0 0 0 0 4 929
AUD 930 1 2 442 -1 0 16777216 0 0 0 0 0 16777217 16 930 266 930 0 0 0 4 930
AUD 931 2 2 -1 -1 0 16777217 16 930 266 930 0 16777216 0 0 0 0 0 0 0 4 931
AUD 932 1 2 443 -1 0 16777216 0 0 0 0 0 16777217 20 932 266 932 0 0 0 4 932
AUD 933 2 2 -1 -1 0 16777217 20 932 266 932 0 16777216 0 0 0 0 0 0 0 4 933
AUD 934 1 2 444 -1 0 16777216 0 0 0 0 0 16777217 86 934 331 934 0 0 0 4 934
AUD 935 2 2 -1 -1 0 16777217 86 934 331 934 0 16777216 0 0 0 0 0 0 0 4 935
AUD 936 1 2 445 -1 0 16777216 0 0 0 0 0 16777217 16 936 266 936 0 0 0 4 936
AUD 937 2 2 -1 -1 0 16777217 16 936 266 936 0 16777216 0 0 0 0 0 0 0 4 937
AUD 938 1 2 446 -1 0 16777216 0 0 0 0 0 16777217 20 938 266 938 0 0 0 4 938
AUD 939 2 2 -1 -1 0 16777217 20 938 266 938 0 16777216 0 0 0 0 0 0 0 4 939
AUD 940 1 2 447 -1 0 16777216 0 0 0 0 0 16777217 86 940 331 940 0 0 0 4 940
AUD 941 2 2 -1 -1 0 16777217 86 940 331 940 0 16777216 0 0 0 0 0 0 0 4 941
AUD 942 1 2 448 -1 0 16777216 0 0 0 0 0 16777217 16 942 266 942 0 0 0 4 942
AUD 943 2 2 -1 -1 0 16777217 16 942 266 942 0 16777216 0 0 0 0 0 0 0 4 943
AUD 944 1 2 449 -1 0 16777216 0 0 0 0 0 16777217 20 944 266 944 0 0 0 4 944
AUD 945 2 2 -1 -1 0 16777217 20 944 266 944 0 16777216 0 0 0 0 0 0 0 4 945
AUD 946 1 2 450 -1 0 16777216 0 0 0 0 0 16777217 18 946 266 946 0 0 0 4 946
AUD 947 2 2 -1 -1 0 16777217 18 946 266 946 0 16777216 0 0 0 0 0 0 0 4 947
AUD 948 1 2 451 -1 0 16777216 0 0 0 0 0 16777217 84 948 331 948 0 0 0 4 948
AUD 949 2 2 -1 -1 0 16777217 84 948 331 948 0 16777216 0 0 0 0 0 0 0 4 949
AUD 950 1 2 452 -1 0 16777216 0 0 0 0 0 16777217 20 950 266 950 0 0 0 4 950
AUD 951 2 2 -1 -1 0 16777217 20 950 266 950 0 16777216 0 0 0 0 0 0 0 4 951
AUD 952 1 2 453 -1 0 16777216 0 0 0 0 0 16777217 18 952 266 952 0 0 0 4 952
AUD 953 12 5 -1 2 0 16777217 88 852 336 902 0 16777217 88 852 346 953 0 0 0 4 953
AUD 954 2 2 -1 -1 0 16777217 18 952 266 952 0 16777216 0 0 0 0 0 0 0 4 954
AUD 955 1 2 454 -1 0 16777216 0 0 0 0 0 16777217 84 955 331 955 0 0 0 4 955
AUD 956 2 2 -1 -1 0 16777217 84 955 331 955 0 16777216 0 0 0 0 0 0 0 4 956
AUD 957 1 2 455 -1 0 16777216 0 0 0 0 0 16777217 20 957 266 957 0 0 0 4 957
AUD 958 2 2 -1 -1 0 16777217 20 957 266 957 0 16777216 0 0 0 0 0 0 0 4 958
AUD 959 1 2 456 -1 0 16777216 0 0 0 0 0 16777217 18 959 266 959 0 0 0 4 959
AUD 960 2 2 -1 -1 0 16777217 18 959 266 959 0 16777216 0 0 0 0 0 0 0 4 960
AUD 961 1 2 457 -1 0 16777216 0 0 0 0 0 16777217 84 961 331 961 0 0 0 4 961
AUD 962 14 2 457 80 0 16777217 84 961 331 961 0 16777217 84 961 592 962 0 1 7 4 962
AUD 963 2 2 -1 -1 0 16777217 84 961 592 962 0 16777216 0 0 0 0 0 0 0 4 963
AUD 964 1 2 458 -1 0 16777216 0 0 0 0 0 16777217 20 964 266 964 0 0 0 4 964
AUD 965 2 2 -1 -1 0 16777217 20 964 266 964 0 16777216 0 0 0 0 0 0 0 4 965
AUD 966 1 2 459 -1 0 16777216 0 0 0 0 0 16777217 18 966 266 966 0 0 0 4 966
AUD 967 2 2 -1 -1 0 16777217 18 966 266 966 0 16777216 0 0 0 0 0 0 0 4 967
AUD 968 1 2 460 -1 0 16777216 0 0 0 0 0 16777217 16 968 266 968 0 0 0 4 968
AUD 969 2 2 -1 -1 0 16777217 16 968 266 968 0 16777216 0 0 0 0 0 0 0 4 969
AUD 970 1 2 461 -1 0 16777216 0 0 0 0 0 16777217 88 970 331 970 0 0 0 4 970
AUD 971 2 2 -1 -1 0 16777217 88 970 331 970 0 16777216 0 0 0 0 0 0 0 4 971
AUD 972 1 2 462 -1 0 16777216 0 0 0 0 0 16777217 18 972 266 972 0 0 0 4 972
AUD 973 2 2 -1 -1 0 16777217 18 972 266 972 0 16777216 0 0 0 0 0 0 0 4 973
AUD 974 1 2 463 -1 0 16777216 0 0 0 0 0 16777217 16 974 266 974 0 0 0 4 974
AUD 975 2 2 -1 -1 0 16777217 16 974 266 974 0 16777216 0 0 0 0 0 0 0 4 975
AUD 976 1 2 464 -1 0 16777216 0 0 0 0 0 16777217 88 976 331 976 0 0 0 4 976
AUD 977 2 2 -1 -1 0 16777217 88 976 331 976 0 16777216 0 0 0 0 0 0 0 4 977
AUD 978 1 2 465 -1 0 16777216 0 0 0 0 0 16777217 18 978 266 978 0 0 0 4 978
AUD 979 2 2 -1 -1 0 16777217 18 978 266 978 0 16777216 0 0 0 0 0 0 0 4 979
AUD 980 1 2 466 -1 0 16777216 0 0 0 0 0 16777217 16 980 266 980 0 0 0 4 980
AUD 981 2 2 -1 -1 0 16777217 16 980 266 980 0 16777216 0 0 0 0 0 0 0 4 981
AUD 982 1 2 467 -1 0 16777216 0 0 0 0 0 16777217 88 982 331 982 0 0 0 4 982
AUD 983 2 2 -1 -1 0 16777217 88 982 331 982 0 16777216 0 0 0 0 0 0 0 4 983
AUD 984 1 2 468 -1 0 16777216 0 0 0 0 0 16777217 18 984 266 984 0 0 0 4 984
AUD 985 2 2 -1 -1 0 16777217 18 984 266 984 0 16777216 0 0 0 0 0 0 0 4 985
AUD 986 1 2 469 -1 0 16777216 0 0 0 0 0 16777217 16 986 266 986 0 0 0 4 986
AUD 987 2 2 -1 -1 0 16777217 16 986 266 986 0 16777216 0 0 0 0 0 0 0 4 987
AUD 988 1 2 470 -1 0 16777216 0 0 0 0 0 16777217 20 988 266 988 0 0 0 4 988
AUD 989 2 2 -1 -1 0 16777217 20 988 266 988 0 16777216 0 0 0 0 0 0 0 4 989
AUD 990 1 2 471 -1 0 16777216 0 0 0 0 0 16777217 86 990 331 990 0 0 0 4 990
AUD 991 2 2 -1 -1 0 16777217 86 990 331 990 0 16777216 0 0 0 0 0 0 0 4 991
AUD 992 1 2 472 -1 0 16777216 0 0 0 0 0 16777217 16 992 266 992 0 0 0 4 992
AUD 993 2 2 -1 -1 0 16777217 16 992 266 992 0 16777216 0 0 0 0 0 0 0 4 993
AUD 994 1 2 473 -1 0 16777216 0 0 0 0 0 16777217 20 994 266 994 0 0 0 4 994
AUD 995 2 2 -1 -1 0 16777217 20 994 266 994 0 16777216 0 0 0 0 0 0 0 4 995
AUD 996 1 2 474 -1 0 16777216 0 0 0 0 0 16777217 86 996 331 996 0 0 0 4 996
AUD 997 2 2 -1 -1 0 16777217 86 996 331 996 0 16777216 0 0 0 0 0 0 0 4 997
AUD 998 1 2 475 -1 0 16777216 0 0 0 0 0 16777217 16 998 266 998 0 0 0 4 998
AUD 999 2 2 -1 -1 0 16777217 16 998 266 998 0 16777216 0 0 0 0 0 0 0 4 999
AUD 1000 1 2 476 -1 0 16777216 0 0 0 0 0 16777217 20 1000 266 1000 0 0 0 4 1000
AUD 1001 2 2 -1 -1 0 16777217 20 1000 266 1000 0 16777216 0 0 0 0 0 0 0 4 1001
AUD 1002 1 2 477 -1 0 16777216 0 0 0 0 0 16777217 86 1002 331 1002 0 0 0 4 1002
AUD 1003 2 2 -1 -1 0 16777217 86 1002 331 1002 0 16777216 0 0 0 0 0 0 0 4 1003
AUD 1004 1 2 478 -1 0 16777216 0 0 0 0 0 16777217 16 1004 266 1004 0 0 0 4 1004
AUD 1005 2 2 -1 -1 0 16777217 16 1004 266 1004 0 16777216 0 0 0 0 0 0 0 4 1005
AUD 1006 1 2 479 -1 0 16777216 0 0 0 0 0 16777217 20 1006 266 1006 0 0 0 4 1006
AUD 1007 2 2 -1 -1 0 16777217 20 1006 266 1006 0 16777216 0 0 0 0 0 0 0 4 1007
AUD 1008 1 2 480 -1 0 16777216 0 0 0 0 0 16777217 18 1008 266 1008 0 0 0 4 1008
AUD 1009 2 2 -1 -1 0 16777217 18 1008 266 1008 0 16777216 0 0 0 0 0 0 0 4 1009
AUD 1010 1 2 481 -1 0 16777216 0 0 0 0 0 16777217 84 1010 331 1010 0 0 0 4 1010
AUD 1011 2 2 -1 -1 0 16777217 84 1010 331 1010 0 16777216 0 0 0 0 0 0 0 4 1011
AUD 1012 1 2 482 -1 0 16777216 0 0 0 0 0 16777217 20 1012 266 1012 0 0 0 4 1012
AUD 1013 2 2 -1 -1 0 16777217 20 1012 266 1012 0 16777216 0 0 0 0 0 0 0 4 1013
AUD 1014 1 2 483 -1 0 16777216 0 0 0 0 0 16777217 18 1014 266 1014 0 0 0 4 1014
AUD 1015 2 2 -1 -1 0 16777217 18 1014 266 1014 0 16777216 0 0 0 0 0 0 0 4 1015
AUD 1016 1 2 484 -1 0 16777216 0 0 0 0 0 16777217 84 1016 331 1016 0 0 0 4 1016
AUD 1017 2 2 -1 -1 0 16777217 84 1016 331 1016 0 16777216 0 0 0 0 0 0 0 4 1017
AUD 1018 1 2 485 -1 0 16777216 0 0 0 0 0 16777217 20 1018 266 1018 0 0 0 4 1018
AUD 1019 2 2 -1 -1 0 16777217 20 1018 266 1018 0 16777216 0 0 0 0 0 0 0 4 1019
AUD 1020 1 2 486 -1 0 16777216 0 0 0 0 0 16777217 18 1020 266 1020 0 0 0 4 1020
AUD 1021 2 2 -1 -1 0 16777217 18 1020 266 1020 0 16777216 0 0 0 0 0 0 0 4 1021
AUD 1022 1 2 487 -1 0 16777216 0 0 0 0 0 16777217 84 1022 331 1022 0 0 0 4 1022
AUD 1023 2 2 -1 -1 0 16777217 84 1022 331 1022 0 16777216 0 0 0 0 0 0 0 4 1023
AUD 1024 1 2 488 -1 0 16777216 0 0 0 0 0 16777217 20 1024 266 1024 0 0 0 4 1024
AUD 1025 2 2 -1 -1 0 16777217 20 1024 266 1024 0 16777216 0 0 0 0 0 0 0 4 1025
AUD 1026 1 2 489 -1 0 16777216 0 0 0 0 0 16777217 18 1026 266 1026 0 0 0 4 1026
AUD 1027 2 2 -1 -1 0 16777217 18 1026 266 1026 0 16777216 0 0 0 0 0 0 0 4 1027
AUD 1028 1 2 490 -1 0 16777216 0 0 0 0 0 16777217 16 1028 266 1028 0 0 0 4 1028
AUD 1029 2 2 -1 -1 0 16777217 16 1028 266 1028 0 16777216 0 0 0 0 0 0 0 4 1029
AUD 1030 1 2 491 -1 0 16777216 0 0 0 0 0 16777217 88 1030 331 1030 0 0 0 4 1030
AUD 1031 2 2 -1 -1 0 16777217 88 1030 331 1030 0 16777216 0 0 0 0 0 0 0 4 1031
AUD 1032 1 2 492 -1 0 16777216 0 0 0 0 0 16777217 18 1032 266 1032 0 0 0 4 1032
AUD 1033 2 2 -1 -1 0 16777217 18 1032 266 1032 0 16777216 0 0 0 0 0 0 0 4 1033
AUD 1034 1 2 493 -1 0 16777216 0 0 0 0 0 16777217 16 1034 266 1034 0 0 0 4 1034
AUD 1035 2 2 -1 -1 0 16777217 16 1034 266 1034 0 16777216 0 0 0 0 0 0 0 4 1035
AUD 1036 1 2 494 -1 0 16777216 0 0 0 0 0 16777217 88 1036 331 1036 0 0 0 4 1036
AUD 1037 2 2 -1 -1 0 16777217 88 1036 331 1036 0 16777216 0 0 0 0 0 0 0 4 1037
AUD 1038 1 2 495 -1 0 16777216 0 0 0 0 0 16777217 18 1038 266 1038 0 0 0 4 1038
AUD 1039 2 2 -1 -1 0 16777217 18 1038 266 1038 0 16777216 0 0 0 0 0 0 0 4 1039
AUD 1040 1 2 496 -1 0 16777216 0 0 0 0 0 16777217 16 1040 266 1040 0 0 0 4 1040
AUD 1041 2 2 -1 -1 0 16777217 16 1040 266 1040 0 16777216 0 0 0 0 0 0 0 4 1041
AUD 1042 1 2 497 -1 0 16777216 0 0 0 0 0 16777217 88 1042 331 1042 0 0 0 4 1042
AUD 1043 2 2 -1 -1 0 16777217 88 1042 331 1042 0 16777216 0 0 0 0 0 0 0 4 1043
AUD 1044 1 2 498 -1 0 16777216 0 0 0 0 0 16777217 18 1044 266 1044 0 0 0 4 1044
AUD 1045 2 2 -1 -1 0 16777217 18 1044 266 1044 0 16777216 0 0 0 0 0 0 0 4 1045
AUD 1046 1 2 499 -1 0 16777216 0 0 0 0 0 16777217 16 1046 266 1046 0 0 0 4 1046
AUD_DONE 1047
AUD_FP -1392619772
