0 65536 0 65536
1 131072 3 32768
2 108910 3 39435
3 114485 3 37515
4 104337 3 41164
5 120015 3 35786
6 104109 3 41254
7 115475 3 37193
8 108029 3 39757
9 111783 3 38422
10 111874 3 38390
11 109590 3 39191
12 113751 3 37757
13 104588 3 41065
14 119830 3 35841
15 103983 3 41304
16 116320 3 36923
17 107336 3 40014
18 111783 3 38422
19 111832 3 38405
20 110223 3 38965
21 113118 3 37968
22 104907 3 40940
23 119485 3 35945
24 103900 3 41337
25 117151 3 36661
26 106685 3 40258
27 111856 3 38397
28 111696 3 38452
29 110775 3 38771
30 112605 3 38141
31 105299 3 40788
32 118992 3 36094
33 103857 3 41354
34 117931 3 36419
35 106095 3 40482
36 112032 3 38336
37 111446 3 38538
38 111219 3 38616
39 112227 3 38270
40 105768 3 40607
41 118369 3 36284
42 103848 3 41358
43 118621 3 36207
44 105576 3 40680
45 112330 3 38235
46 111075 3 38666
47 111542 3 38505
48 111977 3 38355
49 106313 3 40399
50 117642 3 36508
51 103873 3 41348
52 119198 3 36032
53 105134 3 40852
54 112763 3 38088
55 110587 3 38837
56 111741 3 38436
57 111845 3 38400
58 106924 3 40168
59 116842 3 36758
60 103934 3 41323
61 119636 3 35900
62 104769 3 40994
63 113327 3 37898
64 110001 3 39044
65 111834 3 38404
66 111805 3 38414
67 107592 3 39918
68 116006 3 37023
69 104033 3 41284
70 119920 3 35815
71 104475 3 41109
72 114006 3 37672
73 109341 3 39280
74 111845 3 38400
75 111821 3 38409
76 108295 3 39659
77 115172 3 37291
78 104177 3 41227
79 120040 3 35779
80 104249 3 41199
81 114777 3 37420
82 108640 3 39533
83 111813 3 38412
84 111855 3 38397
85 109006 3 39400
86 114375 3 37551
87 85912 1 49992
88 44107 -1 97374
89 58690 -1 73179
90 48611 -1 88352
91 54398 -1 78953
92 50272 -1 85433
93 54764 -1 78425
94 49489 -1 86785
95 62850 -1 68336
96 103768 3 41389
97 102594 0 41863
98 63484 -1 67653
99 64064 0 67041
100 54492 -1 78817
101 51620 -1 83202
102 87220 0 49242
103 110318 3 38932
104 106647 1 40272
105 40494 -3 98304
106 56663 -3 75797
107 41898 -3 98304
108 54009 -2 79523
109 47997 -2 89482
110 53448 -3 80357
111 43902 -3 97829
112 53183 -3 80757
113 112242 3 38265
114 95001 0 45209
115 77831 -3 55182
116 50131 -2 85673
117 62015 -2 69256
118 44473 -3 96573
119 69849 0 61488
120 111402 3 38553
121 109886 3 39085
122 50831 -3 84493
123 46009 -3 93349
124 51306 -3 83711
125 45391 -3 94620
126 51611 -3 83216
127 45182 -3 95058
128 50371 -3 85265
129 46952 -3 91474
130 84745 1 50680
131 106786 1 40220
132 78266 -3 54876
133 55473 -3 77423
134 53330 -3 80535
135 48495 -3 88563
136 55873 -1 76868
137 112841 3 38061
138 110455 3 38884
139 65945 -3 65128
140 38109 -2 98304
141 61647 -2 69670
142 43993 -2 97628
143 55088 -2 77965
144 48036 -2 89410
145 51895 -3 82762
146 46007 -3 93353
147 67472 0 63655
148 110482 3 38874
149 86600 -2 49595
150 58916 -2 72899
151 60479 -2 71015
152 47713 -2 90016
153 57393 -3 74833
154 104436 3 41125
155 114120 3 37635
156 80111 0 53612
157 43052 -1 98304
158 60514 0 70973
159 47753 -1 89940
160 57635 -1 74519
161 48373 -1 88787
162 56626 -1 75847
163 48107 -1 89277
164 66686 0 64404
165 107522 3 39944
166 91844 0 46763
167 68624 -1 62586
168 60324 -1 71198
169 53149 -1 80809
170 51405 -1 83550
171 102611 2 41856
172 104068 3 41270
173 109287 2 39299
174 38185 0 98304
175 65142 0 65931
176 46810 0 91752
177 60097 0 71466
178 51383 -1 83586
179 52024 0 82556
180 56034 0 76648
181 53222 0 80698
182 117243 3 36632
183 92981 0 46191
184 78058 0 55022
185 58033 0 74008
186 58497 -1 73421
187 50369 -1 85269
188 76605 1 56066
189 119352 3 35985
190 101110 2 42478
191 49637 0 86526
192 61056 0 70343
193 49702 0 86413
194 54942 0 78172
195 58448 0 73483
196 54503 0 78802
197 55844 0 76909
198 50871 0 84428
199 88096 2 48752
200 113550 2 37824
201 66436 0 64648
202 70342 0 61058
203 59380 -1 72329
204 52401 0 81962
205 74095 0 57965
206 105919 3 40549
207 117731 3 36481
208 54209 0 79229
209 54620 -1 78633
210 50991 -1 84228
211 54002 -1 79532
212 50262 -1 85451
213 53260 -1 80641
214 52323 -2 82084
215 49819 -1 86210
216 77843 0 55174
217 101218 2 42432
218 91196 0 47095
219 59020 0 72770
220 62548 -1 68666
221 50135 -1 85666
222 59692 -2 71951
223 111817 3 38410
224 107124 3 40093
225 116604 3 36833
226 103955 3 41315
227 119730 3 35871
228 104675 3 41031
229 113523 3 37833
230 109815 3 39110
231 111836 3 38404
232 111801 3 38416
233 107809 3 39838
234 115762 3 37101
235 104062 3 41272
236 119969 3 35800
237 104407 3 41136
238 114231 3 37598
239 109133 3 39355
240 111832 3 38405
241 111831 3 38405
242 108516 3 39578
243 114930 3 37370
244 104219 3 41210
245 120043 3 35778
246 104203 3 41216
247 115021 3 37340
248 108422 3 39613
249 111798 3 38417
250 111867 3 38393
251 109219 3 39324
252 114150 3 37625
253 104435 3 41125
254 119950 3 35806
255 104053 3 41276
256 115852 3 37072
257 107713 3 39874
258 111775 3 38424
259 108667 2 39524
260 62102 0 69159
261 79462 -1 54050
262 54061 0 79446
263 71782 0 59832
264 62748 0 68446
265 79971 -1 53706
266 59252 0 72485
267 73091 0 58761
268 58392 0 73553
269 73860 0 58149
270 64256 0 66841
271 62326 0 68911
272 69529 0 61771
273 71711 0 59891
274 73776 -2 58215
275 57733 0 74393
276 72528 0 59217
277 58539 0 73368
278 71322 0 60218
279 62303 0 68935
280 63078 0 68089
281 78968 0 54388
282 66822 -2 64274
283 63047 0 68122
284 79565 -1 53979
285 54800 0 78374
286 70792 0 60669
287 59017 0 72773
288 68351 0 62836
289 66775 0 64319
290 77715 -1 55265
291 61478 0 69861
292 77437 0 55463
293 68001 -1 63159
294 60336 0 71183
295 65102 0 65972
296 62495 0 68724
297 66843 0 64254
298 76506 -1 56138
299 62895 0 68287
300 69954 0 61396
301 71657 0 59937
302 70708 -1 60742
303 58908 0 72909
304 64781 0 66299
305 65382 0 65690
306 70748 0 60707
307 72058 0 59603
308 66255 0 64824
309 66934 0 64166
310 73333 0 58567
311 68649 0 62563
312 64771 0 66310
313 61419 0 69927
314 72930 0 58891
315 71087 -1 60417
316 59702 0 71939
317 68749 0 62473
318 65303 0 65768
319 75178 0 57130
320 66951 0 64150
321 66841 0 64255
322 64782 0 66297
323 76390 0 56223
324 66623 0 64466
325 60581 0 70895
326 67244 0 63870
327 66046 0 65029
328 75456 0 56919
329 66618 0 64471
330 69691 0 61628
331 70715 0 60736
332 69877 0 61464
333 64379 0 66712
334 61101 0 70291
335 66324 0 64757
336 67297 0 63821
337 75424 -1 56944
338 62618 0 68589
339 75503 0 56884
340 71755 -1 59855
341 58705 0 73161
342 67208 0 63905
343 61023 0 70381
344 65996 0 65078
345 68776 0 62447
346 75228 -1 57092
347 63560 -1 67572
348 73001 0 58833
349 68504 0 62695
350 62283 0 68958
351 65464 0 65607
352 64755 0 66326
353 63580 0 67552
354 71913 0 59724
355 73432 -1 58488
356 65354 -2 65718
357 64709 0 66373
358 63609 0 67521
359 67341 0 63778
360 64881 0 66196
361 66903 0 64196
362 62307 0 68932
363 74160 0 57914
364 71528 -1 60045
365 65216 0 65856
366 71436 0 60123
367 57597 0 74568
368 78588 0 54651
369 59466 0 72225
370 71828 0 59794
371 59708 0 71931
372 77077 0 55722
373 81680 0 52582
374 103306 3 41575
375 104319 0 41171
376 74433 0 57702
377 86693 -1 49542
378 57524 0 74663
379 73286 0 58605
380 111886 3 38386
381 106666 3 40265
382 117176 3 36653
383 103906 3 41334
384 119475 3 35948
385 104907 3 40940
386 113082 3 37980
387 110251 3 38955
388 111808 3 38413
389 111812 3 38412
390 107314 3 40022
391 116350 3 36914
392 103988 3 41302
393 119823 3 35844
394 104585 3 41066
395 113717 3 37768
396 109618 3 39181
397 111848 3 38399
398 111809 3 38413
399 108006 3 39765
400 115510 3 37182
401 104113 3 41252
402 120010 3 35788
403 104333 3 41165
404 114455 3 37525
405 108930 3 39428
406 111828 3 38406
407 111841 3 38402
408 108719 3 39505
409 114693 3 37447
410 98974 1 43394
411 62230 -2 69017
412 58737 0 73121
413 76393 0 56221
414 61122 0 70268
415 71088 -1 60417
416 61484 0 69854
417 69983 0 61371
418 69263 0 62008
419 64660 0 66423
420 71229 0 60297
421 63031 0 68139
422 71788 0 59827
423 66027 -1 65048
424 63836 -1 67280
425 64780 -1 66300
426 63340 0 67808
427 73240 -1 58641
428 58889 0 72932
429 75176 0 57131
430 60958 0 70457
431 71932 0 59708
432 67208 -1 63905
433 64087 0 67016
434 68571 -1 62634
435 60954 -1 70461
436 69299 0 61977
437 66093 -1 64983
438 64398 -1 66693
439 63390 -1 67753
440 67206 0 63907
441 66940 0 64161
442 69738 0 61586
443 65256 0 65817
444 67802 0 63345
445 69121 0 62136
446 66922 0 64178
447 67789 0 63357
448 66086 0 64989
449 70611 0 60825
450 63569 0 67563
451 72675 0 59097
452 63631 0 67497
453 69407 0 61880
454 67814 0 63333
455 66826 0 64270
456 69502 0 61796
457 64461 0 66628
458 72176 -1 59506
459 58069 0 73962
460 76912 0 55842
461 61439 0 69905
462 71512 -1 60059
463 61898 0 69386
464 69503 0 61794
465 68522 0 62679
466 65259 -1 65814
467 66859 -1 64238
468 61067 0 70331
469 74042 -1 58006
470 58762 -1 73089
471 69589 -1 61718
472 62974 0 68201
473 67374 0 63747
474 69904 -1 61440
475 60857 -1 70573
476 69821 0 61513
477 63849 0 67267
478 71163 -1 60353
479 60835 -1 70599
480 68040 -1 63123
481 64130 -1 66971
482 62641 0 68563
483 72655 -1 59113
484 60129 0 71428
485 74385 0 57739
486 61700 0 69609
487 71445 -1 60115
488 61226 0 70148
489 71804 -1 59815
490 62067 0 69198
491 70356 0 61046
492 65797 0 65275
493 67554 0 63577
494 69344 0 61937
495 64756 0 66325
496 68544 0 62659
497 67940 0 63216
498 66176 0 64901
499 70194 0 61186
500 68507 0 62693
501 65796 0 65276
502 66207 -1 64871
503 65745 0 65327
504 67102 0 64005
505 66794 0 64300
506 69373 -1 61910
507 60194 0 71351
508 74103 0 57959
509 65416 -1 65656
510 65150 -1 65923
511 62235 -1 69011
512 68688 0 62527
513 65589 -1 65482
514 63200 0 67958
515 72240 -1 59453
516 58526 0 73385
517 75145 0 57154
518 62987 0 68188
519 73282 0 58608
520 62190 0 69061
521 73229 -1 58650
522 58994 -1 72803
523 67905 0 63249
524 93682 1 45846
525 111353 3 38570
526 98110 0 43777
527 79361 0 54118
528 76574 -1 56088
529 60387 0 71123
530 83389 0 51504
531 103855 3 41355
532 118546 3 36230
533 105621 3 40663
534 112294 3 38247
535 111133 3 38646
536 111508 3 38516
537 111992 3 38350
538 106249 3 40423
539 115048 2 37331
540 67004 -1 64099
541 72196 -3 59489
542 47719 -1 90004
543 85384 -1 50301
544 58351 -1 73605
545 75930 -2 56564
546 57133 -1 75174
547 74868 -1 57366
548 67159 -1 63951
549 68174 -2 62999
550 64604 -2 66481
551 62914 0 68266
552 78887 -1 54444
553 61767 0 69534
554 78400 -3 54782
555 44482 -1 96554
556 84838 0 50625
557 65762 -1 65310
558 69100 -3 62155
559 51214 -1 83862
560 77120 0 55691
561 70018 -1 61340
562 67699 -2 63441
563 64181 -2 66919
564 64402 -1 66689
565 71339 -1 60204
566 67841 -1 63309
567 68050 -3 63114
568 51575 -1 83275
569 77449 0 55455
570 69002 -1 62243
571 69082 -3 62171
572 50556 -1 84953
573 80961 -1 53049
574 61836 -1 69456
575 72780 -3 59012
576 47781 -1 89888
577 87345 -1 49172
578 57912 -1 74163
579 75019 -2 57251
580 58693 -2 73175
581 70512 -1 60910
582 67131 -1 63978
583 70399 -1 61008
584 67295 -3 63822
585 51078 -1 84085
586 82806 0 51867
587 64706 -1 66376
588 70455 -2 60959
589 61516 -1 69817
590 74541 -1 57618
591 65596 -1 65475
592 71635 -3 59956
593 47830 -1 89795
594 82054 0 52342
595 67602 -1 63533
596 67881 -1 63271
597 68702 -3 62515
598 50171 -1 85605
599 81300 -1 52828
600 62632 -1 68574
601 73739 -3 58244
602 47119 -1 91149
603 81103 0 52956
604 68903 -1 62333
605 67095 -2 64012
606 62739 -2 68457
607 66096 -1 64979
608 70017 -1 61341
609 69598 -1 61710
610 68589 -3 62618
611 50568 -1 84933
612 77545 0 55386
613 71024 -1 60471
614 65960 -2 65114
615 64064 -1 67041
616 71574 -1 60006
617 66345 -1 64736
618 71766 -2 59846
619 60000 -1 71582
620 75659 -1 56766
621 62902 0 68280
622 79317 -2 54149
623 55401 -1 77523
624 79647 -1 53924
625 61978 -1 69297
626 72525 -1 59220
627 67808 -2 63339
628 61939 -1 69340
629 74582 -1 57587
630 64698 -1 66383
631 74122 -2 57944
632 103696 3 41418
633 116999 2 36709
634 91154 0 47117
635 81238 0 52868
636 76767 -1 55947
637 65308 -1 65764
638 92600 1 46381
639 107623 3 39907
640 115974 3 37033
641 104033 3 41284
642 119926 3 35813
643 104472 3 41111
644 114034 3 37663
645 109311 3 39291
646 111844 3 38401
647 111826 3 38407
648 108324 3 39648
649 115138 3 37302
650 104180 3 41226
651 120043 3 35778
652 104247 3 41199
653 114804 3 37411
654 108609 3 39545
655 111813 3 38412
656 111862 3 38395
657 109030 3 39392
658 114345 3 37561
659 104381 3 41146
660 119993 3 35793
661 104080 3 41265
662 115632 3 37143
663 107900 3 39804
664 111780 3 38423
665 111870 3 38392
666 109711 3 39147
667 113628 3 37798
668 104643 3 41043
669 119777 3 35857
670 103962 3 41312
671 116477 3 36873
672 107213 3 40060
673 111789 3 38419
674 111813 3 38412
675 110334 3 38926
676 113014 3 38003
677 104973 3 40914
678 119403 3 35970
679 103889 3 41341
680 117303 3 36614
681 106572 3 40300
682 111878 3 38389
683 111657 3 38465
684 110869 3 38739
685 112526 3 38168
686 105379 3 40757
687 118884 3 36127
688 103853 3 41355
689 118068 3 36376
690 94046 1 45668
691 61342 0 70015
692 73753 0 58234
693 67464 -1 63662
694 59439 0 72258
695 71486 0 60080
696 67812 -1 63336
697 61808 0 69487
698 72029 -1 59627
699 60981 -1 70430
700 68246 0 62933
701 65858 0 65215
702 68777 0 62446
703 69203 0 62062
704 65404 0 65667
705 69635 0 61677
706 64675 -1 66408
707 67397 -1 63725
708 61546 0 69784
709 74375 0 57746
710 62264 -1 68979
711 62437 0 68788
712 76397 0 56218
713 60935 0 70483
714 72588 0 59168
715 62937 -1 68241
716 67782 -1 63363
717 61030 0 70373
718 69922 0 61424
719 69158 -1 62102
720 61685 0 69627
721 70504 0 60917
722 64942 0 66135
723 71877 -1 59753
724 59699 -2 71942
725 63729 -1 67394
726 65110 0 65964
727 67165 0 63945
728 67698 0 63442
729 72187 0 59497
730 62816 0 68373
731 72518 -1 59225
732 59157 -1 72602
733 65795 -1 65277
734 66261 0 64818
735 66987 0 64115
736 71283 0 60251
737 61920 0 69362
738 72591 -1 59166
739 61672 0 69641
740 68527 0 62675
741 68700 -1 62517
742 62718 -1 68479
743 67453 0 63673
744 64473 0 66616
745 75045 0 57231
746 61871 -1 69417
747 64253 0 66843
748 70824 0 60642
749 67439 -1 63685
750 63603 -1 67527
751 62749 0 68446
752 74154 -1 57919
753 57658 0 74489
754 73395 0 58518
755 64727 -1 66354
756 66117 0 64959
757 67048 0 64057
758 66095 -1 64981
759 64599 -1 66486
760 64450 0 66639
761 70947 -1 60536
762 61772 0 69528
763 68214 0 62962
764 67357 0 63763
765 67634 0 63502
766 69133 -1 62125
767 62747 -1 68448
768 67251 0 63864
769 66714 0 64378
770 68193 0 62982
771 65616 -1 65455
772 67254 0 63861
773 65744 0 65328
774 69048 0 62202
775 66724 -1 64369
776 63532 -1 67602
777 65277 0 65795
778 67212 0 63901
779 72312 -1 59394
780 56959 0 75403
781 80849 0 53122
782 67197 0 63915
783 112339 3 38231
784 103841 0 41360
785 83223 0 51607
786 76886 0 55861
787 66552 0 64535
788 73577 0 58373
789 94224 3 45582
790 119356 3 35984
791 104996 3 40905
792 112941 3 38028
793 110411 3 38899
794 111781 3 38422
795 111815 3 38411
796 107144 3 40085
797 116333 3 36919
798 85613 1 50166
799 70201 0 61180
800 70758 0 60698
801 70433 0 60978
802 76256 0 56322
803 67373 0 63748
804 72778 0 59014
805 69330 0 61949
806 80390 0 53426
807 62342 0 68892
808 81387 0 52771
809 65569 0 65502
810 78156 0 54953
811 65965 0 65109
812 77125 0 55688
813 70103 0 61265
814 72093 0 59574
815 68729 0 62491
816 73258 0 58627
817 76320 0 56275
818 65943 0 65131
819 77736 0 55250
820 65951 0 65123
821 75264 0 57064
822 68578 0 62628
823 71824 0 59797
824 77382 0 55503
825 67740 0 63402
826 73262 0 58624
827 69954 0 61396
828 70602 0 60833
829 75098 0 57191
830 68752 0 62470
831 75124 0 57171
832 69352 0 61929
833 70625 0 60813
834 69351 0 61930
835 76594 0 56073
836 67089 0 64018
837 77103 0 55704
838 66491 0 64594
839 77201 0 55633
840 67909 0 63245
841 73296 0 58597
842 73238 0 58643
843 68910 0 62326
844 76886 0 55861
845 66013 0 65062
846 79647 0 53924
847 65469 0 65602
848 72546 0 59202
849 72641 0 59125
850 70928 0 60553
851 71490 0 60077
852 73662 0 58306
853 69639 0 61674
854 71461 0 60102
855 69460 0 61833
856 72107 0 59563
857 74174 0 57903
858 70103 0 61266
859 73346 0 58557
860 69560 0 61744
861 69552 0 61751
862 75077 0 57207
863 67821 0 63327
864 80020 0 53673
865 66319 0 64761
866 71930 0 59709
867 71657 0 59937
868 71829 0 59794
869 74134 0 57934
870 67295 0 63822
871 78239 0 54895
872 67044 0 64061
873 75917 0 56573
874 65397 0 65675
875 80477 0 53368
876 66918 0 64181
877 73668 0 58301
878 69368 0 61915
879 75637 0 56783
880 68444 0 62750
881 70122 0 61249
882 74330 0 57782
883 71742 0 59866
884 68769 0 62454
885 71877 0 59754
886 74846 0 57383
887 68611 0 62598
888 72065 0 59598
889 72609 0 59151
890 89495 2 47990
891 120426 2 35664
892 92582 1 46390
893 98358 0 43666
894 71563 0 60016
895 73197 0 58676
896 77147 0 55672
897 108646 3 39531
898 114779 3 37419
899 104256 3 41196
900 120039 3 35779
901 104171 3 41229
902 115170 3 37292
903 108289 3 39662
904 111794 3 38418
905 108979 2 39410
906 65257 0 65815
907 80715 -1 53211
908 56744 0 75689
909 73366 0 58541
910 65209 0 65863
911 82369 -1 52142
912 61576 0 69749
913 74759 0 57450
914 61006 0 70401
915 74717 0 57482
916 67464 0 63662
917 63505 0 67631
918 72155 0 59523
919 74089 0 57969
920 76794 -2 55928
921 59688 0 71956
922 74493 0 57655
923 60953 0 70462
924 72329 0 59380
925 65030 0 66045
926 64666 0 66417
927 82245 0 52221
928 69161 -1 62100
929 73973 0 58060
930 74784 -1 57431
931 60604 0 70868
932 69490 0 61806
933 63006 0 68167
934 69112 0 62144
935 69390 0 61895
936 81708 -1 52564
937 63613 0 67516
938 80479 0 53367
939 70165 -1 61211
940 62696 0 68504
941 66910 0 64190
942 64478 0 66610
943 69568 0 61737
944 78975 0 54383
945 71151 0 60363
946 70061 0 61302
947 76151 0 56400
948 72404 -1 59319
949 61680 0 69632
950 66382 0 64700
951 68035 0 63128
952 73219 0 58658
953 74961 0 57295
954 69151 0 62109
955 69054 0 62197
956 76266 0 56315
957 71592 0 59991
958 67024 0 64080
959 63852 0 67264
960 75604 0 56808
961 73645 -1 58319
962 62445 0 68778
963 71115 0 60394
964 67698 0 63442
965 77504 0 55415
966 70430 0 60981
967 69105 0 62150
968 67461 0 63665
969 79313 0 54152
970 68772 0 62452
971 63043 0 68127
972 69525 0 61775
973 68553 0 62651
974 77606 0 55342
975 70262 0 61127
976 86001 1 49940
977 110373 3 38912
978 108523 1 39576
979 86509 0 49647
980 66591 0 64497
981 71515 0 60056
982 67710 0 63431
983 120032 3 35781
984 104141 3 41241
985 115290 3 37253
986 108189 3 39698
987 111790 3 38419
988 111871 3 38392
989 109438 3 39245
990 113909 3 37704
991 104529 3 41088
992 119883 3 35826
993 104004 3 41295
994 116134 3 36982
995 107489 3 39956
996 111777 3 38424
997 111845 3 38400
998 110090 3 39012
999 113251 3 37924
1000 104830 3 40970
1001 119572 3 35919
1002 103914 3 41331
1003 116972 3 36717
1004 106827 3 40204
1005 111830 3 38406
1006 111732 3 38439
1007 110664 3 38810
1008 112710 3 38106
1009 105204 3 40824
1010 119110 3 36058
1011 103864 3 41351
1012 117765 3 36470
1013 106220 3 40434
1014 111978 3 38355
1015 111512 3 38515
1016 111134 3 38646
1017 112301 3 38245
1018 105654 3 40650
1019 118515 3 36239
1020 103850 3 41357
1021 118479 3 36250
1022 105684 3 40639
1023 112249 3 38262
1024 111171 3 38633
1025 111483 3 38525
1026 112022 3 38340
1027 106181 3 40449
1028 117811 3 36456
1029 103868 3 41350
1030 119082 3 36067
1031 105223 3 40817
1032 112654 3 38125
1033 110709 3 38794
1034 109511 3 39219
1035 53028 0 80993
1036 53887 -1 79702
1037 52065 -2 82491
1038 49327 0 87071
1039 58806 -1 73036
1040 47226 -1 90943
1041 57101 -2 75216
1042 45433 -1 94533
1043 92151 1 46607
1044 106607 1 40287
1045 76267 0 56314
1046 67965 -1 63193
1047 52554 -1 81723
1048 57141 -1 75163
1049 56248 0 76357
1050 113848 3 37725
1051 109442 3 39243
1052 66462 -3 64621
1053 37902 -2 98304
1054 61886 -2 69400
1055 43896 -2 97842
1056 55128 -2 77908
1057 47968 -2 89537
1058 52186 -3 82299
1059 45845 -3 93683
1060 66871 0 64227
1061 110501 3 38868
1062 86738 -3 49516
1063 54604 -2 78655
1064 64210 -3 66888
1065 41594 -2 98304
1066 63441 -3 67699
1067 104115 3 41251
1068 115418 3 37212
1069 80592 -1 53292
1070 40727 -3 98304
1071 55183 -3 77830
1072 42839 -3 98304
1073 54297 -3 79100
1074 43646 -3 98304
1075 53508 -3 80267
1076 43846 -3 97954
1077 62165 -2 69089
1078 106442 2 40350
1079 92409 -2 46477
1080 62965 -3 68211
1081 54148 -3 79318
1082 50583 -3 84908
1083 47125 -3 91139
1084 95024 2 45198
1085 103910 3 41333
1086 107295 0 40029
1087 36835 -2 98304
1088 63462 -3 67677
1089 38051 -2 98304
1090 63547 -2 67586
1091 42789 -2 98304
1092 56313 -3 76268
1093 42698 -3 98304
1094 55233 -2 77759
1095 117704 3 36489
1096 93178 0 46093
1097 72865 -3 58943
1098 52689 -2 81515
1099 57413 -2 74807
1100 47411 -3 90589
1101 68878 0 62356
1102 118422 3 36268
1103 101520 3 42306
1104 51856 -1 82824
1105 52032 -1 82544
1106 52174 -1 82319
1107 53765 0 79883
1108 52940 -1 81128
1109 53547 -1 80208
1110 49983 -1 85927
1111 55432 -2 77480
1112 87557 2 49053
1113 112360 0 38224
1114 70030 0 61329
1115 68941 -1 62298
1116 51648 -1 83157
1117 55103 -1 77942
1118 63322 0 67826
1119 106879 3 40185
1120 117083 3 36682
1121 54475 0 78841
1122 55635 -1 77198
1123 48072 0 89343
1124 64811 -1 66268
1125 42015 0 98304
1126 65330 -1 65742
1127 44680 0 96127
1128 60704 0 70751
1129 71694 2 59906
1130 101401 3 42356
1131 91010 0 47192
1132 58167 0 73837
1133 69019 -1 62228
1134 44485 0 96546
1135 67145 0 63965
1136 111814 3 38411
1137 108242 3 39679
1138 73904 1 58115
1139 49700 0 86417
1140 64950 0 66127
1141 43442 0 98304
1142 64452 0 66638
1143 52498 0 81810
1144 59305 0 72420
1145 48661 0 88262
1146 66209 0 64869
1147 116734 2 36792
1148 78821 0 54490
1149 67681 0 63458
1150 65027 0 66048
1151 54632 0 78615
1152 59125 -1 72641
1153 101900 3 42148
1154 111870 3 38392
1155 91075 2 47158
1156 43273 -1 98304
1157 58325 0 73637
1158 51428 -1 83513
1159 52793 -1 81353
1160 52955 -1 81105
1161 51112 -1 84029
1162 53349 -2 80506
1163 53062 -1 80941
1164 109822 3 39108
1165 98237 0 43720
1166 66960 -1 64141
1167 63952 -1 67158
1168 51056 0 84122
1169 58448 -1 73483
1170 78716 0 54562
1171 111863 3 38394
1172 111688 3 38454
1173 110816 3 38757
1174 112569 3 38154
1175 105325 3 40777
1176 118953 3 36106
1177 103863 3 41352
1178 117982 3 36403
1179 106046 3 40500
1180 112050 3 38330
1181 111433 3 38542
1182 111246 3 38607
1183 112197 3 38280
1184 105804 3 40593
1185 115318 2 37244
1186 59559 1 72112
1187 84238 0 50985
1188 57550 1 74629
1189 73903 1 58115
1190 64822 1 66256
1191 80023 1 53671
1192 64308 1 66787
1193 66895 1 64203
1194 74073 1 57982
1195 66913 1 64186
1196 78691 1 54579
1197 60739 1 70710
1198 73307 1 58588
1199 66965 1 64137
1200 78413 1 54773
1201 63776 1 67344
1202 66341 1 64740
1203 76589 1 56078
1204 66351 1 64730
1205 78228 1 54902
1206 58844 1 72988
1207 77348 1 55527
1208 66006 1 65068
1209 78094 1 54996
1210 62409 1 68819
1211 68035 1 63128
1212 77528 1 55398
1213 65574 2 65497
1214 79547 1 53992
1215 57308 2 74944
1216 85108 1 50464
1217 62081 1 69182
1218 78881 1 54448
1219 61104 1 70288
1220 71351 1 60194
1221 76419 1 56202
1222 64946 2 66130
1223 77762 1 55231
1224 58396 2 73548
1225 88361 1 48606
1226 60143 1 71411
1227 76646 1 56035
1228 62234 1 69012
1229 74041 1 58007
1230 74706 1 57490
1231 63763 2 67357
1232 76864 1 55877
1233 60277 2 71253
1234 89447 0 48016
1235 55807 1 76960
1236 75847 1 56626
1237 63866 1 67248
1238 76053 1 56473
1239 72402 1 59320
1240 62696 2 68503
1241 77306 1 55557
1242 62292 2 68948
1243 88421 0 48573
1244 55079 1 77978
1245 74066 1 57987
1246 66944 1 64156
1247 75430 1 56939
1248 71072 1 60431
1249 61699 2 69610
1250 79219 1 54215
1251 63283 2 67868
1252 86756 0 49506
1253 54488 1 78822
1254 74704 1 57492
1255 68966 1 62275
1256 92106 2 46630
1257 109887 3 39084
1258 87626 2 49014
1259 92187 0 46589
1260 66071 1 65005
1261 84390 1 50894
1262 60942 2 70475
1263 112087 3 38317
1264 111379 3 38561
1265 111300 3 38588
1266 112157 3 38294
1267 105884 3 40562
1268 118219 3 36330
1269 103849 3 41357
1270 118760 3 36164
1271 105471 3 40721
1272 112417 3 38205
1273 110978 3 38700
1274 111594 3 38487
1275 111936 3 38369
1276 106446 3 40348
1277 117471 3 36561
1278 103881 3 41344
1279 119307 3 35999
1280 105047 3 40885
1281 112879 3 38049
1282 110464 3 38881
1283 111769 3 38426
1284 111829 3 38406
1285 107072 3 40112
1286 116659 3 36816
1287 103949 3 41317
1288 119711 3 35877
1289 104700 3 41021
1290 113469 3 37851
1291 111171 3 38633
