0000000000000000000000000000000000000000000000000000000000000000|0000000000000000000000000000000000000000000000000000000000000000|0|3|rt4_TMB-5_A19V_0000.r24|2|1|RICH|651|0|2200|0000000000000000000000000000000000000000000000000000000000000000|DARK|1|651|DISP=ACCEPT_INSTALL|DETAIL=a19verify
0000000000000000000000000000000000000000000000000000000000000000|0000000000000000000000000000000000000000000000000000000000000000|0|3|rt4_TMB-5_A19V_0001.r24|2|1|RICH|649|0|2200|0000000000000000000000000000000000000000000000000000000000000000|DARK|1|649|DISP=ACCEPT_INSTALL|DETAIL=a19verify
0000000000000000000000000000000000000000000000000000000000000000|0000000000000000000000000000000000000000000000000000000000000000|0|3|rt4_TMB-5_A19V_0002.r24|2|1|RICH|650|0|2210|0000000000000000000000000000000000000000000000000000000000000000|DARK|1|650|DISP=ACCEPT_INSTALL|DETAIL=a19verify
0000000000000000000000000000000000000000000000000000000000000000|0000000000000000000000000000000000000000000000000000000000000000|0|3|rt4_TMB-5_A19V_0003.r24|2|1|RICH|650|0|2190|0000000000000000000000000000000000000000000000000000000000000000|DARK|1|650|DISP=ACCEPT_INSTALL|DETAIL=a19verify
0000000000000000000000000000000000000000000000000000000000000000|0000000000000000000000000000000000000000000000000000000000000000|0|3|rt4_TMB-5_A19V_0004.r24|2|1|RICH|661|0|2200|0000000000000000000000000000000000000000000000000000000000000000|DARK|1|661|DISP=ACCEPT_INSTALL|DETAIL=a19verify
0000000000000000000000000000000000000000000000000000000000000000|0000000000000000000000000000000000000000000000000000000000000000|0|3|rt4_TMB-5_A19V_0005.r24|2|1|RICH|659|0|2200|0000000000000000000000000000000000000000000000000000000000000000|DARK|1|659|DISP=ACCEPT_INSTALL|DETAIL=a19verify
0000000000000000000000000000000000000000000000000000000000000000|0000000000000000000000000000000000000000000000000000000000000000|0|3|rt4_TMB-5_A19V_0006.r24|2|1|RICH|660|0|2210|0000000000000000000000000000000000000000000000000000000000000000|DARK|1|660|DISP=ACCEPT_INSTALL|DETAIL=a19verify
0000000000000000000000000000000000000000000000000000000000000000|0000000000000000000000000000000000000000000000000000000000000000|0|3|rt4_TMB-5_A19V_0007.r24|2|1|RICH|660|0|2190|0000000000000000000000000000000000000000000000000000000000000000|DARK|1|660|DISP=ACCEPT_INSTALL|DETAIL=a19verify
0000000000000000000000000000000000000000000000000000000000000000|0000000000000000000000000000000000000000000000000000000000000000|0|3|rt4_TMB-5_A19V_0008.r24|2|1|RICH|671|0|2200|0000000000000000000000000000000000000000000000000000000000000000|DARK|1|671|DISP=ACCEPT_INSTALL|DETAIL=a19verify
0000000000000000000000000000000000000000000000000000000000000000|0000000000000000000000000000000000000000000000000000000000000000|0|3|rt4_TMB-5_A19V_0009.r24|2|1|RICH|669|0|2200|0000000000000000000000000000000000000000000000000000000000000000|DARK|1|669|DISP=ACCEPT_INSTALL|DETAIL=a19verify
0000000000000000000000000000000000000000000000000000000000000000|0000000000000000000000000000000000000000000000000000000000000000|0|3|rt4_TMB-5_A19V_0010.r24|2|1|RICH|670|0|2210|0000000000000000000000000000000000000000000000000000000000000000|DARK|1|670|DISP=ACCEPT_INSTALL|DETAIL=a19verify
0000000000000000000000000000000000000000000000000000000000000000|0000000000000000000000000000000000000000000000000000000000000000|0|3|rt4_TMB-5_A19V_0011.r24|2|1|RICH|670|0|2190|0000000000000000000000000000000000000000000000000000000000000000|DARK|1|670|DISP=ACCEPT_INSTALL|DETAIL=a19verify
0000000000000000000000000000000000000000000000000000000000000000|0000000000000000000000000000000000000000000000000000000000000000|0|3|rt4_TMB-5_A19V_0012.r24|2|1|RICH|681|0|2200|0000000000000000000000000000000000000000000000000000000000000000|DARK|1|681|DISP=ACCEPT_INSTALL|DETAIL=a19verify
0000000000000000000000000000000000000000000000000000000000000000|0000000000000000000000000000000000000000000000000000000000000000|0|3|rt4_TMB-5_A19V_0013.r24|2|1|RICH|679|0|2200|0000000000000000000000000000000000000000000000000000000000000000|DARK|1|679|DISP=ACCEPT_INSTALL|DETAIL=a19verify
0000000000000000000000000000000000000000000000000000000000000000|0000000000000000000000000000000000000000000000000000000000000000|0|3|rt4_TMB-5_A19V_0014.r24|2|1|RICH|680|0|2210|0000000000000000000000000000000000000000000000000000000000000000|DARK|1|680|DISP=ACCEPT_INSTALL|DETAIL=a19verify
0000000000000000000000000000000000000000000000000000000000000000|0000000000000000000000000000000000000000000000000000000000000000|0|3|rt4_TMB-5_A19V_0015.r24|2|1|RICH|680|0|2190|0000000000000000000000000000000000000000000000000000000000000000|DARK|1|680|DISP=ACCEPT_INSTALL|DETAIL=a19verify
0000000000000000000000000000000000000000000000000000000000000000|0000000000000000000000000000000000000000000000000000000000000000|0|3|rt4_TMB-5_A19V_0016.r24|2|1|RICH|691|0|2200|0000000000000000000000000000000000000000000000000000000000000000|DARK|1|691|DISP=ACCEPT_INSTALL|DETAIL=a19verify
0000000000000000000000000000000000000000000000000000000000000000|0000000000000000000000000000000000000000000000000000000000000000|0|3|rt4_TMB-5_A19V_0017.r24|2|1|RICH|689|0|2200|0000000000000000000000000000000000000000000000000000000000000000|DARK|1|689|DISP=ACCEPT_INSTALL|DETAIL=a19verify
0000000000000000000000000000000000000000000000000000000000000000|0000000000000000000000000000000000000000000000000000000000000000|0|3|rt4_TMB-5_A19V_0018.r24|2|1|RICH|690|0|2210|0000000000000000000000000000000000000000000000000000000000000000|DARK|1|690|DISP=ACCEPT_INSTALL|DETAIL=a19verify
0000000000000000000000000000000000000000000000000000000000000000|0000000000000000000000000000000000000000000000000000000000000000|0|3|rt4_TMB-5_A19V_0019.r24|2|1|RICH|690|0|2190|0000000000000000000000000000000000000000000000000000000000000000|DARK|1|690|DISP=ACCEPT_INSTALL|DETAIL=a19verify
0000000000000000000000000000000000000000000000000000000000000000|0000000000000000000000000000000000000000000000000000000000000000|0|3|rt4_TMB-5_A19V_0020.r24|2|1|RICH|701|0|2200|0000000000000000000000000000000000000000000000000000000000000000|DARK|1|701|DISP=ACCEPT_INSTALL|DETAIL=a19verify
0000000000000000000000000000000000000000000000000000000000000000|0000000000000000000000000000000000000000000000000000000000000000|0|3|rt4_TMB-5_A19V_0021.r24|2|1|RICH|699|0|2200|0000000000000000000000000000000000000000000000000000000000000000|DARK|1|699|DISP=ACCEPT_INSTALL|DETAIL=a19verify
0000000000000000000000000000000000000000000000000000000000000000|0000000000000000000000000000000000000000000000000000000000000000|0|3|rt4_TMB-5_A19V_0022.r24|2|1|RICH|700|0|2210|0000000000000000000000000000000000000000000000000000000000000000|DARK|1|700|DISP=ACCEPT_INSTALL|DETAIL=a19verify
0000000000000000000000000000000000000000000000000000000000000000|0000000000000000000000000000000000000000000000000000000000000000|0|3|rt4_TMB-5_A19V_0023.r24|2|1|RICH|700|0|2190|0000000000000000000000000000000000000000000000000000000000000000|DARK|1|700|DISP=ACCEPT_INSTALL|DETAIL=a19verify
0000000000000000000000000000000000000000000000000000000000000000|0000000000000000000000000000000000000000000000000000000000000000|0|3|rt4_TMB-5_A19V_0024.r24|2|1|RICH|711|0|2200|0000000000000000000000000000000000000000000000000000000000000000|DARK|1|711|DISP=ACCEPT_INSTALL|DETAIL=a19verify
0000000000000000000000000000000000000000000000000000000000000000|0000000000000000000000000000000000000000000000000000000000000000|0|3|rt4_TMB-5_A19V_0025.r24|2|1|RICH|709|0|2200|0000000000000000000000000000000000000000000000000000000000000000|DARK|1|709|DISP=ACCEPT_INSTALL|DETAIL=a19verify
0000000000000000000000000000000000000000000000000000000000000000|0000000000000000000000000000000000000000000000000000000000000000|0|3|rt4_TMB-5_A19V_0026.r24|2|1|RICH|710|0|2210|0000000000000000000000000000000000000000000000000000000000000000|DARK|1|710|DISP=ACCEPT_INSTALL|DETAIL=a19verify
0000000000000000000000000000000000000000000000000000000000000000|0000000000000000000000000000000000000000000000000000000000000000|0|3|rt4_TMB-5_A19V_0027.r24|2|1|RICH|710|0|2190|0000000000000000000000000000000000000000000000000000000000000000|DARK|1|710|DISP=ACCEPT_INSTALL|DETAIL=a19verify
0000000000000000000000000000000000000000000000000000000000000000|0000000000000000000000000000000000000000000000000000000000000000|0|3|rt4_TMB-5_A19V_0028.r24|2|1|RICH|721|0|2200|0000000000000000000000000000000000000000000000000000000000000000|DARK|1|721|DISP=ACCEPT_INSTALL|DETAIL=a19verify
0000000000000000000000000000000000000000000000000000000000000000|0000000000000000000000000000000000000000000000000000000000000000|0|3|rt4_TMB-5_A19V_0029.r24|2|1|RICH|719|0|2200|0000000000000000000000000000000000000000000000000000000000000000|DARK|1|719|DISP=ACCEPT_INSTALL|DETAIL=a19verify
0000000000000000000000000000000000000000000000000000000000000000|0000000000000000000000000000000000000000000000000000000000000000|0|3|rt4_TMB-5_A19V_0030.r24|2|1|RICH|720|0|2210|0000000000000000000000000000000000000000000000000000000000000000|DARK|1|720|DISP=ACCEPT_INSTALL|DETAIL=a19verify
0000000000000000000000000000000000000000000000000000000000000000|0000000000000000000000000000000000000000000000000000000000000000|0|3|rt4_TMB-5_A19V_0031.r24|2|1|RICH|720|0|2190|0000000000000000000000000000000000000000000000000000000000000000|DARK|1|720|DISP=ACCEPT_INSTALL|DETAIL=a19verify
0000000000000000000000000000000000000000000000000000000000000000|0000000000000000000000000000000000000000000000000000000000000000|0|3|rt4_TMB-5_A19V_0032.r24|2|1|RICH|731|0|2200|0000000000000000000000000000000000000000000000000000000000000000|DARK|1|731|DISP=ACCEPT_INSTALL|DETAIL=a19verify
0000000000000000000000000000000000000000000000000000000000000000|0000000000000000000000000000000000000000000000000000000000000000|0|3|rt4_TMB-5_A19V_0033.r24|2|1|RICH|729|0|2200|0000000000000000000000000000000000000000000000000000000000000000|DARK|1|729|DISP=ACCEPT_INSTALL|DETAIL=a19verify
0000000000000000000000000000000000000000000000000000000000000000|0000000000000000000000000000000000000000000000000000000000000000|0|3|rt4_TMB-5_A19V_0034.r24|2|1|RICH|730|0|2210|0000000000000000000000000000000000000000000000000000000000000000|DARK|1|730|DISP=ACCEPT_INSTALL|DETAIL=a19verify
0000000000000000000000000000000000000000000000000000000000000000|0000000000000000000000000000000000000000000000000000000000000000|0|3|rt4_TMB-5_A19V_0035.r24|2|1|RICH|730|0|2190|0000000000000000000000000000000000000000000000000000000000000000|DARK|1|730|DISP=ACCEPT_INSTALL|DETAIL=a19verify
0000000000000000000000000000000000000000000000000000000000000000|0000000000000000000000000000000000000000000000000000000000000000|0|3|rt4_TMB-5_A19V_0036.r24|2|1|RICH|741|0|2200|0000000000000000000000000000000000000000000000000000000000000000|DARK|1|741|DISP=ACCEPT_INSTALL|DETAIL=a19verify
0000000000000000000000000000000000000000000000000000000000000000|0000000000000000000000000000000000000000000000000000000000000000|0|3|rt4_TMB-5_A19V_0037.r24|2|1|RICH|739|0|2200|0000000000000000000000000000000000000000000000000000000000000000|DARK|1|739|DISP=ACCEPT_INSTALL|DETAIL=a19verify
0000000000000000000000000000000000000000000000000000000000000000|0000000000000000000000000000000000000000000000000000000000000000|0|3|rt4_TMB-5_A19V_0038.r24|2|1|RICH|740|0|2210|0000000000000000000000000000000000000000000000000000000000000000|DARK|1|740|DISP=ACCEPT_INSTALL|DETAIL=a19verify
0000000000000000000000000000000000000000000000000000000000000000|0000000000000000000000000000000000000000000000000000000000000000|0|3|rt4_TMB-5_A19V_0039.r24|2|1|RICH|740|0|2190|0000000000000000000000000000000000000000000000000000000000000000|DARK|1|740|DISP=ACCEPT_INSTALL|DETAIL=a19verify
0000000000000000000000000000000000000000000000000000000000000000|0000000000000000000000000000000000000000000000000000000000000000|0|3|rt4_TMB-5_A19V_0040.r24|2|1|RICH|751|0|2200|0000000000000000000000000000000000000000000000000000000000000000|DARK|1|751|DISP=ACCEPT_INSTALL|DETAIL=a19verify
0000000000000000000000000000000000000000000000000000000000000000|0000000000000000000000000000000000000000000000000000000000000000|0|3|rt4_TMB-5_A19V_0041.r24|2|1|RICH|749|0|2200|0000000000000000000000000000000000000000000000000000000000000000|DARK|1|749|DISP=ACCEPT_INSTALL|DETAIL=a19verify
0000000000000000000000000000000000000000000000000000000000000000|0000000000000000000000000000000000000000000000000000000000000000|0|3|rt4_TMB-5_A19V_0042.r24|2|1|RICH|750|0|2210|0000000000000000000000000000000000000000000000000000000000000000|DARK|1|750|DISP=ACCEPT_INSTALL|DETAIL=a19verify
0000000000000000000000000000000000000000000000000000000000000000|0000000000000000000000000000000000000000000000000000000000000000|0|3|rt4_TMB-5_A19V_0043.r24|2|1|RICH|750|0|2190|0000000000000000000000000000000000000000000000000000000000000000|DARK|1|750|DISP=ACCEPT_INSTALL|DETAIL=a19verify
0000000000000000000000000000000000000000000000000000000000000000|0000000000000000000000000000000000000000000000000000000000000000|0|3|rt4_TMB-5_A19V_0044.r24|2|1|RICH|761|0|2200|0000000000000000000000000000000000000000000000000000000000000000|DARK|1|761|DISP=ACCEPT_INSTALL|DETAIL=a19verify
0000000000000000000000000000000000000000000000000000000000000000|0000000000000000000000000000000000000000000000000000000000000000|0|3|rt4_TMB-5_A19V_0045.r24|2|1|RICH|759|0|2200|0000000000000000000000000000000000000000000000000000000000000000|DARK|1|759|DISP=ACCEPT_INSTALL|DETAIL=a19verify
0000000000000000000000000000000000000000000000000000000000000000|0000000000000000000000000000000000000000000000000000000000000000|0|3|rt4_TMB-5_A19V_0046.r24|2|1|RICH|760|0|2210|0000000000000000000000000000000000000000000000000000000000000000|DARK|1|760|DISP=ACCEPT_INSTALL|DETAIL=a19verify
0000000000000000000000000000000000000000000000000000000000000000|0000000000000000000000000000000000000000000000000000000000000000|0|3|rt4_TMB-5_A19V_0047.r24|2|1|RICH|760|0|2190|0000000000000000000000000000000000000000000000000000000000000000|DARK|1|760|DISP=ACCEPT_INSTALL|DETAIL=a19verify
0000000000000000000000000000000000000000000000000000000000000000|0000000000000000000000000000000000000000000000000000000000000000|0|3|rt4_TMB-5_A19V_0048.r24|2|1|RICH|771|0|2200|0000000000000000000000000000000000000000000000000000000000000000|DARK|1|771|DISP=ACCEPT_INSTALL|DETAIL=a19verify
0000000000000000000000000000000000000000000000000000000000000000|0000000000000000000000000000000000000000000000000000000000000000|0|3|rt4_TMB-5_A19V_0049.r24|2|1|RICH|769|0|2200|0000000000000000000000000000000000000000000000000000000000000000|DARK|1|769|DISP=ACCEPT_INSTALL|DETAIL=a19verify
0000000000000000000000000000000000000000000000000000000000000000|0000000000000000000000000000000000000000000000000000000000000000|0|3|rt4_TMB-5_A19V_0050.r24|2|1|RICH|770|0|2210|0000000000000000000000000000000000000000000000000000000000000000|DARK|1|770|DISP=ACCEPT_INSTALL|DETAIL=a19verify
0000000000000000000000000000000000000000000000000000000000000000|0000000000000000000000000000000000000000000000000000000000000000|0|3|rt4_TMB-5_A19V_0051.r24|2|1|RICH|770|0|2190|0000000000000000000000000000000000000000000000000000000000000000|DARK|1|770|DISP=ACCEPT_INSTALL|DETAIL=a19verify
0000000000000000000000000000000000000000000000000000000000000000|0000000000000000000000000000000000000000000000000000000000000000|0|3|rt4_TMB-5_A19V_0052.r24|2|1|RICH|781|0|2200|0000000000000000000000000000000000000000000000000000000000000000|DARK|1|781|DISP=ACCEPT_INSTALL|DETAIL=a19verify
0000000000000000000000000000000000000000000000000000000000000000|0000000000000000000000000000000000000000000000000000000000000000|0|3|rt4_TMB-5_A19V_0053.r24|2|1|RICH|779|0|2200|0000000000000000000000000000000000000000000000000000000000000000|DARK|1|779|DISP=ACCEPT_INSTALL|DETAIL=a19verify
0000000000000000000000000000000000000000000000000000000000000000|0000000000000000000000000000000000000000000000000000000000000000|0|3|rt4_TMB-5_A19V_0054.r24|2|1|RICH|780|0|2210|0000000000000000000000000000000000000000000000000000000000000000|DARK|1|780|DISP=ACCEPT_INSTALL|DETAIL=a19verify
0000000000000000000000000000000000000000000000000000000000000000|0000000000000000000000000000000000000000000000000000000000000000|0|3|rt4_TMB-5_A19V_0055.r24|2|1|RICH|780|0|2190|0000000000000000000000000000000000000000000000000000000000000000|DARK|1|780|DISP=ACCEPT_INSTALL|DETAIL=a19verify
0000000000000000000000000000000000000000000000000000000000000000|0000000000000000000000000000000000000000000000000000000000000000|0|3|rt4_TMB-5_A19V_0056.r24|2|1|RICH|791|0|2200|0000000000000000000000000000000000000000000000000000000000000000|DARK|1|791|DISP=ACCEPT_INSTALL|DETAIL=a19verify
0000000000000000000000000000000000000000000000000000000000000000|0000000000000000000000000000000000000000000000000000000000000000|0|3|rt4_TMB-5_A19V_0057.r24|2|1|RICH|789|0|2200|0000000000000000000000000000000000000000000000000000000000000000|DARK|1|789|DISP=ACCEPT_INSTALL|DETAIL=a19verify
0000000000000000000000000000000000000000000000000000000000000000|0000000000000000000000000000000000000000000000000000000000000000|0|3|rt4_TMB-5_A19V_0058.r24|2|1|RICH|790|0|2210|0000000000000000000000000000000000000000000000000000000000000000|DARK|1|790|DISP=ACCEPT_INSTALL|DETAIL=a19verify
0000000000000000000000000000000000000000000000000000000000000000|0000000000000000000000000000000000000000000000000000000000000000|0|3|rt4_TMB-5_A19V_0059.r24|2|1|RICH|790|0|2190|0000000000000000000000000000000000000000000000000000000000000000|DARK|1|790|DISP=ACCEPT_INSTALL|DETAIL=a19verify
0000000000000000000000000000000000000000000000000000000000000000|0000000000000000000000000000000000000000000000000000000000000000|0|3|rt4_TMB-5_A19V_0060.r24|2|1|RICH|801|0|2200|0000000000000000000000000000000000000000000000000000000000000000|DARK|1|801|DISP=ACCEPT_INSTALL|DETAIL=a19verify
0000000000000000000000000000000000000000000000000000000000000000|0000000000000000000000000000000000000000000000000000000000000000|0|3|rt4_TMB-5_A19V_0061.r24|2|1|RICH|799|0|2200|0000000000000000000000000000000000000000000000000000000000000000|DARK|1|799|DISP=ACCEPT_INSTALL|DETAIL=a19verify
0000000000000000000000000000000000000000000000000000000000000000|0000000000000000000000000000000000000000000000000000000000000000|0|3|rt4_TMB-5_A19V_0062.r24|2|1|RICH|800|0|2210|0000000000000000000000000000000000000000000000000000000000000000|DARK|1|800|DISP=ACCEPT_INSTALL|DETAIL=a19verify
0000000000000000000000000000000000000000000000000000000000000000|0000000000000000000000000000000000000000000000000000000000000000|0|3|rt4_TMB-5_A19V_0063.r24|2|1|RICH|800|0|2190|0000000000000000000000000000000000000000000000000000000000000000|DARK|1|800|DISP=ACCEPT_INSTALL|DETAIL=a19verify
0000000000000000000000000000000000000000000000000000000000000000|0000000000000000000000000000000000000000000000000000000000000000|0|3|rt4_TMB-5_A19V_0064.r24|2|1|RICH|811|0|2200|0000000000000000000000000000000000000000000000000000000000000000|DARK|1|811|DISP=ACCEPT_INSTALL|DETAIL=a19verify
0000000000000000000000000000000000000000000000000000000000000000|0000000000000000000000000000000000000000000000000000000000000000|0|3|rt4_TMB-5_A19V_0065.r24|2|1|RICH|809|0|2200|0000000000000000000000000000000000000000000000000000000000000000|DARK|1|809|DISP=ACCEPT_INSTALL|DETAIL=a19verify
0000000000000000000000000000000000000000000000000000000000000000|0000000000000000000000000000000000000000000000000000000000000000|0|3|rt4_TMB-5_A19V_0066.r24|2|1|RICH|810|0|2210|0000000000000000000000000000000000000000000000000000000000000000|DARK|1|810|DISP=ACCEPT_INSTALL|DETAIL=a19verify
0000000000000000000000000000000000000000000000000000000000000000|0000000000000000000000000000000000000000000000000000000000000000|0|3|rt4_TMB-5_A19V_0067.r24|2|1|RICH|810|0|2190|0000000000000000000000000000000000000000000000000000000000000000|DARK|1|810|DISP=ACCEPT_INSTALL|DETAIL=a19verify
0000000000000000000000000000000000000000000000000000000000000000|0000000000000000000000000000000000000000000000000000000000000000|0|3|rt4_TMB-5_A19V_0068.r24|2|1|RICH|821|0|2200|0000000000000000000000000000000000000000000000000000000000000000|DARK|1|821|DISP=ACCEPT_INSTALL|DETAIL=a19verify
0000000000000000000000000000000000000000000000000000000000000000|0000000000000000000000000000000000000000000000000000000000000000|0|3|rt4_TMB-5_A19V_0069.r24|2|1|RICH|819|0|2200|0000000000000000000000000000000000000000000000000000000000000000|DARK|1|819|DISP=ACCEPT_INSTALL|DETAIL=a19verify
0000000000000000000000000000000000000000000000000000000000000000|0000000000000000000000000000000000000000000000000000000000000000|0|3|rt4_TMB-5_A19V_0070.r24|2|1|RICH|820|0|2210|0000000000000000000000000000000000000000000000000000000000000000|DARK|1|820|DISP=ACCEPT_INSTALL|DETAIL=a19verify
0000000000000000000000000000000000000000000000000000000000000000|0000000000000000000000000000000000000000000000000000000000000000|0|3|rt4_TMB-5_A19V_0071.r24|2|1|RICH|820|0|2190|0000000000000000000000000000000000000000000000000000000000000000|DARK|1|820|DISP=ACCEPT_INSTALL|DETAIL=a19verify
0000000000000000000000000000000000000000000000000000000000000000|0000000000000000000000000000000000000000000000000000000000000000|0|3|rt4_TMB-5_A19V_0072.r24|2|1|RICH|831|0|2200|0000000000000000000000000000000000000000000000000000000000000000|DARK|1|831|DISP=ACCEPT_INSTALL|DETAIL=a19verify
0000000000000000000000000000000000000000000000000000000000000000|0000000000000000000000000000000000000000000000000000000000000000|0|3|rt4_TMB-5_A19V_0073.r24|2|1|RICH|829|0|2200|0000000000000000000000000000000000000000000000000000000000000000|DARK|1|829|DISP=ACCEPT_INSTALL|DETAIL=a19verify
0000000000000000000000000000000000000000000000000000000000000000|0000000000000000000000000000000000000000000000000000000000000000|0|3|rt4_TMB-5_A19V_0074.r24|2|1|RICH|830|0|2210|0000000000000000000000000000000000000000000000000000000000000000|DARK|1|830|DISP=ACCEPT_INSTALL|DETAIL=a19verify
0000000000000000000000000000000000000000000000000000000000000000|0000000000000000000000000000000000000000000000000000000000000000|0|3|rt4_TMB-5_A19V_0075.r24|2|1|RICH|830|0|2190|0000000000000000000000000000000000000000000000000000000000000000|DARK|1|830|DISP=ACCEPT_INSTALL|DETAIL=a19verify
0000000000000000000000000000000000000000000000000000000000000000|0000000000000000000000000000000000000000000000000000000000000000|0|3|rt4_TMB-5_A19V_0076.r24|2|1|RICH|841|0|2200|0000000000000000000000000000000000000000000000000000000000000000|DARK|1|841|DISP=ACCEPT_INSTALL|DETAIL=a19verify
0000000000000000000000000000000000000000000000000000000000000000|0000000000000000000000000000000000000000000000000000000000000000|0|3|rt4_TMB-5_A19V_0077.r24|2|1|RICH|839|0|2200|0000000000000000000000000000000000000000000000000000000000000000|DARK|1|839|DISP=ACCEPT_INSTALL|DETAIL=a19verify
0000000000000000000000000000000000000000000000000000000000000000|0000000000000000000000000000000000000000000000000000000000000000|0|3|rt4_TMB-5_A19V_0078.r24|2|1|RICH|840|0|2210|0000000000000000000000000000000000000000000000000000000000000000|DARK|1|840|DISP=ACCEPT_INSTALL|DETAIL=a19verify
0000000000000000000000000000000000000000000000000000000000000000|0000000000000000000000000000000000000000000000000000000000000000|0|3|rt4_TMB-5_A19V_0079.r24|2|1|RICH|840|0|2190|0000000000000000000000000000000000000000000000000000000000000000|DARK|1|840|DISP=ACCEPT_INSTALL|DETAIL=a19verify
0000000000000000000000000000000000000000000000000000000000000000|0000000000000000000000000000000000000000000000000000000000000000|0|3|rt4_TMB-5_A19V_0080.r24|2|1|RICH|851|0|2200|0000000000000000000000000000000000000000000000000000000000000000|DARK|1|851|DISP=ACCEPT_INSTALL|DETAIL=a19verify
0000000000000000000000000000000000000000000000000000000000000000|0000000000000000000000000000000000000000000000000000000000000000|0|3|rt4_TMB-5_A19V_0081.r24|2|1|RICH|849|0|2200|0000000000000000000000000000000000000000000000000000000000000000|DARK|1|849|DISP=ACCEPT_INSTALL|DETAIL=a19verify
0000000000000000000000000000000000000000000000000000000000000000|0000000000000000000000000000000000000000000000000000000000000000|0|3|rt4_TMB-5_A19V_0082.r24|2|1|RICH|850|0|2210|0000000000000000000000000000000000000000000000000000000000000000|DARK|1|850|DISP=ACCEPT_INSTALL|DETAIL=a19verify
0000000000000000000000000000000000000000000000000000000000000000|0000000000000000000000000000000000000000000000000000000000000000|0|3|rt4_TMB-5_A19V_0083.r24|2|1|RICH|850|0|2190|0000000000000000000000000000000000000000000000000000000000000000|DARK|1|850|DISP=ACCEPT_INSTALL|DETAIL=a19verify
0000000000000000000000000000000000000000000000000000000000000000|0000000000000000000000000000000000000000000000000000000000000000|0|3|rt4_TMB-5_A19V_0084.r24|2|1|RICH|861|0|2200|0000000000000000000000000000000000000000000000000000000000000000|DARK|1|861|DISP=ACCEPT_INSTALL|DETAIL=a19verify
0000000000000000000000000000000000000000000000000000000000000000|0000000000000000000000000000000000000000000000000000000000000000|0|3|rt4_TMB-5_A19V_0085.r24|2|1|RICH|859|0|2200|0000000000000000000000000000000000000000000000000000000000000000|DARK|1|859|DISP=ACCEPT_INSTALL|DETAIL=a19verify
0000000000000000000000000000000000000000000000000000000000000000|0000000000000000000000000000000000000000000000000000000000000000|0|3|rt4_TMB-5_A19V_0086.r24|2|1|RICH|860|0|2210|0000000000000000000000000000000000000000000000000000000000000000|DARK|1|860|DISP=ACCEPT_INSTALL|DETAIL=a19verify
0000000000000000000000000000000000000000000000000000000000000000|0000000000000000000000000000000000000000000000000000000000000000|0|3|rt4_TMB-5_A19V_0087.r24|2|1|RICH|860|0|2190|0000000000000000000000000000000000000000000000000000000000000000|DARK|1|860|DISP=ACCEPT_INSTALL|DETAIL=a19verify
0000000000000000000000000000000000000000000000000000000000000000|0000000000000000000000000000000000000000000000000000000000000000|0|3|rt4_TMB-5_A19V_0088.r24|2|1|RICH|651|0|2700|0000000000000000000000000000000000000000000000000000000000000000|DARK|1|651|DISP=ACCEPT_INSTALL|DETAIL=a19verify
0000000000000000000000000000000000000000000000000000000000000000|0000000000000000000000000000000000000000000000000000000000000000|0|3|rt4_TMB-5_A19V_0089.r24|2|1|RICH|649|0|2700|0000000000000000000000000000000000000000000000000000000000000000|DARK|1|649|DISP=ACCEPT_INSTALL|DETAIL=a19verify
0000000000000000000000000000000000000000000000000000000000000000|0000000000000000000000000000000000000000000000000000000000000000|0|3|rt4_TMB-5_A19V_0090.r24|2|1|RICH|650|0|2710|0000000000000000000000000000000000000000000000000000000000000000|DARK|1|650|DISP=ACCEPT_INSTALL|DETAIL=a19verify
0000000000000000000000000000000000000000000000000000000000000000|0000000000000000000000000000000000000000000000000000000000000000|0|3|rt4_TMB-5_A19V_0091.r24|2|1|RICH|650|0|2690|0000000000000000000000000000000000000000000000000000000000000000|DARK|1|650|DISP=ACCEPT_INSTALL|DETAIL=a19verify
0000000000000000000000000000000000000000000000000000000000000000|0000000000000000000000000000000000000000000000000000000000000000|0|3|rt4_TMB-5_A19V_0092.r24|2|1|RICH|661|0|2700|0000000000000000000000000000000000000000000000000000000000000000|DARK|1|661|DISP=ACCEPT_INSTALL|DETAIL=a19verify
0000000000000000000000000000000000000000000000000000000000000000|0000000000000000000000000000000000000000000000000000000000000000|0|3|rt4_TMB-5_A19V_0093.r24|2|1|RICH|659|0|2700|0000000000000000000000000000000000000000000000000000000000000000|DARK|1|659|DISP=ACCEPT_INSTALL|DETAIL=a19verify
0000000000000000000000000000000000000000000000000000000000000000|0000000000000000000000000000000000000000000000000000000000000000|0|3|rt4_TMB-5_A19V_0094.r24|2|1|RICH|660|0|2710|0000000000000000000000000000000000000000000000000000000000000000|DARK|1|660|DISP=ACCEPT_INSTALL|DETAIL=a19verify
0000000000000000000000000000000000000000000000000000000000000000|0000000000000000000000000000000000000000000000000000000000000000|0|3|rt4_TMB-5_A19V_0095.r24|2|1|RICH|660|0|2690|0000000000000000000000000000000000000000000000000000000000000000|DARK|1|660|DISP=ACCEPT_INSTALL|DETAIL=a19verify
0000000000000000000000000000000000000000000000000000000000000000|0000000000000000000000000000000000000000000000000000000000000000|0|3|rt4_TMB-5_A19V_0096.r24|2|1|RICH|671|0|2700|0000000000000000000000000000000000000000000000000000000000000000|DARK|1|671|DISP=ACCEPT_INSTALL|DETAIL=a19verify
0000000000000000000000000000000000000000000000000000000000000000|0000000000000000000000000000000000000000000000000000000000000000|0|3|rt4_TMB-5_A19V_0097.r24|2|1|RICH|669|0|2700|0000000000000000000000000000000000000000000000000000000000000000|DARK|1|669|DISP=ACCEPT_INSTALL|DETAIL=a19verify
0000000000000000000000000000000000000000000000000000000000000000|0000000000000000000000000000000000000000000000000000000000000000|0|3|rt4_TMB-5_A19V_0098.r24|2|1|RICH|670|0|2710|0000000000000000000000000000000000000000000000000000000000000000|DARK|1|670|DISP=ACCEPT_INSTALL|DETAIL=a19verify
0000000000000000000000000000000000000000000000000000000000000000|0000000000000000000000000000000000000000000000000000000000000000|0|3|rt4_TMB-5_A19V_0099.r24|2|1|RICH|670|0|2690|0000000000000000000000000000000000000000000000000000000000000000|DARK|1|670|DISP=ACCEPT_INSTALL|DETAIL=a19verify
0000000000000000000000000000000000000000000000000000000000000000|0000000000000000000000000000000000000000000000000000000000000000|0|3|rt4_TMB-5_A19V_0100.r24|2|1|RICH|681|0|2700|0000000000000000000000000000000000000000000000000000000000000000|DARK|1|681|DISP=ACCEPT_INSTALL|DETAIL=a19verify
0000000000000000000000000000000000000000000000000000000000000000|0000000000000000000000000000000000000000000000000000000000000000|0|3|rt4_TMB-5_A19V_0101.r24|2|1|RICH|679|0|2700|0000000000000000000000000000000000000000000000000000000000000000|DARK|1|679|DISP=ACCEPT_INSTALL|DETAIL=a19verify
0000000000000000000000000000000000000000000000000000000000000000|0000000000000000000000000000000000000000000000000000000000000000|0|3|rt4_TMB-5_A19V_0102.r24|2|1|RICH|680|0|2710|0000000000000000000000000000000000000000000000000000000000000000|DARK|1|680|DISP=ACCEPT_INSTALL|DETAIL=a19verify
0000000000000000000000000000000000000000000000000000000000000000|0000000000000000000000000000000000000000000000000000000000000000|0|3|rt4_TMB-5_A19V_0103.r24|2|1|RICH|680|0|2690|0000000000000000000000000000000000000000000000000000000000000000|DARK|1|680|DISP=ACCEPT_INSTALL|DETAIL=a19verify
0000000000000000000000000000000000000000000000000000000000000000|0000000000000000000000000000000000000000000000000000000000000000|0|3|rt4_TMB-5_A19V_0104.r24|2|1|RICH|691|0|2700|0000000000000000000000000000000000000000000000000000000000000000|DARK|1|691|DISP=ACCEPT_INSTALL|DETAIL=a19verify
0000000000000000000000000000000000000000000000000000000000000000|0000000000000000000000000000000000000000000000000000000000000000|0|3|rt4_TMB-5_A19V_0105.r24|2|1|RICH|689|0|2700|0000000000000000000000000000000000000000000000000000000000000000|DARK|1|689|DISP=ACCEPT_INSTALL|DETAIL=a19verify
0000000000000000000000000000000000000000000000000000000000000000|0000000000000000000000000000000000000000000000000000000000000000|0|3|rt4_TMB-5_A19V_0106.r24|2|1|RICH|690|0|2710|0000000000000000000000000000000000000000000000000000000000000000|DARK|1|690|DISP=ACCEPT_INSTALL|DETAIL=a19verify
0000000000000000000000000000000000000000000000000000000000000000|0000000000000000000000000000000000000000000000000000000000000000|0|3|rt4_TMB-5_A19V_0107.r24|2|1|RICH|690|0|2690|0000000000000000000000000000000000000000000000000000000000000000|DARK|1|690|DISP=ACCEPT_INSTALL|DETAIL=a19verify
0000000000000000000000000000000000000000000000000000000000000000|0000000000000000000000000000000000000000000000000000000000000000|0|3|rt4_TMB-5_A19V_0108.r24|2|1|RICH|701|0|2700|0000000000000000000000000000000000000000000000000000000000000000|DARK|1|701|DISP=ACCEPT_INSTALL|DETAIL=a19verify
0000000000000000000000000000000000000000000000000000000000000000|0000000000000000000000000000000000000000000000000000000000000000|0|3|rt4_TMB-5_A19V_0109.r24|2|1|RICH|699|0|2700|0000000000000000000000000000000000000000000000000000000000000000|DARK|1|699|DISP=ACCEPT_INSTALL|DETAIL=a19verify
0000000000000000000000000000000000000000000000000000000000000000|0000000000000000000000000000000000000000000000000000000000000000|0|3|rt4_TMB-5_A19V_0110.r24|2|1|RICH|700|0|2710|0000000000000000000000000000000000000000000000000000000000000000|DARK|1|700|DISP=ACCEPT_INSTALL|DETAIL=a19verify
0000000000000000000000000000000000000000000000000000000000000000|0000000000000000000000000000000000000000000000000000000000000000|0|3|rt4_TMB-5_A19V_0111.r24|2|1|RICH|700|0|2690|0000000000000000000000000000000000000000000000000000000000000000|DARK|1|700|DISP=ACCEPT_INSTALL|DETAIL=a19verify
0000000000000000000000000000000000000000000000000000000000000000|0000000000000000000000000000000000000000000000000000000000000000|0|3|rt4_TMB-5_A19V_0112.r24|2|1|RICH|711|0|2700|0000000000000000000000000000000000000000000000000000000000000000|DARK|1|711|DISP=ACCEPT_INSTALL|DETAIL=a19verify
0000000000000000000000000000000000000000000000000000000000000000|0000000000000000000000000000000000000000000000000000000000000000|0|3|rt4_TMB-5_A19V_0113.r24|2|1|RICH|709|0|2700|0000000000000000000000000000000000000000000000000000000000000000|DARK|1|709|DISP=ACCEPT_INSTALL|DETAIL=a19verify
0000000000000000000000000000000000000000000000000000000000000000|0000000000000000000000000000000000000000000000000000000000000000|0|3|rt4_TMB-5_A19V_0114.r24|2|1|RICH|710|0|2710|0000000000000000000000000000000000000000000000000000000000000000|DARK|1|710|DISP=ACCEPT_INSTALL|DETAIL=a19verify
0000000000000000000000000000000000000000000000000000000000000000|0000000000000000000000000000000000000000000000000000000000000000|0|3|rt4_TMB-5_A19V_0115.r24|2|1|RICH|710|0|2690|0000000000000000000000000000000000000000000000000000000000000000|DARK|1|710|DISP=ACCEPT_INSTALL|DETAIL=a19verify
0000000000000000000000000000000000000000000000000000000000000000|0000000000000000000000000000000000000000000000000000000000000000|0|3|rt4_TMB-5_A19V_0116.r24|2|1|RICH|721|0|2700|0000000000000000000000000000000000000000000000000000000000000000|DARK|1|721|DISP=ACCEPT_INSTALL|DETAIL=a19verify
0000000000000000000000000000000000000000000000000000000000000000|0000000000000000000000000000000000000000000000000000000000000000|0|3|rt4_TMB-5_A19V_0117.r24|2|1|RICH|719|0|2700|0000000000000000000000000000000000000000000000000000000000000000|DARK|1|719|DISP=ACCEPT_INSTALL|DETAIL=a19verify
0000000000000000000000000000000000000000000000000000000000000000|0000000000000000000000000000000000000000000000000000000000000000|0|3|rt4_TMB-5_A19V_0118.r24|2|1|RICH|720|0|2710|0000000000000000000000000000000000000000000000000000000000000000|DARK|1|720|DISP=ACCEPT_INSTALL|DETAIL=a19verify
0000000000000000000000000000000000000000000000000000000000000000|0000000000000000000000000000000000000000000000000000000000000000|0|3|rt4_TMB-5_A19V_0119.r24|2|1|RICH|720|0|2690|0000000000000000000000000000000000000000000000000000000000000000|DARK|1|720|DISP=ACCEPT_INSTALL|DETAIL=a19verify
0000000000000000000000000000000000000000000000000000000000000000|0000000000000000000000000000000000000000000000000000000000000000|0|3|rt4_TMB-5_A19V_0120.r24|2|1|RICH|731|0|2700|0000000000000000000000000000000000000000000000000000000000000000|DARK|1|731|DISP=ACCEPT_INSTALL|DETAIL=a19verify
0000000000000000000000000000000000000000000000000000000000000000|0000000000000000000000000000000000000000000000000000000000000000|0|3|rt4_TMB-5_A19V_0121.r24|2|1|RICH|729|0|2700|0000000000000000000000000000000000000000000000000000000000000000|DARK|1|729|DISP=ACCEPT_INSTALL|DETAIL=a19verify
0000000000000000000000000000000000000000000000000000000000000000|0000000000000000000000000000000000000000000000000000000000000000|0|3|rt4_TMB-5_A19V_0122.r24|2|1|RICH|730|0|2710|0000000000000000000000000000000000000000000000000000000000000000|DARK|1|730|DISP=ACCEPT_INSTALL|DETAIL=a19verify
0000000000000000000000000000000000000000000000000000000000000000|0000000000000000000000000000000000000000000000000000000000000000|0|3|rt4_TMB-5_A19V_0123.r24|2|1|RICH|730|0|2690|0000000000000000000000000000000000000000000000000000000000000000|DARK|1|730|DISP=ACCEPT_INSTALL|DETAIL=a19verify
0000000000000000000000000000000000000000000000000000000000000000|0000000000000000000000000000000000000000000000000000000000000000|0|3|rt4_TMB-5_A19V_0124.r24|2|1|RICH|741|0|2700|0000000000000000000000000000000000000000000000000000000000000000|DARK|1|741|DISP=ACCEPT_INSTALL|DETAIL=a19verify
0000000000000000000000000000000000000000000000000000000000000000|0000000000000000000000000000000000000000000000000000000000000000|0|3|rt4_TMB-5_A19V_0125.r24|2|1|RICH|739|0|2700|0000000000000000000000000000000000000000000000000000000000000000|DARK|1|739|DISP=ACCEPT_INSTALL|DETAIL=a19verify
0000000000000000000000000000000000000000000000000000000000000000|0000000000000000000000000000000000000000000000000000000000000000|0|3|rt4_TMB-5_A19V_0126.r24|2|1|RICH|740|0|2710|0000000000000000000000000000000000000000000000000000000000000000|DARK|1|740|DISP=ACCEPT_INSTALL|DETAIL=a19verify
0000000000000000000000000000000000000000000000000000000000000000|0000000000000000000000000000000000000000000000000000000000000000|0|3|rt4_TMB-5_A19V_0127.r24|2|1|RICH|740|0|2690|0000000000000000000000000000000000000000000000000000000000000000|DARK|1|740|DISP=ACCEPT_INSTALL|DETAIL=a19verify
0000000000000000000000000000000000000000000000000000000000000000|0000000000000000000000000000000000000000000000000000000000000000|0|3|rt4_TMB-5_A19V_0128.r24|2|1|RICH|751|0|2700|0000000000000000000000000000000000000000000000000000000000000000|DARK|1|751|DISP=ACCEPT_INSTALL|DETAIL=a19verify
0000000000000000000000000000000000000000000000000000000000000000|0000000000000000000000000000000000000000000000000000000000000000|0|3|rt4_TMB-5_A19V_0129.r24|2|1|RICH|749|0|2700|0000000000000000000000000000000000000000000000000000000000000000|DARK|1|749|DISP=ACCEPT_INSTALL|DETAIL=a19verify
0000000000000000000000000000000000000000000000000000000000000000|0000000000000000000000000000000000000000000000000000000000000000|0|3|rt4_TMB-5_A19V_0130.r24|2|1|RICH|750|0|2710|0000000000000000000000000000000000000000000000000000000000000000|DARK|1|750|DISP=ACCEPT_INSTALL|DETAIL=a19verify
0000000000000000000000000000000000000000000000000000000000000000|0000000000000000000000000000000000000000000000000000000000000000|0|3|rt4_TMB-5_A19V_0131.r24|2|1|RICH|750|0|2690|0000000000000000000000000000000000000000000000000000000000000000|DARK|1|750|DISP=ACCEPT_INSTALL|DETAIL=a19verify
0000000000000000000000000000000000000000000000000000000000000000|0000000000000000000000000000000000000000000000000000000000000000|0|3|rt4_TMB-5_A19V_0132.r24|2|1|RICH|761|0|2700|0000000000000000000000000000000000000000000000000000000000000000|DARK|1|761|DISP=ACCEPT_INSTALL|DETAIL=a19verify
0000000000000000000000000000000000000000000000000000000000000000|0000000000000000000000000000000000000000000000000000000000000000|0|3|rt4_TMB-5_A19V_0133.r24|2|1|RICH|759|0|2700|0000000000000000000000000000000000000000000000000000000000000000|DARK|1|759|DISP=ACCEPT_INSTALL|DETAIL=a19verify
0000000000000000000000000000000000000000000000000000000000000000|0000000000000000000000000000000000000000000000000000000000000000|0|3|rt4_TMB-5_A19V_0134.r24|2|1|RICH|760|0|2710|0000000000000000000000000000000000000000000000000000000000000000|DARK|1|760|DISP=ACCEPT_INSTALL|DETAIL=a19verify
0000000000000000000000000000000000000000000000000000000000000000|0000000000000000000000000000000000000000000000000000000000000000|0|3|rt4_TMB-5_A19V_0135.r24|2|1|RICH|760|0|2690|0000000000000000000000000000000000000000000000000000000000000000|DARK|1|760|DISP=ACCEPT_INSTALL|DETAIL=a19verify
0000000000000000000000000000000000000000000000000000000000000000|0000000000000000000000000000000000000000000000000000000000000000|0|3|rt4_TMB-5_A19V_0136.r24|2|1|RICH|771|0|2700|0000000000000000000000000000000000000000000000000000000000000000|DARK|1|771|DISP=ACCEPT_INSTALL|DETAIL=a19verify
0000000000000000000000000000000000000000000000000000000000000000|0000000000000000000000000000000000000000000000000000000000000000|0|3|rt4_TMB-5_A19V_0137.r24|2|1|RICH|769|0|2700|0000000000000000000000000000000000000000000000000000000000000000|DARK|1|769|DISP=ACCEPT_INSTALL|DETAIL=a19verify
0000000000000000000000000000000000000000000000000000000000000000|0000000000000000000000000000000000000000000000000000000000000000|0|3|rt4_TMB-5_A19V_0138.r24|2|1|RICH|770|0|2710|0000000000000000000000000000000000000000000000000000000000000000|DARK|1|770|DISP=ACCEPT_INSTALL|DETAIL=a19verify
0000000000000000000000000000000000000000000000000000000000000000|0000000000000000000000000000000000000000000000000000000000000000|0|3|rt4_TMB-5_A19V_0139.r24|2|1|RICH|770|0|2690|0000000000000000000000000000000000000000000000000000000000000000|DARK|1|770|DISP=ACCEPT_INSTALL|DETAIL=a19verify
0000000000000000000000000000000000000000000000000000000000000000|0000000000000000000000000000000000000000000000000000000000000000|0|3|rt4_TMB-5_A19V_0140.r24|2|1|RICH|781|0|2700|0000000000000000000000000000000000000000000000000000000000000000|DARK|1|781|DISP=ACCEPT_INSTALL|DETAIL=a19verify
0000000000000000000000000000000000000000000000000000000000000000|0000000000000000000000000000000000000000000000000000000000000000|0|3|rt4_TMB-5_A19V_0141.r24|2|1|RICH|779|0|2700|0000000000000000000000000000000000000000000000000000000000000000|DARK|1|779|DISP=ACCEPT_INSTALL|DETAIL=a19verify
0000000000000000000000000000000000000000000000000000000000000000|0000000000000000000000000000000000000000000000000000000000000000|0|3|rt4_TMB-5_A19V_0142.r24|2|1|RICH|780|0|2710|0000000000000000000000000000000000000000000000000000000000000000|DARK|1|780|DISP=ACCEPT_INSTALL|DETAIL=a19verify
0000000000000000000000000000000000000000000000000000000000000000|0000000000000000000000000000000000000000000000000000000000000000|0|3|rt4_TMB-5_A19V_0143.r24|2|1|RICH|780|0|2690|0000000000000000000000000000000000000000000000000000000000000000|DARK|1|780|DISP=ACCEPT_INSTALL|DETAIL=a19verify
0000000000000000000000000000000000000000000000000000000000000000|0000000000000000000000000000000000000000000000000000000000000000|0|3|rt4_TMB-5_A19V_0144.r24|2|1|RICH|791|0|2700|0000000000000000000000000000000000000000000000000000000000000000|DARK|1|791|DISP=ACCEPT_INSTALL|DETAIL=a19verify
0000000000000000000000000000000000000000000000000000000000000000|0000000000000000000000000000000000000000000000000000000000000000|0|3|rt4_TMB-5_A19V_0145.r24|2|1|RICH|789|0|2700|0000000000000000000000000000000000000000000000000000000000000000|DARK|1|789|DISP=ACCEPT_INSTALL|DETAIL=a19verify
0000000000000000000000000000000000000000000000000000000000000000|0000000000000000000000000000000000000000000000000000000000000000|0|3|rt4_TMB-5_A19V_0146.r24|2|1|RICH|790|0|2710|0000000000000000000000000000000000000000000000000000000000000000|DARK|1|790|DISP=ACCEPT_INSTALL|DETAIL=a19verify
0000000000000000000000000000000000000000000000000000000000000000|0000000000000000000000000000000000000000000000000000000000000000|0|3|rt4_TMB-5_A19V_0147.r24|2|1|RICH|790|0|2690|0000000000000000000000000000000000000000000000000000000000000000|DARK|1|790|DISP=ACCEPT_INSTALL|DETAIL=a19verify
0000000000000000000000000000000000000000000000000000000000000000|0000000000000000000000000000000000000000000000000000000000000000|0|3|rt4_TMB-5_A19V_0148.r24|2|1|RICH|801|0|2700|0000000000000000000000000000000000000000000000000000000000000000|DARK|1|801|DISP=ACCEPT_INSTALL|DETAIL=a19verify
0000000000000000000000000000000000000000000000000000000000000000|0000000000000000000000000000000000000000000000000000000000000000|0|3|rt4_TMB-5_A19V_0149.r24|2|1|RICH|799|0|2700|0000000000000000000000000000000000000000000000000000000000000000|DARK|1|799|DISP=ACCEPT_INSTALL|DETAIL=a19verify
0000000000000000000000000000000000000000000000000000000000000000|0000000000000000000000000000000000000000000000000000000000000000|0|3|rt4_TMB-5_A19V_0150.r24|2|1|RICH|800|0|2710|0000000000000000000000000000000000000000000000000000000000000000|DARK|1|800|DISP=ACCEPT_INSTALL|DETAIL=a19verify
0000000000000000000000000000000000000000000000000000000000000000|0000000000000000000000000000000000000000000000000000000000000000|0|3|rt4_TMB-5_A19V_0151.r24|2|1|RICH|800|0|2690|0000000000000000000000000000000000000000000000000000000000000000|DARK|1|800|DISP=ACCEPT_INSTALL|DETAIL=a19verify
0000000000000000000000000000000000000000000000000000000000000000|0000000000000000000000000000000000000000000000000000000000000000|0|3|rt4_TMB-5_A19V_0152.r24|2|1|RICH|811|0|2700|0000000000000000000000000000000000000000000000000000000000000000|DARK|1|811|DISP=ACCEPT_INSTALL|DETAIL=a19verify
0000000000000000000000000000000000000000000000000000000000000000|0000000000000000000000000000000000000000000000000000000000000000|0|3|rt4_TMB-5_A19V_0153.r24|2|1|RICH|809|0|2700|0000000000000000000000000000000000000000000000000000000000000000|DARK|1|809|DISP=ACCEPT_INSTALL|DETAIL=a19verify
0000000000000000000000000000000000000000000000000000000000000000|0000000000000000000000000000000000000000000000000000000000000000|0|3|rt4_TMB-5_A19V_0154.r24|2|1|RICH|810|0|2710|0000000000000000000000000000000000000000000000000000000000000000|DARK|1|810|DISP=ACCEPT_INSTALL|DETAIL=a19verify
0000000000000000000000000000000000000000000000000000000000000000|0000000000000000000000000000000000000000000000000000000000000000|0|3|rt4_TMB-5_A19V_0155.r24|2|1|RICH|810|0|2690|0000000000000000000000000000000000000000000000000000000000000000|DARK|1|810|DISP=ACCEPT_INSTALL|DETAIL=a19verify
0000000000000000000000000000000000000000000000000000000000000000|0000000000000000000000000000000000000000000000000000000000000000|0|3|rt4_TMB-5_A19V_0156.r24|2|1|RICH|821|0|2700|0000000000000000000000000000000000000000000000000000000000000000|DARK|1|821|DISP=ACCEPT_INSTALL|DETAIL=a19verify
0000000000000000000000000000000000000000000000000000000000000000|0000000000000000000000000000000000000000000000000000000000000000|0|3|rt4_TMB-5_A19V_0157.r24|2|1|RICH|819|0|2700|0000000000000000000000000000000000000000000000000000000000000000|DARK|1|819|DISP=ACCEPT_INSTALL|DETAIL=a19verify
0000000000000000000000000000000000000000000000000000000000000000|0000000000000000000000000000000000000000000000000000000000000000|0|3|rt4_TMB-5_A19V_0158.r24|2|1|RICH|820|0|2710|0000000000000000000000000000000000000000000000000000000000000000|DARK|1|820|DISP=ACCEPT_INSTALL|DETAIL=a19verify
0000000000000000000000000000000000000000000000000000000000000000|0000000000000000000000000000000000000000000000000000000000000000|0|3|rt4_TMB-5_A19V_0159.r24|2|1|RICH|820|0|2690|0000000000000000000000000000000000000000000000000000000000000000|DARK|1|820|DISP=ACCEPT_INSTALL|DETAIL=a19verify
0000000000000000000000000000000000000000000000000000000000000000|0000000000000000000000000000000000000000000000000000000000000000|0|3|rt4_TMB-5_A19V_0160.r24|2|1|RICH|831|0|2700|0000000000000000000000000000000000000000000000000000000000000000|DARK|1|831|DISP=ACCEPT_INSTALL|DETAIL=a19verify
0000000000000000000000000000000000000000000000000000000000000000|0000000000000000000000000000000000000000000000000000000000000000|0|3|rt4_TMB-5_A19V_0161.r24|2|1|RICH|829|0|2700|0000000000000000000000000000000000000000000000000000000000000000|DARK|1|829|DISP=ACCEPT_INSTALL|DETAIL=a19verify
0000000000000000000000000000000000000000000000000000000000000000|0000000000000000000000000000000000000000000000000000000000000000|0|3|rt4_TMB-5_A19V_0162.r24|2|1|RICH|830|0|2710|0000000000000000000000000000000000000000000000000000000000000000|DARK|1|830|DISP=ACCEPT_INSTALL|DETAIL=a19verify
0000000000000000000000000000000000000000000000000000000000000000|0000000000000000000000000000000000000000000000000000000000000000|0|3|rt4_TMB-5_A19V_0163.r24|2|1|RICH|830|0|2690|0000000000000000000000000000000000000000000000000000000000000000|DARK|1|830|DISP=ACCEPT_INSTALL|DETAIL=a19verify
0000000000000000000000000000000000000000000000000000000000000000|0000000000000000000000000000000000000000000000000000000000000000|0|3|rt4_TMB-5_A19V_0164.r24|2|1|RICH|841|0|2700|0000000000000000000000000000000000000000000000000000000000000000|DARK|1|841|DISP=ACCEPT_INSTALL|DETAIL=a19verify
0000000000000000000000000000000000000000000000000000000000000000|0000000000000000000000000000000000000000000000000000000000000000|0|3|rt4_TMB-5_A19V_0165.r24|2|1|RICH|839|0|2700|0000000000000000000000000000000000000000000000000000000000000000|DARK|1|839|DISP=ACCEPT_INSTALL|DETAIL=a19verify
0000000000000000000000000000000000000000000000000000000000000000|0000000000000000000000000000000000000000000000000000000000000000|0|3|rt4_TMB-5_A19V_0166.r24|2|1|RICH|840|0|2710|0000000000000000000000000000000000000000000000000000000000000000|DARK|1|840|DISP=ACCEPT_INSTALL|DETAIL=a19verify
0000000000000000000000000000000000000000000000000000000000000000|0000000000000000000000000000000000000000000000000000000000000000|0|3|rt4_TMB-5_A19V_0167.r24|2|1|RICH|840|0|2690|0000000000000000000000000000000000000000000000000000000000000000|DARK|1|840|DISP=ACCEPT_INSTALL|DETAIL=a19verify
0000000000000000000000000000000000000000000000000000000000000000|0000000000000000000000000000000000000000000000000000000000000000|0|3|rt4_TMB-5_A19V_0168.r24|2|1|RICH|851|0|2700|0000000000000000000000000000000000000000000000000000000000000000|DARK|1|851|DISP=ACCEPT_INSTALL|DETAIL=a19verify
0000000000000000000000000000000000000000000000000000000000000000|0000000000000000000000000000000000000000000000000000000000000000|0|3|rt4_TMB-5_A19V_0169.r24|2|1|RICH|849|0|2700|0000000000000000000000000000000000000000000000000000000000000000|DARK|1|849|DISP=ACCEPT_INSTALL|DETAIL=a19verify
0000000000000000000000000000000000000000000000000000000000000000|0000000000000000000000000000000000000000000000000000000000000000|0|3|rt4_TMB-5_A19V_0170.r24|2|1|RICH|850|0|2710|0000000000000000000000000000000000000000000000000000000000000000|DARK|1|850|DISP=ACCEPT_INSTALL|DETAIL=a19verify
0000000000000000000000000000000000000000000000000000000000000000|0000000000000000000000000000000000000000000000000000000000000000|0|3|rt4_TMB-5_A19V_0171.r24|2|1|RICH|850|0|2690|0000000000000000000000000000000000000000000000000000000000000000|DARK|1|850|DISP=ACCEPT_INSTALL|DETAIL=a19verify
0000000000000000000000000000000000000000000000000000000000000000|0000000000000000000000000000000000000000000000000000000000000000|0|3|rt4_TMB-5_A19V_0172.r24|2|1|RICH|861|0|2700|0000000000000000000000000000000000000000000000000000000000000000|DARK|1|861|DISP=ACCEPT_INSTALL|DETAIL=a19verify
0000000000000000000000000000000000000000000000000000000000000000|0000000000000000000000000000000000000000000000000000000000000000|0|3|rt4_TMB-5_A19V_0173.r24|2|1|RICH|859|0|2700|0000000000000000000000000000000000000000000000000000000000000000|DARK|1|859|DISP=ACCEPT_INSTALL|DETAIL=a19verify
0000000000000000000000000000000000000000000000000000000000000000|0000000000000000000000000000000000000000000000000000000000000000|0|3|rt4_TMB-5_A19V_0174.r24|2|1|RICH|860|0|2710|0000000000000000000000000000000000000000000000000000000000000000|DARK|1|860|DISP=ACCEPT_INSTALL|DETAIL=a19verify
0000000000000000000000000000000000000000000000000000000000000000|0000000000000000000000000000000000000000000000000000000000000000|0|3|rt4_TMB-5_A19V_0175.r24|2|1|RICH|860|0|2690|0000000000000000000000000000000000000000000000000000000000000000|DARK|1|860|DISP=ACCEPT_INSTALL|DETAIL=a19verify
0000000000000000000000000000000000000000000000000000000000000000|0000000000000000000000000000000000000000000000000000000000000000|0|3|rt4_TMB-5_A19V_0176.r24|2|1|RICH|651|0|3200|0000000000000000000000000000000000000000000000000000000000000000|DARK|1|651|DISP=ACCEPT_INSTALL|DETAIL=a19verify
0000000000000000000000000000000000000000000000000000000000000000|0000000000000000000000000000000000000000000000000000000000000000|0|3|rt4_TMB-5_A19V_0177.r24|2|1|RICH|649|0|3200|0000000000000000000000000000000000000000000000000000000000000000|DARK|1|649|DISP=ACCEPT_INSTALL|DETAIL=a19verify
0000000000000000000000000000000000000000000000000000000000000000|0000000000000000000000000000000000000000000000000000000000000000|0|3|rt4_TMB-5_A19V_0178.r24|2|1|RICH|650|0|3210|0000000000000000000000000000000000000000000000000000000000000000|DARK|1|650|DISP=ACCEPT_INSTALL|DETAIL=a19verify
0000000000000000000000000000000000000000000000000000000000000000|0000000000000000000000000000000000000000000000000000000000000000|0|3|rt4_TMB-5_A19V_0179.r24|2|1|RICH|650|0|3190|0000000000000000000000000000000000000000000000000000000000000000|DARK|1|650|DISP=ACCEPT_INSTALL|DETAIL=a19verify
0000000000000000000000000000000000000000000000000000000000000000|0000000000000000000000000000000000000000000000000000000000000000|0|3|rt4_TMB-5_A19V_0180.r24|2|1|RICH|661|0|3200|0000000000000000000000000000000000000000000000000000000000000000|DARK|1|661|DISP=ACCEPT_INSTALL|DETAIL=a19verify
0000000000000000000000000000000000000000000000000000000000000000|0000000000000000000000000000000000000000000000000000000000000000|0|3|rt4_TMB-5_A19V_0181.r24|2|1|RICH|659|0|3200|0000000000000000000000000000000000000000000000000000000000000000|DARK|1|659|DISP=ACCEPT_INSTALL|DETAIL=a19verify
0000000000000000000000000000000000000000000000000000000000000000|0000000000000000000000000000000000000000000000000000000000000000|0|3|rt4_TMB-5_A19V_0182.r24|2|1|RICH|660|0|3210|0000000000000000000000000000000000000000000000000000000000000000|DARK|1|660|DISP=ACCEPT_INSTALL|DETAIL=a19verify
0000000000000000000000000000000000000000000000000000000000000000|0000000000000000000000000000000000000000000000000000000000000000|0|3|rt4_TMB-5_A19V_0183.r24|2|1|RICH|660|0|3190|0000000000000000000000000000000000000000000000000000000000000000|DARK|1|660|DISP=ACCEPT_INSTALL|DETAIL=a19verify
0000000000000000000000000000000000000000000000000000000000000000|0000000000000000000000000000000000000000000000000000000000000000|0|3|rt4_TMB-5_A19V_0184.r24|2|1|RICH|671|0|3200|0000000000000000000000000000000000000000000000000000000000000000|DARK|1|671|DISP=ACCEPT_INSTALL|DETAIL=a19verify
0000000000000000000000000000000000000000000000000000000000000000|0000000000000000000000000000000000000000000000000000000000000000|0|3|rt4_TMB-5_A19V_0185.r24|2|1|RICH|669|0|3200|0000000000000000000000000000000000000000000000000000000000000000|DARK|1|669|DISP=ACCEPT_INSTALL|DETAIL=a19verify
0000000000000000000000000000000000000000000000000000000000000000|0000000000000000000000000000000000000000000000000000000000000000|0|3|rt4_TMB-5_A19V_0186.r24|2|1|RICH|670|0|3210|0000000000000000000000000000000000000000000000000000000000000000|DARK|1|670|DISP=ACCEPT_INSTALL|DETAIL=a19verify
0000000000000000000000000000000000000000000000000000000000000000|0000000000000000000000000000000000000000000000000000000000000000|0|3|rt4_TMB-5_A19V_0187.r24|2|1|RICH|670|0|3190|0000000000000000000000000000000000000000000000000000000000000000|DARK|1|670|DISP=ACCEPT_INSTALL|DETAIL=a19verify
0000000000000000000000000000000000000000000000000000000000000000|0000000000000000000000000000000000000000000000000000000000000000|0|3|rt4_TMB-5_A19V_0188.r24|2|1|RICH|681|0|3200|0000000000000000000000000000000000000000000000000000000000000000|DARK|1|681|DISP=ACCEPT_INSTALL|DETAIL=a19verify
0000000000000000000000000000000000000000000000000000000000000000|0000000000000000000000000000000000000000000000000000000000000000|0|3|rt4_TMB-5_A19V_0189.r24|2|1|RICH|679|0|3200|0000000000000000000000000000000000000000000000000000000000000000|DARK|1|679|DISP=ACCEPT_INSTALL|DETAIL=a19verify
0000000000000000000000000000000000000000000000000000000000000000|0000000000000000000000000000000000000000000000000000000000000000|0|3|rt4_TMB-5_A19V_0190.r24|2|1|RICH|680|0|3210|0000000000000000000000000000000000000000000000000000000000000000|DARK|1|680|DISP=ACCEPT_INSTALL|DETAIL=a19verify
0000000000000000000000000000000000000000000000000000000000000000|0000000000000000000000000000000000000000000000000000000000000000|0|3|rt4_TMB-5_A19V_0191.r24|2|1|RICH|680|0|3190|0000000000000000000000000000000000000000000000000000000000000000|DARK|1|680|DISP=ACCEPT_INSTALL|DETAIL=a19verify
0000000000000000000000000000000000000000000000000000000000000000|0000000000000000000000000000000000000000000000000000000000000000|0|3|rt4_TMB-5_A19V_0192.r24|2|1|RICH|691|0|3200|0000000000000000000000000000000000000000000000000000000000000000|DARK|1|691|DISP=ACCEPT_INSTALL|DETAIL=a19verify
0000000000000000000000000000000000000000000000000000000000000000|0000000000000000000000000000000000000000000000000000000000000000|0|3|rt4_TMB-5_A19V_0193.r24|2|1|RICH|689|0|3200|0000000000000000000000000000000000000000000000000000000000000000|DARK|1|689|DISP=ACCEPT_INSTALL|DETAIL=a19verify
0000000000000000000000000000000000000000000000000000000000000000|0000000000000000000000000000000000000000000000000000000000000000|0|3|rt4_TMB-5_A19V_0194.r24|2|1|RICH|690|0|3210|0000000000000000000000000000000000000000000000000000000000000000|DARK|1|690|DISP=ACCEPT_INSTALL|DETAIL=a19verify
0000000000000000000000000000000000000000000000000000000000000000|0000000000000000000000000000000000000000000000000000000000000000|0|3|rt4_TMB-5_A19V_0195.r24|2|1|RICH|690|0|3190|0000000000000000000000000000000000000000000000000000000000000000|DARK|1|690|DISP=ACCEPT_INSTALL|DETAIL=a19verify
0000000000000000000000000000000000000000000000000000000000000000|0000000000000000000000000000000000000000000000000000000000000000|0|3|rt4_TMB-5_A19V_0196.r24|2|1|RICH|701|0|3200|0000000000000000000000000000000000000000000000000000000000000000|DARK|1|701|DISP=ACCEPT_INSTALL|DETAIL=a19verify
0000000000000000000000000000000000000000000000000000000000000000|0000000000000000000000000000000000000000000000000000000000000000|0|3|rt4_TMB-5_A19V_0197.r24|2|1|RICH|699|0|3200|0000000000000000000000000000000000000000000000000000000000000000|DARK|1|699|DISP=ACCEPT_INSTALL|DETAIL=a19verify
0000000000000000000000000000000000000000000000000000000000000000|0000000000000000000000000000000000000000000000000000000000000000|0|3|rt4_TMB-5_A19V_0198.r24|2|1|RICH|700|0|3210|0000000000000000000000000000000000000000000000000000000000000000|DARK|1|700|DISP=ACCEPT_INSTALL|DETAIL=a19verify
0000000000000000000000000000000000000000000000000000000000000000|0000000000000000000000000000000000000000000000000000000000000000|0|3|rt4_TMB-5_A19V_0199.r24|2|1|RICH|700|0|3190|0000000000000000000000000000000000000000000000000000000000000000|DARK|1|700|DISP=ACCEPT_INSTALL|DETAIL=a19verify
