0000000000000000000000000000000000000000000000000000000000000000|0000000000000000000000000000000000000000000000000000000000000000|0|3|rt4_TMB-5_A17F_0000.r24|2|1|RICH|690|0|2200|0000000000000000000000000000000000000000000000000000000000000000|DARK|1|690|DISP=ACCEPT_INSTALL|DETAIL=a17f
0000000000000000000000000000000000000000000000000000000000000000|0000000000000000000000000000000000000000000000000000000000000000|0|3|rt4_TMB-5_A17F_0001.r24|2|1|RICH|696|0|2200|0000000000000000000000000000000000000000000000000000000000000000|DARK|1|696|DISP=ACCEPT_INSTALL|DETAIL=a17f
0000000000000000000000000000000000000000000000000000000000000000|0000000000000000000000000000000000000000000000000000000000000000|0|3|rt4_TMB-5_A17F_0002.r24|2|1|RICH|702|0|2200|0000000000000000000000000000000000000000000000000000000000000000|DARK|1|702|DISP=ACCEPT_INSTALL|DETAIL=a17f
0000000000000000000000000000000000000000000000000000000000000000|0000000000000000000000000000000000000000000000000000000000000000|0|3|rt4_TMB-5_A17F_0003.r24|2|1|RICH|708|0|2200|0000000000000000000000000000000000000000000000000000000000000000|DARK|1|708|DISP=ACCEPT_INSTALL|DETAIL=a17f
0000000000000000000000000000000000000000000000000000000000000000|0000000000000000000000000000000000000000000000000000000000000000|0|3|rt4_TMB-5_A17F_0004.r24|2|1|RICH|714|0|2200|0000000000000000000000000000000000000000000000000000000000000000|DARK|1|714|DISP=ACCEPT_INSTALL|DETAIL=a17f
0000000000000000000000000000000000000000000000000000000000000000|0000000000000000000000000000000000000000000000000000000000000000|0|3|rt4_TMB-5_A17F_0005.r24|2|1|RICH|720|0|2200|0000000000000000000000000000000000000000000000000000000000000000|DARK|1|720|DISP=ACCEPT_INSTALL|DETAIL=a17f
0000000000000000000000000000000000000000000000000000000000000000|0000000000000000000000000000000000000000000000000000000000000000|0|3|rt4_TMB-5_A17F_0006.r24|2|1|RICH|726|0|2200|0000000000000000000000000000000000000000000000000000000000000000|DARK|1|726|DISP=ACCEPT_INSTALL|DETAIL=a17f
0000000000000000000000000000000000000000000000000000000000000000|0000000000000000000000000000000000000000000000000000000000000000|0|3|rt4_TMB-5_A17F_0007.r24|2|1|RICH|646|0|2700|0000000000000000000000000000000000000000000000000000000000000000|DARK|1|646|DISP=ACCEPT_INSTALL|DETAIL=a17f
0000000000000000000000000000000000000000000000000000000000000000|0000000000000000000000000000000000000000000000000000000000000000|0|3|rt4_TMB-5_A17F_0008.r24|2|1|RICH|652|0|2700|0000000000000000000000000000000000000000000000000000000000000000|DARK|1|652|DISP=ACCEPT_INSTALL|DETAIL=a17f
0000000000000000000000000000000000000000000000000000000000000000|0000000000000000000000000000000000000000000000000000000000000000|0|3|rt4_TMB-5_A17F_0009.r24|2|1|RICH|658|0|2700|0000000000000000000000000000000000000000000000000000000000000000|DARK|1|658|DISP=ACCEPT_INSTALL|DETAIL=a17f
0000000000000000000000000000000000000000000000000000000000000000|0000000000000000000000000000000000000000000000000000000000000000|0|3|rt4_TMB-5_A17F_0010.r24|2|1|RICH|664|0|2700|0000000000000000000000000000000000000000000000000000000000000000|DARK|1|664|DISP=ACCEPT_INSTALL|DETAIL=a17f
0000000000000000000000000000000000000000000000000000000000000000|0000000000000000000000000000000000000000000000000000000000000000|0|3|rt4_TMB-5_A17F_0011.r24|2|1|RICH|670|0|2700|0000000000000000000000000000000000000000000000000000000000000000|DARK|1|670|DISP=ACCEPT_INSTALL|DETAIL=a17f
0000000000000000000000000000000000000000000000000000000000000000|0000000000000000000000000000000000000000000000000000000000000000|0|3|rt4_TMB-5_A17F_0012.r24|2|1|RICH|676|0|2700|0000000000000000000000000000000000000000000000000000000000000000|DARK|1|676|DISP=ACCEPT_INSTALL|DETAIL=a17f
0000000000000000000000000000000000000000000000000000000000000000|0000000000000000000000000000000000000000000000000000000000000000|0|3|rt4_TMB-5_A17F_0013.r24|2|1|RICH|682|0|2700|0000000000000000000000000000000000000000000000000000000000000000|DARK|1|682|DISP=ACCEPT_INSTALL|DETAIL=a17f
0000000000000000000000000000000000000000000000000000000000000000|0000000000000000000000000000000000000000000000000000000000000000|0|3|rt4_TMB-5_A17F_0014.r24|2|1|RICH|688|0|2700|0000000000000000000000000000000000000000000000000000000000000000|DARK|1|688|DISP=ACCEPT_INSTALL|DETAIL=a17f
0000000000000000000000000000000000000000000000000000000000000000|0000000000000000000000000000000000000000000000000000000000000000|0|3|rt4_TMB-5_A17F_0015.r24|2|1|RICH|694|0|2700|0000000000000000000000000000000000000000000000000000000000000000|DARK|1|694|DISP=ACCEPT_INSTALL|DETAIL=a17f
0000000000000000000000000000000000000000000000000000000000000000|0000000000000000000000000000000000000000000000000000000000000000|0|3|rt4_TMB-5_A17F_0016.r24|2|1|RICH|700|0|2700|0000000000000000000000000000000000000000000000000000000000000000|DARK|1|700|DISP=ACCEPT_INSTALL|DETAIL=a17f
0000000000000000000000000000000000000000000000000000000000000000|0000000000000000000000000000000000000000000000000000000000000000|0|3|rt4_TMB-5_A17F_0017.r24|2|1|RICH|706|0|2700|0000000000000000000000000000000000000000000000000000000000000000|DARK|1|706|DISP=ACCEPT_INSTALL|DETAIL=a17f
0000000000000000000000000000000000000000000000000000000000000000|0000000000000000000000000000000000000000000000000000000000000000|0|3|rt4_TMB-5_A17F_0018.r24|2|1|RICH|712|0|2700|0000000000000000000000000000000000000000000000000000000000000000|DARK|1|712|DISP=ACCEPT_INSTALL|DETAIL=a17f
0000000000000000000000000000000000000000000000000000000000000000|0000000000000000000000000000000000000000000000000000000000000000|0|3|rt4_TMB-5_A17F_0019.r24|2|1|RICH|718|0|2700|0000000000000000000000000000000000000000000000000000000000000000|DARK|1|718|DISP=ACCEPT_INSTALL|DETAIL=a17f
0000000000000000000000000000000000000000000000000000000000000000|0000000000000000000000000000000000000000000000000000000000000000|0|3|rt4_TMB-5_A17F_0020.r24|2|1|RICH|724|0|2700|0000000000000000000000000000000000000000000000000000000000000000|DARK|1|724|DISP=ACCEPT_INSTALL|DETAIL=a17f
0000000000000000000000000000000000000000000000000000000000000000|0000000000000000000000000000000000000000000000000000000000000000|0|3|rt4_TMB-5_A17F_0021.r24|2|1|RICH|730|0|2700|0000000000000000000000000000000000000000000000000000000000000000|DARK|1|730|DISP=ACCEPT_INSTALL|DETAIL=a17f
0000000000000000000000000000000000000000000000000000000000000000|0000000000000000000000000000000000000000000000000000000000000000|0|3|rt4_TMB-5_A17F_0022.r24|2|1|RICH|736|0|2700|0000000000000000000000000000000000000000000000000000000000000000|DARK|1|736|DISP=ACCEPT_INSTALL|DETAIL=a17f
0000000000000000000000000000000000000000000000000000000000000000|0000000000000000000000000000000000000000000000000000000000000000|0|3|rt4_TMB-5_A17F_0023.r24|2|1|RICH|742|0|2700|0000000000000000000000000000000000000000000000000000000000000000|DARK|1|742|DISP=ACCEPT_INSTALL|DETAIL=a17f
0000000000000000000000000000000000000000000000000000000000000000|0000000000000000000000000000000000000000000000000000000000000000|0|3|rt4_TMB-5_A17F_0024.r24|2|1|RICH|748|0|2700|0000000000000000000000000000000000000000000000000000000000000000|DARK|1|748|DISP=ACCEPT_INSTALL|DETAIL=a17f
0000000000000000000000000000000000000000000000000000000000000000|0000000000000000000000000000000000000000000000000000000000000000|0|3|rt4_TMB-5_A17F_0025.r24|2|1|RICH|754|0|2700|0000000000000000000000000000000000000000000000000000000000000000|DARK|1|754|DISP=ACCEPT_INSTALL|DETAIL=a17f
0000000000000000000000000000000000000000000000000000000000000000|0000000000000000000000000000000000000000000000000000000000000000|0|3|rt4_TMB-5_A17F_0026.r24|2|1|RICH|760|0|2700|0000000000000000000000000000000000000000000000000000000000000000|DARK|1|760|DISP=ACCEPT_INSTALL|DETAIL=a17f
0000000000000000000000000000000000000000000000000000000000000000|0000000000000000000000000000000000000000000000000000000000000000|0|3|rt4_TMB-5_A17F_0027.r24|2|1|RICH|766|0|2700|0000000000000000000000000000000000000000000000000000000000000000|DARK|1|766|DISP=ACCEPT_INSTALL|DETAIL=a17f
0000000000000000000000000000000000000000000000000000000000000000|0000000000000000000000000000000000000000000000000000000000000000|0|3|rt4_TMB-5_A17F_0028.r24|2|1|RICH|772|0|2700|0000000000000000000000000000000000000000000000000000000000000000|DARK|1|772|DISP=ACCEPT_INSTALL|DETAIL=a17f
0000000000000000000000000000000000000000000000000000000000000000|0000000000000000000000000000000000000000000000000000000000000000|0|3|rt4_TMB-5_A17F_0029.r24|2|1|RICH|778|0|2700|0000000000000000000000000000000000000000000000000000000000000000|DARK|1|778|DISP=ACCEPT_INSTALL|DETAIL=a17f
0000000000000000000000000000000000000000000000000000000000000000|0000000000000000000000000000000000000000000000000000000000000000|0|3|rt4_TMB-5_A17F_0030.r24|2|1|RICH|784|0|2700|0000000000000000000000000000000000000000000000000000000000000000|DARK|1|784|DISP=ACCEPT_INSTALL|DETAIL=a17f
0000000000000000000000000000000000000000000000000000000000000000|0000000000000000000000000000000000000000000000000000000000000000|0|3|rt4_TMB-5_A17F_0031.r24|2|1|RICH|790|0|2700|0000000000000000000000000000000000000000000000000000000000000000|DARK|1|790|DISP=ACCEPT_INSTALL|DETAIL=a17f
0000000000000000000000000000000000000000000000000000000000000000|0000000000000000000000000000000000000000000000000000000000000000|0|3|rt4_TMB-5_A17F_0032.r24|2|1|RICH|796|0|2700|0000000000000000000000000000000000000000000000000000000000000000|DARK|1|796|DISP=ACCEPT_INSTALL|DETAIL=a17f
0000000000000000000000000000000000000000000000000000000000000000|0000000000000000000000000000000000000000000000000000000000000000|0|3|rt4_TMB-5_A17F_0033.r24|2|1|RICH|802|0|2700|0000000000000000000000000000000000000000000000000000000000000000|DARK|1|802|DISP=ACCEPT_INSTALL|DETAIL=a17f
0000000000000000000000000000000000000000000000000000000000000000|0000000000000000000000000000000000000000000000000000000000000000|0|3|rt4_TMB-5_A17F_0034.r24|2|1|RICH|808|0|2700|0000000000000000000000000000000000000000000000000000000000000000|DARK|1|808|DISP=ACCEPT_INSTALL|DETAIL=a17f
0000000000000000000000000000000000000000000000000000000000000000|0000000000000000000000000000000000000000000000000000000000000000|0|3|rt4_TMB-5_A17F_0035.r24|2|1|RICH|814|0|2700|0000000000000000000000000000000000000000000000000000000000000000|DARK|1|814|DISP=ACCEPT_INSTALL|DETAIL=a17f
0000000000000000000000000000000000000000000000000000000000000000|0000000000000000000000000000000000000000000000000000000000000000|0|3|rt4_TMB-5_A17F_0036.r24|2|1|RICH|820|0|2700|0000000000000000000000000000000000000000000000000000000000000000|DARK|1|820|DISP=ACCEPT_INSTALL|DETAIL=a17f
0000000000000000000000000000000000000000000000000000000000000000|0000000000000000000000000000000000000000000000000000000000000000|0|3|rt4_TMB-5_A17F_0037.r24|2|1|RICH|826|0|2700|0000000000000000000000000000000000000000000000000000000000000000|DARK|1|826|DISP=ACCEPT_INSTALL|DETAIL=a17f
0000000000000000000000000000000000000000000000000000000000000000|0000000000000000000000000000000000000000000000000000000000000000|0|3|rt4_TMB-5_A17F_0038.r24|2|1|RICH|832|0|2700|0000000000000000000000000000000000000000000000000000000000000000|DARK|1|832|DISP=ACCEPT_INSTALL|DETAIL=a17f
0000000000000000000000000000000000000000000000000000000000000000|0000000000000000000000000000000000000000000000000000000000000000|0|3|rt4_TMB-5_A17F_0039.r24|2|1|RICH|838|0|2700|0000000000000000000000000000000000000000000000000000000000000000|DARK|1|838|DISP=ACCEPT_INSTALL|DETAIL=a17f
0000000000000000000000000000000000000000000000000000000000000000|0000000000000000000000000000000000000000000000000000000000000000|0|3|rt4_TMB-5_A17F_0040.r24|2|1|RICH|844|0|2700|0000000000000000000000000000000000000000000000000000000000000000|DARK|1|844|DISP=ACCEPT_INSTALL|DETAIL=a17f
0000000000000000000000000000000000000000000000000000000000000000|0000000000000000000000000000000000000000000000000000000000000000|0|3|rt4_TMB-5_A17F_0041.r24|2|1|RICH|850|0|2700|0000000000000000000000000000000000000000000000000000000000000000|DARK|1|850|DISP=ACCEPT_INSTALL|DETAIL=a17f
0000000000000000000000000000000000000000000000000000000000000000|0000000000000000000000000000000000000000000000000000000000000000|0|3|rt4_TMB-5_A17F_0042.r24|2|1|RICH|856|0|2700|0000000000000000000000000000000000000000000000000000000000000000|DARK|1|856|DISP=ACCEPT_INSTALL|DETAIL=a17f
0000000000000000000000000000000000000000000000000000000000000000|0000000000000000000000000000000000000000000000000000000000000000|0|3|rt4_TMB-5_A17F_0043.r24|2|1|RICH|862|0|2700|0000000000000000000000000000000000000000000000000000000000000000|DARK|1|862|DISP=ACCEPT_INSTALL|DETAIL=a17f
0000000000000000000000000000000000000000000000000000000000000000|0000000000000000000000000000000000000000000000000000000000000000|0|3|rt4_TMB-5_A17F_0044.r24|2|1|RICH|868|0|2700|0000000000000000000000000000000000000000000000000000000000000000|DARK|1|868|DISP=ACCEPT_INSTALL|DETAIL=a17f
0000000000000000000000000000000000000000000000000000000000000000|0000000000000000000000000000000000000000000000000000000000000000|0|3|rt4_TMB-5_A17F_0045.r24|2|1|RICH|694|0|3200|0000000000000000000000000000000000000000000000000000000000000000|DARK|1|694|DISP=ACCEPT_INSTALL|DETAIL=a17f
0000000000000000000000000000000000000000000000000000000000000000|0000000000000000000000000000000000000000000000000000000000000000|0|3|rt4_TMB-5_A17F_0046.r24|2|1|RICH|700|0|3200|0000000000000000000000000000000000000000000000000000000000000000|DARK|1|700|DISP=ACCEPT_INSTALL|DETAIL=a17f
0000000000000000000000000000000000000000000000000000000000000000|0000000000000000000000000000000000000000000000000000000000000000|0|3|rt4_TMB-5_A17F_0047.r24|2|1|RICH|706|0|3200|0000000000000000000000000000000000000000000000000000000000000000|DARK|1|706|DISP=ACCEPT_INSTALL|DETAIL=a17f
0000000000000000000000000000000000000000000000000000000000000000|0000000000000000000000000000000000000000000000000000000000000000|0|3|rt4_TMB-5_A17F_0048.r24|2|1|RICH|712|0|3200|0000000000000000000000000000000000000000000000000000000000000000|DARK|1|712|DISP=ACCEPT_INSTALL|DETAIL=a17f
0000000000000000000000000000000000000000000000000000000000000000|0000000000000000000000000000000000000000000000000000000000000000|0|3|rt4_TMB-5_A17F_0049.r24|2|1|RICH|718|0|3200|0000000000000000000000000000000000000000000000000000000000000000|DARK|1|718|DISP=ACCEPT_INSTALL|DETAIL=a17f
0000000000000000000000000000000000000000000000000000000000000000|0000000000000000000000000000000000000000000000000000000000000000|0|3|rt4_TMB-5_A17F_0050.r24|2|1|RICH|724|0|3200|0000000000000000000000000000000000000000000000000000000000000000|DARK|1|724|DISP=ACCEPT_INSTALL|DETAIL=a17f
0000000000000000000000000000000000000000000000000000000000000000|0000000000000000000000000000000000000000000000000000000000000000|0|3|rt4_TMB-5_A17F_0051.r24|2|1|RICH|730|0|3200|0000000000000000000000000000000000000000000000000000000000000000|DARK|1|730|DISP=ACCEPT_INSTALL|DETAIL=a17f
0000000000000000000000000000000000000000000000000000000000000000|0000000000000000000000000000000000000000000000000000000000000000|0|3|rt4_TMB-5_A17F_0052.r24|2|1|RICH|694|0|3700|0000000000000000000000000000000000000000000000000000000000000000|DARK|1|694|DISP=ACCEPT_INSTALL|DETAIL=a17f
0000000000000000000000000000000000000000000000000000000000000000|0000000000000000000000000000000000000000000000000000000000000000|0|3|rt4_TMB-5_A17F_0053.r24|2|1|RICH|700|0|3700|0000000000000000000000000000000000000000000000000000000000000000|DARK|1|700|DISP=ACCEPT_INSTALL|DETAIL=a17f
0000000000000000000000000000000000000000000000000000000000000000|0000000000000000000000000000000000000000000000000000000000000000|0|3|rt4_TMB-5_A17F_0054.r24|2|1|RICH|706|0|3700|0000000000000000000000000000000000000000000000000000000000000000|DARK|1|706|DISP=ACCEPT_INSTALL|DETAIL=a17f
0000000000000000000000000000000000000000000000000000000000000000|0000000000000000000000000000000000000000000000000000000000000000|0|3|rt4_TMB-5_A17F_0055.r24|2|1|RICH|712|0|3700|0000000000000000000000000000000000000000000000000000000000000000|DARK|1|712|DISP=ACCEPT_INSTALL|DETAIL=a17f
0000000000000000000000000000000000000000000000000000000000000000|0000000000000000000000000000000000000000000000000000000000000000|0|3|rt4_TMB-5_A17F_0056.r24|2|1|RICH|718|0|3700|0000000000000000000000000000000000000000000000000000000000000000|DARK|1|718|DISP=ACCEPT_INSTALL|DETAIL=a17f
0000000000000000000000000000000000000000000000000000000000000000|0000000000000000000000000000000000000000000000000000000000000000|0|3|rt4_TMB-5_A17F_0057.r24|2|1|RICH|724|0|3700|0000000000000000000000000000000000000000000000000000000000000000|DARK|1|724|DISP=ACCEPT_INSTALL|DETAIL=a17f
0000000000000000000000000000000000000000000000000000000000000000|0000000000000000000000000000000000000000000000000000000000000000|0|3|rt4_TMB-5_A17F_0058.r24|2|1|RICH|730|0|3700|0000000000000000000000000000000000000000000000000000000000000000|DARK|1|730|DISP=ACCEPT_INSTALL|DETAIL=a17f
0000000000000000000000000000000000000000000000000000000000000000|0000000000000000000000000000000000000000000000000000000000000000|0|3|rt4_TMB-5_A17F_0059.r24|2|1|RICH|694|0|4200|0000000000000000000000000000000000000000000000000000000000000000|DARK|1|694|DISP=ACCEPT_INSTALL|DETAIL=a17f
