0000000000000000000000000000000000000000000000000000000000000000|0000000000000000000000000000000000000000000000000000000000000000|0|3|rt4_TMB-5_MAP_g_12500.r24|2|1|RICH|874|0|2520|0000000000000000000000000000000000000000000000000000000000000000|RICH|1|874|DISP=ACCEPT_INSTALL|DETAIL=map
0000000000000000000000000000000000000000000000000000000000000000|0000000000000000000000000000000000000000000000000000000000000000|0|3|rt4_TMB-5_MAP_g_12501.r24|2|1|RICH|874|0|2530|0000000000000000000000000000000000000000000000000000000000000000|RICH|1|874|DISP=ACCEPT_INSTALL|DETAIL=map
0000000000000000000000000000000000000000000000000000000000000000|0000000000000000000000000000000000000000000000000000000000000000|0|3|rt4_TMB-5_MAP_g_12502.r24|2|1|RICH|874|0|2540|0000000000000000000000000000000000000000000000000000000000000000|RICH|1|874|DISP=ACCEPT_INSTALL|DETAIL=map
0000000000000000000000000000000000000000000000000000000000000000|0000000000000000000000000000000000000000000000000000000000000000|0|3|rt4_TMB-5_MAP_g_12503.r24|2|1|RICH|874|0|2550|0000000000000000000000000000000000000000000000000000000000000000|RICH|1|874|DISP=ACCEPT_INSTALL|DETAIL=map
0000000000000000000000000000000000000000000000000000000000000000|0000000000000000000000000000000000000000000000000000000000000000|0|3|rt4_TMB-5_MAP_g_12504.r24|2|1|RICH|874|0|2560|0000000000000000000000000000000000000000000000000000000000000000|RICH|1|874|DISP=ACCEPT_INSTALL|DETAIL=map
0000000000000000000000000000000000000000000000000000000000000000|0000000000000000000000000000000000000000000000000000000000000000|0|3|rt4_TMB-5_MAP_g_12505.r24|2|1|RICH|874|0|2570|0000000000000000000000000000000000000000000000000000000000000000|RICH|1|874|DISP=ACCEPT_INSTALL|DETAIL=map
0000000000000000000000000000000000000000000000000000000000000000|0000000000000000000000000000000000000000000000000000000000000000|0|3|rt4_TMB-5_MAP_g_12506.r24|2|1|RICH|874|0|2580|0000000000000000000000000000000000000000000000000000000000000000|RICH|1|874|DISP=ACCEPT_INSTALL|DETAIL=map
0000000000000000000000000000000000000000000000000000000000000000|0000000000000000000000000000000000000000000000000000000000000000|0|3|rt4_TMB-5_MAP_g_12507.r24|2|1|RICH|874|0|2590|0000000000000000000000000000000000000000000000000000000000000000|RICH|1|874|DISP=ACCEPT_INSTALL|DETAIL=map
0000000000000000000000000000000000000000000000000000000000000000|0000000000000000000000000000000000000000000000000000000000000000|0|3|rt4_TMB-5_MAP_g_12508.r24|2|1|RICH|874|0|2600|0000000000000000000000000000000000000000000000000000000000000000|RICH|1|874|DISP=ACCEPT_INSTALL|DETAIL=map
0000000000000000000000000000000000000000000000000000000000000000|0000000000000000000000000000000000000000000000000000000000000000|0|3|rt4_TMB-5_MAP_g_12509.r24|2|1|RICH|874|0|2610|0000000000000000000000000000000000000000000000000000000000000000|RICH|1|874|DISP=ACCEPT_INSTALL|DETAIL=map
0000000000000000000000000000000000000000000000000000000000000000|0000000000000000000000000000000000000000000000000000000000000000|0|3|rt4_TMB-5_MAP_g_12510.r24|2|1|RICH|874|0|2620|0000000000000000000000000000000000000000000000000000000000000000|RICH|1|874|DISP=ACCEPT_INSTALL|DETAIL=map
0000000000000000000000000000000000000000000000000000000000000000|0000000000000000000000000000000000000000000000000000000000000000|0|3|rt4_TMB-5_MAP_g_12511.r24|2|1|RICH|874|0|2630|0000000000000000000000000000000000000000000000000000000000000000|RICH|1|874|DISP=ACCEPT_INSTALL|DETAIL=map
0000000000000000000000000000000000000000000000000000000000000000|0000000000000000000000000000000000000000000000000000000000000000|0|3|rt4_TMB-5_MAP_g_12512.r24|2|1|RICH|874|0|2640|0000000000000000000000000000000000000000000000000000000000000000|RICH|1|874|DISP=ACCEPT_INSTALL|DETAIL=map
0000000000000000000000000000000000000000000000000000000000000000|0000000000000000000000000000000000000000000000000000000000000000|0|3|rt4_TMB-5_MAP_g_12513.r24|2|1|RICH|874|0|2650|0000000000000000000000000000000000000000000000000000000000000000|RICH|1|874|DISP=ACCEPT_INSTALL|DETAIL=map
0000000000000000000000000000000000000000000000000000000000000000|0000000000000000000000000000000000000000000000000000000000000000|0|3|rt4_TMB-5_MAP_g_12514.r24|2|1|RICH|874|0|2660|0000000000000000000000000000000000000000000000000000000000000000|RICH|1|874|DISP=ACCEPT_INSTALL|DETAIL=map
0000000000000000000000000000000000000000000000000000000000000000|0000000000000000000000000000000000000000000000000000000000000000|0|3|rt4_TMB-5_MAP_g_12515.r24|2|1|RICH|874|0|2670|0000000000000000000000000000000000000000000000000000000000000000|RICH|1|874|DISP=ACCEPT_INSTALL|DETAIL=map
0000000000000000000000000000000000000000000000000000000000000000|0000000000000000000000000000000000000000000000000000000000000000|0|3|rt4_TMB-5_MAP_g_12516.r24|2|1|RICH|874|0|2680|0000000000000000000000000000000000000000000000000000000000000000|RICH|1|874|DISP=ACCEPT_INSTALL|DETAIL=map
0000000000000000000000000000000000000000000000000000000000000000|0000000000000000000000000000000000000000000000000000000000000000|0|3|rt4_TMB-5_MAP_g_12517.r24|2|1|RICH|874|0|2690|0000000000000000000000000000000000000000000000000000000000000000|RICH|1|874|DISP=ACCEPT_INSTALL|DETAIL=map
0000000000000000000000000000000000000000000000000000000000000000|0000000000000000000000000000000000000000000000000000000000000000|0|3|rt4_TMB-5_MAP_g_12518.r24|2|1|RICH|874|0|2700|0000000000000000000000000000000000000000000000000000000000000000|RICH|1|874|DISP=ACCEPT_INSTALL|DETAIL=map
0000000000000000000000000000000000000000000000000000000000000000|0000000000000000000000000000000000000000000000000000000000000000|0|3|rt4_TMB-5_MAP_g_12519.r24|2|1|RICH|874|0|2710|0000000000000000000000000000000000000000000000000000000000000000|RICH|1|874|DISP=ACCEPT_INSTALL|DETAIL=map
0000000000000000000000000000000000000000000000000000000000000000|0000000000000000000000000000000000000000000000000000000000000000|0|3|rt4_TMB-5_MAP_g_12520.r24|2|1|RICH|874|0|2720|0000000000000000000000000000000000000000000000000000000000000000|RICH|1|874|DISP=ACCEPT_INSTALL|DETAIL=map
0000000000000000000000000000000000000000000000000000000000000000|0000000000000000000000000000000000000000000000000000000000000000|0|3|rt4_TMB-5_MAP_g_12521.r24|2|1|RICH|874|0|2730|0000000000000000000000000000000000000000000000000000000000000000|RICH|1|874|DISP=ACCEPT_INSTALL|DETAIL=map
0000000000000000000000000000000000000000000000000000000000000000|0000000000000000000000000000000000000000000000000000000000000000|0|3|rt4_TMB-5_MAP_g_12522.r24|2|1|RICH|874|0|2740|0000000000000000000000000000000000000000000000000000000000000000|RICH|1|874|DISP=ACCEPT_INSTALL|DETAIL=map
0000000000000000000000000000000000000000000000000000000000000000|0000000000000000000000000000000000000000000000000000000000000000|0|3|rt4_TMB-5_MAP_g_12523.r24|2|1|RICH|874|0|2750|0000000000000000000000000000000000000000000000000000000000000000|RICH|1|874|DISP=ACCEPT_INSTALL|DETAIL=map
0000000000000000000000000000000000000000000000000000000000000000|0000000000000000000000000000000000000000000000000000000000000000|0|3|rt4_TMB-5_MAP_g_12524.r24|2|1|RICH|874|0|2760|0000000000000000000000000000000000000000000000000000000000000000|RICH|1|874|DISP=ACCEPT_INSTALL|DETAIL=map
0000000000000000000000000000000000000000000000000000000000000000|0000000000000000000000000000000000000000000000000000000000000000|0|3|rt4_TMB-5_MAP_g_12525.r24|2|1|RICH|874|0|2770|0000000000000000000000000000000000000000000000000000000000000000|RICH|1|874|DISP=ACCEPT_INSTALL|DETAIL=map
0000000000000000000000000000000000000000000000000000000000000000|0000000000000000000000000000000000000000000000000000000000000000|0|3|rt4_TMB-5_MAP_g_12526.r24|2|1|RICH|874|0|2780|0000000000000000000000000000000000000000000000000000000000000000|RICH|1|874|DISP=ACCEPT_INSTALL|DETAIL=map
0000000000000000000000000000000000000000000000000000000000000000|0000000000000000000000000000000000000000000000000000000000000000|0|3|rt4_TMB-5_MAP_g_12527.r24|2|1|RICH|874|0|2790|0000000000000000000000000000000000000000000000000000000000000000|RICH|1|874|DISP=ACCEPT_INSTALL|DETAIL=map
0000000000000000000000000000000000000000000000000000000000000000|0000000000000000000000000000000000000000000000000000000000000000|0|3|rt4_TMB-5_MAP_g_12528.r24|2|1|RICH|874|0|2800|0000000000000000000000000000000000000000000000000000000000000000|RICH|1|874|DISP=ACCEPT_INSTALL|DETAIL=map
0000000000000000000000000000000000000000000000000000000000000000|0000000000000000000000000000000000000000000000000000000000000000|0|3|rt4_TMB-5_MAP_g_12529.r24|2|1|RICH|874|0|2810|0000000000000000000000000000000000000000000000000000000000000000|RICH|1|874|DISP=ACCEPT_INSTALL|DETAIL=map
0000000000000000000000000000000000000000000000000000000000000000|0000000000000000000000000000000000000000000000000000000000000000|0|3|rt4_TMB-5_MAP_g_12530.r24|2|1|RICH|874|0|2820|0000000000000000000000000000000000000000000000000000000000000000|RICH|1|874|DISP=ACCEPT_INSTALL|DETAIL=map
0000000000000000000000000000000000000000000000000000000000000000|0000000000000000000000000000000000000000000000000000000000000000|0|3|rt4_TMB-5_MAP_g_12531.r24|2|1|RICH|874|0|2830|0000000000000000000000000000000000000000000000000000000000000000|RICH|1|874|DISP=ACCEPT_INSTALL|DETAIL=map
0000000000000000000000000000000000000000000000000000000000000000|0000000000000000000000000000000000000000000000000000000000000000|0|3|rt4_TMB-5_MAP_g_12532.r24|2|1|RICH|874|0|2840|0000000000000000000000000000000000000000000000000000000000000000|RICH|1|874|DISP=ACCEPT_INSTALL|DETAIL=map
0000000000000000000000000000000000000000000000000000000000000000|0000000000000000000000000000000000000000000000000000000000000000|0|3|rt4_TMB-5_MAP_g_12533.r24|2|1|RICH|874|0|2850|0000000000000000000000000000000000000000000000000000000000000000|RICH|1|874|DISP=ACCEPT_INSTALL|DETAIL=map
0000000000000000000000000000000000000000000000000000000000000000|0000000000000000000000000000000000000000000000000000000000000000|0|3|rt4_TMB-5_MAP_g_12534.r24|2|1|RICH|874|0|2860|0000000000000000000000000000000000000000000000000000000000000000|RICH|1|874|DISP=ACCEPT_INSTALL|DETAIL=map
0000000000000000000000000000000000000000000000000000000000000000|0000000000000000000000000000000000000000000000000000000000000000|0|3|rt4_TMB-5_MAP_g_12535.r24|2|1|RICH|874|0|2870|0000000000000000000000000000000000000000000000000000000000000000|RICH|1|874|DISP=ACCEPT_INSTALL|DETAIL=map
0000000000000000000000000000000000000000000000000000000000000000|0000000000000000000000000000000000000000000000000000000000000000|0|3|rt4_TMB-5_MAP_g_12536.r24|2|1|RICH|874|0|2880|0000000000000000000000000000000000000000000000000000000000000000|RICH|1|874|DISP=ACCEPT_INSTALL|DETAIL=map
0000000000000000000000000000000000000000000000000000000000000000|0000000000000000000000000000000000000000000000000000000000000000|0|3|rt4_TMB-5_MAP_g_12537.r24|2|1|RICH|874|0|2890|0000000000000000000000000000000000000000000000000000000000000000|RICH|1|874|DISP=ACCEPT_INSTALL|DETAIL=map
0000000000000000000000000000000000000000000000000000000000000000|0000000000000000000000000000000000000000000000000000000000000000|0|3|rt4_TMB-5_MAP_g_12538.r24|2|1|RICH|874|0|2900|0000000000000000000000000000000000000000000000000000000000000000|RICH|1|874|DISP=ACCEPT_INSTALL|DETAIL=map
0000000000000000000000000000000000000000000000000000000000000000|0000000000000000000000000000000000000000000000000000000000000000|0|3|rt4_TMB-5_MAP_g_12539.r24|2|1|RICH|876|0|2400|0000000000000000000000000000000000000000000000000000000000000000|RICH|1|876|DISP=ACCEPT_INSTALL|DETAIL=map
0000000000000000000000000000000000000000000000000000000000000000|0000000000000000000000000000000000000000000000000000000000000000|0|3|rt4_TMB-5_MAP_g_12540.r24|2|1|RICH|876|0|2410|0000000000000000000000000000000000000000000000000000000000000000|RICH|1|876|DISP=ACCEPT_INSTALL|DETAIL=map
0000000000000000000000000000000000000000000000000000000000000000|0000000000000000000000000000000000000000000000000000000000000000|0|3|rt4_TMB-5_MAP_g_12541.r24|2|1|RICH|876|0|2420|0000000000000000000000000000000000000000000000000000000000000000|RICH|1|876|DISP=ACCEPT_INSTALL|DETAIL=map
0000000000000000000000000000000000000000000000000000000000000000|0000000000000000000000000000000000000000000000000000000000000000|0|3|rt4_TMB-5_MAP_g_12542.r24|2|1|RICH|876|0|2430|0000000000000000000000000000000000000000000000000000000000000000|RICH|1|876|DISP=ACCEPT_INSTALL|DETAIL=map
0000000000000000000000000000000000000000000000000000000000000000|0000000000000000000000000000000000000000000000000000000000000000|0|3|rt4_TMB-5_MAP_g_12543.r24|2|1|RICH|876|0|2440|0000000000000000000000000000000000000000000000000000000000000000|RICH|1|876|DISP=ACCEPT_INSTALL|DETAIL=map
0000000000000000000000000000000000000000000000000000000000000000|0000000000000000000000000000000000000000000000000000000000000000|0|3|rt4_TMB-5_MAP_g_12544.r24|2|1|RICH|876|0|2450|0000000000000000000000000000000000000000000000000000000000000000|RICH|1|876|DISP=ACCEPT_INSTALL|DETAIL=map
0000000000000000000000000000000000000000000000000000000000000000|0000000000000000000000000000000000000000000000000000000000000000|0|3|rt4_TMB-5_MAP_g_12545.r24|2|1|RICH|876|0|2460|0000000000000000000000000000000000000000000000000000000000000000|RICH|1|876|DISP=ACCEPT_INSTALL|DETAIL=map
0000000000000000000000000000000000000000000000000000000000000000|0000000000000000000000000000000000000000000000000000000000000000|0|3|rt4_TMB-5_MAP_g_12546.r24|2|1|RICH|876|0|2470|0000000000000000000000000000000000000000000000000000000000000000|RICH|1|876|DISP=ACCEPT_INSTALL|DETAIL=map
0000000000000000000000000000000000000000000000000000000000000000|0000000000000000000000000000000000000000000000000000000000000000|0|3|rt4_TMB-5_MAP_g_12547.r24|2|1|RICH|876|0|2480|0000000000000000000000000000000000000000000000000000000000000000|RICH|1|876|DISP=ACCEPT_INSTALL|DETAIL=map
0000000000000000000000000000000000000000000000000000000000000000|0000000000000000000000000000000000000000000000000000000000000000|0|3|rt4_TMB-5_MAP_g_12548.r24|2|1|RICH|876|0|2490|0000000000000000000000000000000000000000000000000000000000000000|RICH|1|876|DISP=ACCEPT_INSTALL|DETAIL=map
0000000000000000000000000000000000000000000000000000000000000000|0000000000000000000000000000000000000000000000000000000000000000|0|3|rt4_TMB-5_MAP_g_12549.r24|2|1|RICH|876|0|2500|0000000000000000000000000000000000000000000000000000000000000000|RICH|1|876|DISP=ACCEPT_INSTALL|DETAIL=map
0000000000000000000000000000000000000000000000000000000000000000|0000000000000000000000000000000000000000000000000000000000000000|0|3|rt4_TMB-5_MAP_g_12550.r24|2|1|RICH|876|0|2510|0000000000000000000000000000000000000000000000000000000000000000|RICH|1|876|DISP=ACCEPT_INSTALL|DETAIL=map
0000000000000000000000000000000000000000000000000000000000000000|0000000000000000000000000000000000000000000000000000000000000000|0|3|rt4_TMB-5_MAP_g_12551.r24|2|1|RICH|876|0|2520|0000000000000000000000000000000000000000000000000000000000000000|RICH|1|876|DISP=ACCEPT_INSTALL|DETAIL=map
0000000000000000000000000000000000000000000000000000000000000000|0000000000000000000000000000000000000000000000000000000000000000|0|3|rt4_TMB-5_MAP_g_12552.r24|2|1|RICH|876|0|2530|0000000000000000000000000000000000000000000000000000000000000000|RICH|1|876|DISP=ACCEPT_INSTALL|DETAIL=map
0000000000000000000000000000000000000000000000000000000000000000|0000000000000000000000000000000000000000000000000000000000000000|0|3|rt4_TMB-5_MAP_g_12553.r24|2|1|RICH|876|0|2540|0000000000000000000000000000000000000000000000000000000000000000|RICH|1|876|DISP=ACCEPT_INSTALL|DETAIL=map
0000000000000000000000000000000000000000000000000000000000000000|0000000000000000000000000000000000000000000000000000000000000000|0|3|rt4_TMB-5_MAP_g_12554.r24|2|1|RICH|876|0|2550|0000000000000000000000000000000000000000000000000000000000000000|RICH|1|876|DISP=ACCEPT_INSTALL|DETAIL=map
0000000000000000000000000000000000000000000000000000000000000000|0000000000000000000000000000000000000000000000000000000000000000|0|3|rt4_TMB-5_MAP_g_12555.r24|2|1|RICH|876|0|2560|0000000000000000000000000000000000000000000000000000000000000000|RICH|1|876|DISP=ACCEPT_INSTALL|DETAIL=map
0000000000000000000000000000000000000000000000000000000000000000|0000000000000000000000000000000000000000000000000000000000000000|0|3|rt4_TMB-5_MAP_g_12556.r24|2|1|RICH|876|0|2570|0000000000000000000000000000000000000000000000000000000000000000|RICH|1|876|DISP=ACCEPT_INSTALL|DETAIL=map
0000000000000000000000000000000000000000000000000000000000000000|0000000000000000000000000000000000000000000000000000000000000000|0|3|rt4_TMB-5_MAP_g_12557.r24|2|1|RICH|876|0|2580|0000000000000000000000000000000000000000000000000000000000000000|RICH|1|876|DISP=ACCEPT_INSTALL|DETAIL=map
0000000000000000000000000000000000000000000000000000000000000000|0000000000000000000000000000000000000000000000000000000000000000|0|3|rt4_TMB-5_MAP_g_12558.r24|2|1|RICH|876|0|2590|0000000000000000000000000000000000000000000000000000000000000000|RICH|1|876|DISP=ACCEPT_INSTALL|DETAIL=map
0000000000000000000000000000000000000000000000000000000000000000|0000000000000000000000000000000000000000000000000000000000000000|0|3|rt4_TMB-5_MAP_g_12559.r24|2|1|RICH|876|0|2600|0000000000000000000000000000000000000000000000000000000000000000|RICH|1|876|DISP=ACCEPT_INSTALL|DETAIL=map
0000000000000000000000000000000000000000000000000000000000000000|0000000000000000000000000000000000000000000000000000000000000000|0|3|rt4_TMB-5_MAP_g_12560.r24|2|1|RICH|876|0|2610|0000000000000000000000000000000000000000000000000000000000000000|RICH|1|876|DISP=ACCEPT_INSTALL|DETAIL=map
0000000000000000000000000000000000000000000000000000000000000000|0000000000000000000000000000000000000000000000000000000000000000|0|3|rt4_TMB-5_MAP_g_12561.r24|2|1|RICH|876|0|2620|0000000000000000000000000000000000000000000000000000000000000000|RICH|1|876|DISP=ACCEPT_INSTALL|DETAIL=map
0000000000000000000000000000000000000000000000000000000000000000|0000000000000000000000000000000000000000000000000000000000000000|0|3|rt4_TMB-5_MAP_g_12562.r24|2|1|RICH|876|0|2630|0000000000000000000000000000000000000000000000000000000000000000|RICH|1|876|DISP=ACCEPT_INSTALL|DETAIL=map
0000000000000000000000000000000000000000000000000000000000000000|0000000000000000000000000000000000000000000000000000000000000000|0|3|rt4_TMB-5_MAP_g_12563.r24|2|1|RICH|876|0|2640|0000000000000000000000000000000000000000000000000000000000000000|RICH|1|876|DISP=ACCEPT_INSTALL|DETAIL=map
0000000000000000000000000000000000000000000000000000000000000000|0000000000000000000000000000000000000000000000000000000000000000|0|3|rt4_TMB-5_MAP_g_12564.r24|2|1|RICH|876|0|2650|0000000000000000000000000000000000000000000000000000000000000000|RICH|1|876|DISP=ACCEPT_INSTALL|DETAIL=map
0000000000000000000000000000000000000000000000000000000000000000|0000000000000000000000000000000000000000000000000000000000000000|0|3|rt4_TMB-5_MAP_g_12565.r24|2|1|RICH|876|0|2660|0000000000000000000000000000000000000000000000000000000000000000|RICH|1|876|DISP=ACCEPT_INSTALL|DETAIL=map
0000000000000000000000000000000000000000000000000000000000000000|0000000000000000000000000000000000000000000000000000000000000000|0|3|rt4_TMB-5_MAP_g_12566.r24|2|1|RICH|876|0|2670|0000000000000000000000000000000000000000000000000000000000000000|RICH|1|876|DISP=ACCEPT_INSTALL|DETAIL=map
0000000000000000000000000000000000000000000000000000000000000000|0000000000000000000000000000000000000000000000000000000000000000|0|3|rt4_TMB-5_MAP_g_12567.r24|2|1|RICH|876|0|2680|0000000000000000000000000000000000000000000000000000000000000000|RICH|1|876|DISP=ACCEPT_INSTALL|DETAIL=map
0000000000000000000000000000000000000000000000000000000000000000|0000000000000000000000000000000000000000000000000000000000000000|0|3|rt4_TMB-5_MAP_g_12568.r24|2|1|RICH|876|0|2690|0000000000000000000000000000000000000000000000000000000000000000|RICH|1|876|DISP=ACCEPT_INSTALL|DETAIL=map
0000000000000000000000000000000000000000000000000000000000000000|0000000000000000000000000000000000000000000000000000000000000000|0|3|rt4_TMB-5_MAP_g_12569.r24|2|1|RICH|876|0|2700|0000000000000000000000000000000000000000000000000000000000000000|RICH|1|876|DISP=ACCEPT_INSTALL|DETAIL=map
0000000000000000000000000000000000000000000000000000000000000000|0000000000000000000000000000000000000000000000000000000000000000|0|3|rt4_TMB-5_MAP_g_12570.r24|2|1|RICH|876|0|2710|0000000000000000000000000000000000000000000000000000000000000000|RICH|1|876|DISP=ACCEPT_INSTALL|DETAIL=map
0000000000000000000000000000000000000000000000000000000000000000|0000000000000000000000000000000000000000000000000000000000000000|0|3|rt4_TMB-5_MAP_g_12571.r24|2|1|RICH|876|0|2720|0000000000000000000000000000000000000000000000000000000000000000|RICH|1|876|DISP=ACCEPT_INSTALL|DETAIL=map
0000000000000000000000000000000000000000000000000000000000000000|0000000000000000000000000000000000000000000000000000000000000000|0|3|rt4_TMB-5_MAP_g_12572.r24|2|1|RICH|876|0|2730|0000000000000000000000000000000000000000000000000000000000000000|RICH|1|876|DISP=ACCEPT_INSTALL|DETAIL=map
0000000000000000000000000000000000000000000000000000000000000000|0000000000000000000000000000000000000000000000000000000000000000|0|3|rt4_TMB-5_MAP_g_12573.r24|2|1|RICH|876|0|2740|0000000000000000000000000000000000000000000000000000000000000000|RICH|1|876|DISP=ACCEPT_INSTALL|DETAIL=map
0000000000000000000000000000000000000000000000000000000000000000|0000000000000000000000000000000000000000000000000000000000000000|0|3|rt4_TMB-5_MAP_g_12574.r24|2|1|RICH|876|0|2750|0000000000000000000000000000000000000000000000000000000000000000|RICH|1|876|DISP=ACCEPT_INSTALL|DETAIL=map
0000000000000000000000000000000000000000000000000000000000000000|0000000000000000000000000000000000000000000000000000000000000000|0|3|rt4_TMB-5_MAP_g_12575.r24|2|1|RICH|876|0|2760|0000000000000000000000000000000000000000000000000000000000000000|RICH|1|876|DISP=ACCEPT_INSTALL|DETAIL=map
0000000000000000000000000000000000000000000000000000000000000000|0000000000000000000000000000000000000000000000000000000000000000|0|3|rt4_TMB-5_MAP_g_12576.r24|2|1|RICH|876|0|2770|0000000000000000000000000000000000000000000000000000000000000000|RICH|1|876|DISP=ACCEPT_INSTALL|DETAIL=map
0000000000000000000000000000000000000000000000000000000000000000|0000000000000000000000000000000000000000000000000000000000000000|0|3|rt4_TMB-5_MAP_g_12577.r24|2|1|RICH|876|0|2780|0000000000000000000000000000000000000000000000000000000000000000|RICH|1|876|DISP=ACCEPT_INSTALL|DETAIL=map
0000000000000000000000000000000000000000000000000000000000000000|0000000000000000000000000000000000000000000000000000000000000000|0|3|rt4_TMB-5_MAP_g_12578.r24|2|1|RICH|876|0|2790|0000000000000000000000000000000000000000000000000000000000000000|RICH|1|876|DISP=ACCEPT_INSTALL|DETAIL=map
0000000000000000000000000000000000000000000000000000000000000000|0000000000000000000000000000000000000000000000000000000000000000|0|3|rt4_TMB-5_MAP_g_12579.r24|2|1|RICH|876|0|2800|0000000000000000000000000000000000000000000000000000000000000000|RICH|1|876|DISP=ACCEPT_INSTALL|DETAIL=map
0000000000000000000000000000000000000000000000000000000000000000|0000000000000000000000000000000000000000000000000000000000000000|0|3|rt4_TMB-5_MAP_g_12580.r24|2|1|RICH|876|0|2810|0000000000000000000000000000000000000000000000000000000000000000|RICH|1|876|DISP=ACCEPT_INSTALL|DETAIL=map
0000000000000000000000000000000000000000000000000000000000000000|0000000000000000000000000000000000000000000000000000000000000000|0|3|rt4_TMB-5_MAP_g_12581.r24|2|1|RICH|876|0|2820|0000000000000000000000000000000000000000000000000000000000000000|RICH|1|876|DISP=ACCEPT_INSTALL|DETAIL=map
0000000000000000000000000000000000000000000000000000000000000000|0000000000000000000000000000000000000000000000000000000000000000|0|3|rt4_TMB-5_MAP_g_12582.r24|2|1|RICH|876|0|2830|0000000000000000000000000000000000000000000000000000000000000000|RICH|1|876|DISP=ACCEPT_INSTALL|DETAIL=map
0000000000000000000000000000000000000000000000000000000000000000|0000000000000000000000000000000000000000000000000000000000000000|0|3|rt4_TMB-5_MAP_g_12583.r24|2|1|RICH|876|0|2840|0000000000000000000000000000000000000000000000000000000000000000|RICH|1|876|DISP=ACCEPT_INSTALL|DETAIL=map
0000000000000000000000000000000000000000000000000000000000000000|0000000000000000000000000000000000000000000000000000000000000000|0|3|rt4_TMB-5_MAP_g_12584.r24|2|1|RICH|876|0|2850|0000000000000000000000000000000000000000000000000000000000000000|RICH|1|876|DISP=ACCEPT_INSTALL|DETAIL=map
0000000000000000000000000000000000000000000000000000000000000000|0000000000000000000000000000000000000000000000000000000000000000|0|3|rt4_TMB-5_MAP_g_12585.r24|2|1|RICH|876|0|2860|0000000000000000000000000000000000000000000000000000000000000000|RICH|1|876|DISP=ACCEPT_INSTALL|DETAIL=map
0000000000000000000000000000000000000000000000000000000000000000|0000000000000000000000000000000000000000000000000000000000000000|0|3|rt4_TMB-5_MAP_g_12586.r24|2|1|RICH|876|0|2870|0000000000000000000000000000000000000000000000000000000000000000|RICH|1|876|DISP=ACCEPT_INSTALL|DETAIL=map
0000000000000000000000000000000000000000000000000000000000000000|0000000000000000000000000000000000000000000000000000000000000000|0|3|rt4_TMB-5_MAP_g_12587.r24|2|1|RICH|876|0|2880|0000000000000000000000000000000000000000000000000000000000000000|RICH|1|876|DISP=ACCEPT_INSTALL|DETAIL=map
0000000000000000000000000000000000000000000000000000000000000000|0000000000000000000000000000000000000000000000000000000000000000|0|3|rt4_TMB-5_MAP_g_12588.r24|2|1|RICH|876|0|2890|0000000000000000000000000000000000000000000000000000000000000000|RICH|1|876|DISP=ACCEPT_INSTALL|DETAIL=map
0000000000000000000000000000000000000000000000000000000000000000|0000000000000000000000000000000000000000000000000000000000000000|0|3|rt4_TMB-5_MAP_g_12589.r24|2|1|RICH|876|0|2900|0000000000000000000000000000000000000000000000000000000000000000|RICH|1|876|DISP=ACCEPT_INSTALL|DETAIL=map
0000000000000000000000000000000000000000000000000000000000000000|0000000000000000000000000000000000000000000000000000000000000000|0|3|rt4_TMB-5_MAP_g_12590.r24|2|1|RICH|878|0|2400|0000000000000000000000000000000000000000000000000000000000000000|RICH|1|878|DISP=ACCEPT_INSTALL|DETAIL=map
0000000000000000000000000000000000000000000000000000000000000000|0000000000000000000000000000000000000000000000000000000000000000|0|3|rt4_TMB-5_MAP_g_12591.r24|2|1|RICH|878|0|2410|0000000000000000000000000000000000000000000000000000000000000000|RICH|1|878|DISP=ACCEPT_INSTALL|DETAIL=map
0000000000000000000000000000000000000000000000000000000000000000|0000000000000000000000000000000000000000000000000000000000000000|0|3|rt4_TMB-5_MAP_g_12592.r24|2|1|RICH|878|0|2420|0000000000000000000000000000000000000000000000000000000000000000|RICH|1|878|DISP=ACCEPT_INSTALL|DETAIL=map
0000000000000000000000000000000000000000000000000000000000000000|0000000000000000000000000000000000000000000000000000000000000000|0|3|rt4_TMB-5_MAP_g_12593.r24|2|1|RICH|878|0|2430|0000000000000000000000000000000000000000000000000000000000000000|RICH|1|878|DISP=ACCEPT_INSTALL|DETAIL=map
0000000000000000000000000000000000000000000000000000000000000000|0000000000000000000000000000000000000000000000000000000000000000|0|3|rt4_TMB-5_MAP_g_12594.r24|2|1|RICH|878|0|2440|0000000000000000000000000000000000000000000000000000000000000000|RICH|1|878|DISP=ACCEPT_INSTALL|DETAIL=map
0000000000000000000000000000000000000000000000000000000000000000|0000000000000000000000000000000000000000000000000000000000000000|0|3|rt4_TMB-5_MAP_g_12595.r24|2|1|RICH|878|0|2450|0000000000000000000000000000000000000000000000000000000000000000|RICH|1|878|DISP=ACCEPT_INSTALL|DETAIL=map
0000000000000000000000000000000000000000000000000000000000000000|0000000000000000000000000000000000000000000000000000000000000000|0|3|rt4_TMB-5_MAP_g_12596.r24|2|1|RICH|878|0|2460|0000000000000000000000000000000000000000000000000000000000000000|RICH|1|878|DISP=ACCEPT_INSTALL|DETAIL=map
0000000000000000000000000000000000000000000000000000000000000000|0000000000000000000000000000000000000000000000000000000000000000|0|3|rt4_TMB-5_MAP_g_12597.r24|2|1|RICH|878|0|2470|0000000000000000000000000000000000000000000000000000000000000000|RICH|1|878|DISP=ACCEPT_INSTALL|DETAIL=map
0000000000000000000000000000000000000000000000000000000000000000|0000000000000000000000000000000000000000000000000000000000000000|0|3|rt4_TMB-5_MAP_g_12598.r24|2|1|RICH|878|0|2480|0000000000000000000000000000000000000000000000000000000000000000|RICH|1|878|DISP=ACCEPT_INSTALL|DETAIL=map
0000000000000000000000000000000000000000000000000000000000000000|0000000000000000000000000000000000000000000000000000000000000000|0|3|rt4_TMB-5_MAP_g_12599.r24|2|1|RICH|878|0|2490|0000000000000000000000000000000000000000000000000000000000000000|RICH|1|878|DISP=ACCEPT_INSTALL|DETAIL=map
0000000000000000000000000000000000000000000000000000000000000000|0000000000000000000000000000000000000000000000000000000000000000|0|3|rt4_TMB-5_MAP_g_12600.r24|2|1|RICH|878|0|2500|0000000000000000000000000000000000000000000000000000000000000000|RICH|1|878|DISP=ACCEPT_INSTALL|DETAIL=map
0000000000000000000000000000000000000000000000000000000000000000|0000000000000000000000000000000000000000000000000000000000000000|0|3|rt4_TMB-5_MAP_g_12601.r24|2|1|RICH|878|0|2510|0000000000000000000000000000000000000000000000000000000000000000|RICH|1|878|DISP=ACCEPT_INSTALL|DETAIL=map
0000000000000000000000000000000000000000000000000000000000000000|0000000000000000000000000000000000000000000000000000000000000000|0|3|rt4_TMB-5_MAP_g_12602.r24|2|1|RICH|878|0|2520|0000000000000000000000000000000000000000000000000000000000000000|RICH|1|878|DISP=ACCEPT_INSTALL|DETAIL=map
0000000000000000000000000000000000000000000000000000000000000000|0000000000000000000000000000000000000000000000000000000000000000|0|3|rt4_TMB-5_MAP_g_12603.r24|2|1|RICH|878|0|2530|0000000000000000000000000000000000000000000000000000000000000000|RICH|1|878|DISP=ACCEPT_INSTALL|DETAIL=map
0000000000000000000000000000000000000000000000000000000000000000|0000000000000000000000000000000000000000000000000000000000000000|0|3|rt4_TMB-5_MAP_g_12604.r24|2|1|RICH|878|0|2540|0000000000000000000000000000000000000000000000000000000000000000|RICH|1|878|DISP=ACCEPT_INSTALL|DETAIL=map
0000000000000000000000000000000000000000000000000000000000000000|0000000000000000000000000000000000000000000000000000000000000000|0|3|rt4_TMB-5_MAP_g_12605.r24|2|1|RICH|878|0|2550|0000000000000000000000000000000000000000000000000000000000000000|RICH|1|878|DISP=ACCEPT_INSTALL|DETAIL=map
0000000000000000000000000000000000000000000000000000000000000000|0000000000000000000000000000000000000000000000000000000000000000|0|3|rt4_TMB-5_MAP_g_12606.r24|2|1|RICH|878|0|2560|0000000000000000000000000000000000000000000000000000000000000000|RICH|1|878|DISP=ACCEPT_INSTALL|DETAIL=map
0000000000000000000000000000000000000000000000000000000000000000|0000000000000000000000000000000000000000000000000000000000000000|0|3|rt4_TMB-5_MAP_g_12607.r24|2|1|RICH|878|0|2570|0000000000000000000000000000000000000000000000000000000000000000|RICH|1|878|DISP=ACCEPT_INSTALL|DETAIL=map
0000000000000000000000000000000000000000000000000000000000000000|0000000000000000000000000000000000000000000000000000000000000000|0|3|rt4_TMB-5_MAP_g_12608.r24|2|1|RICH|878|0|2580|0000000000000000000000000000000000000000000000000000000000000000|RICH|1|878|DISP=ACCEPT_INSTALL|DETAIL=map
0000000000000000000000000000000000000000000000000000000000000000|0000000000000000000000000000000000000000000000000000000000000000|0|3|rt4_TMB-5_MAP_g_12609.r24|2|1|RICH|878|0|2590|0000000000000000000000000000000000000000000000000000000000000000|RICH|1|878|DISP=ACCEPT_INSTALL|DETAIL=map
0000000000000000000000000000000000000000000000000000000000000000|0000000000000000000000000000000000000000000000000000000000000000|0|3|rt4_TMB-5_MAP_g_12610.r24|2|1|RICH|878|0|2600|0000000000000000000000000000000000000000000000000000000000000000|RICH|1|878|DISP=ACCEPT_INSTALL|DETAIL=map
0000000000000000000000000000000000000000000000000000000000000000|0000000000000000000000000000000000000000000000000000000000000000|0|3|rt4_TMB-5_MAP_g_12611.r24|2|1|RICH|878|0|2610|0000000000000000000000000000000000000000000000000000000000000000|RICH|1|878|DISP=ACCEPT_INSTALL|DETAIL=map
0000000000000000000000000000000000000000000000000000000000000000|0000000000000000000000000000000000000000000000000000000000000000|0|3|rt4_TMB-5_MAP_g_12612.r24|2|1|RICH|878|0|2620|0000000000000000000000000000000000000000000000000000000000000000|RICH|1|878|DISP=ACCEPT_INSTALL|DETAIL=map
0000000000000000000000000000000000000000000000000000000000000000|0000000000000000000000000000000000000000000000000000000000000000|0|3|rt4_TMB-5_MAP_g_12613.r24|2|1|RICH|878|0|2630|0000000000000000000000000000000000000000000000000000000000000000|RICH|1|878|DISP=ACCEPT_INSTALL|DETAIL=map
0000000000000000000000000000000000000000000000000000000000000000|0000000000000000000000000000000000000000000000000000000000000000|0|3|rt4_TMB-5_MAP_g_12614.r24|2|1|RICH|878|0|2640|0000000000000000000000000000000000000000000000000000000000000000|RICH|1|878|DISP=ACCEPT_INSTALL|DETAIL=map
0000000000000000000000000000000000000000000000000000000000000000|0000000000000000000000000000000000000000000000000000000000000000|0|3|rt4_TMB-5_MAP_g_12615.r24|2|1|RICH|878|0|2650|0000000000000000000000000000000000000000000000000000000000000000|RICH|1|878|DISP=ACCEPT_INSTALL|DETAIL=map
0000000000000000000000000000000000000000000000000000000000000000|0000000000000000000000000000000000000000000000000000000000000000|0|3|rt4_TMB-5_MAP_g_12616.r24|2|1|RICH|878|0|2660|0000000000000000000000000000000000000000000000000000000000000000|RICH|1|878|DISP=ACCEPT_INSTALL|DETAIL=map
0000000000000000000000000000000000000000000000000000000000000000|0000000000000000000000000000000000000000000000000000000000000000|0|3|rt4_TMB-5_MAP_g_12617.r24|2|1|RICH|878|0|2670|0000000000000000000000000000000000000000000000000000000000000000|RICH|1|878|DISP=ACCEPT_INSTALL|DETAIL=map
0000000000000000000000000000000000000000000000000000000000000000|0000000000000000000000000000000000000000000000000000000000000000|0|3|rt4_TMB-5_MAP_g_12618.r24|2|1|RICH|878|0|2680|0000000000000000000000000000000000000000000000000000000000000000|RICH|1|878|DISP=ACCEPT_INSTALL|DETAIL=map
0000000000000000000000000000000000000000000000000000000000000000|0000000000000000000000000000000000000000000000000000000000000000|0|3|rt4_TMB-5_MAP_g_12619.r24|2|1|RICH|878|0|2690|0000000000000000000000000000000000000000000000000000000000000000|RICH|1|878|DISP=ACCEPT_INSTALL|DETAIL=map
0000000000000000000000000000000000000000000000000000000000000000|0000000000000000000000000000000000000000000000000000000000000000|0|3|rt4_TMB-5_MAP_g_12620.r24|2|1|RICH|878|0|2700|0000000000000000000000000000000000000000000000000000000000000000|RICH|1|878|DISP=ACCEPT_INSTALL|DETAIL=map
0000000000000000000000000000000000000000000000000000000000000000|0000000000000000000000000000000000000000000000000000000000000000|0|3|rt4_TMB-5_MAP_g_12621.r24|2|1|RICH|878|0|2710|0000000000000000000000000000000000000000000000000000000000000000|RICH|1|878|DISP=ACCEPT_INSTALL|DETAIL=map
0000000000000000000000000000000000000000000000000000000000000000|0000000000000000000000000000000000000000000000000000000000000000|0|3|rt4_TMB-5_MAP_g_12622.r24|2|1|RICH|878|0|2720|0000000000000000000000000000000000000000000000000000000000000000|RICH|1|878|DISP=ACCEPT_INSTALL|DETAIL=map
0000000000000000000000000000000000000000000000000000000000000000|0000000000000000000000000000000000000000000000000000000000000000|0|3|rt4_TMB-5_MAP_g_12623.r24|2|1|RICH|878|0|2730|0000000000000000000000000000000000000000000000000000000000000000|RICH|1|878|DISP=ACCEPT_INSTALL|DETAIL=map
0000000000000000000000000000000000000000000000000000000000000000|0000000000000000000000000000000000000000000000000000000000000000|0|3|rt4_TMB-5_MAP_g_12624.r24|2|1|RICH|878|0|2740|0000000000000000000000000000000000000000000000000000000000000000|RICH|1|878|DISP=ACCEPT_INSTALL|DETAIL=map
0000000000000000000000000000000000000000000000000000000000000000|0000000000000000000000000000000000000000000000000000000000000000|0|3|rt4_TMB-5_MAP_g_12625.r24|2|1|RICH|878|0|2750|0000000000000000000000000000000000000000000000000000000000000000|RICH|1|878|DISP=ACCEPT_INSTALL|DETAIL=map
0000000000000000000000000000000000000000000000000000000000000000|0000000000000000000000000000000000000000000000000000000000000000|0|3|rt4_TMB-5_MAP_g_12626.r24|2|1|RICH|878|0|2760|0000000000000000000000000000000000000000000000000000000000000000|RICH|1|878|DISP=ACCEPT_INSTALL|DETAIL=map
0000000000000000000000000000000000000000000000000000000000000000|0000000000000000000000000000000000000000000000000000000000000000|0|3|rt4_TMB-5_MAP_g_12627.r24|2|1|RICH|878|0|2770|0000000000000000000000000000000000000000000000000000000000000000|RICH|1|878|DISP=ACCEPT_INSTALL|DETAIL=map
0000000000000000000000000000000000000000000000000000000000000000|0000000000000000000000000000000000000000000000000000000000000000|0|3|rt4_TMB-5_MAP_g_12628.r24|2|1|RICH|878|0|2780|0000000000000000000000000000000000000000000000000000000000000000|RICH|1|878|DISP=ACCEPT_INSTALL|DETAIL=map
0000000000000000000000000000000000000000000000000000000000000000|0000000000000000000000000000000000000000000000000000000000000000|0|3|rt4_TMB-5_MAP_g_12629.r24|2|1|RICH|878|0|2790|0000000000000000000000000000000000000000000000000000000000000000|RICH|1|878|DISP=ACCEPT_INSTALL|DETAIL=map
0000000000000000000000000000000000000000000000000000000000000000|0000000000000000000000000000000000000000000000000000000000000000|0|3|rt4_TMB-5_MAP_g_12630.r24|2|1|RICH|878|0|2800|0000000000000000000000000000000000000000000000000000000000000000|RICH|1|878|DISP=ACCEPT_INSTALL|DETAIL=map
0000000000000000000000000000000000000000000000000000000000000000|0000000000000000000000000000000000000000000000000000000000000000|0|3|rt4_TMB-5_MAP_g_12631.r24|2|1|RICH|878|0|2810|0000000000000000000000000000000000000000000000000000000000000000|RICH|1|878|DISP=ACCEPT_INSTALL|DETAIL=map
0000000000000000000000000000000000000000000000000000000000000000|0000000000000000000000000000000000000000000000000000000000000000|0|3|rt4_TMB-5_MAP_g_12632.r24|2|1|RICH|878|0|2820|0000000000000000000000000000000000000000000000000000000000000000|RICH|1|878|DISP=ACCEPT_INSTALL|DETAIL=map
0000000000000000000000000000000000000000000000000000000000000000|0000000000000000000000000000000000000000000000000000000000000000|0|3|rt4_TMB-5_MAP_g_12633.r24|2|1|RICH|878|0|2830|0000000000000000000000000000000000000000000000000000000000000000|RICH|1|878|DISP=ACCEPT_INSTALL|DETAIL=map
0000000000000000000000000000000000000000000000000000000000000000|0000000000000000000000000000000000000000000000000000000000000000|0|3|rt4_TMB-5_MAP_g_12634.r24|2|1|RICH|878|0|2840|0000000000000000000000000000000000000000000000000000000000000000|RICH|1|878|DISP=ACCEPT_INSTALL|DETAIL=map
0000000000000000000000000000000000000000000000000000000000000000|0000000000000000000000000000000000000000000000000000000000000000|0|3|rt4_TMB-5_MAP_g_12635.r24|2|1|RICH|878|0|2850|0000000000000000000000000000000000000000000000000000000000000000|RICH|1|878|DISP=ACCEPT_INSTALL|DETAIL=map
0000000000000000000000000000000000000000000000000000000000000000|0000000000000000000000000000000000000000000000000000000000000000|0|3|rt4_TMB-5_MAP_g_12636.r24|2|1|RICH|878|0|2860|0000000000000000000000000000000000000000000000000000000000000000|RICH|1|878|DISP=ACCEPT_INSTALL|DETAIL=map
0000000000000000000000000000000000000000000000000000000000000000|0000000000000000000000000000000000000000000000000000000000000000|0|3|rt4_TMB-5_MAP_g_12637.r24|2|1|RICH|878|0|2870|0000000000000000000000000000000000000000000000000000000000000000|RICH|1|878|DISP=ACCEPT_INSTALL|DETAIL=map
0000000000000000000000000000000000000000000000000000000000000000|0000000000000000000000000000000000000000000000000000000000000000|0|3|rt4_TMB-5_MAP_g_12638.r24|2|1|RICH|878|0|2880|0000000000000000000000000000000000000000000000000000000000000000|RICH|1|878|DISP=ACCEPT_INSTALL|DETAIL=map
0000000000000000000000000000000000000000000000000000000000000000|0000000000000000000000000000000000000000000000000000000000000000|0|3|rt4_TMB-5_MAP_g_12639.r24|2|1|RICH|878|0|2890|0000000000000000000000000000000000000000000000000000000000000000|RICH|1|878|DISP=ACCEPT_INSTALL|DETAIL=map
0000000000000000000000000000000000000000000000000000000000000000|0000000000000000000000000000000000000000000000000000000000000000|0|3|rt4_TMB-5_MAP_g_12640.r24|2|1|RICH|878|0|2900|0000000000000000000000000000000000000000000000000000000000000000|RICH|1|878|DISP=ACCEPT_INSTALL|DETAIL=map
0000000000000000000000000000000000000000000000000000000000000000|0000000000000000000000000000000000000000000000000000000000000000|0|3|rt4_TMB-5_MAP_g_12641.r24|2|1|RICH|880|0|2400|0000000000000000000000000000000000000000000000000000000000000000|RICH|1|880|DISP=ACCEPT_INSTALL|DETAIL=map
0000000000000000000000000000000000000000000000000000000000000000|0000000000000000000000000000000000000000000000000000000000000000|0|3|rt4_TMB-5_MAP_g_12642.r24|2|1|RICH|880|0|2410|0000000000000000000000000000000000000000000000000000000000000000|RICH|1|880|DISP=ACCEPT_INSTALL|DETAIL=map
0000000000000000000000000000000000000000000000000000000000000000|0000000000000000000000000000000000000000000000000000000000000000|0|3|rt4_TMB-5_MAP_g_12643.r24|2|1|RICH|880|0|2420|0000000000000000000000000000000000000000000000000000000000000000|RICH|1|880|DISP=ACCEPT_INSTALL|DETAIL=map
0000000000000000000000000000000000000000000000000000000000000000|0000000000000000000000000000000000000000000000000000000000000000|0|3|rt4_TMB-5_MAP_g_12644.r24|2|1|RICH|880|0|2430|0000000000000000000000000000000000000000000000000000000000000000|RICH|1|880|DISP=ACCEPT_INSTALL|DETAIL=map
0000000000000000000000000000000000000000000000000000000000000000|0000000000000000000000000000000000000000000000000000000000000000|0|3|rt4_TMB-5_MAP_g_12645.r24|2|1|RICH|880|0|2440|0000000000000000000000000000000000000000000000000000000000000000|RICH|1|880|DISP=ACCEPT_INSTALL|DETAIL=map
0000000000000000000000000000000000000000000000000000000000000000|0000000000000000000000000000000000000000000000000000000000000000|0|3|rt4_TMB-5_MAP_g_12646.r24|2|1|RICH|880|0|2450|0000000000000000000000000000000000000000000000000000000000000000|RICH|1|880|DISP=ACCEPT_INSTALL|DETAIL=map
0000000000000000000000000000000000000000000000000000000000000000|0000000000000000000000000000000000000000000000000000000000000000|0|3|rt4_TMB-5_MAP_g_12647.r24|2|1|RICH|880|0|2460|0000000000000000000000000000000000000000000000000000000000000000|RICH|1|880|DISP=ACCEPT_INSTALL|DETAIL=map
0000000000000000000000000000000000000000000000000000000000000000|0000000000000000000000000000000000000000000000000000000000000000|0|3|rt4_TMB-5_MAP_g_12648.r24|2|1|RICH|880|0|2470|0000000000000000000000000000000000000000000000000000000000000000|RICH|1|880|DISP=ACCEPT_INSTALL|DETAIL=map
0000000000000000000000000000000000000000000000000000000000000000|0000000000000000000000000000000000000000000000000000000000000000|0|3|rt4_TMB-5_MAP_g_12649.r24|2|1|RICH|880|0|2480|0000000000000000000000000000000000000000000000000000000000000000|RICH|1|880|DISP=ACCEPT_INSTALL|DETAIL=map
0000000000000000000000000000000000000000000000000000000000000000|0000000000000000000000000000000000000000000000000000000000000000|0|3|rt4_TMB-5_MAP_g_12650.r24|2|1|RICH|880|0|2490|0000000000000000000000000000000000000000000000000000000000000000|RICH|1|880|DISP=ACCEPT_INSTALL|DETAIL=map
0000000000000000000000000000000000000000000000000000000000000000|0000000000000000000000000000000000000000000000000000000000000000|0|3|rt4_TMB-5_MAP_g_12651.r24|2|1|RICH|880|0|2500|0000000000000000000000000000000000000000000000000000000000000000|RICH|1|880|DISP=ACCEPT_INSTALL|DETAIL=map
0000000000000000000000000000000000000000000000000000000000000000|0000000000000000000000000000000000000000000000000000000000000000|0|3|rt4_TMB-5_MAP_g_12652.r24|2|1|RICH|880|0|2510|0000000000000000000000000000000000000000000000000000000000000000|RICH|1|880|DISP=ACCEPT_INSTALL|DETAIL=map
0000000000000000000000000000000000000000000000000000000000000000|0000000000000000000000000000000000000000000000000000000000000000|0|3|rt4_TMB-5_MAP_g_12653.r24|2|1|RICH|880|0|2520|0000000000000000000000000000000000000000000000000000000000000000|RICH|1|880|DISP=ACCEPT_INSTALL|DETAIL=map
0000000000000000000000000000000000000000000000000000000000000000|0000000000000000000000000000000000000000000000000000000000000000|0|3|rt4_TMB-5_MAP_g_12654.r24|2|1|RICH|880|0|2530|0000000000000000000000000000000000000000000000000000000000000000|RICH|1|880|DISP=ACCEPT_INSTALL|DETAIL=map
0000000000000000000000000000000000000000000000000000000000000000|0000000000000000000000000000000000000000000000000000000000000000|0|3|rt4_TMB-5_MAP_g_12655.r24|2|1|RICH|880|0|2540|0000000000000000000000000000000000000000000000000000000000000000|RICH|1|880|DISP=ACCEPT_INSTALL|DETAIL=map
0000000000000000000000000000000000000000000000000000000000000000|0000000000000000000000000000000000000000000000000000000000000000|0|3|rt4_TMB-5_MAP_g_12656.r24|2|1|RICH|880|0|2550|0000000000000000000000000000000000000000000000000000000000000000|RICH|1|880|DISP=ACCEPT_INSTALL|DETAIL=map
0000000000000000000000000000000000000000000000000000000000000000|0000000000000000000000000000000000000000000000000000000000000000|0|3|rt4_TMB-5_MAP_g_12657.r24|2|1|RICH|880|0|2560|0000000000000000000000000000000000000000000000000000000000000000|RICH|1|880|DISP=ACCEPT_INSTALL|DETAIL=map
0000000000000000000000000000000000000000000000000000000000000000|0000000000000000000000000000000000000000000000000000000000000000|0|3|rt4_TMB-5_MAP_g_12658.r24|2|1|RICH|880|0|2570|0000000000000000000000000000000000000000000000000000000000000000|RICH|1|880|DISP=ACCEPT_INSTALL|DETAIL=map
0000000000000000000000000000000000000000000000000000000000000000|0000000000000000000000000000000000000000000000000000000000000000|0|3|rt4_TMB-5_MAP_g_12659.r24|2|1|RICH|880|0|2580|0000000000000000000000000000000000000000000000000000000000000000|RICH|1|880|DISP=ACCEPT_INSTALL|DETAIL=map
0000000000000000000000000000000000000000000000000000000000000000|0000000000000000000000000000000000000000000000000000000000000000|0|3|rt4_TMB-5_MAP_g_12660.r24|2|1|RICH|880|0|2590|0000000000000000000000000000000000000000000000000000000000000000|RICH|1|880|DISP=ACCEPT_INSTALL|DETAIL=map
0000000000000000000000000000000000000000000000000000000000000000|0000000000000000000000000000000000000000000000000000000000000000|0|3|rt4_TMB-5_MAP_g_12661.r24|2|1|RICH|880|0|2600|0000000000000000000000000000000000000000000000000000000000000000|RICH|1|880|DISP=ACCEPT_INSTALL|DETAIL=map
0000000000000000000000000000000000000000000000000000000000000000|0000000000000000000000000000000000000000000000000000000000000000|0|3|rt4_TMB-5_MAP_g_12662.r24|2|1|RICH|880|0|2610|0000000000000000000000000000000000000000000000000000000000000000|RICH|1|880|DISP=ACCEPT_INSTALL|DETAIL=map
0000000000000000000000000000000000000000000000000000000000000000|0000000000000000000000000000000000000000000000000000000000000000|0|3|rt4_TMB-5_MAP_g_12663.r24|2|1|RICH|880|0|2620|0000000000000000000000000000000000000000000000000000000000000000|RICH|1|880|DISP=ACCEPT_INSTALL|DETAIL=map
0000000000000000000000000000000000000000000000000000000000000000|0000000000000000000000000000000000000000000000000000000000000000|0|3|rt4_TMB-5_MAP_g_12664.r24|2|1|RICH|880|0|2630|0000000000000000000000000000000000000000000000000000000000000000|RICH|1|880|DISP=ACCEPT_INSTALL|DETAIL=map
0000000000000000000000000000000000000000000000000000000000000000|0000000000000000000000000000000000000000000000000000000000000000|0|3|rt4_TMB-5_MAP_g_12665.r24|2|1|RICH|880|0|2640|0000000000000000000000000000000000000000000000000000000000000000|RICH|1|880|DISP=ACCEPT_INSTALL|DETAIL=map
0000000000000000000000000000000000000000000000000000000000000000|0000000000000000000000000000000000000000000000000000000000000000|0|3|rt4_TMB-5_MAP_g_12666.r24|2|1|RICH|880|0|2650|0000000000000000000000000000000000000000000000000000000000000000|RICH|1|880|DISP=ACCEPT_INSTALL|DETAIL=map
0000000000000000000000000000000000000000000000000000000000000000|0000000000000000000000000000000000000000000000000000000000000000|0|3|rt4_TMB-5_MAP_g_12667.r24|2|1|RICH|880|0|2660|0000000000000000000000000000000000000000000000000000000000000000|RICH|1|880|DISP=ACCEPT_INSTALL|DETAIL=map
0000000000000000000000000000000000000000000000000000000000000000|0000000000000000000000000000000000000000000000000000000000000000|0|3|rt4_TMB-5_MAP_g_12668.r24|2|1|RICH|880|0|2670|0000000000000000000000000000000000000000000000000000000000000000|RICH|1|880|DISP=ACCEPT_INSTALL|DETAIL=map
0000000000000000000000000000000000000000000000000000000000000000|0000000000000000000000000000000000000000000000000000000000000000|0|3|rt4_TMB-5_MAP_g_12669.r24|2|1|RICH|880|0|2680|0000000000000000000000000000000000000000000000000000000000000000|RICH|1|880|DISP=ACCEPT_INSTALL|DETAIL=map
0000000000000000000000000000000000000000000000000000000000000000|0000000000000000000000000000000000000000000000000000000000000000|0|3|rt4_TMB-5_MAP_g_12670.r24|2|1|RICH|880|0|2690|0000000000000000000000000000000000000000000000000000000000000000|RICH|1|880|DISP=ACCEPT_INSTALL|DETAIL=map
0000000000000000000000000000000000000000000000000000000000000000|0000000000000000000000000000000000000000000000000000000000000000|0|3|rt4_TMB-5_MAP_g_12671.r24|2|1|RICH|880|0|2700|0000000000000000000000000000000000000000000000000000000000000000|RICH|1|880|DISP=ACCEPT_INSTALL|DETAIL=map
0000000000000000000000000000000000000000000000000000000000000000|0000000000000000000000000000000000000000000000000000000000000000|0|3|rt4_TMB-5_MAP_g_12672.r24|2|1|RICH|880|0|2710|0000000000000000000000000000000000000000000000000000000000000000|RICH|1|880|DISP=ACCEPT_INSTALL|DETAIL=map
0000000000000000000000000000000000000000000000000000000000000000|0000000000000000000000000000000000000000000000000000000000000000|0|3|rt4_TMB-5_MAP_g_12673.r24|2|1|RICH|880|0|2720|0000000000000000000000000000000000000000000000000000000000000000|RICH|1|880|DISP=ACCEPT_INSTALL|DETAIL=map
0000000000000000000000000000000000000000000000000000000000000000|0000000000000000000000000000000000000000000000000000000000000000|0|3|rt4_TMB-5_MAP_g_12674.r24|2|1|RICH|880|0|2730|0000000000000000000000000000000000000000000000000000000000000000|RICH|1|880|DISP=ACCEPT_INSTALL|DETAIL=map
0000000000000000000000000000000000000000000000000000000000000000|0000000000000000000000000000000000000000000000000000000000000000|0|3|rt4_TMB-5_MAP_g_12675.r24|2|1|RICH|880|0|2740|0000000000000000000000000000000000000000000000000000000000000000|RICH|1|880|DISP=ACCEPT_INSTALL|DETAIL=map
0000000000000000000000000000000000000000000000000000000000000000|0000000000000000000000000000000000000000000000000000000000000000|0|3|rt4_TMB-5_MAP_g_12676.r24|2|1|RICH|880|0|2750|0000000000000000000000000000000000000000000000000000000000000000|RICH|1|880|DISP=ACCEPT_INSTALL|DETAIL=map
0000000000000000000000000000000000000000000000000000000000000000|0000000000000000000000000000000000000000000000000000000000000000|0|3|rt4_TMB-5_MAP_g_12677.r24|2|1|RICH|880|0|2760|0000000000000000000000000000000000000000000000000000000000000000|RICH|1|880|DISP=ACCEPT_INSTALL|DETAIL=map
0000000000000000000000000000000000000000000000000000000000000000|0000000000000000000000000000000000000000000000000000000000000000|0|3|rt4_TMB-5_MAP_g_12678.r24|2|1|RICH|880|0|2770|0000000000000000000000000000000000000000000000000000000000000000|RICH|1|880|DISP=ACCEPT_INSTALL|DETAIL=map
0000000000000000000000000000000000000000000000000000000000000000|0000000000000000000000000000000000000000000000000000000000000000|0|3|rt4_TMB-5_MAP_g_12679.r24|2|1|RICH|880|0|2780|0000000000000000000000000000000000000000000000000000000000000000|RICH|1|880|DISP=ACCEPT_INSTALL|DETAIL=map
0000000000000000000000000000000000000000000000000000000000000000|0000000000000000000000000000000000000000000000000000000000000000|0|3|rt4_TMB-5_MAP_g_12680.r24|2|1|RICH|880|0|2790|0000000000000000000000000000000000000000000000000000000000000000|RICH|1|880|DISP=ACCEPT_INSTALL|DETAIL=map
0000000000000000000000000000000000000000000000000000000000000000|0000000000000000000000000000000000000000000000000000000000000000|0|3|rt4_TMB-5_MAP_g_12681.r24|2|1|RICH|880|0|2800|0000000000000000000000000000000000000000000000000000000000000000|RICH|1|880|DISP=ACCEPT_INSTALL|DETAIL=map
0000000000000000000000000000000000000000000000000000000000000000|0000000000000000000000000000000000000000000000000000000000000000|0|3|rt4_TMB-5_MAP_g_12682.r24|2|1|RICH|880|0|2810|0000000000000000000000000000000000000000000000000000000000000000|RICH|1|880|DISP=ACCEPT_INSTALL|DETAIL=map
0000000000000000000000000000000000000000000000000000000000000000|0000000000000000000000000000000000000000000000000000000000000000|0|3|rt4_TMB-5_MAP_g_12683.r24|2|1|RICH|880|0|2820|0000000000000000000000000000000000000000000000000000000000000000|RICH|1|880|DISP=ACCEPT_INSTALL|DETAIL=map
0000000000000000000000000000000000000000000000000000000000000000|0000000000000000000000000000000000000000000000000000000000000000|0|3|rt4_TMB-5_MAP_g_12684.r24|2|1|RICH|880|0|2830|0000000000000000000000000000000000000000000000000000000000000000|RICH|1|880|DISP=ACCEPT_INSTALL|DETAIL=map
0000000000000000000000000000000000000000000000000000000000000000|0000000000000000000000000000000000000000000000000000000000000000|0|3|rt4_TMB-5_MAP_g_12685.r24|2|1|RICH|880|0|2840|0000000000000000000000000000000000000000000000000000000000000000|RICH|1|880|DISP=ACCEPT_INSTALL|DETAIL=map
0000000000000000000000000000000000000000000000000000000000000000|0000000000000000000000000000000000000000000000000000000000000000|0|3|rt4_TMB-5_MAP_g_12686.r24|2|1|RICH|880|0|2850|0000000000000000000000000000000000000000000000000000000000000000|RICH|1|880|DISP=ACCEPT_INSTALL|DETAIL=map
0000000000000000000000000000000000000000000000000000000000000000|0000000000000000000000000000000000000000000000000000000000000000|0|3|rt4_TMB-5_MAP_g_12687.r24|2|1|RICH|880|0|2860|0000000000000000000000000000000000000000000000000000000000000000|RICH|1|880|DISP=ACCEPT_INSTALL|DETAIL=map
0000000000000000000000000000000000000000000000000000000000000000|0000000000000000000000000000000000000000000000000000000000000000|0|3|rt4_TMB-5_MAP_g_12688.r24|2|1|RICH|880|0|2870|0000000000000000000000000000000000000000000000000000000000000000|RICH|1|880|DISP=ACCEPT_INSTALL|DETAIL=map
0000000000000000000000000000000000000000000000000000000000000000|0000000000000000000000000000000000000000000000000000000000000000|0|3|rt4_TMB-5_MAP_g_12689.r24|2|1|RICH|880|0|2880|0000000000000000000000000000000000000000000000000000000000000000|RICH|1|880|DISP=ACCEPT_INSTALL|DETAIL=map
0000000000000000000000000000000000000000000000000000000000000000|0000000000000000000000000000000000000000000000000000000000000000|0|3|rt4_TMB-5_MAP_g_12690.r24|2|1|RICH|880|0|2890|0000000000000000000000000000000000000000000000000000000000000000|RICH|1|880|DISP=ACCEPT_INSTALL|DETAIL=map
0000000000000000000000000000000000000000000000000000000000000000|0000000000000000000000000000000000000000000000000000000000000000|0|3|rt4_TMB-5_MAP_g_12691.r24|2|1|RICH|880|0|2900|0000000000000000000000000000000000000000000000000000000000000000|RICH|1|880|DISP=ACCEPT_INSTALL|DETAIL=map
0000000000000000000000000000000000000000000000000000000000000000|0000000000000000000000000000000000000000000000000000000000000000|0|3|rt4_TMB-5_MAP_g_12692.r24|2|1|RICH|900|0|400|0000000000000000000000000000000000000000000000000000000000000000|RICH|1|900|DISP=ACCEPT_INSTALL|DETAIL=map
0000000000000000000000000000000000000000000000000000000000000000|0000000000000000000000000000000000000000000000000000000000000000|0|3|rt4_TMB-5_MAP_g_12693.r24|2|1|RICH|900|0|600|0000000000000000000000000000000000000000000000000000000000000000|RICH|1|900|DISP=ACCEPT_INSTALL|DETAIL=map
0000000000000000000000000000000000000000000000000000000000000000|0000000000000000000000000000000000000000000000000000000000000000|0|3|rt4_TMB-5_MAP_g_12694.r24|2|1|RICH|900|0|800|0000000000000000000000000000000000000000000000000000000000000000|RICH|1|900|DISP=ACCEPT_INSTALL|DETAIL=map
0000000000000000000000000000000000000000000000000000000000000000|0000000000000000000000000000000000000000000000000000000000000000|0|3|rt4_TMB-5_MAP_g_12695.r24|2|1|RICH|900|0|1000|0000000000000000000000000000000000000000000000000000000000000000|RICH|1|900|DISP=ACCEPT_INSTALL|DETAIL=map
0000000000000000000000000000000000000000000000000000000000000000|0000000000000000000000000000000000000000000000000000000000000000|0|3|rt4_TMB-5_MAP_g_12696.r24|2|1|RICH|900|0|1200|0000000000000000000000000000000000000000000000000000000000000000|RICH|1|900|DISP=ACCEPT_INSTALL|DETAIL=map
0000000000000000000000000000000000000000000000000000000000000000|0000000000000000000000000000000000000000000000000000000000000000|0|3|rt4_TMB-5_MAP_g_12697.r24|2|1|RICH|900|0|1400|0000000000000000000000000000000000000000000000000000000000000000|RICH|1|900|DISP=ACCEPT_INSTALL|DETAIL=map
0000000000000000000000000000000000000000000000000000000000000000|0000000000000000000000000000000000000000000000000000000000000000|0|3|rt4_TMB-5_MAP_g_12698.r24|2|1|RICH|900|0|1600|0000000000000000000000000000000000000000000000000000000000000000|RICH|1|900|DISP=ACCEPT_INSTALL|DETAIL=map
0000000000000000000000000000000000000000000000000000000000000000|0000000000000000000000000000000000000000000000000000000000000000|0|3|rt4_TMB-5_MAP_g_12699.r24|2|1|RICH|900|0|1800|0000000000000000000000000000000000000000000000000000000000000000|RICH|1|900|DISP=ACCEPT_INSTALL|DETAIL=map
0000000000000000000000000000000000000000000000000000000000000000|0000000000000000000000000000000000000000000000000000000000000000|0|3|rt4_TMB-5_MAP_g_12700.r24|2|1|RICH|900|0|2000|0000000000000000000000000000000000000000000000000000000000000000|RICH|1|900|DISP=ACCEPT_INSTALL|DETAIL=map
0000000000000000000000000000000000000000000000000000000000000000|0000000000000000000000000000000000000000000000000000000000000000|0|3|rt4_TMB-5_MAP_g_12701.r24|2|1|RICH|900|0|2200|0000000000000000000000000000000000000000000000000000000000000000|RICH|1|900|DISP=ACCEPT_INSTALL|DETAIL=map
0000000000000000000000000000000000000000000000000000000000000000|0000000000000000000000000000000000000000000000000000000000000000|0|3|rt4_TMB-5_MAP_g_12702.r24|2|1|RICH|900|0|2400|0000000000000000000000000000000000000000000000000000000000000000|RICH|1|900|DISP=ACCEPT_INSTALL|DETAIL=map
0000000000000000000000000000000000000000000000000000000000000000|0000000000000000000000000000000000000000000000000000000000000000|0|3|rt4_TMB-5_MAP_g_12703.r24|2|1|RICH|900|0|2600|0000000000000000000000000000000000000000000000000000000000000000|RICH|1|900|DISP=ACCEPT_INSTALL|DETAIL=map
0000000000000000000000000000000000000000000000000000000000000000|0000000000000000000000000000000000000000000000000000000000000000|0|3|rt4_TMB-5_MAP_g_12704.r24|2|1|RICH|900|0|2800|0000000000000000000000000000000000000000000000000000000000000000|RICH|1|900|DISP=ACCEPT_INSTALL|DETAIL=map
0000000000000000000000000000000000000000000000000000000000000000|0000000000000000000000000000000000000000000000000000000000000000|0|3|rt4_TMB-5_MAP_g_12705.r24|2|1|RICH|900|0|3000|0000000000000000000000000000000000000000000000000000000000000000|RICH|1|900|DISP=ACCEPT_INSTALL|DETAIL=map
0000000000000000000000000000000000000000000000000000000000000000|0000000000000000000000000000000000000000000000000000000000000000|0|3|rt4_TMB-5_MAP_g_12706.r24|2|1|RICH|900|0|3200|0000000000000000000000000000000000000000000000000000000000000000|RICH|1|900|DISP=ACCEPT_INSTALL|DETAIL=map
0000000000000000000000000000000000000000000000000000000000000000|0000000000000000000000000000000000000000000000000000000000000000|0|3|rt4_TMB-5_MAP_g_12707.r24|2|1|RICH|900|0|3400|0000000000000000000000000000000000000000000000000000000000000000|RICH|1|900|DISP=ACCEPT_INSTALL|DETAIL=map
0000000000000000000000000000000000000000000000000000000000000000|0000000000000000000000000000000000000000000000000000000000000000|0|3|rt4_TMB-5_MAP_g_12708.r24|2|1|RICH|900|0|3600|0000000000000000000000000000000000000000000000000000000000000000|RICH|1|900|DISP=ACCEPT_INSTALL|DETAIL=map
0000000000000000000000000000000000000000000000000000000000000000|0000000000000000000000000000000000000000000000000000000000000000|0|3|rt4_TMB-5_MAP_g_12709.r24|2|1|RICH|900|0|3800|0000000000000000000000000000000000000000000000000000000000000000|RICH|1|900|DISP=ACCEPT_INSTALL|DETAIL=map
0000000000000000000000000000000000000000000000000000000000000000|0000000000000000000000000000000000000000000000000000000000000000|0|3|rt4_TMB-5_MAP_g_12710.r24|2|1|RICH|900|0|4000|0000000000000000000000000000000000000000000000000000000000000000|RICH|1|900|DISP=ACCEPT_INSTALL|DETAIL=map
0000000000000000000000000000000000000000000000000000000000000000|0000000000000000000000000000000000000000000000000000000000000000|0|3|rt4_TMB-5_MAP_g_12711.r24|2|1|RICH|900|0|4200|0000000000000000000000000000000000000000000000000000000000000000|RICH|1|900|DISP=ACCEPT_INSTALL|DETAIL=map
0000000000000000000000000000000000000000000000000000000000000000|0000000000000000000000000000000000000000000000000000000000000000|0|3|rt4_TMB-5_MAP_g_12712.r24|2|1|RICH|900|0|4400|0000000000000000000000000000000000000000000000000000000000000000|RICH|1|900|DISP=ACCEPT_INSTALL|DETAIL=map
0000000000000000000000000000000000000000000000000000000000000000|0000000000000000000000000000000000000000000000000000000000000000|0|3|rt4_TMB-5_MAP_g_12713.r24|2|1|RICH|900|0|4600|0000000000000000000000000000000000000000000000000000000000000000|RICH|1|900|DISP=ACCEPT_INSTALL|DETAIL=map
0000000000000000000000000000000000000000000000000000000000000000|0000000000000000000000000000000000000000000000000000000000000000|0|3|rt4_TMB-5_MAP_g_12714.r24|2|1|RICH|900|0|4800|0000000000000000000000000000000000000000000000000000000000000000|RICH|1|900|DISP=ACCEPT_INSTALL|DETAIL=map
0000000000000000000000000000000000000000000000000000000000000000|0000000000000000000000000000000000000000000000000000000000000000|0|3|rt4_TMB-5_MAP_g_12715.r24|2|1|RICH|950|0|400|0000000000000000000000000000000000000000000000000000000000000000|RICH|1|950|DISP=ACCEPT_INSTALL|DETAIL=map
0000000000000000000000000000000000000000000000000000000000000000|0000000000000000000000000000000000000000000000000000000000000000|0|3|rt4_TMB-5_MAP_g_12716.r24|2|1|RICH|950|0|600|0000000000000000000000000000000000000000000000000000000000000000|RICH|1|950|DISP=ACCEPT_INSTALL|DETAIL=map
0000000000000000000000000000000000000000000000000000000000000000|0000000000000000000000000000000000000000000000000000000000000000|0|3|rt4_TMB-5_MAP_g_12717.r24|2|1|RICH|950|0|800|0000000000000000000000000000000000000000000000000000000000000000|RICH|1|950|DISP=ACCEPT_INSTALL|DETAIL=map
0000000000000000000000000000000000000000000000000000000000000000|0000000000000000000000000000000000000000000000000000000000000000|0|3|rt4_TMB-5_MAP_g_12718.r24|2|1|RICH|950|0|1000|0000000000000000000000000000000000000000000000000000000000000000|RICH|1|950|DISP=ACCEPT_INSTALL|DETAIL=map
0000000000000000000000000000000000000000000000000000000000000000|0000000000000000000000000000000000000000000000000000000000000000|0|3|rt4_TMB-5_MAP_g_12719.r24|2|1|RICH|950|0|1200|0000000000000000000000000000000000000000000000000000000000000000|RICH|1|950|DISP=ACCEPT_INSTALL|DETAIL=map
0000000000000000000000000000000000000000000000000000000000000000|0000000000000000000000000000000000000000000000000000000000000000|0|3|rt4_TMB-5_MAP_g_12720.r24|2|1|RICH|950|0|1400|0000000000000000000000000000000000000000000000000000000000000000|RICH|1|950|DISP=ACCEPT_INSTALL|DETAIL=map
0000000000000000000000000000000000000000000000000000000000000000|0000000000000000000000000000000000000000000000000000000000000000|0|3|rt4_TMB-5_MAP_g_12721.r24|2|1|RICH|950|0|1600|0000000000000000000000000000000000000000000000000000000000000000|RICH|1|950|DISP=ACCEPT_INSTALL|DETAIL=map
0000000000000000000000000000000000000000000000000000000000000000|0000000000000000000000000000000000000000000000000000000000000000|0|3|rt4_TMB-5_MAP_g_12722.r24|2|1|RICH|950|0|1800|0000000000000000000000000000000000000000000000000000000000000000|RICH|1|950|DISP=ACCEPT_INSTALL|DETAIL=map
0000000000000000000000000000000000000000000000000000000000000000|0000000000000000000000000000000000000000000000000000000000000000|0|3|rt4_TMB-5_MAP_g_12723.r24|2|1|RICH|950|0|2000|0000000000000000000000000000000000000000000000000000000000000000|RICH|1|950|DISP=ACCEPT_INSTALL|DETAIL=map
0000000000000000000000000000000000000000000000000000000000000000|0000000000000000000000000000000000000000000000000000000000000000|0|3|rt4_TMB-5_MAP_g_12724.r24|2|1|RICH|950|0|2200|0000000000000000000000000000000000000000000000000000000000000000|RICH|1|950|DISP=ACCEPT_INSTALL|DETAIL=map
0000000000000000000000000000000000000000000000000000000000000000|0000000000000000000000000000000000000000000000000000000000000000|0|3|rt4_TMB-5_MAP_g_12725.r24|2|1|RICH|950|0|2400|0000000000000000000000000000000000000000000000000000000000000000|RICH|1|950|DISP=ACCEPT_INSTALL|DETAIL=map
0000000000000000000000000000000000000000000000000000000000000000|0000000000000000000000000000000000000000000000000000000000000000|0|3|rt4_TMB-5_MAP_g_12726.r24|2|1|RICH|950|0|2600|0000000000000000000000000000000000000000000000000000000000000000|RICH|1|950|DISP=ACCEPT_INSTALL|DETAIL=map
0000000000000000000000000000000000000000000000000000000000000000|0000000000000000000000000000000000000000000000000000000000000000|0|3|rt4_TMB-5_MAP_g_12727.r24|2|1|RICH|950|0|2800|0000000000000000000000000000000000000000000000000000000000000000|RICH|1|950|DISP=ACCEPT_INSTALL|DETAIL=map
0000000000000000000000000000000000000000000000000000000000000000|0000000000000000000000000000000000000000000000000000000000000000|0|3|rt4_TMB-5_MAP_g_12728.r24|2|1|RICH|950|0|3000|0000000000000000000000000000000000000000000000000000000000000000|RICH|1|950|DISP=ACCEPT_INSTALL|DETAIL=map
0000000000000000000000000000000000000000000000000000000000000000|0000000000000000000000000000000000000000000000000000000000000000|0|3|rt4_TMB-5_MAP_g_12729.r24|2|1|RICH|950|0|3200|0000000000000000000000000000000000000000000000000000000000000000|RICH|1|950|DISP=ACCEPT_INSTALL|DETAIL=map
0000000000000000000000000000000000000000000000000000000000000000|0000000000000000000000000000000000000000000000000000000000000000|0|3|rt4_TMB-5_MAP_g_12730.r24|2|1|RICH|950|0|3400|0000000000000000000000000000000000000000000000000000000000000000|RICH|1|950|DISP=ACCEPT_INSTALL|DETAIL=map
0000000000000000000000000000000000000000000000000000000000000000|0000000000000000000000000000000000000000000000000000000000000000|0|3|rt4_TMB-5_MAP_g_12731.r24|2|1|RICH|950|0|3600|0000000000000000000000000000000000000000000000000000000000000000|RICH|1|950|DISP=ACCEPT_INSTALL|DETAIL=map
0000000000000000000000000000000000000000000000000000000000000000|0000000000000000000000000000000000000000000000000000000000000000|0|3|rt4_TMB-5_MAP_g_12732.r24|2|1|RICH|950|0|3800|0000000000000000000000000000000000000000000000000000000000000000|RICH|1|950|DISP=ACCEPT_INSTALL|DETAIL=map
0000000000000000000000000000000000000000000000000000000000000000|0000000000000000000000000000000000000000000000000000000000000000|0|3|rt4_TMB-5_MAP_g_12733.r24|2|1|RICH|950|0|4000|0000000000000000000000000000000000000000000000000000000000000000|RICH|1|950|DISP=ACCEPT_INSTALL|DETAIL=map
0000000000000000000000000000000000000000000000000000000000000000|0000000000000000000000000000000000000000000000000000000000000000|0|3|rt4_TMB-5_MAP_g_12734.r24|2|1|RICH|950|0|4200|0000000000000000000000000000000000000000000000000000000000000000|RICH|1|950|DISP=ACCEPT_INSTALL|DETAIL=map
0000000000000000000000000000000000000000000000000000000000000000|0000000000000000000000000000000000000000000000000000000000000000|0|3|rt4_TMB-5_MAP_g_12735.r24|2|1|RICH|950|0|4400|0000000000000000000000000000000000000000000000000000000000000000|RICH|1|950|DISP=ACCEPT_INSTALL|DETAIL=map
0000000000000000000000000000000000000000000000000000000000000000|0000000000000000000000000000000000000000000000000000000000000000|0|3|rt4_TMB-5_MAP_g_12736.r24|2|1|RICH|950|0|4600|0000000000000000000000000000000000000000000000000000000000000000|RICH|1|950|DISP=ACCEPT_INSTALL|DETAIL=map
0000000000000000000000000000000000000000000000000000000000000000|0000000000000000000000000000000000000000000000000000000000000000|0|3|rt4_TMB-5_MAP_g_12737.r24|2|1|RICH|950|0|4800|0000000000000000000000000000000000000000000000000000000000000000|RICH|1|950|DISP=ACCEPT_INSTALL|DETAIL=map
0000000000000000000000000000000000000000000000000000000000000000|0000000000000000000000000000000000000000000000000000000000000000|0|3|rt4_TMB-5_MAP_g_12738.r24|2|1|RICH|1000|0|400|0000000000000000000000000000000000000000000000000000000000000000|RICH|1|1000|DISP=ACCEPT_INSTALL|DETAIL=map
0000000000000000000000000000000000000000000000000000000000000000|0000000000000000000000000000000000000000000000000000000000000000|0|3|rt4_TMB-5_MAP_g_12739.r24|2|1|RICH|1000|0|600|0000000000000000000000000000000000000000000000000000000000000000|RICH|1|1000|DISP=ACCEPT_INSTALL|DETAIL=map
0000000000000000000000000000000000000000000000000000000000000000|0000000000000000000000000000000000000000000000000000000000000000|0|3|rt4_TMB-5_MAP_g_12740.r24|2|1|RICH|1000|0|800|0000000000000000000000000000000000000000000000000000000000000000|RICH|1|1000|DISP=ACCEPT_INSTALL|DETAIL=map
0000000000000000000000000000000000000000000000000000000000000000|0000000000000000000000000000000000000000000000000000000000000000|0|3|rt4_TMB-5_MAP_g_12741.r24|2|1|RICH|1000|0|1000|0000000000000000000000000000000000000000000000000000000000000000|RICH|1|1000|DISP=ACCEPT_INSTALL|DETAIL=map
0000000000000000000000000000000000000000000000000000000000000000|0000000000000000000000000000000000000000000000000000000000000000|0|3|rt4_TMB-5_MAP_g_12742.r24|2|1|RICH|1000|0|1200|0000000000000000000000000000000000000000000000000000000000000000|RICH|1|1000|DISP=ACCEPT_INSTALL|DETAIL=map
0000000000000000000000000000000000000000000000000000000000000000|0000000000000000000000000000000000000000000000000000000000000000|0|3|rt4_TMB-5_MAP_g_12743.r24|2|1|RICH|1000|0|1400|0000000000000000000000000000000000000000000000000000000000000000|RICH|1|1000|DISP=ACCEPT_INSTALL|DETAIL=map
0000000000000000000000000000000000000000000000000000000000000000|0000000000000000000000000000000000000000000000000000000000000000|0|3|rt4_TMB-5_MAP_g_12744.r24|2|1|RICH|1000|0|1600|0000000000000000000000000000000000000000000000000000000000000000|RICH|1|1000|DISP=ACCEPT_INSTALL|DETAIL=map
0000000000000000000000000000000000000000000000000000000000000000|0000000000000000000000000000000000000000000000000000000000000000|0|3|rt4_TMB-5_MAP_g_12745.r24|2|1|RICH|1000|0|1800|0000000000000000000000000000000000000000000000000000000000000000|RICH|1|1000|DISP=ACCEPT_INSTALL|DETAIL=map
0000000000000000000000000000000000000000000000000000000000000000|0000000000000000000000000000000000000000000000000000000000000000|0|3|rt4_TMB-5_MAP_g_12746.r24|2|1|RICH|1000|0|2000|0000000000000000000000000000000000000000000000000000000000000000|RICH|1|1000|DISP=ACCEPT_INSTALL|DETAIL=map
0000000000000000000000000000000000000000000000000000000000000000|0000000000000000000000000000000000000000000000000000000000000000|0|3|rt4_TMB-5_MAP_g_12747.r24|2|1|RICH|1000|0|2200|0000000000000000000000000000000000000000000000000000000000000000|RICH|1|1000|DISP=ACCEPT_INSTALL|DETAIL=map
0000000000000000000000000000000000000000000000000000000000000000|0000000000000000000000000000000000000000000000000000000000000000|0|3|rt4_TMB-5_MAP_g_12748.r24|2|1|RICH|1000|0|2400|0000000000000000000000000000000000000000000000000000000000000000|RICH|1|1000|DISP=ACCEPT_INSTALL|DETAIL=map
0000000000000000000000000000000000000000000000000000000000000000|0000000000000000000000000000000000000000000000000000000000000000|0|3|rt4_TMB-5_MAP_g_12749.r24|2|1|RICH|1000|0|2600|0000000000000000000000000000000000000000000000000000000000000000|RICH|1|1000|DISP=ACCEPT_INSTALL|DETAIL=map
0000000000000000000000000000000000000000000000000000000000000000|0000000000000000000000000000000000000000000000000000000000000000|0|3|rt4_TMB-5_MAP_g_12750.r24|2|1|RICH|1000|0|2800|0000000000000000000000000000000000000000000000000000000000000000|RICH|1|1000|DISP=ACCEPT_INSTALL|DETAIL=map
0000000000000000000000000000000000000000000000000000000000000000|0000000000000000000000000000000000000000000000000000000000000000|0|3|rt4_TMB-5_MAP_g_12751.r24|2|1|RICH|1000|0|3000|0000000000000000000000000000000000000000000000000000000000000000|RICH|1|1000|DISP=ACCEPT_INSTALL|DETAIL=map
0000000000000000000000000000000000000000000000000000000000000000|0000000000000000000000000000000000000000000000000000000000000000|0|3|rt4_TMB-5_MAP_g_12752.r24|2|1|RICH|1000|0|3200|0000000000000000000000000000000000000000000000000000000000000000|RICH|1|1000|DISP=ACCEPT_INSTALL|DETAIL=map
0000000000000000000000000000000000000000000000000000000000000000|0000000000000000000000000000000000000000000000000000000000000000|0|3|rt4_TMB-5_MAP_g_12753.r24|2|1|RICH|1000|0|3400|0000000000000000000000000000000000000000000000000000000000000000|RICH|1|1000|DISP=ACCEPT_INSTALL|DETAIL=map
0000000000000000000000000000000000000000000000000000000000000000|0000000000000000000000000000000000000000000000000000000000000000|0|3|rt4_TMB-5_MAP_g_12754.r24|2|1|RICH|1000|0|3600|0000000000000000000000000000000000000000000000000000000000000000|RICH|1|1000|DISP=ACCEPT_INSTALL|DETAIL=map
0000000000000000000000000000000000000000000000000000000000000000|0000000000000000000000000000000000000000000000000000000000000000|0|3|rt4_TMB-5_MAP_g_12755.r24|2|1|RICH|1000|0|3800|0000000000000000000000000000000000000000000000000000000000000000|RICH|1|1000|DISP=ACCEPT_INSTALL|DETAIL=map
0000000000000000000000000000000000000000000000000000000000000000|0000000000000000000000000000000000000000000000000000000000000000|0|3|rt4_TMB-5_MAP_g_12756.r24|2|1|RICH|1000|0|4000|0000000000000000000000000000000000000000000000000000000000000000|RICH|1|1000|DISP=ACCEPT_INSTALL|DETAIL=map
0000000000000000000000000000000000000000000000000000000000000000|0000000000000000000000000000000000000000000000000000000000000000|0|3|rt4_TMB-5_MAP_g_12757.r24|2|1|RICH|1000|0|4200|0000000000000000000000000000000000000000000000000000000000000000|RICH|1|1000|DISP=ACCEPT_INSTALL|DETAIL=map
0000000000000000000000000000000000000000000000000000000000000000|0000000000000000000000000000000000000000000000000000000000000000|0|3|rt4_TMB-5_MAP_g_12758.r24|2|1|RICH|1000|0|4400|0000000000000000000000000000000000000000000000000000000000000000|RICH|1|1000|DISP=ACCEPT_INSTALL|DETAIL=map
0000000000000000000000000000000000000000000000000000000000000000|0000000000000000000000000000000000000000000000000000000000000000|0|3|rt4_TMB-5_MAP_g_12759.r24|2|1|RICH|1000|0|4600|0000000000000000000000000000000000000000000000000000000000000000|RICH|1|1000|DISP=ACCEPT_INSTALL|DETAIL=map
0000000000000000000000000000000000000000000000000000000000000000|0000000000000000000000000000000000000000000000000000000000000000|0|3|rt4_TMB-5_MAP_g_12760.r24|2|1|RICH|1000|0|4800|0000000000000000000000000000000000000000000000000000000000000000|RICH|1|1000|DISP=ACCEPT_INSTALL|DETAIL=map
