WORLD_BEGIN
OBSERVED 60202 60610 60651
OBSERVED 60202 60611 60661
ANSWER 60202 60611 60661
OBSERVED 60211 60610 60661
OBSERVED 60211 60611 60671
ANSWER 60211 60611 60671
OBSERVED 60201 60610 60651
OBSERVED 60204 60610 60652
OBSERVED 60204 60611 60662
OBSERVED 60212 60610 60662
OBSERVED 60212 60611 60672
OBSERVED 60203 60610 60652
OBSERVED 60911 60900 60921
OBSERVED 60912 60900 60922
ANSWER 60201 60619 -2
ANSWER 60203 60619 -2
ANSWER 60101 60509 3
ANSWER 60102 60509 2
WORLD_END events=18 answers=6
STATE_SAVED
