WORLD_BEGIN
OBSERVED 66101 66501 66102
OBSERVED 66102 66502 66103
OBSERVED 66103 66503 66105
OBSERVED 66105 66510 66104
ANSWER 66101 66509 66105
ANSWER 66101 66509 66105
ANSWER 66101 66519 66104
OBSERVED 66104 66520 66106
ANSWER 66101 66529 66106
OBSERVED 66103 66503 66113
ANSWER 66101 66509 66113
OBSERVED 66113 66510 66114
OBSERVED 66114 66520 66116
OBSERVED 66801 66800 66811
OBSERVED 66802 66800 66812
OBSERVED 66803 66800 66813
OBSERVED 66804 66800 66814
ANSWER 66101 66529 66106
ANSWER 66801 66800 66811
ANSWER 66802 66800 66812
WORLD_END events=20 answers=8
STATE_SAVED
