OBSERVE 66101 66501 66102
OBSERVE 66102 66502 66103
OBSERVE 66103 66503 66105
OBSERVE 66105 66510 66104
QUERY 66101 66509 66105
QUERY 66101 66509 66105
QUERY 66101 66519 66104
OBSERVE 66104 66520 66106
QUERY 66101 66529 66106
OBSERVE 66103 66503 66113
QUERY 66101 66509 66113
OBSERVE 66113 66510 66114
OBSERVE 66114 66520 66116
OBSERVE 66801 66800 66811
OBSERVE 66802 66800 66812
OBSERVE 66803 66800 66813
OBSERVE 66804 66800 66814
QUERY 66101 66529 66116
QUERY 66801 66800 66811
QUERY 66802 66800 66812
