WORLD_BEGIN
OBSERVED 67101 67501 67102
OBSERVED 67102 67502 67103
ANSWER 67101 67509 67103
ANSWER 67101 67509 67103
OBSERVED 67111 67511 67112
OBSERVED 67112 67512 67113
ANSWER 67111 67519 67113
ANSWER 67111 67519 67113
OBSERVED 67101 67501 67122
OBSERVED 67101 67505 67130
OBSERVED 67101 67505 67131
OBSERVED 67801 67800 67811
OBSERVED 67802 67800 67812
OBSERVED 67803 67800 67813
OBSERVED 67804 67800 67814
ANSWER 67111 67519 67113
ANSWER 67101 67509 67103
ANSWER 67801 67800 67811
ANSWER 67802 67800 67812
WORLD_END events=19 answers=8
STATE_SAVED
