B-OBJ4 rt-obj4 frozen prereg f13383e8 driver fec41193
E0 0 1 0 0 1 0 0
E0N 0 0 0 10
E1 0 1 1 0
E2 0 1 1 0
G0 0 1 0 0
G1 0 1 1 0
G2 0 0 0 12
T0 0 1 1 0
T1 0 0 0 11
CL 0 1 1 0 1
P0 0 0 0 7
P1 0 1 1 0
SD 0 1 1 0
NN 0 1 1 0
NF 0 0 0 13
Q0 0 2
R0 0 1 1 0 1 1 0
PZ 0 1 0 0 0 0 6
FW 0 1 1 0
C12 0 0 0 12
C4 0 4 1 1 0
C8 0 0 0 8
H0 0 1 1 0
E0 1 1 0 0 1 0 0
E0N 1 0 0 10
E1 1 1 1 0
E2 1 1 1 0
G0 1 1 0 0
G1 1 1 1 0
G2 1 0 0 12
T0 1 1 1 0
T1 1 0 0 11
CL 1 1 1 0 1
P0 1 0 0 7
P1 1 1 1 0
SD 1 1 1 0
NN 1 1 1 0
NF 1 0 0 13
Q0 1 2
R0 1 1 1 0 1 1 0
PZ 1 1 0 0 0 0 6
FW 1 1 1 0
C12 1 0 0 12
C4 1 4 1 1 0
C8 1 0 0 8
H0 1 1 1 0
E0 2 1 0 0 1 0 0
E0N 2 0 0 10
E1 2 1 1 0
E2 2 1 1 0
G0 2 1 0 0
G1 2 1 1 0
G2 2 0 0 12
T0 2 1 1 0
T1 2 0 0 11
CL 2 1 1 0 1
P0 2 0 0 7
P1 2 1 1 0
SD 2 1 1 0
NN 2 1 1 0
NF 2 0 0 13
Q0 2 2
R0 2 1 1 0 1 1 0
PZ 2 1 0 0 0 0 6
FW 2 1 1 0
C12 2 0 0 12
C4 2 4 1 1 0
C8 2 0 0 8
H0 2 1 1 0
E0 3 1 0 0 1 0 0
E0N 3 0 0 10
E1 3 1 1 0
E2 3 1 1 0
G0 3 1 0 0
G1 3 1 1 0
G2 3 0 0 12
T0 3 1 1 0
T1 3 0 0 11
CL 3 1 1 0 1
P0 3 0 0 7
P1 3 1 1 0
SD 3 1 1 0
NN 3 1 1 0
NF 3 0 0 13
Q0 3 2
R0 3 1 1 0 1 1 0
PZ 3 1 0 0 0 0 6
FW 3 1 1 0
C12 3 0 0 12
C4 3 4 1 1 0
C8 3 0 0 8
H0 3 1 1 0
E0 4 1 0 0 1 0 0
E0N 4 0 0 10
E1 4 1 1 0
E2 4 1 1 0
G0 4 1 0 0
G1 4 1 1 0
G2 4 0 0 12
T0 4 1 1 0
T1 4 0 0 11
CL 4 1 1 0 1
P0 4 0 0 7
P1 4 1 1 0
SD 4 1 1 0
NN 4 1 1 0
NF 4 0 0 13
Q0 4 2
R0 4 1 1 0 1 1 0
PZ 4 1 0 0 0 0 6
FW 4 1 1 0
C12 4 0 0 12
C4 4 4 1 1 0
C8 4 0 0 8
H0 4 1 1 0
E0 5 1 0 0 1 0 0
E0N 5 0 0 10
E1 5 1 1 0
E2 5 1 1 0
G0 5 1 0 0
G1 5 1 1 0
G2 5 0 0 12
T0 5 1 1 0
T1 5 0 0 11
CL 5 1 1 0 1
P0 5 0 0 7
P1 5 1 1 0
SD 5 1 1 0
NN 5 1 1 0
NF 5 0 0 13
Q0 5 2
R0 5 1 1 0 1 1 0
PZ 5 1 0 0 0 0 6
FW 5 1 1 0
C12 5 0 0 12
C4 5 4 1 1 0
C8 5 0 0 8
H0 5 1 1 0
E0 6 1 0 0 1 0 0
E0N 6 0 0 10
E1 6 1 1 0
E2 6 1 1 0
G0 6 1 0 0
G1 6 1 1 0
G2 6 0 0 12
T0 6 1 1 0
T1 6 0 0 11
CL 6 1 1 0 1
P0 6 0 0 7
P1 6 1 1 0
SD 6 1 1 0
NN 6 1 1 0
NF 6 0 0 13
Q0 6 2
R0 6 1 1 0 1 1 0
PZ 6 1 0 0 0 0 6
FW 6 1 1 0
C12 6 0 0 12
C4 6 4 1 1 0
C8 6 0 0 8
H0 6 1 1 0
E0 7 1 0 0 1 0 0
E0N 7 0 0 10
E1 7 1 1 0
E2 7 1 1 0
G0 7 1 0 0
G1 7 1 1 0
G2 7 0 0 12
T0 7 1 1 0
T1 7 0 0 11
CL 7 1 1 0 1
P0 7 0 0 7
P1 7 1 1 0
SD 7 1 1 0
NN 7 1 1 0
NF 7 0 0 13
Q0 7 2
R0 7 1 1 0 1 1 0
PZ 7 1 0 0 0 0 6
FW 7 1 1 0
C12 7 0 0 12
C4 7 4 1 1 0
C8 7 0 0 8
H0 7 1 1 0
E0 8 1 0 0 1 0 0
E0N 8 0 0 10
E1 8 1 1 0
E2 8 1 1 0
G0 8 1 0 0
G1 8 1 1 0
G2 8 0 0 12
T0 8 1 1 0
T1 8 0 0 11
CL 8 1 1 0 1
P0 8 0 0 7
P1 8 1 1 0
SD 8 1 1 0
NN 8 1 1 0
NF 8 0 0 13
Q0 8 2
R0 8 1 1 0 1 1 0
PZ 8 1 0 0 0 0 6
FW 8 1 1 0
C12 8 0 0 12
C4 8 4 1 1 0
C8 8 0 0 8
H0 8 1 1 0
E0 9 1 0 0 1 0 0
E0N 9 0 0 10
E1 9 1 1 0
E2 9 1 1 0
G0 9 1 0 0
G1 9 1 1 0
G2 9 0 0 12
T0 9 1 1 0
T1 9 0 0 11
CL 9 1 1 0 1
P0 9 0 0 7
P1 9 1 1 0
SD 9 1 1 0
NN 9 1 1 0
NF 9 0 0 13
Q0 9 2
R0 9 1 1 0 1 1 0
PZ 9 1 0 0 0 0 6
FW 9 1 1 0
C12 9 0 0 12
C4 9 4 1 1 0
C8 9 0 0 8
H0 9 1 1 0
E0 10 1 0 0 1 0 0
E0N 10 0 0 10
E1 10 1 1 0
E2 10 1 1 0
G0 10 1 0 0
G1 10 1 1 0
G2 10 0 0 12
T0 10 1 1 0
T1 10 0 0 11
CL 10 1 1 0 1
P0 10 0 0 7
P1 10 1 1 0
SD 10 1 1 0
NN 10 1 1 0
NF 10 0 0 13
Q0 10 2
R0 10 1 1 0 1 1 0
PZ 10 1 0 0 0 0 6
FW 10 1 1 0
C12 10 0 0 12
C4 10 4 1 1 0
C8 10 0 0 8
H0 10 1 1 0
E0 11 1 0 0 1 0 0
E0N 11 0 0 10
E1 11 1 1 0
E2 11 1 1 0
G0 11 1 0 0
G1 11 1 1 0
G2 11 0 0 12
T0 11 1 1 0
T1 11 0 0 11
CL 11 1 1 0 1
P0 11 0 0 7
P1 11 1 1 0
SD 11 1 1 0
NN 11 1 1 0
NF 11 0 0 13
Q0 11 2
R0 11 1 1 0 1 1 0
PZ 11 1 0 0 0 0 6
FW 11 1 1 0
C12 11 0 0 12
C4 11 4 1 1 0
C8 11 0 0 8
H0 11 1 1 0
E0 12 1 0 0 1 0 0
E0N 12 0 0 10
E1 12 1 1 0
E2 12 1 1 0
G0 12 1 0 0
G1 12 1 1 0
G2 12 0 0 12
T0 12 1 1 0
T1 12 0 0 11
CL 12 1 1 0 1
P0 12 0 0 7
P1 12 1 1 0
SD 12 1 1 0
NN 12 1 1 0
NF 12 0 0 13
Q0 12 2
R0 12 1 1 0 1 1 0
PZ 12 1 0 0 0 0 6
FW 12 1 1 0
C12 12 0 0 12
C4 12 4 1 1 0
C8 12 0 0 8
H0 12 1 1 0
E0 13 1 0 0 1 0 0
E0N 13 0 0 10
E1 13 1 1 0
E2 13 1 1 0
G0 13 1 0 0
G1 13 1 1 0
G2 13 0 0 12
T0 13 1 1 0
T1 13 0 0 11
CL 13 1 1 0 1
P0 13 0 0 7
P1 13 1 1 0
SD 13 1 1 0
NN 13 1 1 0
NF 13 0 0 13
Q0 13 2
R0 13 1 1 0 1 1 0
PZ 13 1 0 0 0 0 6
FW 13 1 1 0
C12 13 0 0 12
C4 13 4 1 1 0
C8 13 0 0 8
H0 13 1 1 0
E0 14 1 0 0 1 0 0
E0N 14 0 0 10
E1 14 1 1 0
E2 14 1 1 0
G0 14 1 0 0
G1 14 1 1 0
G2 14 0 0 12
T0 14 1 1 0
T1 14 0 0 11
CL 14 1 1 0 1
P0 14 0 0 7
P1 14 1 1 0
SD 14 1 1 0
NN 14 1 1 0
NF 14 0 0 13
Q0 14 2
R0 14 1 1 0 1 1 0
PZ 14 1 0 0 0 0 6
FW 14 1 1 0
C12 14 0 0 12
C4 14 4 1 1 0
C8 14 0 0 8
H0 14 1 1 0
E0 15 1 0 0 1 0 0
E0N 15 0 0 10
E1 15 1 1 0
E2 15 1 1 0
G0 15 1 0 0
G1 15 1 1 0
G2 15 0 0 12
T0 15 1 1 0
T1 15 0 0 11
CL 15 1 1 0 1
P0 15 0 0 7
P1 15 1 1 0
SD 15 1 1 0
NN 15 1 1 0
NF 15 0 0 13
Q0 15 2
R0 15 1 1 0 1 1 0
PZ 15 1 0 0 0 0 6
FW 15 1 1 0
C12 15 0 0 12
C4 15 4 1 1 0
C8 15 0 0 8
H0 15 1 1 0
E0 16 1 0 0 1 0 0
E0N 16 0 0 10
E1 16 1 1 0
E2 16 1 1 0
G0 16 1 0 0
G1 16 1 1 0
G2 16 0 0 12
T0 16 1 1 0
T1 16 0 0 11
CL 16 1 1 0 1
P0 16 0 0 7
P1 16 1 1 0
SD 16 1 1 0
NN 16 1 1 0
NF 16 0 0 13
Q0 16 2
R0 16 1 1 0 1 1 0
PZ 16 1 0 0 0 0 6
FW 16 1 1 0
C12 16 0 0 12
C4 16 4 1 1 0
C8 16 0 0 8
H0 16 1 1 0
E0 17 1 0 0 1 0 0
E0N 17 0 0 10
E1 17 1 1 0
E2 17 1 1 0
G0 17 1 0 0
G1 17 1 1 0
G2 17 0 0 12
T0 17 1 1 0
T1 17 0 0 11
CL 17 1 1 0 1
P0 17 0 0 7
P1 17 1 1 0
SD 17 1 1 0
NN 17 1 1 0
NF 17 0 0 13
Q0 17 2
R0 17 1 1 0 1 1 0
PZ 17 1 0 0 0 0 6
FW 17 1 1 0
C12 17 0 0 12
C4 17 4 1 1 0
C8 17 0 0 8
H0 17 1 1 0
E0 18 1 0 0 1 0 0
E0N 18 0 0 10
E1 18 1 1 0
E2 18 1 1 0
G0 18 1 0 0
G1 18 1 1 0
G2 18 0 0 12
T0 18 1 1 0
T1 18 0 0 11
CL 18 1 1 0 1
P0 18 0 0 7
P1 18 1 1 0
SD 18 1 1 0
NN 18 1 1 0
NF 18 0 0 13
Q0 18 2
R0 18 1 1 0 1 1 0
PZ 18 1 0 0 0 0 6
FW 18 1 1 0
C12 18 0 0 12
C4 18 4 1 1 0
C8 18 0 0 8
H0 18 1 1 0
E0 19 1 0 0 1 0 0
E0N 19 0 0 10
E1 19 1 1 0
E2 19 1 1 0
G0 19 1 0 0
G1 19 1 1 0
G2 19 0 0 12
T0 19 1 1 0
T1 19 0 0 11
CL 19 1 1 0 1
P0 19 0 0 7
P1 19 1 1 0
SD 19 1 1 0
NN 19 1 1 0
NF 19 0 0 13
Q0 19 2
R0 19 1 1 0 1 1 0
PZ 19 1 0 0 0 0 6
FW 19 1 1 0
C12 19 0 0 12
C4 19 4 1 1 0
C8 19 0 0 8
H0 19 1 1 0
E0 20 1 0 0 1 0 0
E0N 20 0 0 10
E1 20 1 1 0
E2 20 1 1 0
G0 20 1 0 0
G1 20 1 1 0
G2 20 0 0 12
T0 20 1 1 0
T1 20 0 0 11
CL 20 1 1 0 1
P0 20 0 0 7
P1 20 1 1 0
SD 20 1 1 0
NN 20 1 1 0
NF 20 0 0 13
Q0 20 2
R0 20 1 1 0 1 1 0
PZ 20 1 0 0 0 0 6
FW 20 1 1 0
C12 20 0 0 12
C4 20 4 1 1 0
C8 20 0 0 8
H0 20 1 1 0
E0 21 1 0 0 1 0 0
E0N 21 0 0 10
E1 21 1 1 0
E2 21 1 1 0
G0 21 1 0 0
G1 21 1 1 0
G2 21 0 0 12
T0 21 1 1 0
T1 21 0 0 11
CL 21 1 1 0 1
P0 21 0 0 7
P1 21 1 1 0
SD 21 1 1 0
NN 21 1 1 0
NF 21 0 0 13
Q0 21 2
R0 21 1 1 0 1 1 0
PZ 21 1 0 0 0 0 6
FW 21 1 1 0
C12 21 0 0 12
C4 21 4 1 1 0
C8 21 0 0 8
H0 21 1 1 0
E0 22 1 0 0 1 0 0
E0N 22 0 0 10
E1 22 1 1 0
E2 22 1 1 0
G0 22 1 0 0
G1 22 1 1 0
G2 22 0 0 12
T0 22 1 1 0
T1 22 0 0 11
CL 22 1 1 0 1
P0 22 0 0 7
P1 22 1 1 0
SD 22 1 1 0
NN 22 1 1 0
NF 22 0 0 13
Q0 22 2
R0 22 1 1 0 1 1 0
PZ 22 1 0 0 0 0 6
FW 22 1 1 0
C12 22 0 0 12
C4 22 4 1 1 0
C8 22 0 0 8
H0 22 1 1 0
E0 23 1 0 0 1 0 0
E0N 23 0 0 10
E1 23 1 1 0
E2 23 1 1 0
G0 23 1 0 0
G1 23 1 1 0
G2 23 0 0 12
T0 23 1 1 0
T1 23 0 0 11
CL 23 1 1 0 1
P0 23 0 0 7
P1 23 1 1 0
SD 23 1 1 0
NN 23 1 1 0
NF 23 0 0 13
Q0 23 2
R0 23 1 1 0 1 1 0
PZ 23 1 0 0 0 0 6
FW 23 1 1 0
C12 23 0 0 12
C4 23 4 1 1 0
C8 23 0 0 8
H0 23 1 1 0
E0 24 1 0 0 1 0 0
E0N 24 0 0 10
E1 24 1 1 0
E2 24 1 1 0
G0 24 1 0 0
G1 24 1 1 0
G2 24 0 0 12
T0 24 1 1 0
T1 24 0 0 11
CL 24 1 1 0 1
P0 24 0 0 7
P1 24 1 1 0
SD 24 1 1 0
NN 24 1 1 0
NF 24 0 0 13
Q0 24 2
R0 24 1 1 0 1 1 0
PZ 24 1 0 0 0 0 6
FW 24 1 1 0
C12 24 0 0 12
C4 24 4 1 1 0
C8 24 0 0 8
H0 24 1 1 0
E0 25 1 0 0 1 0 0
E0N 25 0 0 10
E1 25 1 1 0
E2 25 1 1 0
G0 25 1 0 0
G1 25 1 1 0
G2 25 0 0 12
T0 25 1 1 0
T1 25 0 0 11
CL 25 1 1 0 1
P0 25 0 0 7
P1 25 1 1 0
SD 25 1 1 0
NN 25 1 1 0
NF 25 0 0 13
Q0 25 2
R0 25 1 1 0 1 1 0
PZ 25 1 0 0 0 0 6
FW 25 1 1 0
C12 25 0 0 12
C4 25 4 1 1 0
C8 25 0 0 8
H0 25 1 1 0
E0 26 1 0 0 1 0 0
E0N 26 0 0 10
E1 26 1 1 0
E2 26 1 1 0
G0 26 1 0 0
G1 26 1 1 0
G2 26 0 0 12
T0 26 1 1 0
T1 26 0 0 11
CL 26 1 1 0 1
P0 26 0 0 7
P1 26 1 1 0
SD 26 1 1 0
NN 26 1 1 0
NF 26 0 0 13
Q0 26 2
R0 26 1 1 0 1 1 0
PZ 26 1 0 0 0 0 6
FW 26 1 1 0
C12 26 0 0 12
C4 26 4 1 1 0
C8 26 0 0 8
H0 26 1 1 0
E0 27 1 0 0 1 0 0
E0N 27 0 0 10
E1 27 1 1 0
E2 27 1 1 0
G0 27 1 0 0
G1 27 1 1 0
G2 27 0 0 12
T0 27 1 1 0
T1 27 0 0 11
CL 27 1 1 0 1
P0 27 0 0 7
P1 27 1 1 0
SD 27 1 1 0
NN 27 1 1 0
NF 27 0 0 13
Q0 27 2
R0 27 1 1 0 1 1 0
PZ 27 1 0 0 0 0 6
FW 27 1 1 0
C12 27 0 0 12
C4 27 4 1 1 0
C8 27 0 0 8
H0 27 1 1 0
E0 28 1 0 0 1 0 0
E0N 28 0 0 10
E1 28 1 1 0
E2 28 1 1 0
G0 28 1 0 0
G1 28 1 1 0
G2 28 0 0 12
T0 28 1 1 0
T1 28 0 0 11
CL 28 1 1 0 1
P0 28 0 0 7
P1 28 1 1 0
SD 28 1 1 0
NN 28 1 1 0
NF 28 0 0 13
Q0 28 2
R0 28 1 1 0 1 1 0
PZ 28 1 0 0 0 0 6
FW 28 1 1 0
C12 28 0 0 12
C4 28 4 1 1 0
C8 28 0 0 8
H0 28 1 1 0
E0 29 1 0 0 1 0 0
E0N 29 0 0 10
E1 29 1 1 0
E2 29 1 1 0
G0 29 1 0 0
G1 29 1 1 0
G2 29 0 0 12
T0 29 1 1 0
T1 29 0 0 11
CL 29 1 1 0 1
P0 29 0 0 7
P1 29 1 1 0
SD 29 1 1 0
NN 29 1 1 0
NF 29 0 0 13
Q0 29 2
R0 29 1 1 0 1 1 0
PZ 29 1 0 0 0 0 6
FW 29 1 1 0
C12 29 0 0 12
C4 29 4 1 1 0
C8 29 0 0 8
H0 29 1 1 0
E0 30 1 0 0 1 0 0
E0N 30 0 0 10
E1 30 1 1 0
E2 30 1 1 0
G0 30 1 0 0
G1 30 1 1 0
G2 30 0 0 12
T0 30 1 1 0
T1 30 0 0 11
CL 30 1 1 0 1
P0 30 0 0 7
P1 30 1 1 0
SD 30 1 1 0
NN 30 1 1 0
NF 30 0 0 13
Q0 30 2
R0 30 1 1 0 1 1 0
PZ 30 1 0 0 0 0 6
FW 30 1 1 0
C12 30 0 0 12
C4 30 4 1 1 0
C8 30 0 0 8
H0 30 1 1 0
E0 31 1 0 0 1 0 0
E0N 31 0 0 10
E1 31 1 1 0
E2 31 1 1 0
G0 31 1 0 0
G1 31 1 1 0
G2 31 0 0 12
T0 31 1 1 0
T1 31 0 0 11
CL 31 1 1 0 1
P0 31 0 0 7
P1 31 1 1 0
SD 31 1 1 0
NN 31 1 1 0
NF 31 0 0 13
Q0 31 2
R0 31 1 1 0 1 1 0
PZ 31 1 0 0 0 0 6
FW 31 1 1 0
C12 31 0 0 12
C4 31 4 1 1 0
C8 31 0 0 8
H0 31 1 1 0
E0 32 1 0 0 1 0 0
E0N 32 0 0 10
E1 32 1 1 0
E2 32 1 1 0
G0 32 1 0 0
G1 32 1 1 0
G2 32 0 0 12
T0 32 1 1 0
T1 32 0 0 11
CL 32 1 1 0 1
P0 32 0 0 7
P1 32 1 1 0
SD 32 1 1 0
NN 32 1 1 0
NF 32 0 0 13
Q0 32 2
R0 32 1 1 0 1 1 0
PZ 32 1 0 0 0 0 6
FW 32 1 1 0
C12 32 0 0 12
C4 32 4 1 1 0
C8 32 0 0 8
H0 32 1 1 0
E0 33 1 0 0 1 0 0
E0N 33 0 0 10
E1 33 1 1 0
E2 33 1 1 0
G0 33 1 0 0
G1 33 1 1 0
G2 33 0 0 12
T0 33 1 1 0
T1 33 0 0 11
CL 33 1 1 0 1
P0 33 0 0 7
P1 33 1 1 0
SD 33 1 1 0
NN 33 1 1 0
NF 33 0 0 13
Q0 33 2
R0 33 1 1 0 1 1 0
PZ 33 1 0 0 0 0 6
FW 33 1 1 0
C12 33 0 0 12
C4 33 4 1 1 0
C8 33 0 0 8
H0 33 1 1 0
E0 34 1 0 0 1 0 0
E0N 34 0 0 10
E1 34 1 1 0
E2 34 1 1 0
G0 34 1 0 0
G1 34 1 1 0
G2 34 0 0 12
T0 34 1 1 0
T1 34 0 0 11
CL 34 1 1 0 1
P0 34 0 0 7
P1 34 1 1 0
SD 34 1 1 0
NN 34 1 1 0
NF 34 0 0 13
Q0 34 2
R0 34 1 1 0 1 1 0
PZ 34 1 0 0 0 0 6
FW 34 1 1 0
C12 34 0 0 12
C4 34 4 1 1 0
C8 34 0 0 8
H0 34 1 1 0
E0 35 1 0 0 1 0 0
E0N 35 0 0 10
E1 35 1 1 0
E2 35 1 1 0
G0 35 1 0 0
G1 35 1 1 0
G2 35 0 0 12
T0 35 1 1 0
T1 35 0 0 11
CL 35 1 1 0 1
P0 35 0 0 7
P1 35 1 1 0
SD 35 1 1 0
NN 35 1 1 0
NF 35 0 0 13
Q0 35 2
R0 35 1 1 0 1 1 0
PZ 35 1 0 0 0 0 6
FW 35 1 1 0
C12 35 0 0 12
C4 35 4 1 1 0
C8 35 0 0 8
H0 35 1 1 0
E0 36 1 0 0 1 0 0
E0N 36 0 0 10
E1 36 1 1 0
E2 36 1 1 0
G0 36 1 0 0
G1 36 1 1 0
G2 36 0 0 12
T0 36 1 1 0
T1 36 0 0 11
CL 36 1 1 0 1
P0 36 0 0 7
P1 36 1 1 0
SD 36 1 1 0
NN 36 1 1 0
NF 36 0 0 13
Q0 36 2
R0 36 1 1 0 1 1 0
PZ 36 1 0 0 0 0 6
FW 36 1 1 0
C12 36 0 0 12
C4 36 4 1 1 0
C8 36 0 0 8
H0 36 1 1 0
E0 37 1 0 0 1 0 0
E0N 37 0 0 10
E1 37 1 1 0
E2 37 1 1 0
G0 37 1 0 0
G1 37 1 1 0
G2 37 0 0 12
T0 37 1 1 0
T1 37 0 0 11
CL 37 1 1 0 1
P0 37 0 0 7
P1 37 1 1 0
SD 37 1 1 0
NN 37 1 1 0
NF 37 0 0 13
Q0 37 2
R0 37 1 1 0 1 1 0
PZ 37 1 0 0 0 0 6
FW 37 1 1 0
C12 37 0 0 12
C4 37 4 1 1 0
C8 37 0 0 8
H0 37 1 1 0
E0 38 1 0 0 1 0 0
E0N 38 0 0 10
E1 38 1 1 0
E2 38 1 1 0
G0 38 1 0 0
G1 38 1 1 0
G2 38 0 0 12
T0 38 1 1 0
T1 38 0 0 11
CL 38 1 1 0 1
P0 38 0 0 7
P1 38 1 1 0
SD 38 1 1 0
NN 38 1 1 0
NF 38 0 0 13
Q0 38 2
R0 38 1 1 0 1 1 0
PZ 38 1 0 0 0 0 6
FW 38 1 1 0
C12 38 0 0 12
C4 38 4 1 1 0
C8 38 0 0 8
H0 38 1 1 0
E0 39 1 0 0 1 0 0
E0N 39 0 0 10
E1 39 1 1 0
E2 39 1 1 0
G0 39 1 0 0
G1 39 1 1 0
G2 39 0 0 12
T0 39 1 1 0
T1 39 0 0 11
CL 39 1 1 0 1
P0 39 0 0 7
P1 39 1 1 0
SD 39 1 1 0
NN 39 1 1 0
NF 39 0 0 13
Q0 39 2
R0 39 1 1 0 1 1 0
PZ 39 1 0 0 0 0 6
FW 39 1 1 0
C12 39 0 0 12
C4 39 4 1 1 0
C8 39 0 0 8
H0 39 1 1 0
E0 40 1 0 0 1 0 0
E0N 40 0 0 10
E1 40 1 1 0
E2 40 1 1 0
G0 40 1 0 0
G1 40 1 1 0
G2 40 0 0 12
T0 40 1 1 0
T1 40 0 0 11
CL 40 1 1 0 1
P0 40 0 0 7
P1 40 1 1 0
SD 40 1 1 0
NN 40 1 1 0
NF 40 0 0 13
Q0 40 2
R0 40 1 1 0 1 1 0
PZ 40 1 0 0 0 0 6
FW 40 1 1 0
C12 40 0 0 12
C4 40 4 1 1 0
C8 40 0 0 8
H0 40 1 1 0
E0 41 1 0 0 1 0 0
E0N 41 0 0 10
E1 41 1 1 0
E2 41 1 1 0
G0 41 1 0 0
G1 41 1 1 0
G2 41 0 0 12
T0 41 1 1 0
T1 41 0 0 11
CL 41 1 1 0 1
P0 41 0 0 7
P1 41 1 1 0
SD 41 1 1 0
NN 41 1 1 0
NF 41 0 0 13
Q0 41 2
R0 41 1 1 0 1 1 0
PZ 41 1 0 0 0 0 6
FW 41 1 1 0
C12 41 0 0 12
C4 41 4 1 1 0
C8 41 0 0 8
H0 41 1 1 0
E0 42 1 0 0 1 0 0
E0N 42 0 0 10
E1 42 1 1 0
E2 42 1 1 0
G0 42 1 0 0
G1 42 1 1 0
G2 42 0 0 12
T0 42 1 1 0
T1 42 0 0 11
CL 42 1 1 0 1
P0 42 0 0 7
P1 42 1 1 0
SD 42 1 1 0
NN 42 1 1 0
NF 42 0 0 13
Q0 42 2
R0 42 1 1 0 1 1 0
PZ 42 1 0 0 0 0 6
FW 42 1 1 0
C12 42 0 0 12
C4 42 4 1 1 0
C8 42 0 0 8
H0 42 1 1 0
E0 43 1 0 0 1 0 0
E0N 43 0 0 10
E1 43 1 1 0
E2 43 1 1 0
G0 43 1 0 0
G1 43 1 1 0
G2 43 0 0 12
T0 43 1 1 0
T1 43 0 0 11
CL 43 1 1 0 1
P0 43 0 0 7
P1 43 1 1 0
SD 43 1 1 0
NN 43 1 1 0
NF 43 0 0 13
Q0 43 2
R0 43 1 1 0 1 1 0
PZ 43 1 0 0 0 0 6
FW 43 1 1 0
C12 43 0 0 12
C4 43 4 1 1 0
C8 43 0 0 8
H0 43 1 1 0
E0 44 1 0 0 1 0 0
E0N 44 0 0 10
E1 44 1 1 0
E2 44 1 1 0
G0 44 1 0 0
G1 44 1 1 0
G2 44 0 0 12
T0 44 1 1 0
T1 44 0 0 11
CL 44 1 1 0 1
P0 44 0 0 7
P1 44 1 1 0
SD 44 1 1 0
NN 44 1 1 0
NF 44 0 0 13
Q0 44 2
R0 44 1 1 0 1 1 0
PZ 44 1 0 0 0 0 6
FW 44 1 1 0
C12 44 0 0 12
C4 44 4 1 1 0
C8 44 0 0 8
H0 44 1 1 0
E0 45 1 0 0 1 0 0
E0N 45 0 0 10
E1 45 1 1 0
E2 45 1 1 0
G0 45 1 0 0
G1 45 1 1 0
G2 45 0 0 12
T0 45 1 1 0
T1 45 0 0 11
CL 45 1 1 0 1
P0 45 0 0 7
P1 45 1 1 0
SD 45 1 1 0
NN 45 1 1 0
NF 45 0 0 13
Q0 45 2
R0 45 1 1 0 1 1 0
PZ 45 1 0 0 0 0 6
FW 45 1 1 0
C12 45 0 0 12
C4 45 4 1 1 0
C8 45 0 0 8
H0 45 1 1 0
E0 46 1 0 0 1 0 0
E0N 46 0 0 10
E1 46 1 1 0
E2 46 1 1 0
G0 46 1 0 0
G1 46 1 1 0
G2 46 0 0 12
T0 46 1 1 0
T1 46 0 0 11
CL 46 1 1 0 1
P0 46 0 0 7
P1 46 1 1 0
SD 46 1 1 0
NN 46 1 1 0
NF 46 0 0 13
Q0 46 2
R0 46 1 1 0 1 1 0
PZ 46 1 0 0 0 0 6
FW 46 1 1 0
C12 46 0 0 12
C4 46 4 1 1 0
C8 46 0 0 8
H0 46 1 1 0
E0 47 1 0 0 1 0 0
E0N 47 0 0 10
E1 47 1 1 0
E2 47 1 1 0
G0 47 1 0 0
G1 47 1 1 0
G2 47 0 0 12
T0 47 1 1 0
T1 47 0 0 11
CL 47 1 1 0 1
P0 47 0 0 7
P1 47 1 1 0
SD 47 1 1 0
NN 47 1 1 0
NF 47 0 0 13
Q0 47 2
R0 47 1 1 0 1 1 0
PZ 47 1 0 0 0 0 6
FW 47 1 1 0
C12 47 0 0 12
C4 47 4 1 1 0
C8 47 0 0 8
H0 47 1 1 0
E0 48 1 0 0 1 0 0
E0N 48 0 0 10
E1 48 1 1 0
E2 48 1 1 0
G0 48 1 0 0
G1 48 1 1 0
G2 48 0 0 12
T0 48 1 1 0
T1 48 0 0 11
CL 48 1 1 0 1
P0 48 0 0 7
P1 48 1 1 0
SD 48 1 1 0
NN 48 1 1 0
NF 48 0 0 13
Q0 48 2
R0 48 1 1 0 1 1 0
PZ 48 1 0 0 0 0 6
FW 48 1 1 0
C12 48 0 0 12
C4 48 4 1 1 0
C8 48 0 0 8
H0 48 1 1 0
E0 49 1 0 0 1 0 0
E0N 49 0 0 10
E1 49 1 1 0
E2 49 1 1 0
G0 49 1 0 0
G1 49 1 1 0
G2 49 0 0 12
T0 49 1 1 0
T1 49 0 0 11
CL 49 1 1 0 1
P0 49 0 0 7
P1 49 1 1 0
SD 49 1 1 0
NN 49 1 1 0
NF 49 0 0 13
Q0 49 2
R0 49 1 1 0 1 1 0
PZ 49 1 0 0 0 0 6
FW 49 1 1 0
C12 49 0 0 12
C4 49 4 1 1 0
C8 49 0 0 8
H0 49 1 1 0
E0 50 1 0 0 1 0 0
E0N 50 0 0 10
E1 50 1 1 0
E2 50 1 1 0
G0 50 1 0 0
G1 50 1 1 0
G2 50 0 0 12
T0 50 1 1 0
T1 50 0 0 11
CL 50 1 1 0 1
P0 50 0 0 7
P1 50 1 1 0
SD 50 1 1 0
NN 50 1 1 0
NF 50 0 0 13
Q0 50 2
R0 50 1 1 0 1 1 0
PZ 50 1 0 0 0 0 6
FW 50 1 1 0
C12 50 0 0 12
C4 50 4 1 1 0
C8 50 0 0 8
H0 50 1 1 0
E0 51 1 0 0 1 0 0
E0N 51 0 0 10
E1 51 1 1 0
E2 51 1 1 0
G0 51 1 0 0
G1 51 1 1 0
G2 51 0 0 12
T0 51 1 1 0
T1 51 0 0 11
CL 51 1 1 0 1
P0 51 0 0 7
P1 51 1 1 0
SD 51 1 1 0
NN 51 1 1 0
NF 51 0 0 13
Q0 51 2
R0 51 1 1 0 1 1 0
PZ 51 1 0 0 0 0 6
FW 51 1 1 0
C12 51 0 0 12
C4 51 4 1 1 0
C8 51 0 0 8
H0 51 1 1 0
E0 52 1 0 0 1 0 0
E0N 52 0 0 10
E1 52 1 1 0
E2 52 1 1 0
G0 52 1 0 0
G1 52 1 1 0
G2 52 0 0 12
T0 52 1 1 0
T1 52 0 0 11
CL 52 1 1 0 1
P0 52 0 0 7
P1 52 1 1 0
SD 52 1 1 0
NN 52 1 1 0
NF 52 0 0 13
Q0 52 2
R0 52 1 1 0 1 1 0
PZ 52 1 0 0 0 0 6
FW 52 1 1 0
C12 52 0 0 12
C4 52 4 1 1 0
C8 52 0 0 8
H0 52 1 1 0
E0 53 1 0 0 1 0 0
E0N 53 0 0 10
E1 53 1 1 0
E2 53 1 1 0
G0 53 1 0 0
G1 53 1 1 0
G2 53 0 0 12
T0 53 1 1 0
T1 53 0 0 11
CL 53 1 1 0 1
P0 53 0 0 7
P1 53 1 1 0
SD 53 1 1 0
NN 53 1 1 0
NF 53 0 0 13
Q0 53 2
R0 53 1 1 0 1 1 0
PZ 53 1 0 0 0 0 6
FW 53 1 1 0
C12 53 0 0 12
C4 53 4 1 1 0
C8 53 0 0 8
H0 53 1 1 0
E0 54 1 0 0 1 0 0
E0N 54 0 0 10
E1 54 1 1 0
E2 54 1 1 0
G0 54 1 0 0
G1 54 1 1 0
G2 54 0 0 12
T0 54 1 1 0
T1 54 0 0 11
CL 54 1 1 0 1
P0 54 0 0 7
P1 54 1 1 0
SD 54 1 1 0
NN 54 1 1 0
NF 54 0 0 13
Q0 54 2
R0 54 1 1 0 1 1 0
PZ 54 1 0 0 0 0 6
FW 54 1 1 0
C12 54 0 0 12
C4 54 4 1 1 0
C8 54 0 0 8
H0 54 1 1 0
E0 55 1 0 0 1 0 0
E0N 55 0 0 10
E1 55 1 1 0
E2 55 1 1 0
G0 55 1 0 0
G1 55 1 1 0
G2 55 0 0 12
T0 55 1 1 0
T1 55 0 0 11
CL 55 1 1 0 1
P0 55 0 0 7
P1 55 1 1 0
SD 55 1 1 0
NN 55 1 1 0
NF 55 0 0 13
Q0 55 2
R0 55 1 1 0 1 1 0
PZ 55 1 0 0 0 0 6
FW 55 1 1 0
C12 55 0 0 12
C4 55 4 1 1 0
C8 55 0 0 8
H0 55 1 1 0
E0 56 1 0 0 1 0 0
E0N 56 0 0 10
E1 56 1 1 0
E2 56 1 1 0
G0 56 1 0 0
G1 56 1 1 0
G2 56 0 0 12
T0 56 1 1 0
T1 56 0 0 11
CL 56 1 1 0 1
P0 56 0 0 7
P1 56 1 1 0
SD 56 1 1 0
NN 56 1 1 0
NF 56 0 0 13
Q0 56 2
R0 56 1 1 0 1 1 0
PZ 56 1 0 0 0 0 6
FW 56 1 1 0
C12 56 0 0 12
C4 56 4 1 1 0
C8 56 0 0 8
H0 56 1 1 0
E0 57 1 0 0 1 0 0
E0N 57 0 0 10
E1 57 1 1 0
E2 57 1 1 0
G0 57 1 0 0
G1 57 1 1 0
G2 57 0 0 12
T0 57 1 1 0
T1 57 0 0 11
CL 57 1 1 0 1
P0 57 0 0 7
P1 57 1 1 0
SD 57 1 1 0
NN 57 1 1 0
NF 57 0 0 13
Q0 57 2
R0 57 1 1 0 1 1 0
PZ 57 1 0 0 0 0 6
FW 57 1 1 0
C12 57 0 0 12
C4 57 4 1 1 0
C8 57 0 0 8
H0 57 1 1 0
E0 58 1 0 0 1 0 0
E0N 58 0 0 10
E1 58 1 1 0
E2 58 1 1 0
G0 58 1 0 0
G1 58 1 1 0
G2 58 0 0 12
T0 58 1 1 0
T1 58 0 0 11
CL 58 1 1 0 1
P0 58 0 0 7
P1 58 1 1 0
SD 58 1 1 0
NN 58 1 1 0
NF 58 0 0 13
Q0 58 2
R0 58 1 1 0 1 1 0
PZ 58 1 0 0 0 0 6
FW 58 1 1 0
C12 58 0 0 12
C4 58 4 1 1 0
C8 58 0 0 8
H0 58 1 1 0
E0 59 1 0 0 1 0 0
E0N 59 0 0 10
E1 59 1 1 0
E2 59 1 1 0
G0 59 1 0 0
G1 59 1 1 0
G2 59 0 0 12
T0 59 1 1 0
T1 59 0 0 11
CL 59 1 1 0 1
P0 59 0 0 7
P1 59 1 1 0
SD 59 1 1 0
NN 59 1 1 0
NF 59 0 0 13
Q0 59 2
R0 59 1 1 0 1 1 0
PZ 59 1 0 0 0 0 6
FW 59 1 1 0
C12 59 0 0 12
C4 59 4 1 1 0
C8 59 0 0 8
H0 59 1 1 0
E0 60 1 0 0 1 0 0
E0N 60 0 0 10
E1 60 1 1 0
E2 60 1 1 0
G0 60 1 0 0
G1 60 1 1 0
G2 60 0 0 12
T0 60 1 1 0
T1 60 0 0 11
CL 60 1 1 0 1
P0 60 0 0 7
P1 60 1 1 0
SD 60 1 1 0
NN 60 1 1 0
NF 60 0 0 13
Q0 60 2
R0 60 1 1 0 1 1 0
PZ 60 1 0 0 0 0 6
FW 60 1 1 0
C12 60 0 0 12
C4 60 4 1 1 0
C8 60 0 0 8
H0 60 1 1 0
E0 61 1 0 0 1 0 0
E0N 61 0 0 10
E1 61 1 1 0
E2 61 1 1 0
G0 61 1 0 0
G1 61 1 1 0
G2 61 0 0 12
T0 61 1 1 0
T1 61 0 0 11
CL 61 1 1 0 1
P0 61 0 0 7
P1 61 1 1 0
SD 61 1 1 0
NN 61 1 1 0
NF 61 0 0 13
Q0 61 2
R0 61 1 1 0 1 1 0
PZ 61 1 0 0 0 0 6
FW 61 1 1 0
C12 61 0 0 12
C4 61 4 1 1 0
C8 61 0 0 8
H0 61 1 1 0
E0 62 1 0 0 1 0 0
E0N 62 0 0 10
E1 62 1 1 0
E2 62 1 1 0
G0 62 1 0 0
G1 62 1 1 0
G2 62 0 0 12
T0 62 1 1 0
T1 62 0 0 11
CL 62 1 1 0 1
P0 62 0 0 7
P1 62 1 1 0
SD 62 1 1 0
NN 62 1 1 0
NF 62 0 0 13
Q0 62 2
R0 62 1 1 0 1 1 0
PZ 62 1 0 0 0 0 6
FW 62 1 1 0
C12 62 0 0 12
C4 62 4 1 1 0
C8 62 0 0 8
H0 62 1 1 0
E0 63 1 0 0 1 0 0
E0N 63 0 0 10
E1 63 1 1 0
E2 63 1 1 0
G0 63 1 0 0
G1 63 1 1 0
G2 63 0 0 12
T0 63 1 1 0
T1 63 0 0 11
CL 63 1 1 0 1
P0 63 0 0 7
P1 63 1 1 0
SD 63 1 1 0
NN 63 1 1 0
NF 63 0 0 13
Q0 63 2
R0 63 1 1 0 1 1 0
PZ 63 1 0 0 0 0 6
FW 63 1 1 0
C12 63 0 0 12
C4 63 4 1 1 0
C8 63 0 0 8
H0 63 1 1 0
E0 64 1 0 0 1 0 0
E0N 64 0 0 10
E1 64 1 1 0
E2 64 1 1 0
G0 64 1 0 0
G1 64 1 1 0
G2 64 0 0 12
T0 64 1 1 0
T1 64 0 0 11
CL 64 1 1 0 1
P0 64 0 0 7
P1 64 1 1 0
SD 64 1 1 0
NN 64 1 1 0
NF 64 0 0 13
Q0 64 2
R0 64 1 1 0 1 1 0
PZ 64 1 0 0 0 0 6
FW 64 1 1 0
C12 64 0 0 12
C4 64 4 1 1 0
C8 64 0 0 8
H0 64 1 1 0
E0 65 1 0 0 1 0 0
E0N 65 0 0 10
E1 65 1 1 0
E2 65 1 1 0
G0 65 1 0 0
G1 65 1 1 0
G2 65 0 0 12
T0 65 1 1 0
T1 65 0 0 11
CL 65 1 1 0 1
P0 65 0 0 7
P1 65 1 1 0
SD 65 1 1 0
NN 65 1 1 0
NF 65 0 0 13
Q0 65 2
R0 65 1 1 0 1 1 0
PZ 65 1 0 0 0 0 6
FW 65 1 1 0
C12 65 0 0 12
C4 65 4 1 1 0
C8 65 0 0 8
H0 65 1 1 0
E0 66 1 0 0 1 0 0
E0N 66 0 0 10
E1 66 1 1 0
E2 66 1 1 0
G0 66 1 0 0
G1 66 1 1 0
G2 66 0 0 12
T0 66 1 1 0
T1 66 0 0 11
CL 66 1 1 0 1
P0 66 0 0 7
P1 66 1 1 0
SD 66 1 1 0
NN 66 1 1 0
NF 66 0 0 13
Q0 66 2
R0 66 1 1 0 1 1 0
PZ 66 1 0 0 0 0 6
FW 66 1 1 0
C12 66 0 0 12
C4 66 4 1 1 0
C8 66 0 0 8
H0 66 1 1 0
E0 67 1 0 0 1 0 0
E0N 67 0 0 10
E1 67 1 1 0
E2 67 1 1 0
G0 67 1 0 0
G1 67 1 1 0
G2 67 0 0 12
T0 67 1 1 0
T1 67 0 0 11
CL 67 1 1 0 1
P0 67 0 0 7
P1 67 1 1 0
SD 67 1 1 0
NN 67 1 1 0
NF 67 0 0 13
Q0 67 2
R0 67 1 1 0 1 1 0
PZ 67 1 0 0 0 0 6
FW 67 1 1 0
C12 67 0 0 12
C4 67 4 1 1 0
C8 67 0 0 8
H0 67 1 1 0
E0 68 1 0 0 1 0 0
E0N 68 0 0 10
E1 68 1 1 0
E2 68 1 1 0
G0 68 1 0 0
G1 68 1 1 0
G2 68 0 0 12
T0 68 1 1 0
T1 68 0 0 11
CL 68 1 1 0 1
P0 68 0 0 7
P1 68 1 1 0
SD 68 1 1 0
NN 68 1 1 0
NF 68 0 0 13
Q0 68 2
R0 68 1 1 0 1 1 0
PZ 68 1 0 0 0 0 6
FW 68 1 1 0
C12 68 0 0 12
C4 68 4 1 1 0
C8 68 0 0 8
H0 68 1 1 0
E0 69 1 0 0 1 0 0
E0N 69 0 0 10
E1 69 1 1 0
E2 69 1 1 0
G0 69 1 0 0
G1 69 1 1 0
G2 69 0 0 12
T0 69 1 1 0
T1 69 0 0 11
CL 69 1 1 0 1
P0 69 0 0 7
P1 69 1 1 0
SD 69 1 1 0
NN 69 1 1 0
NF 69 0 0 13
Q0 69 2
R0 69 1 1 0 1 1 0
PZ 69 1 0 0 0 0 6
FW 69 1 1 0
C12 69 0 0 12
C4 69 4 1 1 0
C8 69 0 0 8
H0 69 1 1 0
E0 70 1 0 0 1 0 0
E0N 70 0 0 10
E1 70 1 1 0
E2 70 1 1 0
G0 70 1 0 0
G1 70 1 1 0
G2 70 0 0 12
T0 70 1 1 0
T1 70 0 0 11
CL 70 1 1 0 1
P0 70 0 0 7
P1 70 1 1 0
SD 70 1 1 0
NN 70 1 1 0
NF 70 0 0 13
Q0 70 2
R0 70 1 1 0 1 1 0
PZ 70 1 0 0 0 0 6
FW 70 1 1 0
C12 70 0 0 12
C4 70 4 1 1 0
C8 70 0 0 8
H0 70 1 1 0
E0 71 1 0 0 1 0 0
E0N 71 0 0 10
E1 71 1 1 0
E2 71 1 1 0
G0 71 1 0 0
G1 71 1 1 0
G2 71 0 0 12
T0 71 1 1 0
T1 71 0 0 11
CL 71 1 1 0 1
P0 71 0 0 7
P1 71 1 1 0
SD 71 1 1 0
NN 71 1 1 0
NF 71 0 0 13
Q0 71 2
R0 71 1 1 0 1 1 0
PZ 71 1 0 0 0 0 6
FW 71 1 1 0
C12 71 0 0 12
C4 71 4 1 1 0
C8 71 0 0 8
H0 71 1 1 0
E0 72 1 0 0 1 0 0
E0N 72 0 0 10
E1 72 1 1 0
E2 72 1 1 0
G0 72 1 0 0
G1 72 1 1 0
G2 72 0 0 12
T0 72 1 1 0
T1 72 0 0 11
CL 72 1 1 0 1
P0 72 0 0 7
P1 72 1 1 0
SD 72 1 1 0
NN 72 1 1 0
NF 72 0 0 13
Q0 72 2
R0 72 1 1 0 1 1 0
PZ 72 1 0 0 0 0 6
FW 72 1 1 0
C12 72 0 0 12
C4 72 4 1 1 0
C8 72 0 0 8
H0 72 1 1 0
E0 73 1 0 0 1 0 0
E0N 73 0 0 10
E1 73 1 1 0
E2 73 1 1 0
G0 73 1 0 0
G1 73 1 1 0
G2 73 0 0 12
T0 73 1 1 0
T1 73 0 0 11
CL 73 1 1 0 1
P0 73 0 0 7
P1 73 1 1 0
SD 73 1 1 0
NN 73 1 1 0
NF 73 0 0 13
Q0 73 2
R0 73 1 1 0 1 1 0
PZ 73 1 0 0 0 0 6
FW 73 1 1 0
C12 73 0 0 12
C4 73 4 1 1 0
C8 73 0 0 8
H0 73 1 1 0
E0 74 1 0 0 1 0 0
E0N 74 0 0 10
E1 74 1 1 0
E2 74 1 1 0
G0 74 1 0 0
G1 74 1 1 0
G2 74 0 0 12
T0 74 1 1 0
T1 74 0 0 11
CL 74 1 1 0 1
P0 74 0 0 7
P1 74 1 1 0
SD 74 1 1 0
NN 74 1 1 0
NF 74 0 0 13
Q0 74 2
R0 74 1 1 0 1 1 0
PZ 74 1 0 0 0 0 6
FW 74 1 1 0
C12 74 0 0 12
C4 74 4 1 1 0
C8 74 0 0 8
H0 74 1 1 0
E0 75 1 0 0 1 0 0
E0N 75 0 0 10
E1 75 1 1 0
E2 75 1 1 0
G0 75 1 0 0
G1 75 1 1 0
G2 75 0 0 12
T0 75 1 1 0
T1 75 0 0 11
CL 75 1 1 0 1
P0 75 0 0 7
P1 75 1 1 0
SD 75 1 1 0
NN 75 1 1 0
NF 75 0 0 13
Q0 75 2
R0 75 1 1 0 1 1 0
PZ 75 1 0 0 0 0 6
FW 75 1 1 0
C12 75 0 0 12
C4 75 4 1 1 0
C8 75 0 0 8
H0 75 1 1 0
E0 76 1 0 0 1 0 0
E0N 76 0 0 10
E1 76 1 1 0
E2 76 1 1 0
G0 76 1 0 0
G1 76 1 1 0
G2 76 0 0 12
T0 76 1 1 0
T1 76 0 0 11
CL 76 1 1 0 1
P0 76 0 0 7
P1 76 1 1 0
SD 76 1 1 0
NN 76 1 1 0
NF 76 0 0 13
Q0 76 2
R0 76 1 1 0 1 1 0
PZ 76 1 0 0 0 0 6
FW 76 1 1 0
C12 76 0 0 12
C4 76 4 1 1 0
C8 76 0 0 8
H0 76 1 1 0
E0 77 1 0 0 1 0 0
E0N 77 0 0 10
E1 77 1 1 0
E2 77 1 1 0
G0 77 1 0 0
G1 77 1 1 0
G2 77 0 0 12
T0 77 1 1 0
T1 77 0 0 11
CL 77 1 1 0 1
P0 77 0 0 7
P1 77 1 1 0
SD 77 1 1 0
NN 77 1 1 0
NF 77 0 0 13
Q0 77 2
R0 77 1 1 0 1 1 0
PZ 77 1 0 0 0 0 6
FW 77 1 1 0
C12 77 0 0 12
C4 77 4 1 1 0
C8 77 0 0 8
H0 77 1 1 0
E0 78 1 0 0 1 0 0
E0N 78 0 0 10
E1 78 1 1 0
E2 78 1 1 0
G0 78 1 0 0
G1 78 1 1 0
G2 78 0 0 12
T0 78 1 1 0
T1 78 0 0 11
CL 78 1 1 0 1
P0 78 0 0 7
P1 78 1 1 0
SD 78 1 1 0
NN 78 1 1 0
NF 78 0 0 13
Q0 78 2
R0 78 1 1 0 1 1 0
PZ 78 1 0 0 0 0 6
FW 78 1 1 0
C12 78 0 0 12
C4 78 4 1 1 0
C8 78 0 0 8
H0 78 1 1 0
E0 79 1 0 0 1 0 0
E0N 79 0 0 10
E1 79 1 1 0
E2 79 1 1 0
G0 79 1 0 0
G1 79 1 1 0
G2 79 0 0 12
T0 79 1 1 0
T1 79 0 0 11
CL 79 1 1 0 1
P0 79 0 0 7
P1 79 1 1 0
SD 79 1 1 0
NN 79 1 1 0
NF 79 0 0 13
Q0 79 2
R0 79 1 1 0 1 1 0
PZ 79 1 0 0 0 0 6
FW 79 1 1 0
C12 79 0 0 12
C4 79 4 1 1 0
C8 79 0 0 8
H0 79 1 1 0
E0 80 1 0 0 1 0 0
E0N 80 0 0 10
E1 80 1 1 0
E2 80 1 1 0
G0 80 1 0 0
G1 80 1 1 0
G2 80 0 0 12
T0 80 1 1 0
T1 80 0 0 11
CL 80 1 1 0 1
P0 80 0 0 7
P1 80 1 1 0
SD 80 1 1 0
NN 80 1 1 0
NF 80 0 0 13
Q0 80 2
R0 80 1 1 0 1 1 0
PZ 80 1 0 0 0 0 6
FW 80 1 1 0
C12 80 0 0 12
C4 80 4 1 1 0
C8 80 0 0 8
H0 80 1 1 0
E0 81 1 0 0 1 0 0
E0N 81 0 0 10
E1 81 1 1 0
E2 81 1 1 0
G0 81 1 0 0
G1 81 1 1 0
G2 81 0 0 12
T0 81 1 1 0
T1 81 0 0 11
CL 81 1 1 0 1
P0 81 0 0 7
P1 81 1 1 0
SD 81 1 1 0
NN 81 1 1 0
NF 81 0 0 13
Q0 81 2
R0 81 1 1 0 1 1 0
PZ 81 1 0 0 0 0 6
FW 81 1 1 0
C12 81 0 0 12
C4 81 4 1 1 0
C8 81 0 0 8
H0 81 1 1 0
E0 82 1 0 0 1 0 0
E0N 82 0 0 10
E1 82 1 1 0
E2 82 1 1 0
G0 82 1 0 0
G1 82 1 1 0
G2 82 0 0 12
T0 82 1 1 0
T1 82 0 0 11
CL 82 1 1 0 1
P0 82 0 0 7
P1 82 1 1 0
SD 82 1 1 0
NN 82 1 1 0
NF 82 0 0 13
Q0 82 2
R0 82 1 1 0 1 1 0
PZ 82 1 0 0 0 0 6
FW 82 1 1 0
C12 82 0 0 12
C4 82 4 1 1 0
C8 82 0 0 8
H0 82 1 1 0
E0 83 1 0 0 1 0 0
E0N 83 0 0 10
E1 83 1 1 0
E2 83 1 1 0
G0 83 1 0 0
G1 83 1 1 0
G2 83 0 0 12
T0 83 1 1 0
T1 83 0 0 11
CL 83 1 1 0 1
P0 83 0 0 7
P1 83 1 1 0
SD 83 1 1 0
NN 83 1 1 0
NF 83 0 0 13
Q0 83 2
R0 83 1 1 0 1 1 0
PZ 83 1 0 0 0 0 6
FW 83 1 1 0
C12 83 0 0 12
C4 83 4 1 1 0
C8 83 0 0 8
H0 83 1 1 0
E0 84 1 0 0 1 0 0
E0N 84 0 0 10
E1 84 1 1 0
E2 84 1 1 0
G0 84 1 0 0
G1 84 1 1 0
G2 84 0 0 12
T0 84 1 1 0
T1 84 0 0 11
CL 84 1 1 0 1
P0 84 0 0 7
P1 84 1 1 0
SD 84 1 1 0
NN 84 1 1 0
NF 84 0 0 13
Q0 84 2
R0 84 1 1 0 1 1 0
PZ 84 1 0 0 0 0 6
FW 84 1 1 0
C12 84 0 0 12
C4 84 4 1 1 0
C8 84 0 0 8
H0 84 1 1 0
E0 85 1 0 0 1 0 0
E0N 85 0 0 10
E1 85 1 1 0
E2 85 1 1 0
G0 85 1 0 0
G1 85 1 1 0
G2 85 0 0 12
T0 85 1 1 0
T1 85 0 0 11
CL 85 1 1 0 1
P0 85 0 0 7
P1 85 1 1 0
SD 85 1 1 0
NN 85 1 1 0
NF 85 0 0 13
Q0 85 2
R0 85 1 1 0 1 1 0
PZ 85 1 0 0 0 0 6
FW 85 1 1 0
C12 85 0 0 12
C4 85 4 1 1 0
C8 85 0 0 8
H0 85 1 1 0
E0 86 1 0 0 1 0 0
E0N 86 0 0 10
E1 86 1 1 0
E2 86 1 1 0
G0 86 1 0 0
G1 86 1 1 0
G2 86 0 0 12
T0 86 1 1 0
T1 86 0 0 11
CL 86 1 1 0 1
P0 86 0 0 7
P1 86 1 1 0
SD 86 1 1 0
NN 86 1 1 0
NF 86 0 0 13
Q0 86 2
R0 86 1 1 0 1 1 0
PZ 86 1 0 0 0 0 6
FW 86 1 1 0
C12 86 0 0 12
C4 86 4 1 1 0
C8 86 0 0 8
H0 86 1 1 0
E0 87 1 0 0 1 0 0
E0N 87 0 0 10
E1 87 1 1 0
E2 87 1 1 0
G0 87 1 0 0
G1 87 1 1 0
G2 87 0 0 12
T0 87 1 1 0
T1 87 0 0 11
CL 87 1 1 0 1
P0 87 0 0 7
P1 87 1 1 0
SD 87 1 1 0
NN 87 1 1 0
NF 87 0 0 13
Q0 87 2
R0 87 1 1 0 1 1 0
PZ 87 1 0 0 0 0 6
FW 87 1 1 0
C12 87 0 0 12
C4 87 4 1 1 0
C8 87 0 0 8
H0 87 1 1 0
E0 88 1 0 0 1 0 0
E0N 88 0 0 10
E1 88 1 1 0
E2 88 1 1 0
G0 88 1 0 0
G1 88 1 1 0
G2 88 0 0 12
T0 88 1 1 0
T1 88 0 0 11
CL 88 1 1 0 1
P0 88 0 0 7
P1 88 1 1 0
SD 88 1 1 0
NN 88 1 1 0
NF 88 0 0 13
Q0 88 2
R0 88 1 1 0 1 1 0
PZ 88 1 0 0 0 0 6
FW 88 1 1 0
C12 88 0 0 12
C4 88 4 1 1 0
C8 88 0 0 8
H0 88 1 1 0
E0 89 1 0 0 1 0 0
E0N 89 0 0 10
E1 89 1 1 0
E2 89 1 1 0
G0 89 1 0 0
G1 89 1 1 0
G2 89 0 0 12
T0 89 1 1 0
T1 89 0 0 11
CL 89 1 1 0 1
P0 89 0 0 7
P1 89 1 1 0
SD 89 1 1 0
NN 89 1 1 0
NF 89 0 0 13
Q0 89 2
R0 89 1 1 0 1 1 0
PZ 89 1 0 0 0 0 6
FW 89 1 1 0
C12 89 0 0 12
C4 89 4 1 1 0
C8 89 0 0 8
H0 89 1 1 0
E0 90 1 0 0 1 0 0
E0N 90 0 0 10
E1 90 1 1 0
E2 90 1 1 0
G0 90 1 0 0
G1 90 1 1 0
G2 90 0 0 12
T0 90 1 1 0
T1 90 0 0 11
CL 90 1 1 0 1
P0 90 0 0 7
P1 90 1 1 0
SD 90 1 1 0
NN 90 1 1 0
NF 90 0 0 13
Q0 90 2
R0 90 1 1 0 1 1 0
PZ 90 1 0 0 0 0 6
FW 90 1 1 0
C12 90 0 0 12
C4 90 4 1 1 0
C8 90 0 0 8
H0 90 1 1 0
E0 91 1 0 0 1 0 0
E0N 91 0 0 10
E1 91 1 1 0
E2 91 1 1 0
G0 91 1 0 0
G1 91 1 1 0
G2 91 0 0 12
T0 91 1 1 0
T1 91 0 0 11
CL 91 1 1 0 1
P0 91 0 0 7
P1 91 1 1 0
SD 91 1 1 0
NN 91 1 1 0
NF 91 0 0 13
Q0 91 2
R0 91 1 1 0 1 1 0
PZ 91 1 0 0 0 0 6
FW 91 1 1 0
C12 91 0 0 12
C4 91 4 1 1 0
C8 91 0 0 8
H0 91 1 1 0
E0 92 1 0 0 1 0 0
E0N 92 0 0 10
E1 92 1 1 0
E2 92 1 1 0
G0 92 1 0 0
G1 92 1 1 0
G2 92 0 0 12
T0 92 1 1 0
T1 92 0 0 11
CL 92 1 1 0 1
P0 92 0 0 7
P1 92 1 1 0
SD 92 1 1 0
NN 92 1 1 0
NF 92 0 0 13
Q0 92 2
R0 92 1 1 0 1 1 0
PZ 92 1 0 0 0 0 6
FW 92 1 1 0
C12 92 0 0 12
C4 92 4 1 1 0
C8 92 0 0 8
H0 92 1 1 0
E0 93 1 0 0 1 0 0
E0N 93 0 0 10
E1 93 1 1 0
E2 93 1 1 0
G0 93 1 0 0
G1 93 1 1 0
G2 93 0 0 12
T0 93 1 1 0
T1 93 0 0 11
CL 93 1 1 0 1
P0 93 0 0 7
P1 93 1 1 0
SD 93 1 1 0
NN 93 1 1 0
NF 93 0 0 13
Q0 93 2
R0 93 1 1 0 1 1 0
PZ 93 1 0 0 0 0 6
FW 93 1 1 0
C12 93 0 0 12
C4 93 4 1 1 0
C8 93 0 0 8
H0 93 1 1 0
E0 94 1 0 0 1 0 0
E0N 94 0 0 10
E1 94 1 1 0
E2 94 1 1 0
G0 94 1 0 0
G1 94 1 1 0
G2 94 0 0 12
T0 94 1 1 0
T1 94 0 0 11
CL 94 1 1 0 1
P0 94 0 0 7
P1 94 1 1 0
SD 94 1 1 0
NN 94 1 1 0
NF 94 0 0 13
Q0 94 2
R0 94 1 1 0 1 1 0
PZ 94 1 0 0 0 0 6
FW 94 1 1 0
C12 94 0 0 12
C4 94 4 1 1 0
C8 94 0 0 8
H0 94 1 1 0
E0 95 1 0 0 1 0 0
E0N 95 0 0 10
E1 95 1 1 0
E2 95 1 1 0
G0 95 1 0 0
G1 95 1 1 0
G2 95 0 0 12
T0 95 1 1 0
T1 95 0 0 11
CL 95 1 1 0 1
P0 95 0 0 7
P1 95 1 1 0
SD 95 1 1 0
NN 95 1 1 0
NF 95 0 0 13
Q0 95 2
R0 95 1 1 0 1 1 0
PZ 95 1 0 0 0 0 6
FW 95 1 1 0
C12 95 0 0 12
C4 95 4 1 1 0
C8 95 0 0 8
H0 95 1 1 0
E0 96 1 0 0 1 0 0
E0N 96 0 0 10
E1 96 1 1 0
E2 96 1 1 0
G0 96 1 0 0
G1 96 1 1 0
G2 96 0 0 12
T0 96 1 1 0
T1 96 0 0 11
CL 96 1 1 0 1
P0 96 0 0 7
P1 96 1 1 0
SD 96 1 1 0
NN 96 1 1 0
NF 96 0 0 13
Q0 96 2
R0 96 1 1 0 1 1 0
PZ 96 1 0 0 0 0 6
FW 96 1 1 0
C12 96 0 0 12
C4 96 4 1 1 0
C8 96 0 0 8
H0 96 1 1 0
E0 97 1 0 0 1 0 0
E0N 97 0 0 10
E1 97 1 1 0
E2 97 1 1 0
G0 97 1 0 0
G1 97 1 1 0
G2 97 0 0 12
T0 97 1 1 0
T1 97 0 0 11
CL 97 1 1 0 1
P0 97 0 0 7
P1 97 1 1 0
SD 97 1 1 0
NN 97 1 1 0
NF 97 0 0 13
Q0 97 2
R0 97 1 1 0 1 1 0
PZ 97 1 0 0 0 0 6
FW 97 1 1 0
C12 97 0 0 12
C4 97 4 1 1 0
C8 97 0 0 8
H0 97 1 1 0
E0 98 1 0 0 1 0 0
E0N 98 0 0 10
E1 98 1 1 0
E2 98 1 1 0
G0 98 1 0 0
G1 98 1 1 0
G2 98 0 0 12
T0 98 1 1 0
T1 98 0 0 11
CL 98 1 1 0 1
P0 98 0 0 7
P1 98 1 1 0
SD 98 1 1 0
NN 98 1 1 0
NF 98 0 0 13
Q0 98 2
R0 98 1 1 0 1 1 0
PZ 98 1 0 0 0 0 6
FW 98 1 1 0
C12 98 0 0 12
C4 98 4 1 1 0
C8 98 0 0 8
H0 98 1 1 0
E0 99 1 0 0 1 0 0
E0N 99 0 0 10
E1 99 1 1 0
E2 99 1 1 0
G0 99 1 0 0
G1 99 1 1 0
G2 99 0 0 12
T0 99 1 1 0
T1 99 0 0 11
CL 99 1 1 0 1
P0 99 0 0 7
P1 99 1 1 0
SD 99 1 1 0
NN 99 1 1 0
NF 99 0 0 13
Q0 99 2
R0 99 1 1 0 1 1 0
PZ 99 1 0 0 0 0 6
FW 99 1 1 0
C12 99 0 0 12
C4 99 4 1 1 0
C8 99 0 0 8
H0 99 1 1 0
E0 100 1 0 0 1 0 0
E0N 100 0 0 10
E1 100 1 1 0
E2 100 1 1 0
G0 100 1 0 0
G1 100 1 1 0
G2 100 0 0 12
T0 100 1 1 0
T1 100 0 0 11
CL 100 1 1 0 1
P0 100 0 0 7
P1 100 1 1 0
SD 100 1 1 0
NN 100 1 1 0
NF 100 0 0 13
Q0 100 2
R0 100 1 1 0 1 1 0
PZ 100 1 0 0 0 0 6
FW 100 1 1 0
C12 100 0 0 12
C4 100 4 1 1 0
C8 100 0 0 8
H0 100 1 1 0
E0 101 1 0 0 1 0 0
E0N 101 0 0 10
E1 101 1 1 0
E2 101 1 1 0
G0 101 1 0 0
G1 101 1 1 0
G2 101 0 0 12
T0 101 1 1 0
T1 101 0 0 11
CL 101 1 1 0 1
P0 101 0 0 7
P1 101 1 1 0
SD 101 1 1 0
NN 101 1 1 0
NF 101 0 0 13
Q0 101 2
R0 101 1 1 0 1 1 0
PZ 101 1 0 0 0 0 6
FW 101 1 1 0
C12 101 0 0 12
C4 101 4 1 1 0
C8 101 0 0 8
H0 101 1 1 0
E0 102 1 0 0 1 0 0
E0N 102 0 0 10
E1 102 1 1 0
E2 102 1 1 0
G0 102 1 0 0
G1 102 1 1 0
G2 102 0 0 12
T0 102 1 1 0
T1 102 0 0 11
CL 102 1 1 0 1
P0 102 0 0 7
P1 102 1 1 0
SD 102 1 1 0
NN 102 1 1 0
NF 102 0 0 13
Q0 102 2
R0 102 1 1 0 1 1 0
PZ 102 1 0 0 0 0 6
FW 102 1 1 0
C12 102 0 0 12
C4 102 4 1 1 0
C8 102 0 0 8
H0 102 1 1 0
E0 103 1 0 0 1 0 0
E0N 103 0 0 10
E1 103 1 1 0
E2 103 1 1 0
G0 103 1 0 0
G1 103 1 1 0
G2 103 0 0 12
T0 103 1 1 0
T1 103 0 0 11
CL 103 1 1 0 1
P0 103 0 0 7
P1 103 1 1 0
SD 103 1 1 0
NN 103 1 1 0
NF 103 0 0 13
Q0 103 2
R0 103 1 1 0 1 1 0
PZ 103 1 0 0 0 0 6
FW 103 1 1 0
C12 103 0 0 12
C4 103 4 1 1 0
C8 103 0 0 8
H0 103 1 1 0
E0 104 1 0 0 1 0 0
E0N 104 0 0 10
E1 104 1 1 0
E2 104 1 1 0
G0 104 1 0 0
G1 104 1 1 0
G2 104 0 0 12
T0 104 1 1 0
T1 104 0 0 11
CL 104 1 1 0 1
P0 104 0 0 7
P1 104 1 1 0
SD 104 1 1 0
NN 104 1 1 0
NF 104 0 0 13
Q0 104 2
R0 104 1 1 0 1 1 0
PZ 104 1 0 0 0 0 6
FW 104 1 1 0
C12 104 0 0 12
C4 104 4 1 1 0
C8 104 0 0 8
H0 104 1 1 0
E0 105 1 0 0 1 0 0
E0N 105 0 0 10
E1 105 1 1 0
E2 105 1 1 0
G0 105 1 0 0
G1 105 1 1 0
G2 105 0 0 12
T0 105 1 1 0
T1 105 0 0 11
CL 105 1 1 0 1
P0 105 0 0 7
P1 105 1 1 0
SD 105 1 1 0
NN 105 1 1 0
NF 105 0 0 13
Q0 105 2
R0 105 1 1 0 1 1 0
PZ 105 1 0 0 0 0 6
FW 105 1 1 0
C12 105 0 0 12
C4 105 4 1 1 0
C8 105 0 0 8
H0 105 1 1 0
E0 106 1 0 0 1 0 0
E0N 106 0 0 10
E1 106 1 1 0
E2 106 1 1 0
G0 106 1 0 0
G1 106 1 1 0
G2 106 0 0 12
T0 106 1 1 0
T1 106 0 0 11
CL 106 1 1 0 1
P0 106 0 0 7
P1 106 1 1 0
SD 106 1 1 0
NN 106 1 1 0
NF 106 0 0 13
Q0 106 2
R0 106 1 1 0 1 1 0
PZ 106 1 0 0 0 0 6
FW 106 1 1 0
C12 106 0 0 12
C4 106 4 1 1 0
C8 106 0 0 8
H0 106 1 1 0
E0 107 1 0 0 1 0 0
E0N 107 0 0 10
E1 107 1 1 0
E2 107 1 1 0
G0 107 1 0 0
G1 107 1 1 0
G2 107 0 0 12
T0 107 1 1 0
T1 107 0 0 11
CL 107 1 1 0 1
P0 107 0 0 7
P1 107 1 1 0
SD 107 1 1 0
NN 107 1 1 0
NF 107 0 0 13
Q0 107 2
R0 107 1 1 0 1 1 0
PZ 107 1 0 0 0 0 6
FW 107 1 1 0
C12 107 0 0 12
C4 107 4 1 1 0
C8 107 0 0 8
H0 107 1 1 0
E0 108 1 0 0 1 0 0
E0N 108 0 0 10
E1 108 1 1 0
E2 108 1 1 0
G0 108 1 0 0
G1 108 1 1 0
G2 108 0 0 12
T0 108 1 1 0
T1 108 0 0 11
CL 108 1 1 0 1
P0 108 0 0 7
P1 108 1 1 0
SD 108 1 1 0
NN 108 1 1 0
NF 108 0 0 13
Q0 108 2
R0 108 1 1 0 1 1 0
PZ 108 1 0 0 0 0 6
FW 108 1 1 0
C12 108 0 0 12
C4 108 4 1 1 0
C8 108 0 0 8
H0 108 1 1 0
E0 109 1 0 0 1 0 0
E0N 109 0 0 10
E1 109 1 1 0
E2 109 1 1 0
G0 109 1 0 0
G1 109 1 1 0
G2 109 0 0 12
T0 109 1 1 0
T1 109 0 0 11
CL 109 1 1 0 1
P0 109 0 0 7
P1 109 1 1 0
SD 109 1 1 0
NN 109 1 1 0
NF 109 0 0 13
Q0 109 2
R0 109 1 1 0 1 1 0
PZ 109 1 0 0 0 0 6
FW 109 1 1 0
C12 109 0 0 12
C4 109 4 1 1 0
C8 109 0 0 8
H0 109 1 1 0
E0 110 1 0 0 1 0 0
E0N 110 0 0 10
E1 110 1 1 0
E2 110 1 1 0
G0 110 1 0 0
G1 110 1 1 0
G2 110 0 0 12
T0 110 1 1 0
T1 110 0 0 11
CL 110 1 1 0 1
P0 110 0 0 7
P1 110 1 1 0
SD 110 1 1 0
NN 110 1 1 0
NF 110 0 0 13
Q0 110 2
R0 110 1 1 0 1 1 0
PZ 110 1 0 0 0 0 6
FW 110 1 1 0
C12 110 0 0 12
C4 110 4 1 1 0
C8 110 0 0 8
H0 110 1 1 0
E0 111 1 0 0 1 0 0
E0N 111 0 0 10
E1 111 1 1 0
E2 111 1 1 0
G0 111 1 0 0
G1 111 1 1 0
G2 111 0 0 12
T0 111 1 1 0
T1 111 0 0 11
CL 111 1 1 0 1
P0 111 0 0 7
P1 111 1 1 0
SD 111 1 1 0
NN 111 1 1 0
NF 111 0 0 13
Q0 111 2
R0 111 1 1 0 1 1 0
PZ 111 1 0 0 0 0 6
FW 111 1 1 0
C12 111 0 0 12
C4 111 4 1 1 0
C8 111 0 0 8
H0 111 1 1 0
E0 112 1 0 0 1 0 0
E0N 112 0 0 10
E1 112 1 1 0
E2 112 1 1 0
G0 112 1 0 0
G1 112 1 1 0
G2 112 0 0 12
T0 112 1 1 0
T1 112 0 0 11
CL 112 1 1 0 1
P0 112 0 0 7
P1 112 1 1 0
SD 112 1 1 0
NN 112 1 1 0
NF 112 0 0 13
Q0 112 2
R0 112 1 1 0 1 1 0
PZ 112 1 0 0 0 0 6
FW 112 1 1 0
C12 112 0 0 12
C4 112 4 1 1 0
C8 112 0 0 8
H0 112 1 1 0
E0 113 1 0 0 1 0 0
E0N 113 0 0 10
E1 113 1 1 0
E2 113 1 1 0
G0 113 1 0 0
G1 113 1 1 0
G2 113 0 0 12
T0 113 1 1 0
T1 113 0 0 11
CL 113 1 1 0 1
P0 113 0 0 7
P1 113 1 1 0
SD 113 1 1 0
NN 113 1 1 0
NF 113 0 0 13
Q0 113 2
R0 113 1 1 0 1 1 0
PZ 113 1 0 0 0 0 6
FW 113 1 1 0
C12 113 0 0 12
C4 113 4 1 1 0
C8 113 0 0 8
H0 113 1 1 0
E0 114 1 0 0 1 0 0
E0N 114 0 0 10
E1 114 1 1 0
E2 114 1 1 0
G0 114 1 0 0
G1 114 1 1 0
G2 114 0 0 12
T0 114 1 1 0
T1 114 0 0 11
CL 114 1 1 0 1
P0 114 0 0 7
P1 114 1 1 0
SD 114 1 1 0
NN 114 1 1 0
NF 114 0 0 13
Q0 114 2
R0 114 1 1 0 1 1 0
PZ 114 1 0 0 0 0 6
FW 114 1 1 0
C12 114 0 0 12
C4 114 4 1 1 0
C8 114 0 0 8
H0 114 1 1 0
E0 115 1 0 0 1 0 0
E0N 115 0 0 10
E1 115 1 1 0
E2 115 1 1 0
G0 115 1 0 0
G1 115 1 1 0
G2 115 0 0 12
T0 115 1 1 0
T1 115 0 0 11
CL 115 1 1 0 1
P0 115 0 0 7
P1 115 1 1 0
SD 115 1 1 0
NN 115 1 1 0
NF 115 0 0 13
Q0 115 2
R0 115 1 1 0 1 1 0
PZ 115 1 0 0 0 0 6
FW 115 1 1 0
C12 115 0 0 12
C4 115 4 1 1 0
C8 115 0 0 8
H0 115 1 1 0
E0 116 1 0 0 1 0 0
E0N 116 0 0 10
E1 116 1 1 0
E2 116 1 1 0
G0 116 1 0 0
G1 116 1 1 0
G2 116 0 0 12
T0 116 1 1 0
T1 116 0 0 11
CL 116 1 1 0 1
P0 116 0 0 7
P1 116 1 1 0
SD 116 1 1 0
NN 116 1 1 0
NF 116 0 0 13
Q0 116 2
R0 116 1 1 0 1 1 0
PZ 116 1 0 0 0 0 6
FW 116 1 1 0
C12 116 0 0 12
C4 116 4 1 1 0
C8 116 0 0 8
H0 116 1 1 0
E0 117 1 0 0 1 0 0
E0N 117 0 0 10
E1 117 1 1 0
E2 117 1 1 0
G0 117 1 0 0
G1 117 1 1 0
G2 117 0 0 12
T0 117 1 1 0
T1 117 0 0 11
CL 117 1 1 0 1
P0 117 0 0 7
P1 117 1 1 0
SD 117 1 1 0
NN 117 1 1 0
NF 117 0 0 13
Q0 117 2
R0 117 1 1 0 1 1 0
PZ 117 1 0 0 0 0 6
FW 117 1 1 0
C12 117 0 0 12
C4 117 4 1 1 0
C8 117 0 0 8
H0 117 1 1 0
E0 118 1 0 0 1 0 0
E0N 118 0 0 10
E1 118 1 1 0
E2 118 1 1 0
G0 118 1 0 0
G1 118 1 1 0
G2 118 0 0 12
T0 118 1 1 0
T1 118 0 0 11
CL 118 1 1 0 1
P0 118 0 0 7
P1 118 1 1 0
SD 118 1 1 0
NN 118 1 1 0
NF 118 0 0 13
Q0 118 2
R0 118 1 1 0 1 1 0
PZ 118 1 0 0 0 0 6
FW 118 1 1 0
C12 118 0 0 12
C4 118 4 1 1 0
C8 118 0 0 8
H0 118 1 1 0
E0 119 1 0 0 1 0 0
E0N 119 0 0 10
E1 119 1 1 0
E2 119 1 1 0
G0 119 1 0 0
G1 119 1 1 0
G2 119 0 0 12
T0 119 1 1 0
T1 119 0 0 11
CL 119 1 1 0 1
P0 119 0 0 7
P1 119 1 1 0
SD 119 1 1 0
NN 119 1 1 0
NF 119 0 0 13
Q0 119 2
R0 119 1 1 0 1 1 0
PZ 119 1 0 0 0 0 6
FW 119 1 1 0
C12 119 0 0 12
C4 119 4 1 1 0
C8 119 0 0 8
H0 119 1 1 0
END
