C2D1 final=620 (expect 620)
C2D1 mapCON-delta=1 (expect >=1)
C2D2 final=621 (expect 621)
C2D2 mapCON-delta=1 (expect >=1)
C2D3 final=622 (expect 622)
C2D3 mapCON-delta=1 (expect >=1)
C2D4 final=623 (expect 623)
C2D4 mapCON-delta=1 (expect >=1)
C2R1 FA-node=70
C2R1 final=53501 (expect 53501)
C2R1 live-node=86 FA-node=70
C2R2 FA-node=87
C2R2 final=53510 (expect 53510)
C2R2 live-node=103 FA-node=87
C2 DONE-OK
C2S bridge-query=900 (supplementary, non-bar)
DUMP-BEGIN
H 0 41
H 4 12
H 8 2
H 12 -1
H 16 1024
H 20 102
H 24 127
H 28 41
H 32 53101
H 36 53406
H 40 53406
H 44 53406
H 48 1
H 52 0
H 56 0
H 60 0
N 2 1 0 0 0 0 53101 5301 53201 1 1
N 3 1 0 0 0 0 53201 5302 900 2 1
N 4 902 0 0 0 0 53101 0 0 0 1
N 5 902 0 0 0 0 53201 0 0 0 1
N 6 102 1000 4 7 0 0 0 0 0 1
N 7 101 1000 5 0 0 0 0 0 0 1
N 8 902 0 0 0 0 53201 0 0 0 1
N 9 902 0 0 0 0 900 0 0 0 1
N 10 102 1000 8 11 0 0 0 0 0 1
N 11 101 1000 9 0 0 0 0 0 0 1
N 12 902 0 0 0 0 900 0 0 0 1
N 13 20 5303 53101 -1 -1 6 7 900 0 1
N 14 1 0 0 0 0 53101 5303 900 3 1
N 15 3 0 0 0 0 53101 5301 53201 4 1
N 16 1 0 0 0 0 53101 5301 610 4 1
N 17 3 0 0 0 0 53101 5301 610 6 1
N 18 1 0 0 0 0 53101 5301 620 6 1
N 19 1 0 0 0 0 53108 5301 53212 8 1
N 20 1 0 0 0 0 53212 5302 901 9 1
N 21 902 0 0 0 0 53108 0 0 0 1
N 22 902 0 0 0 0 53212 0 0 0 1
N 23 102 1000 21 24 0 0 0 0 0 1
N 24 101 1000 22 0 0 0 0 0 0 1
N 25 902 0 0 0 0 53212 0 0 0 1
N 26 902 0 0 0 0 901 0 0 0 1
N 27 102 1000 25 28 0 0 0 0 0 1
N 28 101 1000 26 0 0 0 0 0 0 1
N 29 902 0 0 0 0 901 0 0 0 1
N 30 20 5303 53108 -1 -1 23 32 901 0 1
N 31 1 0 0 0 0 53108 5303 901 10 1
N 32 3 0 0 0 0 53108 5301 53212 11 1
N 33 1 0 0 0 0 53108 5301 611 11 1
N 34 3 0 0 0 0 53108 5301 611 13 1
N 35 1 0 0 0 0 53108 5301 621 13 1
N 36 1 0 0 0 0 53115 5301 53223 15 1
N 37 1 0 0 0 0 53223 5302 902 16 1
N 38 902 0 0 0 0 53115 0 0 0 1
N 39 902 0 0 0 0 53223 0 0 0 1
N 40 102 1000 38 41 0 0 0 0 0 1
N 41 101 1000 39 0 0 0 0 0 0 1
N 42 902 0 0 0 0 53223 0 0 0 1
N 43 902 0 0 0 0 902 0 0 0 1
N 44 102 1000 42 45 0 0 0 0 0 1
N 45 101 1000 43 0 0 0 0 0 0 1
N 46 902 0 0 0 0 902 0 0 0 1
N 47 20 5303 53115 -1 -1 40 53 902 0 1
N 48 1 0 0 0 0 53115 5303 902 17 1
N 49 3 0 0 0 0 53115 5301 53223 18 1
N 50 1 0 0 0 0 53115 5301 612 18 1
N 51 3 0 0 0 0 53115 5301 612 20 1
N 52 1 0 0 0 0 53115 5301 622 20 1
N 53 1 0 0 0 0 53122 5301 53234 22 1
N 54 1 0 0 0 0 53234 5302 903 23 1
N 55 902 0 0 0 0 53122 0 0 0 1
N 56 902 0 0 0 0 53234 0 0 0 1
N 57 102 1000 55 58 0 0 0 0 0 1
N 58 101 1000 56 0 0 0 0 0 0 1
N 59 902 0 0 0 0 53234 0 0 0 1
N 60 902 0 0 0 0 903 0 0 0 1
N 61 102 1000 59 62 0 0 0 0 0 1
N 62 101 1000 60 0 0 0 0 0 0 1
N 63 902 0 0 0 0 903 0 0 0 1
N 64 20 5303 53122 -1 -1 57 73 903 0 1
N 65 1 0 0 0 0 53122 5303 903 24 1
N 66 3 0 0 0 0 53122 5301 53234 25 1
N 67 1 0 0 0 0 53122 5301 613 25 1
N 68 3 0 0 0 0 53122 5301 613 27 1
N 69 1 0 0 0 0 53122 5301 623 27 1
N 70 1 0 0 0 0 53401 5301 53501 29 1
N 71 1 0 0 0 0 53501 5302 950 30 1
N 72 902 0 0 0 0 53401 0 0 0 1
N 73 902 0 0 0 0 53501 0 0 0 1
N 74 102 1000 72 75 0 0 0 0 0 1
N 75 101 1000 73 0 0 0 0 0 0 1
N 76 902 0 0 0 0 53501 0 0 0 1
N 77 902 0 0 0 0 950 0 0 0 1
N 78 102 1000 76 79 0 0 0 0 0 1
N 79 101 1000 77 0 0 0 0 0 0 1
N 80 902 0 0 0 0 950 0 0 0 1
N 81 20 5303 53401 -1 -1 74 93 950 0 1
N 82 1 0 0 0 0 53401 5303 950 31 1
N 83 3 0 0 0 0 53401 5301 53501 32 1
N 84 1 0 0 0 0 53401 5301 910 32 1
N 85 3 0 0 0 0 53401 5301 910 33 1
N 86 1 0 0 0 0 53401 5301 53501 33 1
N 87 1 0 0 0 0 53406 5301 53510 35 1
N 88 1 0 0 0 0 53510 5302 950 36 1
N 89 902 0 0 0 0 53406 0 0 0 1
N 90 902 0 0 0 0 53510 0 0 0 1
N 91 102 1000 89 92 0 0 0 0 0 1
N 92 101 1000 90 0 0 0 0 0 0 1
N 93 902 0 0 0 0 53510 0 0 0 1
N 94 902 0 0 0 0 950 0 0 0 1
N 95 102 1000 93 96 0 0 0 0 0 1
N 96 101 1000 94 0 0 0 0 0 0 1
N 97 902 0 0 0 0 950 0 0 0 1
N 98 20 5303 53406 -1 -1 91 113 950 0 1
N 99 1 0 0 0 0 53406 5303 950 37 1
N 100 3 0 0 0 0 53406 5301 53510 38 1
N 101 1 0 0 0 0 53406 5301 911 38 1
N 102 3 0 0 0 0 53406 5301 911 39 1
N 103 1 0 0 0 0 53406 5301 53510 39 1
E 33 3 33 0
E 35 6 35 0
E 3 5 2 0
E 3 8 3 0
E 7 1 2 0
E 11 1 3 0
E 7 12 10 0
E 13 13 13 3
E 13 2 13 0
E 13 6 13 0
E 13 1 2 0
E 13 1 3 0
E 67 3 67 0
E 2 3 2 0
E 13 3 13 0
E 15 5 2 0
E 37 8 37 0
E 16 4 2 0
E 16 6 16 0
E 16 3 16 0
E 17 5 16 0
E 50 6 50 0
E 18 4 16 0
E 18 6 18 0
E 50 3 50 0
E 19 5 18 0
E 52 6 52 0
E 20 5 19 0
E 20 8 20 0
E 24 1 19 0
E 28 1 20 0
E 24 12 27 0
E 30 13 30 10
E 30 2 30 0
E 30 6 30 0
E 30 1 19 0
E 30 1 20 0
E 86 6 86 0
E 19 3 19 0
E 30 3 30 0
E 32 5 19 0
E 54 8 54 0
E 33 4 19 0
E 33 6 33 0
E 34 5 33 0
E 67 6 67 0
E 35 4 33 0
E 36 5 35 0
E 69 6 69 0
E 37 5 36 0
E 41 1 36 0
E 45 1 37 0
E 41 12 44 0
E 47 13 47 17
E 47 2 47 0
E 47 6 47 0
E 47 1 36 0
E 47 1 37 0
E 14 6 14 0
E 36 3 36 0
E 47 3 47 0
E 49 5 36 0
E 71 8 71 0
E 50 4 36 0
E 51 5 50 0
E 84 3 84 0
E 52 4 50 0
E 53 5 52 0
E 87 9 87 6
E 54 5 53 0
E 58 1 53 0
E 62 1 54 0
E 58 12 61 0
E 64 13 64 24
E 64 2 64 0
E 64 6 64 0
E 64 1 53 0
E 64 1 54 0
E 88 9 88 7
E 53 3 53 0
E 64 3 64 0
E 66 5 53 0
E 87 3 87 0
E 67 4 53 0
E 68 5 67 0
E 103 6 103 0
E 69 4 67 0
E 70 5 69 0
E 71 9 71 1
E 71 5 70 0
E 75 1 70 0
E 79 1 71 0
E 75 12 78 0
E 81 13 81 31
E 81 2 81 0
E 81 6 81 0
E 81 1 70 0
E 81 1 71 0
E 82 9 82 2
E 70 3 70 0
E 81 3 81 0
E 83 5 70 0
E 84 9 84 3
E 84 4 70 0
E 85 5 84 0
E 86 9 86 5
E 86 4 84 0
E 87 5 86 0
E 88 5 87 0
E 88 8 88 0
E 92 1 87 0
E 96 1 88 0
E 92 12 95 0
E 98 13 98 37
E 98 2 98 0
E 98 6 98 0
E 98 1 87 0
E 98 1 88 0
E 99 9 99 8
E 98 3 98 0
E 100 5 87 0
E 101 9 101 9
E 101 4 87 0
E 101 3 101 0
E 102 5 101 0
E 103 9 103 11
E 103 4 101 0
DUMP-END
