R1E1 ev_act=0
R1E2 ev_act=0
R1E3 ev_act=0
R1E4 ev_act=0
R1 guide-CON=4 (expect 4)
R1 guide-live=1 (expect 1: never-resolved control)
R1 DONE-OK
DUMP-BEGIN
H 0 14
H 4 12
H 8 2
H 12 -1
H 16 0
H 20 16
H 24 27
H 28 14
H 32 51104
H 36 -3
H 40 -3
H 44 51104
H 48 2
H 52 0
H 56 0
H 60 0
N 2 30 -4 0 0 0 51101 5101 2 0 1
N 3 2 -5 0 0 0 0 0 0 0 1
N 4 1 51101 0 0 0 30 -999 0 0 1
N 5 30 -4 0 0 0 51102 5101 2 0 1
N 6 1 51102 0 0 0 30 -999 0 0 1
N 7 30 -4 0 0 0 51103 5101 2 0 1
N 8 1 51103 0 0 0 30 -999 0 0 1
N 9 30 -4 0 0 0 51104 5101 2 0 1
N 10 1 51104 0 0 0 30 -999 0 0 1
N 11 1 0 0 0 0 51901 5191 77 5 1
N 12 30 -4 0 0 0 51301 5103 2 0 1
N 13 1 51301 0 0 0 30 -999 0 0 1
N 14 1 0 0 0 0 51101 5101 611 7 1
N 15 1 0 0 0 0 51102 5101 612 9 1
N 16 1 0 0 0 0 51103 5101 613 11 1
N 17 1 0 0 0 0 51104 5101 614 13 1
E 4 1 2 0
E 3 10 4 0
E 4 8 4 0
E 6 1 5 0
E 3 10 6 0
E 6 8 6 0
E 8 1 7 0
E 3 10 8 0
E 8 8 8 0
E 10 1 9 0
E 3 10 10 0
E 11 9 11 3
E 11 8 11 0
E 13 1 12 0
E 3 10 13 0
E 2 3 2 0
E 4 3 4 0
E 14 9 14 5
E 5 3 5 0
E 6 3 6 0
E 15 9 15 7
E 7 3 7 0
E 8 3 8 0
E 16 9 16 9
E 9 3 9 0
E 10 3 10 0
E 17 9 17 11
DUMP-END
