R2E1 ev_act=0
R2E2 ev_act=0
R2E3 ev_act=0
R2E4 ev_act=0
R2 guide-CON=4 (expect 4)
R2 DONE-OK
DUMP-BEGIN
H 0 13
H 4 12
H 8 2
H 12 -1
H 16 0
H 20 14
H 24 24
H 28 13
H 32 -3
H 36 -3
H 40 51207
H 44 51207
H 48 1
H 52 0
H 56 0
H 60 0
N 2 30 -4 0 0 0 51201 5102 2 0 1
N 3 2 -5 0 0 0 0 0 0 0 1
N 4 1 51201 0 0 0 30 -999 0 0 1
N 5 30 -4 0 0 0 51207 5102 2 0 1
N 6 1 51207 0 0 0 30 -999 0 0 1
N 7 30 -4 0 0 0 51213 5102 2 0 1
N 8 1 51213 0 0 0 30 -999 0 0 1
N 9 30 -4 0 0 0 51229 5102 2 0 1
N 10 1 51229 0 0 0 30 -999 0 0 1
N 11 1 0 0 0 0 51201 5199 5 5 1
N 12 1 0 0 0 0 51213 5102 621 6 1
N 13 1 0 0 0 0 51201 5102 622 8 1
N 14 1 0 0 0 0 51229 5102 623 10 1
N 15 1 0 0 0 0 51207 5102 624 12 1
E 4 1 2 0
E 3 10 4 0
E 4 8 4 0
E 6 1 5 0
E 3 10 6 0
E 6 8 6 0
E 8 1 7 0
E 3 10 8 0
E 8 8 8 0
E 10 1 9 0
E 3 10 10 0
E 11 9 11 4
E 7 3 7 0
E 8 3 8 0
E 12 9 12 5
E 2 3 2 0
E 4 3 4 0
E 13 9 13 7
E 9 3 9 0
E 10 3 10 0
E 14 9 14 9
E 5 3 5 0
E 6 3 6 0
E 15 9 15 11
DUMP-END
