RETP01=54201 (expect 54201)
RETP02=10 (expect 10)
RETP03=54202 (expect 54202)
RETP04=20 (expect 20)
RETP05=54203 (expect 54203)
RETP06=30 (expect 30)
RETP07=10 (expect 10)
RETP08=20 (expect 20)
RETP09=30 (expect 30)
RETP10=1 (expect 1)
RETP11=99 (expect 99)
RETP12=54201 (expect 54201)
RET probes=12/12
RET map-CON=0 (expect 0: no spurious supersession)
RET DONE-OK
DUMP-BEGIN
H 0 29
H 4 12
H 8 2
H 12 -1
H 16 0
H 20 60
H 24 63
H 28 29
H 32 54101
H 36 54103
H 40 54901
H 44 54903
H 48 1
H 52 0
H 56 0
H 60 0
N 2 1 0 0 0 0 54101 5401 54201 1 1
N 3 1 0 0 0 0 54201 5402 10 2 1
N 4 1 0 0 0 0 54102 5401 54202 3 1
N 5 1 0 0 0 0 54202 5402 20 4 1
N 6 1 0 0 0 0 54103 5401 54203 5 1
N 7 1 0 0 0 0 54203 5402 30 6 1
N 8 902 0 0 0 0 54101 0 0 0 1
N 9 902 0 0 0 0 54201 0 0 0 1
N 10 102 1000 8 11 0 0 0 0 0 1
N 11 101 1000 9 0 0 0 0 0 0 1
N 12 902 0 0 0 0 54201 0 0 0 1
N 13 902 0 0 0 0 10 0 0 0 1
N 14 102 1000 12 15 0 0 0 0 0 1
N 15 101 1000 13 0 0 0 0 0 0 1
N 16 902 0 0 0 0 10 0 0 0 1
N 17 20 5403 54101 -1 -1 10 15 10 0 1
N 18 1 0 0 0 0 54101 5403 10 7 1
N 19 902 0 0 0 0 54102 0 0 0 1
N 20 902 0 0 0 0 54202 0 0 0 1
N 21 102 1000 19 22 0 0 0 0 0 1
N 22 101 1000 20 0 0 0 0 0 0 1
N 23 902 0 0 0 0 54202 0 0 0 1
N 24 902 0 0 0 0 20 0 0 0 1
N 25 102 1000 23 26 0 0 0 0 0 1
N 26 101 1000 24 0 0 0 0 0 0 1
N 27 902 0 0 0 0 20 0 0 0 1
N 28 20 5403 54102 -1 -1 21 25 20 0 1
N 29 1 0 0 0 0 54102 5403 20 8 1
N 30 902 0 0 0 0 54103 0 0 0 1
N 31 902 0 0 0 0 54203 0 0 0 1
N 32 102 1000 30 33 0 0 0 0 0 1
N 33 101 1000 31 0 0 0 0 0 0 1
N 34 902 0 0 0 0 54203 0 0 0 1
N 35 902 0 0 0 0 30 0 0 0 1
N 36 102 1000 34 37 0 0 0 0 0 1
N 37 101 1000 35 0 0 0 0 0 0 1
N 38 902 0 0 0 0 30 0 0 0 1
N 39 20 5403 54103 -1 -1 32 35 30 0 1
N 40 1 0 0 0 0 54103 5403 30 9 1
N 41 1 0 0 0 0 54901 5404 1 10 1
N 42 1 0 0 0 0 54902 5404 2 11 1
N 43 1 0 0 0 0 54903 5406 54904 12 1
N 44 1 0 0 0 0 54904 5407 99 13 1
N 45 902 0 0 0 0 54903 0 0 0 1
N 46 902 0 0 0 0 54904 0 0 0 1
N 47 102 1000 45 48 0 0 0 0 0 1
N 48 101 1000 46 0 0 0 0 0 0 1
N 49 902 0 0 0 0 54904 0 0 0 1
N 50 902 0 0 0 0 99 0 0 0 1
N 51 102 1000 49 52 0 0 0 0 0 1
N 52 101 1000 50 0 0 0 0 0 0 1
N 53 902 0 0 0 0 99 0 0 0 1
N 54 20 5408 54903 -1 -1 47 51 99 0 1
N 55 1 0 0 0 0 54903 5408 99 14 1
N 56 30 -4 0 0 0 54911 5405 2 0 1
N 57 2 -5 0 0 0 0 0 0 0 1
N 58 1 54911 0 0 0 30 -999 0 0 1
N 59 30 -4 0 0 0 54912 5405 2 0 1
N 60 1 54912 0 0 0 30 -999 0 0 1
N 61 1 0 0 0 0 54921 5409 5 17 1
E 29 6 29 0
E 44 8 44 0
E 3 5 2 0
E 55 8 55 0
E 4 5 3 0
E 58 8 58 0
E 5 5 4 0
E 2 6 2 0
E 6 5 5 0
E 2 6 2 0
E 7 5 6 0
E 7 8 7 0
E 11 1 2 0
E 15 1 3 0
E 11 12 14 0
E 17 13 17 7
E 17 2 17 0
E 17 6 17 0
E 17 1 2 0
E 17 1 3 0
E 3 6 3 0
E 18 8 18 0
E 22 1 4 0
E 26 1 5 0
E 22 12 25 0
E 28 13 28 8
E 28 2 28 0
E 28 6 28 0
E 28 1 4 0
E 28 1 5 0
E 4 6 4 0
E 29 8 29 0
E 33 1 6 0
E 37 1 7 0
E 33 12 36 0
E 39 13 39 9
E 39 2 39 0
E 39 6 39 0
E 39 1 6 0
E 39 1 7 0
E 5 6 5 0
E 6 6 6 0
E 41 5 40 0
E 7 6 7 0
E 42 5 41 0
E 18 6 18 0
E 43 5 42 0
E 44 5 43 0
E 48 1 43 0
E 52 1 44 0
E 48 12 51 0
E 54 13 54 14
E 54 2 54 0
E 54 6 54 0
E 54 1 43 0
E 54 1 44 0
E 40 6 40 0
E 58 1 56 0
E 57 10 58 0
E 60 1 59 0
E 57 10 60 0
E 41 6 41 0
E 55 6 55 0
DUMP-END
