0.000000
2.000000
2.045455
2.136364
2.200000
2.227273
2.318182
2.350000
2.400000
2.445455
2.536364
2.600000
2.627273
2.718182
2.750000
2.800000
2.845455
2.936364
3.000000
3.027273
3.118182
3.150000
3.200000
3.245455
3.336364
3.400000
3.427273
3.518182
3.550000
3.600000
3.645455
3.736364
3.800000
3.827273
3.918182
3.950000
4.000000
4.045455
4.136364
4.200000
4.227273
4.318182
4.350000
4.400000
4.445455
4.536364
4.600000
4.627273
4.718182
4.750000
4.800000
4.845455
4.936364
5.000000
5.027273
5.118182
5.150000
6.000000
6.050000
6.150000
6.250000
6.350000
6.450000
6.550000
6.650000
6.750000
6.850000
6.950000
7.050000
7.150000
7.250000
7.350000
7.450000
7.550000
7.650000
7.750000
7.850000
7.950000
8.050000
8.150000
8.250000
8.350000
8.450000
8.550000
8.650000
8.650000
8.750000
8.800000
9.500000
9.550000
9.650000
9.750000
9.850000
9.950000
10.050000
10.150000
10.250000
10.350000
10.450000
10.550000
10.650000
10.750000
10.850000
10.950000
11.050000
11.150000
11.250000
11.350000
11.450000
11.550000
11.650000
11.750000
11.850000
11.950000
12.050000
12.150000
12.150000
12.250000
12.300000
12.500000
12.550000
12.650000
12.750000
12.850000
12.950000
13.050000
13.150000
13.250000
13.350000
13.450000
13.550000
13.650000
13.750000
13.850000
13.950000
14.050000
14.150000
14.250000
14.350000
14.450000
14.550000
14.650000
14.650000
14.750000
14.800000
16.000000
16.050000
16.150000
16.250000
16.350000
16.450000
16.550000
16.650000
16.750000
16.850000
16.950000
17.050000
17.150000
17.250000
17.350000
17.450000
17.550000
17.650000
17.750000
17.850000
17.950000
18.050000
18.150000
18.150000
18.250000
18.300000
18.500000
18.550000
18.650000
18.750000
18.850000
18.950000
19.050000
19.150000
19.250000
19.350000
19.450000
19.550000
19.650000
19.750000
19.850000
19.950000
20.050000
20.150000
20.250000
20.350000
20.450000
20.550000
20.650000
20.650000
20.750000
20.800000
21.000000
21.050000
21.150000
21.250000
21.350000
21.450000
21.550000
21.650000
21.750000
21.850000
21.950000
22.050000
22.150000
22.250000
22.350000
22.450000
22.550000
22.650000
22.650000
22.750000
22.800000
24.000000
24.045455
24.136364
24.200000
24.227273
24.318182
24.350000
24.400000
24.445455
24.536364
24.600000
24.627273
24.718182
24.750000
24.800000
24.845455
24.936364
25.000000
25.027273
25.118182
25.150000
25.200000
25.245455
25.336364
25.400000
25.427273
25.518182
25.550000
25.600000
25.645455
25.736364
25.800000
25.827273
25.918182
25.950000
26.000000
26.045455
26.136364
26.200000
26.227273
26.318182
26.350000
26.400000
26.445455
26.536364
26.600000
26.627273
26.718182
26.750000
26.800000
26.845455
26.936364
27.000000
27.027273
27.118182
27.150000
27.500000
27.550000
27.650000
27.750000
27.850000
27.950000
28.050000
28.150000
28.250000
28.350000
28.450000
28.550000
28.650000
28.750000
28.850000
28.950000
29.050000
29.150000
29.150000
29.250000
29.300000
30.000000
