C|C-3|746|442|1|1|0|1|1|0|0
C|C-7|823|700|1|1|0|1|1|0|0
C|C-11|708|364|0|0|0|1|1|0|0
C|C-19|816|669|1|1|0|1|1|0|0
C|C-31|732|411|1|1|0|1|1|0|0
C|C-45|791|569|1|1|0|1|1|0|0
C|C-55|709|367|1|1|0|1|1|0|0
C|C-69|818|676|0|0|0|1|1|0|0
C|C-77|800|602|1|1|0|1|1|0|0
C|C-85|816|666|1|1|0|1|1|0|0
C|C-97|792|572|1|1|0|1|1|0|0
C|C-109|844|814|1|1|0|1|1|0|0
C|C-113|731|408|1|1|0|1|1|0|0
C|C-119|839|782|1|1|0|1|1|0|0
C|C-123|776|521|1|1|0|1|1|0|0
C|C-131|766|492|1|1|0|1|1|0|0
C|C-151|707|363|1|1|0|1|1|0|0
C|C-153|798|595|1|1|0|1|1|0|0
C|C-159|759|473|1|1|0|1|1|0|0
C|C-167|820|684|1|1|0|1|1|0|0
C|C-217|704|357|1|1|0|1|1|0|0
C|C-227|752|457|0|0|0|1|1|0|0
C|C-229|752|456|1|1|0|1|1|0|0
C|C-263|713|373|1|1|0|1|1|0|0
C|C-289|842|805|1|1|0|1|1|0|0
C|C-307|741|430|1|1|0|1|1|0|0
C|C-317|730|407|1|1|0|1|1|0|0
C|C-327|838|781|1|1|0|1|1|0|0
C|C-331|773|513|1|1|0|1|1|0|0
C|C-339|702|354|1|1|0|1|1|0|0
C|C-345|753|459|1|1|0|1|1|0|0
C|C-367|817|672|1|1|0|1|1|0|0
C|C-373|838|781|1|1|0|1|1|0|0
C|C-397|811|645|0|0|0|1|1|0|0
C|C-399|810|642|1|1|0|1|1|0|0
C|C-401|812|652|1|1|0|1|1|0|0
C|C-407|771|506|1|1|0|1|1|0|0
C|C-421|780|533|0|0|0|1|1|0|0
C|C-431|760|477|1|1|0|1|1|0|0
C|C-445|816|666|1|1|0|1|1|0|0
C|C-481|777|524|1|1|0|1|1|0|0
C|C-495|816|666|1|1|0|1|1|0|0
C|C-511|716|380|1|1|0|1|1|0|0
C|C-513|784|545|1|1|0|1|1|0|0
C|C-517|789|563|1|1|0|1|1|0|0
C|C-523|839|783|1|1|0|1|1|0|0
C|C-541|752|457|1|1|0|1|1|0|0
C|C-571|833|750|1|1|0|1|1|0|0
C|C-583|843|811|1|1|0|1|1|0|0
C|C-587|702|355|1|1|0|1|1|0|0
C|C-605|811|645|1|1|0|1|1|0|0
C|C-609|708|365|1|1|0|1|1|0|0
C|C-619|755|463|1|1|0|1|1|0|0
C|C-621|702|354|1|1|0|1|1|0|0
C|C-631|805|621|1|1|0|1|1|0|0
C|C-671|721|388|1|1|0|1|1|0|0
C|C-673|716|380|1|1|0|1|1|0|0
C|C-677|740|427|1|1|0|1|1|0|0
C|C-681|810|642|0|1|0|1|1|0|0
C|C-683|792|573|1|1|0|1|1|0|0
C|C-687|832|746|1|1|0|1|1|0|0
C|C-691|711|370|1|1|0|1|1|0|0
C|C-713|824|707|1|1|0|1|1|0|0
C|C-717|728|403|1|1|0|1|1|0|0
C|C-1262|814|6600|1|1|0|1|1|0|0
C|C-1265|846|8265|1|1|0|1|1|0|0
C|C-1272|911|15354|1|1|0|1|1|0|0
C|C-1274|853|8757|1|1|0|1|1|0|0
C|C-1276|908|14931|1|1|0|1|1|0|0
C|C-1283|878|10837|1|1|0|1|1|0|0
C|C-1284|927|19123|1|1|0|1|1|0|0
C|C-1285|885|11633|1|1|0|1|1|0|0
C|C-1288|887|11836|1|1|0|1|1|0|0
C|C-1292|747|4449|1|1|0|1|1|0|0
C|C-1299|836|7657|1|1|0|1|1|0|0
C|C-1301|879|10962|1|1|0|1|1|0|0
C|C-1306|877|10759|1|1|0|1|1|0|0
C|C-1308|842|8041|1|1|0|1|1|0|0
C|C-1310|845|8234|1|1|0|1|1|0|0
C|C-1316|739|4267|1|1|0|1|1|0|0
C|C-1317|857|9007|1|1|0|1|1|0|0
C|C-1319|891|12370|1|1|0|1|1|0|0
C|C-1320|836|7694|1|1|0|1|1|0|0
C|C-1323|798|5949|1|1|0|1|1|0|0
C|C-1328|837|7733|1|1|0|1|1|0|0
C|C-1330|827|7212|1|1|0|1|1|0|0
C|C-1331|889|12130|1|1|0|1|1|0|0
C|C-1336|848|8371|1|1|0|1|1|0|0
C|C-1338|871|10150|1|1|0|1|1|0|0
C|C-1341|839|7825|1|1|0|1|1|0|0
C|C-1345|841|7934|1|1|0|1|1|0|0
C|C-1347|886|11674|1|1|0|1|1|0|0
C|C-1350|842|8052|1|1|0|1|1|0|0
C|C-1351|919|17201|1|1|0|1|1|0|0
C|C-1352|868|9876|1|1|0|1|1|0|0
C|C-1357|857|9019|1|1|0|1|1|0|0
C|C-1358|777|5246|1|1|0|1|1|0|0
C|C-1359|882|11272|1|1|0|1|1|0|0
C|C-1364|804|6167|1|1|0|1|1|0|0
C|C-1369|876|10684|1|1|0|1|1|0|0
C|C-1370|879|10943|1|1|0|1|1|0|0
C|C-1375|825|7087|1|1|0|1|1|0|0
C|C-1379|869|9968|1|1|0|1|1|0|0
C|C-1385|792|5723|1|1|0|1|1|0|0
C|C-1387|899|13401|1|1|0|1|1|0|0
C|C-1389|771|5053|1|1|0|1|1|0|0
C|C-1390|802|6099|1|1|0|1|1|0|0
C|C-1391|850|8526|1|1|0|1|1|0|0
C|C-1392|906|14608|1|1|0|1|1|0|0
C|C-1395|898|13245|1|1|0|1|1|0|0
C|C-1396|888|11942|1|1|0|1|1|0|0
C|C-1397|899|13355|1|1|0|1|1|0|0
C|C-1398|877|10745|1|1|0|1|1|0|0
C|C-1399|764|4874|1|1|0|1|1|0|0
C|C-1400|700|3506|1|1|0|1|1|0|0
C|C-1401|898|13241|1|1|0|1|1|0|0
C|C-1403|723|3932|1|1|0|1|1|0|0
C|C-1410|706|3605|1|1|0|1|1|0|0
C|C-1414|838|7793|1|1|0|1|1|0|0
C|C-1423|903|13985|1|1|0|1|1|0|0
C|C-1425|858|9088|1|1|0|1|1|0|0
C|C-1428|880|11054|1|1|0|1|1|0|0
C|C-1436|850|8514|1|1|0|1|1|0|0
C|C-1437|878|10798|1|1|0|1|1|0|0
C|C-1442|828|7269|1|1|0|1|1|0|0
C|C-1443|897|13129|1|1|0|1|1|0|0
C|C-1447|720|3860|1|1|0|1|1|0|0
C|C-1450|751|4530|1|1|0|1|1|0|0
C|C-1456|849|8435|1|1|0|1|1|0|0
C|C-1459|843|8110|1|1|0|1|1|0|0
C|C-1460|896|13034|1|1|0|1|1|0|0
C|C-1461|860|9288|1|1|0|1|1|0|0
C|C-1462|866|9754|1|1|0|1|1|0|0
C|C-1465|903|14072|1|1|0|1|1|0|0
C|C-1478|856|8950|1|1|0|1|1|0|0
C|C-1480|921|17679|1|1|0|1|1|0|0
C|C-1481|743|4342|1|1|0|1|1|0|0
C|C-1486|864|9586|1|1|0|1|1|0|0
C|C-1490|933|21026|1|1|0|1|1|0|0
C|C-1499|913|15824|1|1|0|1|1|0|0
C|C-1502|876|10683|1|1|0|1|1|0|0
C|C-1503|839|7863|1|1|0|1|1|0|0
C|C-1506|876|10693|1|1|0|1|1|0|0
C|C-1507|767|4942|1|1|0|1|1|0|0
C|C-1510|869|9954|1|1|0|1|1|0|0
C|C-1515|907|14691|1|1|0|1|1|0|0
C|C-1518|897|13077|1|1|0|1|1|0|0
C|C-1520|873|10394|1|1|0|1|1|0|0
C|C-1522|795|5820|1|1|0|1|1|0|0
C|C-1524|880|11021|1|1|0|1|1|0|0
C|C-1526|772|5101|1|1|0|1|1|0|0
C|C-1528|714|3755|1|1|0|1|1|0|0
C|C-1529|729|4040|1|1|0|1|1|0|0
C|C-1530|816|6682|1|1|0|1|1|0|0
C|C-1531|725|3955|1|1|0|1|1|0|0
C|C-1536|934|21392|1|1|0|1|1|0|0
C|C-1537|854|8835|1|1|0|1|1|0|0
C|C-1538|885|11652|1|1|0|1|1|0|0
C|C-1540|912|15565|1|1|0|1|1|0|0
C|C-1542|862|9386|1|1|0|1|1|0|0
C|C-1546|740|4288|1|1|0|1|1|0|0
C|C-1548|704|3574|1|1|0|1|1|0|0
C|C-1553|869|9965|1|1|0|1|1|0|0
C|C-1563|844|8168|1|1|0|1|1|0|0
C|C-1569|905|14402|1|1|0|1|1|0|0
C|C-1571|930|20157|1|1|0|1|1|0|0
C|C-1573|795|5832|1|1|0|1|1|0|0
C|C-1580|772|5085|1|1|0|1|1|0|0
C|C-1581|853|8732|1|1|0|1|1|0|0
C|C-1583|802|6078|1|1|0|1|1|0|0
C|C-1584|863|9487|1|1|0|1|1|0|0
C|C-1585|881|11136|1|1|0|1|1|0|0
C|C-1588|896|12935|1|1|0|1|1|0|0
C|C-1591|822|6952|1|1|0|1|1|0|0
C|C-1595|891|12314|1|1|0|1|1|0|0
C|C-1597|880|11052|1|1|0|1|1|0|0
C|C-1606|823|7014|1|1|0|1|1|0|0
C|C-1610|909|15149|1|1|0|1|1|0|0
C|C-1611|777|5236|1|1|0|1|1|0|0
C|C-1617|924|18269|1|1|0|1|1|0|0
C|C-1620|754|4617|1|1|0|1|1|0|0
C|C-1622|800|6004|1|1|0|1|1|0|0
C|C-1627|834|7538|1|1|0|1|1|0|0
C|C-1628|820|6855|1|1|0|1|1|0|0
C|C-1632|824|7052|1|1|0|1|1|0|0
C|C-1634|852|8691|1|1|0|1|1|0|0
C|C-1636|902|13813|1|1|0|1|1|0|0
C|C-1638|923|18190|1|1|0|1|1|0|0
C|C-1643|872|10255|1|1|0|1|1|0|0
C|C-1646|746|4425|1|1|0|1|1|0|0
C|C-1649|719|3857|1|1|0|1|1|0|0
C|C-1650|720|3867|1|1|0|1|1|0|0
C|C-1653|828|7261|1|1|0|1|1|0|0
C|C-1665|872|10255|1|1|0|1|1|0|0
C|C-1673|850|8549|1|1|0|1|1|0|0
C|C-1674|844|8170|1|1|0|1|1|0|0
C|C-1675|734|4146|1|1|0|1|1|0|0
C|C-1679|891|12351|1|1|0|1|1|0|0
C|C-1681|784|5476|1|1|0|1|1|0|0
C|C-1682|862|9435|1|1|0|1|1|0|0
C|C-1685|805|6199|1|1|0|1|1|0|0
C|C-1687|830|7370|1|1|0|1|1|0|0
C|C-1689|814|6603|1|1|0|1|1|0|0
C|C-1694|822|6937|1|1|0|1|1|0|0
C|C-1696|735|4179|1|1|0|1|1|0|0
C|C-1701|818|6768|1|1|0|1|1|0|0
C|C-1704|705|3588|1|1|0|1|1|0|0
C|C-1706|788|5603|1|1|0|1|1|0|0
C|C-1707|831|7413|1|1|0|1|1|0|0
C|C-1711|842|8004|1|1|0|1|1|0|0
C|C-1717|707|3633|1|1|0|1|1|0|0
C|C-1718|701|3523|1|1|0|1|1|0|0
C|C-1722|853|8725|1|1|0|1|1|0|0
C|C-1727|873|10314|1|1|0|1|1|0|0
C|C-1730|742|4335|1|1|0|1|1|0|0
C|C-1733|724|3942|1|1|0|1|1|0|0
C|C-1734|909|15051|1|1|0|1|1|0|0
C|C-1735|711|3708|1|1|0|1|1|0|0
C|C-1738|814|6596|1|1|0|1|1|0|0
C|C-1740|909|15135|1|1|0|1|1|0|0
C|C-1742|822|6950|1|1|0|1|1|0|0
C|C-1744|864|9544|1|1|0|1|1|0|0
C|C-1745|804|6165|1|1|0|1|1|0|0
C|C-1748|878|10861|1|1|0|1|1|0|0
C|C-1753|722|3914|1|1|0|1|1|0|0
C|C-1755|789|5636|1|1|0|1|1|0|0
C|C-1761|859|9154|1|1|0|1|1|0|0
C|C-1762|817|6732|1|1|0|1|1|0|0
C|C-1764|895|12877|1|1|0|1|1|0|0
C|C-1766|813|6560|1|1|0|1|1|0|0
C|C-1768|803|6123|1|1|0|1|1|0|0
C|C-1770|853|8725|1|1|0|1|1|0|0
C|C-1772|876|10662|1|1|0|1|1|0|0
C|C-1774|890|12180|1|1|0|1|1|0|0
C|C-1777|893|12645|1|1|0|1|1|0|0
C|C-1778|776|5218|1|1|0|1|1|0|0
C|C-1782|900|13643|1|1|0|1|1|0|0
C|C-1784|746|4408|1|1|0|1|1|0|0
C|C-1786|861|9345|1|1|0|1|1|0|0
C|C-1787|717|3816|1|1|0|1|1|0|0
C|C-1789|862|9444|1|1|0|1|1|0|0
C|C-1790|915|16320|1|1|0|1|1|0|0
C|C-1791|909|15115|1|1|0|1|1|0|0
C|C-1793|864|9543|1|1|0|1|1|0|0
C|C-1795|719|3849|1|1|0|1|1|0|0
C|C-1798|889|12022|1|1|0|1|1|0|0
C|C-2365|875|21036|1|1|0|1|1|0|0
C|C-2366|724|7874|1|1|0|1|1|0|0
C|C-2368|869|20050|1|1|0|1|1|0|0
C|C-2369|883|22646|1|1|0|1|1|0|0
C|C-2371|871|20429|1|1|0|1|1|0|0
C|C-2372|842|16004|1|1|0|1|1|0|0
C|C-2374|855|17778|1|1|0|1|1|0|0
C|C-2375|870|20250|1|1|0|1|1|0|0
C|C-2377|870|20211|1|1|0|1|1|0|0
C|C-2378|887|23583|1|1|0|1|1|0|0
C|C-2380|823|14016|1|1|0|1|1|0|0
C|C-2381|865|19229|1|1|0|1|1|0|0
C|C-2383|728|8046|0|0|0|1|1|0|0
C|C-2384|712|7434|0|0|0|1|1|0|0
C|C-2386|869|19971|1|1|0|1|1|0|0
C|C-2387|853|17543|1|1|0|1|1|0|0
C|C-2390|884|22881|1|1|0|1|1|0|0
C|C-2392|863|19005|1|1|0|1|1|0|0
C|C-2393|778|10520|1|1|0|1|1|0|0
C|C-2395|828|14498|1|1|0|1|1|0|0
C|C-2396|889|24167|1|1|0|1|1|0|0
C|C-2398|798|11923|1|1|0|1|1|0|0
C|C-2399|802|12185|0|0|0|1|1|0|0
C|C-2401|828|14490|1|1|0|1|1|0|0
C|C-2402|892|24910|1|1|0|1|1|0|0
C|C-2404|860|18458|1|1|0|1|1|0|0
C|C-2405|783|10856|1|1|0|1|1|0|0
C|C-2407|820|13710|0|1|0|1|1|0|0
C|C-2408|862|18881|1|1|0|1|1|0|0
C|C-2410|887|23683|1|1|0|1|1|0|0
C|C-2413|780|10667|1|1|0|1|1|0|0
C|C-2414|855|17823|1|1|0|1|1|0|0
C|C-2416|878|21614|1|1|0|1|1|0|0
C|C-2417|887|23576|1|1|0|1|1|0|0
C|C-2420|826|14265|0|1|0|1|1|0|0
C|C-2422|881|22385|1|1|0|1|1|0|0
C|C-2423|746|8812|0|0|0|1|1|0|0
C|C-2425|793|11536|1|1|0|1|1|0|0
C|C-2426|884|23083|1|1|0|1|1|0|0
C|C-2428|854|17571|1|1|0|1|1|0|0
C|C-2429|882|22487|1|1|0|1|1|0|0
C|C-2431|864|19171|1|1|0|1|1|0|0
C|C-2432|881|22413|1|1|0|1|1|0|0
C|C-2434|872|20572|1|1|0|1|1|0|0
C|C-2435|873|20648|1|1|0|1|1|0|0
C|C-2437|847|16715|1|1|0|1|1|0|0
C|C-2438|831|14838|1|1|0|1|1|0|0
C|C-2440|848|16774|1|1|0|1|1|0|0
C|C-2441|733|8264|0|1|0|1|1|0|0
C|C-2443|740|8562|0|1|0|1|1|0|0
C|C-2444|806|12465|1|1|0|1|1|0|0
C|C-2446|734|8311|0|0|0|1|1|0|0
C|C-2447|873|20730|1|1|0|1|1|0|0
C|C-2449|758|9446|1|1|0|1|1|0|0
C|C-2450|890|24314|1|1|0|1|1|0|0
C|C-2452|869|19968|1|1|0|1|1|0|0
C|C-2453|884|22972|1|1|0|1|1|0|0
C|C-2455|774|10298|1|1|0|1|1|0|0
C|C-2456|876|21240|1|1|0|1|1|0|0
C|C-2458|839|15738|1|1|0|1|1|0|0
C|C-2459|877|21532|1|1|0|1|1|0|0
C|C-2461|870|20117|1|1|0|1|1|0|0
C|C-2462|859|18304|1|1|0|1|1|0|0
C|C-2464|851|17228|1|1|0|1|1|0|0
C|C-2465|883|22845|1|1|0|1|1|0|0
C|C-2467|788|11204|0|1|0|1|1|0|0
C|C-2468|843|16194|0|1|0|1|1|0|0
C|C-2470|803|12305|1|1|0|1|1|0|0
C|C-2471|869|20061|1|1|0|1|1|0|0
C|C-2473|872|20439|1|1|0|1|1|0|0
C|C-2474|891|24713|1|1|0|1|1|0|0
C|C-2476|753|9180|1|1|0|1|1|0|0
C|C-2477|730|8139|0|0|0|1|1|0|0
C|C-2479|779|10630|1|1|0|1|1|0|0
C|C-2482|707|7262|0|1|0|1|1|0|0
C|C-2483|781|10734|1|1|0|1|1|0|0
C|C-2485|872|20501|1|1|0|1|1|0|0
C|C-2486|884|23044|1|1|0|1|1|0|0
C|C-2488|872|20614|1|1|0|1|1|0|0
C|C-2489|860|18581|1|1|0|1|1|0|0
C|C-2491|761|9593|1|1|0|1|1|0|0
C|C-2492|874|20941|1|1|0|1|1|0|0
C|C-2494|883|22777|1|1|0|1|1|0|0
C|C-2495|753|9170|0|1|0|1|1|0|0
C|C-2497|855|17750|1|1|0|1|1|0|0
C|C-2500|774|10280|1|1|0|1|1|0|0
C|C-2501|836|15295|1|1|0|1|1|0|0
C|C-2503|889|24101|1|1|0|1|1|0|0
C|C-2504|854|17667|1|1|0|1|1|0|0
C|C-2506|878|21777|1|1|0|1|1|0|0
C|C-2507|731|8194|0|1|0|1|1|0|0
C|C-2509|850|17099|1|1|0|1|1|0|0
C|C-2510|810|12873|1|1|0|1|1|0|0
C|C-2512|873|20809|1|1|0|1|1|0|0
C|C-2513|771|10122|1|1|0|1|1|0|0
C|C-2515|812|12961|1|1|0|1|1|0|0
C|C-2516|836|15364|0|1|0|1|1|0|0
C|C-2518|773|10235|0|1|0|1|1|0|0
C|C-2519|725|7925|0|0|0|1|1|0|0
C|C-2521|758|9428|0|1|0|1|1|0|0
C|C-2522|892|24876|1|1|0|1|1|0|0
C|C-2524|795|11684|1|1|0|1|1|0|0
C|C-2525|876|21210|1|1|0|1|1|0|0
C|C-2527|740|8555|1|1|0|1|1|0|0
C|C-2528|856|17909|1|1|0|1|1|0|0
C|C-2530|787|11140|1|1|0|1|1|0|0
C|C-2531|870|20166|1|1|0|1|1|0|0
C|C-2533|879|21903|1|1|0|1|1|0|0
C|C-2534|882|22544|1|1|0|1|1|0|0
C|C-2536|879|21861|1|1|0|1|1|0|0
C|C-2537|791|11407|1|1|0|1|1|0|0
C|C-2539|879|21970|1|1|0|1|1|0|0
C|C-2540|879|21911|1|1|0|1|1|0|0
C|C-2542|743|8712|1|1|0|1|1|0|0
C|C-2543|862|18768|1|1|0|1|1|0|0
C|C-2545|860|18535|1|1|0|1|1|0|0
C|C-2546|873|20643|1|1|0|1|1|0|0
C|C-2548|886|23473|1|1|0|1|1|0|0
C|C-2549|886|23364|1|1|0|1|1|0|0
C|C-2551|873|20776|1|1|0|1|1|0|0
C|C-2555|870|20199|1|1|0|1|1|0|0
C|C-2558|884|22984|1|1|0|1|1|0|0
C|C-2560|803|12296|1|1|0|1|1|0|0
C|C-2561|874|20930|1|1|0|1|1|0|0
C|C-2563|873|20799|1|1|0|1|1|0|0
C|C-2564|816|13328|1|1|0|1|1|0|0
C|C-2566|779|10630|0|1|0|1|1|0|0
C|C-2567|736|8399|1|1|0|1|1|0|0
C|C-2569|762|9653|0|1|0|1|1|0|0
C|C-2570|798|11867|1|1|0|1|1|0|0
C|C-2572|888|23862|1|1|0|1|1|0|0
C|C-2573|889|24158|1|1|0|1|1|0|0
C|C-2575|882|22438|1|1|0|1|1|0|0
C|C-2576|756|9321|0|1|0|1|1|0|0
C|C-2579|777|10456|1|1|0|1|1|0|0
C|C-2581|828|14456|0|1|0|1|1|0|0
C|C-2582|847|16640|1|1|0|1|1|0|0
C|C-2584|767|9910|1|1|0|1|1|0|0
C|C-2585|876|21278|1|1|0|1|1|0|0
C|C-2587|823|14023|1|1|0|1|1|0|0
C|C-2588|886|23409|1|1|0|1|1|0|0
C|C-2590|886|23343|1|1|0|1|1|0|0
C|C-2591|855|17797|1|1|0|1|1|0|0
C|C-2593|814|13186|1|1|0|1|1|0|0
C|C-2596|866|19446|1|1|0|1|1|0|0
C|C-2597|887|23644|1|1|0|1|1|0|0
C|C-2599|886|23407|1|1|0|1|1|0|0
C|C-2602|753|9167|1|1|0|1|1|0|0
C|C-2603|878|21669|1|1|0|1|1|0|0
C|C-2605|882|22599|1|1|0|1|1|0|0
C|C-2608|850|17077|1|1|0|1|1|0|0
C|C-2609|838|15531|1|1|0|1|1|0|0
C|C-2611|887|23666|1|1|0|1|1|0|0
C|C-2612|749|8980|1|1|0|1|1|0|0
C|C-2614|857|18077|1|1|0|1|1|0|0
C|C-2615|761|9581|1|1|0|1|1|0|0
C|C-2617|885|23093|1|1|0|1|1|0|0
C|C-2618|762|9648|1|1|0|1|1|0|0
C|C-2620|747|8888|1|1|0|1|1|0|0
C|C-2621|847|16634|1|1|0|1|1|0|0
C|C-2623|833|14992|1|1|0|1|1|0|0
C|C-2624|830|14667|1|1|0|1|1|0|0
C|C-2626|819|13597|1|1|0|1|1|0|0
C|C-2627|885|23151|1|1|0|1|1|0|0
C|C-2629|878|21792|1|1|0|1|1|0|0
C|C-2630|862|18814|1|1|0|1|1|0|0
C|C-2632|745|8778|0|1|0|1|1|0|0
C|C-2633|847|16671|1|1|0|1|1|0|0
C|C-2636|792|11443|1|1|0|1|1|0|0
C|C-2638|840|15779|1|1|0|1|1|0|0
C|C-2639|774|10294|0|1|0|1|1|0|0
C|C-2641|879|21840|1|1|0|1|1|0|0
C|C-2642|888|23790|1|1|0|1|1|0|0
C|C-2644|792|11435|1|1|0|1|1|0|0
C|C-2645|782|10811|1|1|0|1|1|0|0
C|C-2647|837|15472|1|1|0|1|1|0|0
C|C-2648|877|21422|1|1|0|1|1|0|0
C|C-2650|756|9328|1|1|0|1|1|0|0
C|C-2651|739|8502|1|1|0|1|1|0|0
C|C-2653|845|16469|1|1|0|1|1|0|0
C|C-2656|838|15621|0|1|0|1|1|0|0
C|C-2657|830|14653|0|1|0|1|1|0|0
C|C-2660|700|7021|1|1|0|1|1|0|0
C|C-2662|847|16637|1|1|0|1|1|0|0
C|C-2663|881|22316|1|1|0|1|1|0|0
C|C-2665|750|9012|0|1|0|1|1|0|0
C|C-2668|791|11367|1|1|0|1|1|0|0
C|C-2669|799|11973|1|1|0|1|1|0|0
C|C-2671|841|15946|1|1|0|1|1|0|0
C|C-2672|855|17734|1|1|0|1|1|0|0
C|C-2675|789|11278|0|1|0|1|1|0|0
C|C-2677|862|18786|1|1|0|1|1|0|0
C|C-2678|821|13766|0|1|0|1|1|0|0
C|C-2681|889|24194|1|1|0|1|1|0|0
C|C-2683|843|16113|1|1|0|1|1|0|0
C|C-2684|788|11151|0|1|0|1|1|0|0
C|C-2686|869|20000|1|1|0|1|1|0|0
C|C-2687|881|22332|1|1|0|1|1|0|0
C|C-2689|794|11602|0|1|0|1|1|0|0
C|C-2690|722|7798|0|0|0|1|1|0|0
C|C-2692|889|24140|1|1|0|1|1|0|0
C|C-2693|750|9037|0|1|0|1|1|0|0
C|C-2695|849|16889|1|1|0|1|1|0|0
C|C-2696|889|24099|1|1|0|1|1|0|0
C|C-2698|880|22013|1|1|0|1|1|0|0
C|C-2699|886|23426|1|1|0|1|1|0|0
C|C-2701|877|21467|1|1|0|1|1|0|0
C|C-2702|891|24728|1|1|0|1|1|0|0
C|C-2704|864|19108|1|1|0|1|1|0|0
C|C-2705|817|13428|1|1|0|1|1|0|0
C|C-2707|890|24281|1|1|0|1|1|0|0
C|C-2708|871|20397|1|1|0|1|1|0|0
C|C-2711|822|13912|1|1|0|1|1|0|0
C|C-2713|792|11428|0|1|0|1|1|0|0
C|C-2714|764|9736|1|1|0|1|1|0|0
C|C-2716|833|15004|1|1|0|1|1|0|0
C|C-2719|853|17518|1|1|0|1|1|0|0
C|C-2720|878|21644|1|1|0|1|1|0|0
C|C-2722|864|19155|1|1|0|1|1|0|0
C|C-2726|861|18651|1|1|0|1|1|0|0
C|C-2728|800|12059|1|1|0|1|1|0|0
C|C-2729|877|21551|1|1|0|1|1|0|0
C|C-2731|779|10622|0|1|0|1|1|0|0
C|C-2732|880|22032|1|1|0|1|1|0|0
C|C-2734|884|23012|1|1|0|1|1|0|0
C|C-2735|804|12344|0|1|0|1|1|0|0
C|C-2737|864|19210|1|1|0|1|1|0|0
C|C-2738|808|12678|0|1|0|1|1|0|0
C|C-2740|791|11408|1|1|0|1|1|0|0
C|C-2741|848|16812|1|1|0|1|1|0|0
C|C-2743|871|20407|1|1|0|1|1|0|0
C|C-2744|885|23190|1|1|0|1|1|0|0
C|C-2746|877|21437|1|1|0|1|1|0|0
C|C-2747|873|20789|1|1|0|1|1|0|0
C|C-2749|868|19728|1|1|0|1|1|0|0
C|C-2750|702|7101|0|1|0|1|1|0|0
C|C-2752|886|23548|1|1|0|1|1|0|0
C|C-2753|881|22397|1|1|0|1|1|0|0
C|C-2755|884|23002|1|1|0|1|1|0|0
C|C-2756|825|14230|1|1|0|1|1|0|0
C|C-2758|853|17425|1|1|0|1|1|0|0
C|C-2759|874|20889|1|1|0|1|1|0|0
C|C-2761|811|12911|1|1|0|1|1|0|0
C|C-2762|862|18850|0|1|0|1|1|0|0
C|C-2764|843|16155|1|1|0|1|1|0|0
C|C-2765|746|8815|1|1|0|1|1|0|0
C|C-2767|769|9994|1|1|0|1|1|0|0
C|C-2768|732|8206|0|0|0|1|1|0|0
C|C-2770|771|10117|0|1|0|1|1|0|0
C|C-2771|771|10108|1|1|0|1|1|0|0
C|C-2773|835|15286|1|1|0|1|1|0|0
C|C-2774|718|7653|1|1|0|1|1|0|0
C|C-2776|724|7879|0|1|0|1|1|0|0
C|C-2777|871|20322|1|1|0|1|1|0|0
C|C-2780|837|15493|1|1|0|1|1|0|0
C|C-2782|849|16880|1|1|0|1|1|0|0
C|C-2783|889|24105|1|1|0|1|1|0|0
C|C-2785|884|23033|1|1|0|1|1|0|0
C|C-2786|842|16100|1|1|0|1|1|0|0
C|C-2788|851|17170|1|1|0|1|1|0|0
C|C-2789|871|20338|1|1|0|1|1|0|0
C|C-2792|870|20203|1|1|0|1|1|0|0
C|C-2794|837|15498|1|1|0|1|1|0|0
C|C-2795|817|13468|1|1|0|1|1|0|0
C|C-2797|728|8034|1|1|0|1|1|0|0
C|C-2798|754|9243|1|1|0|1|1|0|0
C|C-2800|887|23580|1|1|0|1|1|0|0
C|C-2801|890|24296|1|1|0|1|1|0|0
C|C-2803|834|15149|1|1|0|1|1|0|0
C|C-2804|886|23334|1|1|0|1|1|0|0
C|C-2807|752|9123|0|1|0|1|1|0|0
C|C-2809|776|10447|0|1|0|1|1|0|0
C|C-2810|880|22170|1|1|0|1|1|0|0
C|C-2812|874|20846|1|1|0|1|1|0|0
C|C-2813|767|9893|0|0|0|1|1|0|0
C|C-2816|850|17082|1|1|0|1|1|0|0
C|C-2818|886|23376|1|1|0|1|1|0|0
C|C-2819|885|23094|1|1|0|1|1|0|0
C|C-2821|854|17673|1|1|0|1|1|0|0
C|C-2822|796|11770|1|1|0|1|1|0|0
C|C-2824|878|21784|1|1|0|1|1|0|0
C|C-2825|862|18741|1|1|0|1|1|0|0
C|C-2827|814|13132|1|1|0|1|1|0|0
C|C-2828|723|7838|1|1|0|1|1|0|0
C|C-2830|754|9234|0|1|0|1|1|0|0
C|C-2831|769|10028|0|1|0|1|1|0|0
C|C-2833|846|16519|0|1|0|1|1|0|0
C|C-2834|768|9977|0|1|0|1|1|0|0
C|C-2836|804|12337|0|1|0|1|1|0|0
C|C-2837|828|14529|1|1|0|1|1|0|0
C|C-2839|747|8876|0|1|0|1|1|0|0
C|C-2840|868|19830|1|1|0|1|1|0|0
C|C-2843|700|7009|0|1|0|1|1|0|0
C|C-2845|714|7493|0|0|0|1|1|0|0
C|C-2846|828|14449|1|1|0|1|1|0|0
C|C-2849|743|8716|0|1|0|1|1|0|0
C|C-2851|740|8542|0|1|0|1|1|0|0
C|C-2852|768|9979|1|1|0|1|1|0|0
C|C-2854|855|17762|1|1|0|1|1|0|0
C|C-2855|886|23377|1|1|0|1|1|0|0
C|C-2857|828|14455|1|1|0|1|1|0|0
C|C-2858|861|18674|1|1|0|1|1|0|0
C|C-2860|850|17047|1|1|0|1|1|0|0
C|C-2861|849|16968|1|1|0|1|1|0|0
C|C-2863|830|14677|1|1|0|1|1|0|0
C|C-2864|859|18348|1|1|0|1|1|0|0
C|C-2866|885|23162|1|1|0|1|1|0|0
C|C-2867|784|10907|0|1|0|1|1|0|0
C|C-2869|806|12474|0|1|0|1|1|0|0
C|C-2870|759|9471|1|1|0|1|1|0|0
C|C-2872|876|21341|1|1|0|1|1|0|0
C|C-2873|859|18306|1|1|0|1|1|0|0
C|C-2875|871|20271|1|1|0|1|1|0|0
C|C-2876|864|19178|1|1|0|1|1|0|0
C|C-2878|881|22330|1|1|0|1|1|0|0
C|C-2879|700|7027|0|1|0|1|1|0|0
C|C-2881|813|13072|1|1|0|1|1|0|0
C|C-2882|852|17292|1|1|0|1|1|0|0
C|C-2884|780|10665|1|1|0|1|1|0|0
C|C-2887|784|10926|1|1|0|1|1|0|0
C|C-2888|889|24210|1|1|0|1|1|0|0
C|C-2890|844|16333|0|1|0|1|1|0|0
C|C-2891|833|15043|1|1|0|1|1|0|0
C|C-2893|844|16254|0|1|0|1|1|0|0
C|C-2894|719|7703|0|0|0|1|1|0|0
C|C-2896|872|20561|1|1|0|1|1|0|0
C|C-2897|739|8510|0|1|0|1|1|0|0
C|C-2899|842|16042|1|1|0|1|1|0|0
C|C-2900|850|17109|0|1|0|1|1|0|0
C|C-2902|804|12383|1|1|0|1|1|0|0
C|C-2903|891|24627|1|1|0|1|1|0|0
C|C-2905|745|8770|0|0|0|1|1|0|0
C|C-2906|886|23503|1|1|0|1|1|0|0
C|C-2909|856|17899|1|1|0|1|1|0|0
C|C-2911|707|7246|0|1|0|1|1|0|0
C|C-2912|856|17836|0|1|0|1|1|0|0
C|C-2914|796|11714|1|1|0|1|1|0|0
C|C-2915|700|7006|0|1|0|1|1|0|0
C|C-2917|763|9669|0|1|0|1|1|0|0
C|C-2918|793|11502|1|1|0|1|1|0|0
C|C-2920|776|10432|1|1|0|1|1|0|0
C|C-2921|764|9744|1|1|0|1|1|0|0
C|C-2923|795|11638|0|1|0|1|1|0|0
C|C-2924|829|14616|1|1|0|1|1|0|0
C|C-2926|830|14743|1|1|0|1|1|0|0
C|C-2927|877|21422|1|1|0|1|1|0|0
C|C-2929|856|17845|1|1|0|1|1|0|0
C|C-2930|859|18405|1|1|0|1|1|0|0
C|C-2932|801|12093|1|1|0|1|1|0|0
C|C-2933|891|24540|1|1|0|1|1|0|0
C|C-2935|882|22435|1|1|0|1|1|0|0
C|C-2936|788|11218|1|1|0|1|1|0|0
C|C-2938|720|7752|0|1|0|1|1|0|0
C|C-2941|850|17037|1|1|0|1|1|0|0
C|C-2942|733|8248|0|1|0|1|1|0|0
C|C-2945|869|20055|1|1|0|1|1|0|0
C|C-2947|755|9278|1|1|0|1|1|0|0
C|C-2948|866|19530|1|1|0|1|1|0|0
C|C-2950|837|15495|1|1|0|1|1|0|0
C|C-2951|743|8709|0|1|0|1|1|0|0
C|C-2953|853|17462|1|1|0|1|1|0|0
C|C-2954|801|12130|0|1|0|1|1|0|0
C|C-2956|755|9266|0|1|0|1|1|0|0
C|C-2957|866|19433|1|1|0|1|1|0|0
C|C-2959|749|8977|1|1|0|1|1|0|0
C|C-2960|891|24734|1|1|0|1|1|0|0
C|C-2962|882|22544|1|1|0|1|1|0|0
C|C-2963|847|16681|1|1|0|1|1|0|0
C|C-2965|782|10804|1|1|0|1|1|0|0
C|C-2966|836|15314|0|1|0|1|1|0|0
C|C-2968|864|19135|1|1|0|1|1|0|0
C|C-2969|787|11108|0|1|0|1|1|0|0
C|C-2971|799|11930|1|1|0|1|1|0|0
C|C-2972|878|21611|1|1|0|1|1|0|0
C|C-2974|775|10340|1|1|0|1|1|0|0
C|C-2975|859|18386|0|1|0|1|1|0|0
C|C-2977|859|18386|1|1|0|1|1|0|0
C|C-2978|781|10704|0|1|0|1|1|0|0
C|C-2980|858|18193|1|1|0|1|1|0|0
C|C-2981|756|9331|1|1|0|1|1|0|0
C|C-2983|824|14133|0|1|0|1|1|0|0
C|C-2984|819|13601|0|1|0|1|1|0|0
C|C-2986|878|21781|1|1|0|1|1|0|0
C|C-2987|849|16927|0|1|0|1|1|0|0
C|C-2992|783|10873|1|1|0|1|1|0|0
C|C-2993|713|7454|1|1|0|1|1|0|0
C|C-2995|811|12883|1|1|0|1|1|0|0
C|C-2996|883|22711|1|1|0|1|1|0|0
C|C-2999|719|7703|1|1|0|1|1|0|0
C|C-3002|860|18528|1|1|0|1|1|0|0
C|C-3004|757|9360|1|1|0|1|1|0|0
C|C-3005|861|18611|1|1|0|1|1|0|0
C|C-3007|751|9094|0|1|0|1|1|0|0
C|C-3008|888|24005|1|1|0|1|1|0|0
C|C-3010|881|22247|1|1|0|1|1|0|0
C|C-3011|879|21918|1|1|0|1|1|0|0
C|C-3013|870|20130|1|1|0|1|1|0|0
C|C-3014|748|8906|1|1|0|1|1|0|0
C|C-3016|751|9060|1|1|0|1|1|0|0
C|C-3017|825|14187|1|1|0|1|1|0|0
C|C-3019|886|23405|1|1|0|1|1|0|0
C|C-3020|832|14876|0|1|0|1|1|0|0
C|C-3022|745|8804|0|0|0|1|1|0|0
C|C-3025|874|20980|1|1|0|1|1|0|0
C|C-3028|870|20207|1|1|0|1|1|0|0
C|C-3029|880|22156|1|1|0|1|1|0|0
C|C-3031|781|10723|1|1|0|1|1|0|0
C|C-3032|740|8574|0|1|0|1|1|0|0
C|C-3034|860|18516|1|1|0|1|1|0|0
C|C-3035|797|11821|1|1|0|1|1|0|0
C|C-3037|867|19567|1|1|0|1|1|0|0
C|C-3038|725|7918|1|1|0|1|1|0|0
C|C-3040|856|17904|0|1|0|1|1|0|0
C|C-3041|865|19244|1|1|0|1|1|0|0
C|C-3043|810|12802|0|1|0|1|1|0|0
C|C-3044|893|25057|1|1|0|1|1|0|0
C|C-3046|880|22192|1|1|0|1|1|0|0
C|C-3049|853|17464|1|1|0|1|1|0|0
C|C-3050|872|20486|1|1|0|1|1|0|0
C|C-3052|835|15194|0|1|0|1|1|0|0
C|C-3053|884|22865|1|1|0|1|1|0|0
C|C-3055|814|13141|1|1|0|1|1|0|0
C|C-3056|802|12228|1|1|0|1|1|0|0
C|C-3058|838|15523|1|1|0|1|1|0|0
C|C-3059|891|24747|1|1|0|1|1|0|0
C|C-3061|886|23453|1|1|0|1|1|0|0
C|C-3062|862|18845|1|1|0|1|1|0|0
C|C-3064|850|17114|1|1|0|1|1|0|0
C|C-3065|878|21743|1|1|0|1|1|0|0
C|C-3067|879|21869|1|1|0|1|1|0|0
C|C-3068|805|12449|1|1|0|1|1|0|0
C|C-3070|875|21121|1|1|0|1|1|0|0
C|C-3071|837|15418|1|1|0|1|1|0|0
C|C-3073|776|10412|1|1|0|1|1|0|0
C|C-3074|771|10151|0|0|0|1|1|0|0
C|C-3077|853|17435|1|1|0|1|1|0|0
C|C-3079|875|21101|1|1|0|1|1|0|0
C|C-3080|869|19943|1|1|0|1|1|0|0
C|C-3082|858|18269|1|1|0|1|1|0|0
C|C-3083|891|24563|1|1|0|1|1|0|0
C|C-5103|825|711|0|0|0|1|1|0|0
C|C-5105|716|379|0|0|0|1|1|0|0
C|C-5115|812|649|0|0|0|1|1|0|0
C|C-5117|701|352|0|0|0|1|1|0|0
C|C-5125|704|358|0|0|0|1|1|0|0
C|C-5127|805|622|0|0|0|1|1|0|0
C|C-5133|885|1161|0|0|0|1|1|0|0
C|C-5139|790|566|0|0|0|1|1|0|0
C|C-5160|873|10398|0|0|0|1|1|0|0
C|C-5161|928|19528|0|0|0|1|1|0|0
C|C-5162|881|11113|0|0|0|1|1|0|0
C|C-5163|771|5062|0|0|0|1|1|0|0
C|C-5164|886|11763|0|0|0|1|1|0|0
C|C-5165|911|15544|0|0|0|1|1|0|0
C|C-5166|873|10367|0|0|0|1|1|0|0
C|C-5167|759|4746|0|0|0|1|1|0|0
C|C-5168|845|8193|0|0|0|1|1|0|0
C|C-5169|754|4613|0|0|0|1|1|0|0
C|C-5170|791|5706|0|0|0|1|1|0|0
C|C-5171|756|4657|0|0|0|1|1|0|0
C|C-5172|830|7345|0|0|0|1|1|0|0
C|C-5173|889|12117|0|0|0|1|1|0|0
C|C-5192|790|5670|0|0|0|1|1|0|0
C|C-5261|863|18898|0|0|0|1|1|0|0
C|C-5264|974|114971|0|0|0|1|1|0|0
C|C-5265|874|20854|0|0|0|1|1|0|0
C|C-5267|982|164110|0|0|0|1|1|0|0
C|C-5268|975|121120|0|0|0|1|1|0|0
C|C-5271|987|227888|0|0|0|1|1|0|0
C|C-5273|912|31140|0|0|0|1|1|0|0
C|C-5276|984|193857|0|0|0|1|1|0|0
C|C-5277|896|25989|0|0|0|1|1|0|0
C|C-5279|980|154395|0|0|0|1|1|0|0
C|C-5280|986|212559|0|0|0|1|1|0|0
C|C-5283|981|158034|0|0|0|1|1|0|0
C|C-5285|904|28541|0|0|0|1|1|0|0
C|C-5288|973|109196|0|0|0|1|1|0|0
C|C-5289|848|16862|0|0|0|1|1|0|0
C|C-5291|969|96626|0|0|0|1|1|0|0
C|C-5292|984|189154|0|0|0|1|1|0|0
C|C-5295|975|119869|0|0|0|1|1|0|0
C|C-5297|911|30963|0|0|0|1|1|0|0
C|C-5300|978|139566|0|0|0|1|1|0|0
C|C-5301|934|43068|0|0|0|1|1|0|0
C|C-5303|973|108132|0|0|0|1|1|0|0
C|C-5304|981|155049|0|0|0|1|1|0|0
C|C-5307|970|100247|0|0|0|1|1|0|0
C|C-5309|926|37966|0|0|0|1|1|0|0
C|C-5312|971|102467|0|0|0|1|1|0|0
C|C-5313|913|31631|0|0|0|1|1|0|0
C|C-5315|981|160420|0|0|0|1|1|0|0
C|C-5316|985|208008|0|0|0|1|1|0|0
C|C-5319|985|203932|0|0|0|1|1|0|0
C|C-5473|820|685|0|0|0|1|1|0|0
C|C-5475|716|380|0|0|0|1|1|0|0
C|C-5485|807|631|0|0|0|1|1|0|0
C|C-5487|701|353|0|0|0|1|1|0|0
C|C-5497|804|618|0|0|0|1|1|0|0
C|C-5503|879|1098|0|0|0|1|1|0|0
C|C-5509|782|539|0|0|0|1|1|0|0
C|C-5530|878|10836|0|0|0|1|1|0|0
C|C-5531|928|19405|0|0|0|1|1|0|0
C|C-5532|879|10986|0|0|0|1|1|0|0
C|C-5533|770|5025|0|0|0|1|1|0|0
C|C-5534|887|11868|0|0|0|1|1|0|0
C|C-5535|912|15654|0|0|0|1|1|0|0
C|C-5536|873|10323|0|0|0|1|1|0|0
C|C-5537|760|4754|0|0|0|1|1|0|0
C|C-5538|845|8212|0|0|0|1|1|0|0
C|C-5539|763|4832|0|0|0|1|1|0|0
C|C-5540|782|5397|0|0|0|1|1|0|0
C|C-5541|748|4464|0|0|0|1|1|0|0
C|C-5542|827|7195|0|0|0|1|1|0|0
C|C-5543|890|12197|0|0|0|1|1|0|0
C|C-5562|788|5603|0|0|0|1|1|0|0
C|C-5631|862|18892|0|0|0|1|1|0|0
C|C-5634|974|114973|0|0|0|1|1|0|0
C|C-5635|874|20847|0|0|0|1|1|0|0
C|C-5637|982|164111|0|0|0|1|1|0|0
C|C-5638|975|121150|0|0|0|1|1|0|0
C|C-5641|987|227885|0|0|0|1|1|0|0
C|C-5643|912|31156|0|0|0|1|1|0|0
C|C-5646|984|193851|0|0|0|1|1|0|0
C|C-5647|896|26050|0|0|0|1|1|0|0
C|C-5649|980|154395|0|0|0|1|1|0|0
C|C-5650|986|212558|0|0|0|1|1|0|0
C|C-5653|981|158014|0|0|0|1|1|0|0
C|C-5655|904|28565|0|0|0|1|1|0|0
C|C-5658|973|109186|0|0|0|1|1|0|0
C|C-5659|848|16860|0|0|0|1|1|0|0
C|C-5661|969|96613|0|0|0|1|1|0|0
C|C-5662|984|189125|0|0|0|1|1|0|0
C|C-5665|975|119878|0|0|0|1|1|0|0
C|C-5667|911|30941|0|0|0|1|1|0|0
C|C-5670|978|139562|0|0|0|1|1|0|0
C|C-5671|934|43085|0|0|0|1|1|0|0
C|C-5673|973|108158|0|0|0|1|1|0|0
C|C-5674|981|155039|0|0|0|1|1|0|0
C|C-5677|970|100237|0|0|0|1|1|0|0
C|C-5679|926|37948|0|0|0|1|1|0|0
C|C-5682|971|102464|0|0|0|1|1|0|0
C|C-5683|913|31648|0|0|0|1|1|0|0
C|C-5685|981|160415|0|0|0|1|1|0|0
C|C-5686|985|208006|0|0|0|1|1|0|0
C|C-5689|985|203936|0|0|0|1|1|0|0
C|C-6521|869|10026|1|1|0|1|1|0|0
C|C-6613|756|4671|1|1|0|1|1|0|0
C|C-6716|935|21679|1|0|0|1|1|0|0
C|C-6764|928|19472|1|0|0|1|1|0|0
C|C-6904|710|3690|1|1|0|1|1|0|0
C|C-7308|857|9020|1|1|0|1|1|0|0
C|C-7427|858|9071|1|1|0|1|1|0|0
C|C-7616|948|27397|1|1|0|1|1|0|0
C|C-9416|740|8568|1|1|0|1|1|0|0
C|C-9417|741|8624|0|0|0|1|1|0|0
C|C-9419|722|7828|0|1|0|1|1|0|0
C|C-9420|726|7977|1|1|0|1|1|0|0
C|C-9422|751|9087|0|1|0|1|1|0|0
C|C-9423|823|14025|1|1|0|1|1|0|0
C|C-9425|778|10567|0|1|0|1|1|0|0
C|C-9426|782|10789|1|1|0|1|1|0|0
C|C-9428|812|12963|1|1|0|1|1|0|0
C|C-9429|823|14003|1|1|0|1|1|0|0
C|C-9431|800|12073|1|1|0|1|1|0|0
C|C-9432|717|7635|1|1|0|1|1|0|0
C|C-9434|818|13527|1|1|0|1|1|0|0
C|C-9435|815|13296|1|1|0|1|1|0|0
C|C-9437|790|11319|1|1|0|1|1|0|0
C|C-9438|817|13480|0|1|0|1|1|0|0
C|C-9440|801|12138|1|1|0|1|1|0|0
C|C-9443|812|12981|1|1|0|1|1|0|0
C|C-9444|765|9768|1|1|0|1|1|0|0
C|C-9446|715|7558|0|0|0|1|1|0|0
C|C-9449|728|8032|1|1|0|1|1|0|0
C|C-9450|827|14344|1|1|0|1|1|0|0
C|C-9452|772|10186|1|1|0|1|1|0|0
C|C-9453|727|8015|0|1|0|1|1|0|0
C|C-9456|753|9169|1|1|0|1|1|0|0
C|C-9458|749|8956|1|1|0|1|1|0|0
C|C-9459|824|14125|1|1|0|1|1|0|0
C|C-9461|796|11742|1|1|0|1|1|0|0
C|C-9462|802|12205|1|1|0|1|1|0|0
C|C-9465|817|13415|1|1|0|1|1|0|0
C|C-9467|792|11460|1|1|0|1|1|0|0
C|C-9471|814|13149|1|1|0|1|1|0|0
C|C-9473|730|8119|1|1|0|1|1|0|0
C|C-9474|777|10503|0|1|0|1|1|0|0
C|C-9476|746|8818|0|1|0|1|1|0|0
C|C-9480|830|14708|1|1|0|1|1|0|0
C|C-9488|822|13880|1|1|0|1|1|0|0
C|C-9494|827|14407|1|1|0|1|1|0|0
C|C-9495|798|11904|1|1|0|1|1|0|0
C|C-9498|733|8265|0|0|0|1|1|0|0
C|C-9500|828|14463|1|1|0|1|1|0|0
C|C-9501|793|11533|1|1|0|1|1|0|0
C|C-9503|789|11255|1|1|0|1|1|0|0
C|C-9504|722|7826|1|1|0|1|1|0|0
C|C-9506|781|10702|1|1|0|1|1|0|0
C|C-9507|786|11082|1|1|0|1|1|0|0
C|C-9510|832|14891|1|1|0|1|1|0|0
C|C-9512|778|10573|1|1|0|1|1|0|0
C|C-9516|776|10435|1|1|0|1|1|0|0
C|C-9518|718|7676|0|0|0|1|1|0|0
C|C-9519|807|12547|1|1|0|1|1|0|0
C|C-9521|810|12844|0|1|0|1|1|0|0
C|C-9522|811|12920|0|1|0|1|1|0|0
C|C-9525|832|14924|1|1|0|1|1|0|0
C|C-9527|753|9187|0|1|0|1|1|0|0
C|C-9528|754|9220|0|1|0|1|1|0|0
C|C-9531|802|12182|0|1|0|1|1|0|0
C|C-9534|772|10185|0|1|0|1|1|0|0
C|C-9536|767|9926|1|1|0|1|1|0|0
C|C-9537|774|10326|1|1|0|1|1|0|0
C|C-9539|825|14226|1|1|0|1|1|0|0
C|C-9540|830|14723|1|1|0|1|1|0|0
C|C-9542|739|8513|1|1|0|1|1|0|0
C|C-9543|772|10209|1|1|0|1|1|0|0
C|C-9545|769|9992|1|1|0|1|1|0|0
C|C-9546|773|10254|0|1|0|1|1|0|0
C|C-9551|719|7702|0|0|0|1|1|0|0
C|C-9554|827|14378|1|1|0|1|1|0|0
C|C-9555|764|9741|0|1|0|1|1|0|0
C|C-9557|767|9931|1|1|0|1|1|0|0
C|C-9558|829|14582|1|1|0|1|1|0|0
C|C-9560|804|12347|1|1|0|1|1|0|0
C|C-9561|804|12328|1|1|0|1|1|0|0
C|C-9563|803|12282|1|1|0|1|1|0|0
C|C-9564|831|14764|1|1|0|1|1|0|0
C|C-9566|773|10268|1|1|0|1|1|0|0
C|C-9567|741|8589|1|1|0|1|1|0|0
C|C-9570|784|10926|1|1|0|1|1|0|0
C|C-9572|774|10288|1|1|0|1|1|0|0
C|C-9573|832|14953|1|1|0|1|1|0|0
C|C-9576|813|13060|1|1|0|1|1|0|0
C|C-9579|803|12292|0|1|0|1|1|0|0
C|C-9581|822|13929|0|1|0|1|1|0|0
C|C-9582|826|14282|1|1|0|1|1|0|0
C|C-9584|818|13519|1|1|0|1|1|0|0
C|C-9587|813|13093|1|1|0|1|1|0|0
C|C-9590|794|11612|1|1|0|1|1|0|0
C|C-9591|788|11193|1|1|0|1|1|0|0
C|C-9596|749|8979|0|1|0|1|1|0|0
C|C-9597|759|9452|1|1|0|1|1|0|0
C|C-9599|711|7383|1|1|0|1|1|0|0
C|C-9600|815|13253|1|1|0|1|1|0|0
C|C-9602|810|12808|1|1|0|1|1|0|0
C|C-9605|733|8263|1|1|0|1|1|0|0
C|C-9608|816|13331|0|1|0|1|1|0|0
C|C-9611|830|14679|1|1|0|1|1|0|0
C|C-9612|830|14680|1|1|0|1|1|0|0
C|C-9615|804|12322|1|1|0|1|1|0|0
C|C-9617|727|8009|1|1|0|1|1|0|0
C|C-9620|795|11654|1|1|0|1|1|0|0
C|C-9621|801|12132|1|1|0|1|1|0|0
C|C-9623|782|10782|0|1|0|1|1|0|0
C|C-9626|787|11142|0|1|0|1|1|0|0
C|C-9627|779|10616|0|0|0|1|1|0|0
C|C-9629|811|12890|1|1|0|1|1|0|0
C|C-9630|824|14073|0|1|0|1|1|0|0
C|C-9632|730|8126|1|1|0|1|1|0|0
C|C-9635|778|10568|0|1|0|1|1|0|0
C|C-9636|782|10777|0|1|0|1|1|0|0
C|C-9638|815|13277|1|1|0|1|1|0|0
C|C-9639|785|11013|0|1|0|1|1|0|0
C|C-9641|736|8397|1|1|0|1|1|0|0
C|C-9642|777|10483|1|1|0|1|1|0|0
C|C-9644|763|9698|1|1|0|1|1|0|0
C|C-9645|813|13078|0|1|0|1|1|0|0
C|C-9647|823|14044|1|1|0|1|1|0|0
C|C-9648|828|14457|1|1|0|1|1|0|0
C|C-9653|753|9191|0|1|0|1|1|0|0
C|C-9654|818|13508|1|1|0|1|1|0|0
C|C-9657|734|8303|0|1|0|1|1|0|0
C|C-9660|833|15006|0|1|0|1|1|0|0
C|C-9662|809|12710|1|1|0|1|1|0|0
C|C-9666|817|13476|1|1|0|1|1|0|0
C|C-9668|784|10912|1|1|0|1|1|0|0
C|C-9669|732|8227|1|1|0|1|1|0|0
C|C-9671|826|14248|1|1|0|1|1|0|0
C|C-9672|821|13782|0|1|0|1|1|0|0
C|C-9674|773|10272|1|1|0|1|1|0|0
C|C-9675|809|12768|0|1|0|1|1|0|0
C|C-9677|736|8399|0|1|0|1|1|0|0
C|C-9678|820|13706|1|1|0|1|1|0|0
C|C-9680|820|13759|1|1|0|1|1|0|0
C|C-9681|732|8210|1|1|0|1|1|0|0
C|C-9684|806|12492|1|1|0|1|1|0|0
C|C-9686|732|8229|1|1|0|1|1|0|0
C|C-9687|706|7210|1|1|0|1|1|0|0
C|C-9689|794|11608|1|1|0|1|1|0|0
C|C-9690|752|9101|1|1|0|1|1|0|0
C|C-9693|725|7947|0|0|0|1|1|0|0
C|C-9698|759|9483|0|1|0|1|1|0|0
C|C-9699|801|12150|0|1|0|1|1|0|0
C|C-9701|779|10592|0|1|0|1|1|0|0
C|C-9702|824|14121|0|1|0|1|1|0|0
C|C-9704|822|13922|1|1|0|1|1|0|0
C|C-9708|825|14165|1|1|0|1|1|0|0
C|C-9710|822|13906|0|1|0|1|1|0|0
C|C-9711|773|10234|0|0|0|1|1|0|0
C|C-9714|747|8866|1|1|0|1|1|0|0
C|C-9719|797|11820|1|1|0|1|1|0|0
C|C-9720|794|11623|0|1|0|1|1|0|0
C|C-9722|707|7256|0|1|0|1|1|0|0
C|C-9723|757|9358|1|1|0|1|1|0|0
C|C-9725|773|10267|0|1|0|1|1|0|0
C|C-9726|748|8936|0|0|0|1|1|0|0
C|C-9728|723|7854|1|1|0|1|1|0|0
C|C-9732|809|12760|1|1|0|1|1|0|0
C|C-9734|744|8719|0|1|0|1|1|0|0
C|C-9735|802|12217|1|1|0|1|1|0|0
C|C-9737|764|9721|0|1|0|1|1|0|0
C|C-9738|740|8550|1|1|0|1|1|0|0
C|C-9740|821|13851|0|1|0|1|1|0|0
C|C-9741|807|12564|1|1|0|1|1|0|0
C|C-9743|740|8544|1|1|0|1|1|0|0
C|C-9746|790|11315|0|1|0|1|1|0|0
C|C-9747|760|9512|1|1|0|1|1|0|0
C|C-9749|762|9640|1|1|0|1|1|0|0
C|C-9750|830|14658|1|1|0|1|1|0|0
C|C-9752|768|9977|1|1|0|1|1|0|0
C|C-9755|799|11941|1|1|0|1|1|0|0
C|C-9756|788|11174|1|1|0|1|1|0|0
C|C-9758|820|13716|1|1|0|1|1|0|0
C|C-9759|830|14676|1|1|0|1|1|0|0
C|C-9761|761|9578|1|1|0|1|1|0|0
C|C-9762|740|8555|1|1|0|1|1|0|0
C|C-9765|820|13700|1|1|0|1|1|0|0
C|C-9767|751|9090|0|1|0|1|1|0|0
C|C-9768|700|7031|0|1|0|1|1|0|0
C|C-9770|761|9581|1|1|0|1|1|0|0
C|C-9771|834|15088|0|1|0|1|1|0|0
C|C-9774|820|13672|1|1|0|1|1|0|0
C|C-9776|794|11624|1|1|0|1|1|0|0
C|C-9777|811|12912|1|1|0|1|1|0|0
C|C-9779|818|13544|1|1|0|1|1|0|0
C|C-9780|786|11035|1|1|0|1|1|0|0
C|C-9782|760|9539|1|1|0|1|1|0|0
C|C-9785|726|7952|0|1|0|1|1|0|0
C|C-9786|757|9364|1|1|0|1|1|0|0
C|C-9788|794|11633|1|1|0|1|1|0|0
C|C-9789|812|12996|0|1|0|1|1|0|0
C|C-9791|751|9089|0|0|0|1|1|0|0
C|C-9792|802|12202|1|1|0|1|1|0|0
C|C-9795|813|13107|1|1|0|1|1|0|0
C|C-9798|758|9397|1|1|0|1|1|0|0
C|C-9800|816|13355|1|1|0|1|1|0|0
C|C-9801|762|9616|0|1|0|1|1|0|0
C|C-9803|705|7195|0|0|0|1|1|0|0
C|C-9804|703|7128|0|1|0|1|1|0|0
C|C-9806|825|14232|0|1|0|1|1|0|0
C|C-9807|808|12657|1|1|0|1|1|0|0
C|C-9810|832|14960|1|1|0|1|1|0|0
C|C-10966|786|552|1|1|0|1|1|0|0
C|C-10967|775|517|1|1|0|1|1|0|0
C|C-10970|796|588|1|1|0|1|1|0|0
C|C-10972|791|568|1|1|0|1|1|0|0
C|C-10985|774|514|1|1|0|1|1|0|0
C|C-11000|738|423|1|1|0|1|1|0|0
C|C-11009|756|466|1|1|0|1|1|0|0
C|C-11012|781|538|1|1|0|1|1|0|0
C|C-11013|789|561|1|1|0|1|1|0|0
C|C-11019|786|552|1|1|0|1|1|0|0
C|C-11023|749|449|1|1|0|1|1|0|0
C|C-11030|766|493|1|1|0|1|1|0|0
C|C-11032|783|544|1|1|0|1|1|0|0
C|C-11035|781|538|1|1|0|1|1|0|0
C|C-11036|807|629|1|1|0|1|1|0|0
C|C-11041|814|658|1|1|0|1|1|0|0
C|C-11050|810|643|1|1|0|1|1|0|0
C|C-11051|729|404|1|1|0|1|1|0|0
C|C-11055|749|448|1|1|0|1|1|0|0
C|C-11064|869|999|1|1|0|1|1|0|0
C|C-11066|769|501|1|1|0|1|1|0|0
C|C-11067|785|549|1|1|0|1|1|0|0
C|C-11071|782|541|1|1|0|1|1|0|0
C|C-11073|808|635|1|1|0|1|1|0|0
C|C-11074|736|420|1|1|0|1|1|0|0
C|C-11077|803|613|1|1|0|1|1|0|0
C|C-11079|810|640|1|1|0|1|1|0|0
C|C-11087|742|433|1|1|0|1|1|0|0
C|C-11088|745|440|1|1|0|1|1|0|0
C|C-11089|758|471|1|1|0|1|1|0|0
C|C-11091|811|646|1|1|0|1|1|0|0
C|C-11097|736|420|1|1|0|1|1|0|0
C|C-11099|784|547|1|1|0|1|1|0|0
C|C-11105|743|435|1|1|0|1|1|0|0
C|C-11125|812|649|1|1|0|1|1|0|0
C|C-11132|774|516|1|1|0|1|1|0|0
C|C-11143|741|431|1|1|0|1|1|0|0
C|C-11148|729|404|1|1|0|1|1|0|0
C|C-11150|738|424|1|1|0|1|1|0|0
C|C-11153|776|521|1|1|0|1|1|0|0
C|C-11158|793|578|1|1|0|1|1|0|0
C|C-11166|798|593|1|1|0|1|1|0|0
C|C-11170|770|503|1|1|0|1|1|0|0
C|C-11173|800|602|1|1|0|1|1|0|0
C|C-11177|805|623|1|1|0|1|1|0|0
C|C-11182|802|608|1|1|0|1|1|0|0
C|C-11187|787|556|1|1|0|1|1|0|0
C|C-11193|745|439|1|1|0|1|1|0|0
C|C-11204|777|525|1|1|0|1|1|0|0
C|C-11205|801|605|1|1|0|1|1|0|0
C|C-11209|809|639|1|1|0|1|1|0|0
C|C-11213|793|578|1|1|0|1|1|0|0
C|C-11214|802|609|1|1|0|1|1|0|0
C|C-11477|823|702|1|1|0|1|1|0|0
C|C-11478|823|702|1|1|0|1|1|0|0
C|C-11481|823|702|1|1|0|1|1|0|0
C|C-11484|823|702|1|1|0|1|1|0|0
C|C-11485|823|702|1|1|0|1|1|0|0
C|C-11493|823|702|1|1|0|1|1|0|0
C|C-11495|823|702|1|1|0|1|1|0|0
C|C-11497|823|702|1|1|0|1|1|0|0
C|C-11503|823|702|1|1|0|1|1|0|0
C|C-11505|823|702|1|1|0|1|1|0|0
C|C-11506|823|702|1|1|0|1|1|0|0
C|C-11518|823|702|1|1|0|1|1|0|0
C|C-11521|823|702|1|1|0|1|1|0|0
C|C-11526|823|702|1|1|0|1|1|0|0
C|C-11535|823|702|1|1|0|1|1|0|0
C|C-11536|823|702|1|1|0|1|1|0|0
C|C-11547|823|702|1|1|0|1|1|0|0
C|C-11551|823|702|1|1|0|1|1|0|0
C|C-11554|823|702|1|1|0|1|1|0|0
C|C-11561|823|702|1|1|0|1|1|0|0
C|C-11563|823|702|1|1|0|1|1|0|0
C|C-11567|823|702|1|1|0|1|1|0|0
C|C-11574|823|702|1|1|0|1|1|0|0
C|C-11575|823|702|1|1|0|1|1|0|0
C|C-11576|823|702|1|1|0|1|1|0|0
C|C-11580|823|702|1|1|0|1|1|0|0
C|C-11582|823|702|1|1|0|1|1|0|0
C|C-11584|823|702|1|1|0|1|1|0|0
C|C-11592|823|702|1|1|0|1|1|0|0
C|C-11593|823|702|1|1|0|1|1|0|0
C|C-11599|823|702|1|1|0|1|1|0|0
C|C-11603|823|702|1|1|0|1|1|0|0
C|C-11606|823|702|1|1|0|1|1|0|0
C|C-11613|823|702|1|1|0|1|1|0|0
C|C-11618|823|702|1|1|0|1|1|0|0
C|C-11631|823|702|1|1|0|1|1|0|0
C|C-11637|823|702|1|1|0|1|1|0|0
C|C-11641|823|702|1|1|0|1|1|0|0
C|C-11647|823|702|1|1|0|1|1|0|0
C|C-11652|823|702|1|1|0|1|1|0|0
C|C-11658|734|414|0|0|0|1|1|0|0
C|C-11664|786|551|0|0|0|1|1|0|0
C|C-11670|853|877|0|0|0|1|1|0|0
C|C-11672|707|362|0|0|0|1|1|0|0
C|C-11674|729|404|0|0|0|1|1|0|0
C|C-11810|823|702|0|0|0|1|1|0|0
C|C-11816|823|702|0|0|0|1|1|0|0
C|C-11828|823|702|0|0|0|1|1|0|0
C|C-11836|823|702|0|0|0|1|1|0|0
C|C-11839|823|702|0|0|0|1|1|0|0
W|W-24|764|1888|1|1|0|1|1|0|0
W|W-25|774|1915|1|1|0|1|1|0|0
W|W-26|788|1958|1|1|0|1|1|0|0
W|W-27|798|1993|1|1|0|1|1|0|0
W|W-28|798|1993|1|1|0|1|1|0|0
W|W-29|799|1997|1|1|0|1|1|0|0
W|W-30|800|2000|1|1|0|1|1|0|0
W|W-31|806|2024|1|1|0|1|1|0|0
W|W-32|832|2255|1|1|0|1|1|0|0
W|W-33|830|2267|1|1|0|1|1|0|0
W|W-34|819|2320|1|1|0|1|1|0|0
W|W-35|806|2373|1|1|0|1|1|0|0
P|P0-2|718|382|1|1|0|1|1|0|0
P|P0-3|704|358|1|1|0|1|1|0|0
P|P1-2|718|382|1|1|0|1|1|0|0
P|P1-3|704|358|1|1|0|1|1|0|0
P|P2-2|718|382|1|1|0|1|1|0|0
P|P2-3|704|358|1|1|0|1|1|0|0
P|P3-2|718|382|1|1|0|1|1|0|0
P|P3-3|704|358|1|1|0|1|1|0|0
P|P4-2|850|382|1|1|0|1|1|0|0
P|P4-3|840|358|1|1|0|1|1|0|0
P|P5-2|718|6600|1|1|0|1|1|0|0
P|P5-3|704|6603|1|1|0|1|1|0|0
P|P6-2|718|6600|1|1|0|1|1|0|0
P|P6-3|704|358|1|1|0|1|1|0|0
P|P7-2|718|382|1|1|0|1|1|0|0
P|P7-3|704|358|1|1|0|1|1|0|0
P|P8-2|718|382|1|1|0|1|1|0|0
P|P8-3|704|358|1|1|0|1|1|0|0
A|A-LAU-0|814|6600|1|1|0|0|1|0|1
A|A-LAU-1|846|8265|1|1|0|0|1|0|1
A|A-LAU-2|911|15354|1|1|0|0|1|0|1
A|A-LAU-3|853|8757|1|1|0|0|1|0|1
A|A-LAU-4|908|14931|1|1|0|0|1|0|1
A|A-LAU-5|878|10837|1|1|0|0|1|0|1
A|A-LAU-6|927|19123|1|1|0|0|1|0|1
A|A-LAU-7|885|11633|1|1|0|0|1|0|1
A|A-LAU-8|887|11836|1|1|0|0|1|0|1
A|A-LAU-9|747|4449|1|1|0|0|1|0|1
A|A-LAU-10|836|7657|1|1|0|0|1|0|1
A|A-LAU-11|879|10962|1|1|0|0|1|0|1
A|A-LAU-12|877|10759|1|1|0|0|1|0|1
A|A-LAU-13|842|8041|1|1|0|0|1|0|1
A|A-LAU-14|845|8234|1|1|0|0|1|0|1
A|A-LAU-15|739|4267|1|1|0|0|1|0|1
A|A-LAU-16|857|9007|1|1|0|0|1|0|1
A|A-LAU-17|891|12370|1|1|0|0|1|0|1
A|A-LAU-18|836|7694|1|1|0|0|1|0|1
A|A-LAU-19|798|5949|1|1|0|0|1|0|1
A|A-LAU-20|837|7733|1|1|0|0|1|0|1
A|A-LAU-21|827|7212|1|1|0|0|1|0|1
A|A-LAU-22|889|12130|1|1|0|0|1|0|1
A|A-LAU-23|848|8371|1|1|0|0|1|0|1
A|A-LAU-24|871|10150|1|1|0|0|1|0|1
A|A-LAU-25|839|7825|1|1|0|0|1|0|1
A|A-LAU-26|841|7934|1|1|0|0|1|0|1
A|A-LAU-27|886|11674|1|1|0|0|1|0|1
A|A-LAU-28|842|8052|1|1|0|0|1|0|1
A|A-LAU-29|919|17201|1|1|0|0|1|0|1
A|A-LAU-30|868|9876|1|1|0|0|1|0|1
A|A-LAU-31|857|9019|1|1|0|0|1|0|1
A|A-LAU-32|777|5246|1|1|0|0|1|0|1
A|A-LAU-33|882|11272|1|1|0|0|1|0|1
A|A-LAU-34|804|6167|1|1|0|0|1|0|1
A|A-LAU-35|876|10684|1|1|0|0|1|0|1
A|A-LAU-36|879|10943|1|1|0|0|1|0|1
A|A-LAU-37|825|7087|1|1|0|0|1|0|1
A|A-LAU-38|869|9968|1|1|0|0|1|0|1
A|A-LAU-39|792|5723|1|1|0|0|1|0|1
A|A-FORK-0|899|13401|1|1|0|1|0|0|2
A|A-FORK-1|771|5053|1|1|0|1|0|0|2
A|A-FORK-2|802|6099|1|1|0|1|0|0|2
A|A-FORK-3|850|8526|1|1|0|1|0|0|2
A|A-FORK-4|906|14608|1|1|0|1|0|0|2
A|A-FORK-5|898|13245|1|1|0|1|0|0|2
A|A-FORK-6|888|11942|1|1|0|1|0|0|2
A|A-FORK-7|899|13355|1|1|0|1|0|0|2
A|A-FORK-8|877|10745|1|1|0|1|0|0|2
A|A-FORK-9|764|4874|1|1|0|1|0|0|2
A|A-FORK-10|898|13241|1|1|0|1|0|0|2
A|A-FORK-11|723|3932|1|1|0|1|0|0|2
A|A-FORK-12|706|3605|1|1|0|1|0|0|2
A|A-FORK-13|838|7793|1|1|0|1|0|0|2
A|A-FORK-14|903|13985|1|1|0|1|0|0|2
A|A-FORK-15|858|9088|1|1|0|1|0|0|2
A|A-FORK-16|880|11054|1|1|0|1|0|0|2
A|A-FORK-17|850|8514|1|1|0|1|0|0|2
A|A-FORK-18|878|10798|1|1|0|1|0|0|2
A|A-FORK-19|828|7269|1|1|0|1|0|0|2
A|A-FORK-20|897|13129|1|1|0|1|0|0|2
A|A-FORK-21|720|3860|1|1|0|1|0|0|2
A|A-FORK-22|751|4530|1|1|0|1|0|0|2
A|A-FORK-23|849|8435|1|1|0|1|0|0|2
A|A-FORK-24|843|8110|1|1|0|1|0|0|2
A|A-FORK-25|896|13034|1|1|0|1|0|0|2
A|A-FORK-26|860|9288|1|1|0|1|0|0|2
A|A-FORK-27|866|9754|1|1|0|1|0|0|2
A|A-FORK-28|903|14072|1|1|0|1|0|0|2
A|A-FORK-29|856|8950|1|1|0|1|0|0|2
A|A-AUTH-0|921|17679|1|1|0|1|1|2|3
A|A-AUTH-1|743|4342|1|1|0|1|1|2|3
A|A-AUTH-2|864|9586|1|1|0|1|1|2|3
A|A-AUTH-3|933|21026|1|1|0|1|1|2|3
A|A-AUTH-4|913|15824|1|1|0|1|1|2|3
A|A-AUTH-5|876|10683|1|1|0|1|1|2|3
A|A-AUTH-6|839|7863|1|1|0|1|1|2|3
A|A-AUTH-7|876|10693|1|1|0|1|1|2|3
A|A-AUTH-8|767|4942|1|1|0|1|1|2|3
A|A-AUTH-9|869|9954|1|1|0|1|1|2|3
A|A-AUTH-10|907|14691|1|1|0|1|1|2|3
A|A-AUTH-11|897|13077|1|1|0|1|1|2|3
A|A-AUTH-12|873|10394|1|1|0|1|1|2|3
A|A-AUTH-13|795|5820|1|1|0|1|1|2|3
A|A-AUTH-14|880|11021|1|1|0|1|1|2|3
A|A-AUTH-15|772|5101|1|1|0|1|1|2|3
A|A-AUTH-16|714|3755|1|1|0|1|1|2|3
A|A-AUTH-17|729|4040|1|1|0|1|1|2|3
A|A-AUTH-18|816|6682|1|1|0|1|1|2|3
A|A-AUTH-19|725|3955|1|1|0|1|1|2|3
A|A-AUTH-20|934|21392|1|1|0|1|1|2|3
A|A-AUTH-21|854|8835|1|1|0|1|1|2|3
A|A-AUTH-22|885|11652|1|1|0|1|1|2|3
A|A-AUTH-23|912|15565|1|1|0|1|1|2|3
A|A-AUTH-24|862|9386|1|1|0|1|1|2|3
A|A-AUTH-25|740|4288|1|1|0|1|1|2|3
A|A-AUTH-26|869|9965|1|1|0|1|1|2|3
A|A-AUTH-27|844|8168|1|1|0|1|1|2|3
A|A-AUTH-28|905|14402|1|1|0|1|1|2|3
A|A-AUTH-29|930|20157|1|1|0|1|1|2|3
