FSC-LEDGER-v1
mode=1
famfile=../../fixtures/fsc/fsc_W_b0.fsc
e 1 0 1 1 0 0 1 1 64c7d9513b43262630e723b61a6018c178e033159d0f46ea9d76e7e33cf9851d
e 2 1 2 2 1 1 1 2 093032e37522301683a6d758142851467822de214d9267b80964c9cbe238ba3e
e 3 2 1 1 2 2 1 1 252f773f5df5d0c510daad59cdf0cdf6a10d301dcf0597d4c440431a691aa1db
e 4 0 1 1 0 0 1 1 045057761f49760421776d4d9425f00e5a72a8ea101c4ce8567187949d597cf1
e 5 1 2 2 1 1 1 2 e7d1281d0f3897515159ae74cf0969e1b25c73e6a4d89d91581070f1cc55ebd0
e 6 2 1 1 2 2 1 1 a402f0133a8d6137ac132748e2f3cf2f11aa2e735185830e5163238c0d4aab1d
e 7 0 1 1 0 0 1 1 7324a1c3d4b937df093094dab3dce07a9d7a3676808f9f1cc955da18ca3ab00a
e 8 1 2 2 1 1 1 2 0ee0160e1d7fcf4454863976b8ff0f77fed7dda67da3871525eef526b43a33ca
e 9 2 1 1 2 2 1 1 96a138f13749a2cb7a50eedb2af519631ee2d369e9311177f346afd430932601
e 10 0 1 1 0 0 1 1 4cd1fbb3d9badfb4f899c051a04d22e5dc742a66c929fc5b4547bb95eb1b699c
e 11 1 2 2 1 1 1 2 a091e3dfb277b0627f3c5eccfd7ac1ce6e3f4cae676cec99091e338a4b5b4a3b
e 12 2 1 1 2 2 1 1 6430d5db5d3764c0420a6997d8946b5d7dbbcae48429320ccf78e4887bbebd96
e 13 0 1 1 0 0 1 1 7d15608df5fbd8baadf1d04480f268ab805f293dbcce5ec13b0a0548cdfc5468
e 14 1 2 2 1 1 1 2 a7273d3280c0a039a4f52853b301021c1b49f2a5bc3b6c8c416ab029231f7315
e 15 2 1 1 2 2 1 1 447c8335c18c8a3e86c46561fd64f20cc9c6e8c23d5e7cb8085d1e87d9953fd7
e 16 0 1 1 0 0 1 1 0887ad533e67e4001ee4e928ecb597fc54a68feee8a44e2d249d86080dfc9f05
e 17 1 2 2 1 1 1 2 27dc2025751a276d21a3a489afc9c1ef35dfcfa1c88bf617aacc566ccb3aa78a
e 18 2 1 1 2 2 1 1 1d7747f15352dc43e9c43f8f98cc4b790a7161f16abdd83c1f3ee32aef9e0653
e 19 0 1 1 0 0 1 1 cc0e2bc66e86f708602a1f8645a638e99c077cbbc4314d86d0ee8940e4a5bf5e
e 20 1 2 2 1 1 1 2 eef1bc7310855649ba7faae76ba766582a877530bce7db21c1136bb5de8f4913
e 21 2 1 1 2 2 1 1 a2a723a2c0afd1fed8c027f9c8f3e22dc01180c0aea210fab14859e98b61cf10
e 22 0 1 1 0 0 1 1 0c4047e59776cfda2665e9c339da5f2d506a22cba586ae252b576e696cdc90bf
e 23 1 2 2 1 1 1 2 2f76afdf4a797fe6ac719f1e114eb0be3cc8d06e3f5c4519fc8f22fa13b29731
e 24 2 1 1 2 2 1 1 63e8fcb661ffb17d64082de8d852e060547b136200f429bc1aed60429d1baf84
e 25 0 1 1 0 0 1 1 5f6197d2afbacf590b5520ba849fc7f1605327f305e68a1b4aee8a13922b89c9
e 26 1 2 2 1 1 1 2 7001c16b47733ac32de802308341449efa3278413f3d13a66bcdb2ae74545804
e 27 2 1 1 2 2 1 1 11c0960df67ea97fbe639e55ba51c6e5fb28b18668aadfd3794e3dbab4683142
e 28 0 1 1 0 0 1 1 1e8a530e85ed95e9d19bed8d894b2b9801f1f707febb0b1a34369f3d9d6a779d
e 29 1 2 2 1 1 1 2 63791645938d1f1b3fa1466917d42c3871dae2c4307eb85d8439304ca625b843
e 30 2 1 1 2 2 1 1 d5c9a1941571f9f2686621f01b7d99dd76f67044cd2f6ce0dffa069b5d776372
e 31 0 1 1 0 0 1 1 266a8fdeaddb4f5874cdc53b3223cf3a56ccd4e8adf910067123a93fa2016c47
e 32 1 2 2 1 1 1 2 b1fe64c22275efa3504d606311d34811db48d73c693e84a5373f84df874f748f
e 33 2 1 1 2 2 1 1 c7e93b648cd1b694af30ae65cd3a246bfe2e57c3876873366c82f7ab6dabe559
e 34 0 1 1 0 0 1 1 cd913c816a23fde3faca30b3a28968ada98ac4d47b400328d9e6f946a06de161
e 35 1 2 2 1 1 1 2 68b45e79966395c2003db14ade4e96ae77675870b4b4e1b22c6542ff547f10b9
e 36 2 1 1 2 2 1 1 3b91c370b5dcfe3e2dcf4efedb039a4569bcf53ba0947252c149d1ff7c23958b
e 37 0 1 1 0 0 1 1 bec740c54bb7c06282eba31bd224bfea333aded8f643c74d6f516e9be8c4f4d1
e 38 1 2 2 1 1 1 2 29fe440e18aade2847f655125d98a0c94b6ae2705cb88714b083da0d5924d460
e 39 2 1 1 2 2 1 1 00c7588faba02f8e62e7ba54e2662c03f26c18c6480dae4fa071173d8532c054
e 40 0 1 1 0 0 1 1 e451c40ad56477343c904e33ca8168cda07cd1879373f9ee93f49889ab126248
e 41 1 2 2 1 1 1 2 75c2ec0779807cb54db3d6af0f1271cdad7a5130bc4c8735107f488843213682
e 42 2 1 1 2 2 1 1 877df8bf5b7aeec3786a02a6efe0bb4ce89eafef01749a126dccedf9f1b8f965
e 43 0 1 1 0 0 1 1 f853b09d9ce8b15d4d0cc7035b7dc6e65ba1f94659b68fbe5a86eb14d22e4dbc
e 44 1 2 2 1 1 1 2 8957090675c7be3a7e99bc34ffb4a288ddc3d78d6d3f9804b39290a9cd3b63a8
e 45 2 1 1 2 2 1 1 3c15e9728f2a155abee8136a0677b791880d96b62686fbbdbd16acc2f26a4680
e 46 0 1 1 0 0 1 1 9fcfc32f0832d24b450f9a44dc50453ba9e8a7b9fba4c11526e428ceb05a58ac
e 47 1 2 2 1 1 1 2 9033242535d3a14e4c903417c43dac73d070bcb1053f5dd6bc3e6d21809af59a
e 48 2 1 1 2 2 1 1 dcfd1f23326b3cf04d660c624c3e395a98ffe805df06d16edd09bf8847c1d501
e 49 0 1 1 0 0 1 1 5819584bc61a781eea421bda20929526fda238ab53c1cbf6f8565c24bccb257c
e 50 1 2 2 1 1 1 2 86a01b70dc49483a0cf67e9db70a9814ebe1f407120faeb5ec4414689dc9650c
e 51 2 1 1 2 2 1 1 4d92a4a1d2aa2fd2acb9a00c129adb072fd5f24dd8cd49e14fd4b0048d009092
e 52 0 1 1 0 0 1 1 b1311647ffd9d440bf0f77ee7889066d8ccf839d431e97a74179eb8a69741870
e 53 1 2 2 1 1 1 2 8d020fe8ae15a9dfa2669108c2722f72ceda38ebb4725432ab554876d67b4251
e 54 2 1 1 2 2 1 1 e65ed20a015ea89462b345ba5a8b9c1aefef0a7f44032977e889ca662e65aab7
e 55 0 1 1 0 0 1 1 74e5fdc9cad1599680feac6fdcfa35522c0a3baead43b2506e312af30b12ea6a
e 56 1 2 2 1 1 1 2 4ed03093be882ad3edef51d4d36c3e15573811293b83fcb8e167b678b67bc886
e 57 2 1 1 2 2 1 1 e0b54434134b3e013a59e483e606b30c3ff28a75191990cbf16724cd125d8703
e 58 0 1 1 0 0 1 1 3639fd7fe0cd3467d3ddc4fca24651e54de315cf38e0579bdb116168ebc19c5b
e 59 1 2 2 1 1 1 2 61014a01f1dafa0e6c82b2119cd9db8746d0a8ba9fbb68840006846744f67575
e 60 2 1 1 2 2 1 1 07878fe405cb46468af6fbbf61b1c5e184e040c5ca741e042e59713735ac1141
e 61 0 1 1 0 0 1 1 2df3da7bd17dc8b9bad2af18ad4d3518cb5a644f715c6af8fbd6ae1265f19b99
e 62 1 2 2 1 1 1 2 f678d8de3cf39fae28af09aa87d2f0d8878b5377362220f129bb3f301bad6e14
e 63 2 1 1 2 2 1 1 d2f6a2b29395b6152008c8f5f0af06bab1f014847d8432a1a44d2b7a0fd4d080
e 64 0 1 1 0 0 1 1 0d528e4d625f9a598d91d7f174921bb3a994b60dbf76522efbcdfbe276ac4732
e 65 1 2 2 1 1 1 2 4872e5d0db412428c2f7e227a13f3b6ed60b58b4d574c3a57a99cf0f2d6eabc9
e 66 2 1 1 2 2 1 1 a1f344c4ed1b5a0fff009b6cc0d8961849b3987995df388ca03d34ad5ac9f14f
e 67 0 1 1 0 0 1 1 a3fb3bccf4582613526c07946dc788fe7b3311d35339195f9ae71ecfa5bcce9c
e 68 1 2 2 1 1 1 2 7d17cd33fc5146b1a175a40a9c0653ebd674ebe8bee8313f808bb082a3362826
e 69 2 1 1 2 2 1 1 6599f7d540beb9dc073f99cabf2d31fe70c4035cb98872d17359c2fac185685b
e 70 0 1 1 0 0 1 1 16d656cc77c89ba5a90bf372bb2b30c8760977d9c1da24b0f2e0b1025a2bf7d9
e 71 1 2 2 1 1 1 2 38582109279ed7dbd3b7142c53a5acf08f39eae12b56d78d04a0ae6ff63b97f2
e 72 2 1 1 2 2 1 1 92152e860b057595d2ffa44e7491af6c4677779ac4d9096a2d2b2294e76e964f
e 73 0 1 1 0 0 1 1 e87fda1e62f2706d6163469577a23e1a28e324ff5cb3386c2313c60a4792312a
e 74 1 2 2 1 1 1 2 24868c84b19b4a60406f0337dd49cd6c355a27b4feed5c4a5c06960b00755c4e
e 75 2 1 1 2 2 1 1 fa0a8ce6311d0656dfe01073f4461bf80af30d42a029078328ac4d6478e1962b
e 76 0 1 1 0 0 1 1 5e1cced7835f28809e61a80c13f0323ded53620f03baf7f4c0955e117f1e9943
e 77 1 2 2 1 1 1 2 12f33316a3ec4d01c98d4517da42542b76afd7d01cf71079fb2a7d328592a194
e 78 2 1 1 2 2 1 1 e0b932a4fbb0d42c2caed137d38fb7ab233875366ff323e15296f69fa5aec6af
e 79 0 1 1 0 0 1 1 5f6da4c4595416a76b857d97b4032908510d857e561ea9c6611e549bcef796f2
e 80 1 2 2 1 1 1 2 68a8322bac1d72f5e1286c178961c6c1898469fc63e773a7fe7bbe03a27cf27d
e 81 2 1 1 2 2 1 1 de606902e8f1d638f42563517d6407860e48085cc2af9a3abbddd146b0494251
e 82 0 1 1 0 0 1 1 af975e071a4a7eb4523e96be879572660eca588cb75272bb1ed37cba065c3d76
e 83 1 2 2 1 1 1 2 e7b09cad7d3a9151ec522d889b5041c76597a3b071f662be2e05cb14c42e6beb
e 84 2 1 1 2 2 1 1 d5c35c257b52ca29b7a1826e07d7260805a0ca20a46d0246bc8dec6b345e690a
e 85 0 1 1 0 0 1 1 a4e8e33de42254eec409a2a560e377b617d0f4579e1d553a00fd86483fb41d43
e 86 1 2 2 1 1 1 2 621e87b06b897b1ce6e4485c4ce6f2b5d3936b35a03c90e94905ad4456904640
e 87 2 1 1 2 2 1 1 05d541f8a2afb5b00d86af26d39f5c68fd36a980aa528b1d08c9f287e427b45c
e 88 0 1 1 0 0 1 1 7c457942ae836d12a9b8cc7b1ae449fcc231c29adccec065f91904c8ea87d74a
e 89 1 2 2 1 1 1 2 3cf376e5daf5462e83f7f07604345e9517b380d300c3c4cdeef2cf11f1f1f1cc
e 90 2 1 1 2 2 1 1 d45bea42d4e5beaee53d10970154780ccc432d58744bc3c3de87ccff23cac1ca
e 91 0 1 1 0 0 1 1 d373475dc899ae6c527fdee4f409ae4601741fcb8f570cde26e42c701b616388
e 92 1 2 2 1 1 1 2 a82cdf51d8a2deaeb1e41fa54e9a47bdf30af38839661b90de1166365fee1d00
e 93 2 1 1 2 2 1 1 dbb5771223b708fa2f9c3dd0c064e0c311f7049cb110179de1c2098c237ff7ef
e 94 0 1 1 0 0 1 1 9571156d853ba2aee2b6a525eaba2444b73aef8433c4cb8fcce09104f3953258
e 95 1 2 2 1 1 1 2 3d7d24c62813efa9d07f52327d0726766bbc84e358b5f32bf24a93f9f0a2bd1d
e 96 2 1 1 2 2 1 1 342111291c0d7dfa6d41fad33a81a0a531c0648d14f03b0b0e26361ef4605d5b
e 97 0 1 1 0 0 1 1 c365e34b2a5dbfb482a3898479f8b2a7ae09142774b9647ae882d241265324f2
e 98 1 2 2 1 1 1 2 bee9acd927463fe959d48676c0fd06791610fa95ff5c04cc3f5cd19695f1bb44
e 99 2 1 1 2 2 1 1 ef62290a3a8d78b16feeb94903548f7968ff619dc2543e6c87a63d5c6a889e53
e 100 0 1 1 0 0 1 1 76f7f2bfd39772c6bafb75a5cc6311e786e7dab16ebf65c30fc1e69c69189563
e 101 1 2 2 1 1 1 2 dbef5cce3fd7a5fa6adf3bca2ce88bef43d62f708b70f771df417aca4e509b07
e 102 2 1 1 2 2 1 1 fdce186d9e12e94c5986ea092d4eb51cc77c8854ce8f63829000f07369079e53
e 103 0 1 1 0 0 1 1 cfa8677514353c821b22eefc61c3466f49662f7052565b71041a72663b939e43
e 104 1 2 2 1 1 1 2 335521bc89d53209662be510eab8b1d2fbfb73f58d00cfa1856d4fd2d1a4e7ee
e 105 2 1 1 2 2 1 1 5c0d8dcc0f4837343ecbff481ee7d16808e8ab0afdd7e05f34392e25b7fa8be1
e 106 0 1 1 0 0 1 1 2793e26ab5b7b88493970403666ade264b09e44a92c375d762a7718be3dfdb6b
e 107 1 2 2 1 1 1 2 b2ff196c4e92d2275a26c959d8d09d34bd510d81eb43c2c4e319c249263c331a
e 108 2 1 1 2 2 1 1 986a22cd2275a558e4714d93e7040a03bc258bdf8e58922d41f07e51670e1a6a
e 109 0 1 1 0 0 1 1 b8a907adca2d901a9d84051cb024f3bdfa33173735515c8d8e6e085302f93719
e 110 1 2 2 1 1 1 2 c824382c1963b2dd7667cde049b7ca875f635c16f07cb86e9676acaafb012aa4
e 111 2 1 1 2 2 1 1 b8e32ee89462d91ba8300fd71852cd2dfa86f13e429acbbdbcc17d1eeb8bc53f
e 112 0 1 1 0 0 1 1 2b9c38ada364ad9669b3ba8e8966087f90a0d1a3fe57523d12e5cd33146f54fe
e 113 1 2 2 1 1 1 2 7e098cb6ab4b8fa3e5291a34ee24879fd383b20417430547e5256846ae25b995
e 114 2 1 1 2 2 1 1 28a21c1c481feb01cad06d0240f57b7b3656335231fbe5fc30c2bdf30e056bae
e 115 0 1 1 0 0 1 1 1dd808ac860928db2d3ae30321670d0c32f8d402875c8052db18403014941712
e 116 1 2 2 1 1 1 2 c1e397d4f2e5445f9ecf1bd925f5e5e55285e2e6361e43d3fbee4add9ce33fb9
e 117 2 1 1 2 2 1 1 297ece0d8ee346ee5125198cb4ffe992e61cbbd9c4440008f51d30e2874cf864
e 118 0 1 1 0 0 1 1 917c54da4ed08758c097a3a91cc961e8a59521560bb404366a873fab717297f8
e 119 1 2 2 1 1 1 2 d17fd9430bb4925408a977fe79dc115399088afb00adbc5bf158f342f9cfa917
e 120 2 1 1 2 2 1 1 75b9a95c49d44721a4d2bfb083875290d849834cc5e3070860fed106a55be882
e 121 0 1 1 0 0 1 1 adf05ecbd7e81b49347602b82547e46ec16ff03e56f300f8d6e84f34c9855563
e 122 1 2 2 1 1 1 2 fac6f2330b168e0f1bfc6e60adb7d9f283002dc7f835d6ba82e2ff3fa4a95c4d
e 123 2 1 1 2 2 1 1 16f1aca8a89efc28e5068762f8b677e5ea6fa9afcfedab7960e96e39f0e9c10d
e 124 0 1 1 0 0 1 1 b830b055f30b1688946c87050efa6762bb85498b15fd2690973ad9368bb05c59
e 125 1 2 2 1 1 1 2 acd952401893ae16d105c2e3fb4043a4b9d165ef5bebf119a3a0016de78d5316
e 126 2 1 1 2 2 1 1 97c2da1a92351e0bb15fa2cae6be0a4ea26741b2d54d1f79a837f74a46c970d0
e 127 0 1 1 0 0 1 1 6a7e545e0d4c629eed31f876a98b31e7fd6d64bea18cec4aa48dc586f99623c9
e 128 1 2 2 1 1 1 2 b712dc5ffb2d5d621596890945c9ef93130fae87f5d5494d17287b7e3ac255bb
e 129 2 1 1 2 2 1 1 98078b8fe339fcdf5c9a1dcfe4e61585397a82d047339dd7c6380834fa1b14c1
e 130 0 1 1 0 0 1 1 6d3e868c7d10509627a26949b65eed75f710bd5651eeebd8529d4ad9efa8e55b
e 131 1 2 2 1 1 1 2 c6c5ea089669c45d884c32685ee860c866355bcddec59692bcbe198516afb1bc
e 132 2 1 1 2 2 1 1 493f0fafdd6b97dc850e15370a13c3459ee7edb192b16064075c6600a3df4f7c
e 133 0 1 1 0 0 1 1 3927df4eb82dbb9edb99f57b7000d45ab631c821dde94658f6c40aeb455cd646
e 134 1 2 2 1 1 1 2 d5a7882d1c64bc824a17dc4f3fa6e93dddc42c966ebf7e76241ceef747f17b8f
e 135 2 1 1 2 2 1 1 b0deb5820f79bc1f7f4868c19b07fb9e82e20786e2e5839f3056495fc44f2d81
e 136 0 1 1 0 0 1 1 397efd3de0c02f018d0c640e3b98a3051f4a36f2e11854bf44669e838d7d6ee2
e 137 1 2 2 1 1 1 2 cf61ac4afb4ad2913c643c7a0e1f7cd8137c24a0370af52c0f228dd2c1122d5e
e 138 2 1 1 2 2 1 1 ddeb8746002c1c59cf5296cf3a77ed58256110c118ca401cbd05ced377938198
e 139 0 1 1 0 0 1 1 de728cafcfeb25d11347862c11f8054713c8011d180d197866a0e6636bcab72f
e 140 1 2 2 1 1 1 2 a89c9e66d84d203d2bd7150fec9efd6060e79ec32e8195cd60f4d5bf7b3aa555
e 141 2 1 1 2 2 1 1 132a32fe7233bc79f16282dbfe6fa9c7375a4a8aaf09e6041c29d6cb94638b2e
e 142 0 1 1 0 0 1 1 508c68ea28011278d5b890ea7f2681310d2da711e7ac27eff9a34e15d71395d1
e 143 1 2 2 1 1 1 2 85b223ea328e73a44e9ed5d2ee8bb38b4b900a013870467f4ab32c5f37adc5d4
e 144 2 1 1 2 2 1 1 abc714b8ad0fb5a7b62f6fad2b07b832d84389e397711f664bfb9c4f30129d69
e 145 0 1 1 0 0 1 1 dc1597b5d52a1988ac4bdc155101ab926c77da349c17f0f8692b15b9340e31f7
e 146 1 2 2 1 1 1 2 adc049574c512f03246dd05b5ae5bb6012d3d5dd18dafd530f83fca888ff9257
e 147 2 1 1 2 2 1 1 ded4c3f3f1618159d624040b8f37844deaad331288ad379bff67125c0b44f25f
e 148 0 1 1 0 0 1 1 9d03b3c210efe46275cb14b7bc7cf4e9d64e10d0bf1496f456d320b324b9ecdc
e 149 1 2 2 1 1 1 2 76c49d4831d0734d4f412d00379f7ee73a9af71feb69195f2d593bc01e50ac09
e 150 2 1 1 2 2 1 1 c7779ac7eb1b98a80841242591f8a676e3e266f6dabd12d6ed178e150870c3b4
e 151 0 1 1 0 0 1 1 2d08703d23ded845d3bcf9c46ef9806e8ef447c729f7bb98a5ad7fe57dcb6a45
e 152 1 2 2 1 1 1 2 32ddfc0a788d8ed7c727b644b4d26d97a49a04f33496ce22dc30a32c14166e27
e 153 2 1 1 2 2 1 1 bf303725c854e1c168177a4ca4294df8538be494ecc791859586cca1c7ce8550
e 154 0 1 1 0 0 1 1 d4a3d4ad3aa51d1ba8e52f8b833c042271f31adb8a1c4baf3468c3f3362e4fb6
e 155 1 2 2 1 1 1 2 060c528815095fbc6bdacef8a7f618ff0ece776b7eba0e9825927ef1a5aad2d3
e 156 2 1 1 2 2 1 1 36f16539d02b7f3c9da9716696ac244640fce8518b2f11a21358590a1ec9ed70
e 157 0 1 1 0 0 1 1 24200e7a2e3d0f53cb577653c6200bb7e4f63dbed1419c2cc7ff0cee48dfcf51
e 158 1 2 2 1 1 1 2 60b2d5fc33876798c813beaedc9be9512463a8fbe756a98614038a3ae3c5fc96
e 159 2 1 1 2 2 1 1 e40644bfd749f1f1d4fe289a7502a04a32d6bd2d16c597b0f02038057699f113
e 160 0 1 1 0 0 1 1 06c8a2002112c1312608bfe07733e136a89e9324aa95bf32edca33b3ab6a80be
e 161 1 2 2 1 1 1 2 1eca4746c8857fb5f6f12c6ddef9141f87569e5cef6160988fac8bdc0dcb225e
e 162 2 1 1 2 2 1 1 503af1f14c9df94a6a2640b24aa4330055e88be6a5a02ec0a6d274fbb9fd2e56
e 163 0 1 1 0 0 1 1 87a5f5f1e749575b5767a4033708c5a7d73af73383ff032b1c25ce4f5773f402
e 164 1 2 2 1 1 1 2 10ee715c9d864bd52879f1916214ed33f1da8669583e1768030059d2c7ebc900
e 165 2 1 1 2 2 1 1 4a3dfe00322c5b80782846ed7bf7bf751d66d296ad71fbce23ab6816028e74e5
e 166 0 1 1 0 0 1 1 8fcf6dc1fcd7f1a3d633ab37fe558544f687c2bddeb290990b8b2faf6f6e7a2c
e 167 1 2 2 1 1 1 2 2381c17fa80e2d84f0432d7a8ac341f4480b03a19cf0e1c7a459d61e24272b04
e 168 2 1 1 2 2 1 1 12e7fabdd5828ed7f10f2a59a061eb749e25883829b5295b9e75b4436a1f4b0a
e 169 0 1 1 0 0 1 1 14c6eb5500023f672af2d62fd393c7e772059b124f9dbdef89187d69b416cfa8
e 170 1 2 2 1 1 1 2 e2d111605ab12475313378d6110c683b6b283d9d97e655cb96c946cd14221372
e 171 2 1 1 2 2 1 1 0fb1b7b5bbc0f322e04e0598a5bb5d6d51881a9f21e244cdca7ea6f15e09d40b
e 172 0 1 1 0 0 1 1 d138e93001b5fa6adccbe90279b329e877a46e81b51bf055fc4d82af180c2a21
e 173 1 2 2 1 1 1 2 a170d2103051015a96796696fa0779ab4a1229f624a81a4e6c61c56cec80e5ad
e 174 2 1 1 2 2 1 1 fdd24fc634db2330642aae5fa00bb6bb19f3b09ea518a2beb342226be2716ade
e 175 0 1 1 0 0 1 1 adaa5c3c7299e3766ef0477a5fd0aa4f89b61d6f30fb445fb38c92edfa5c4690
e 176 1 2 2 1 1 1 2 b6b2f1e7bc5187ba40215e40cdb5f3efe71b8889ffd9a5237603da0b4dd39962
e 177 2 1 1 2 2 1 1 436a6f2ef45e95033769c07a6b68e8faff93314e4fa12975e574131780064267
e 178 0 1 1 0 0 1 1 fc20d03fdca295d409715892bfbbbd0911763ee9ca02532f6d8cd18bfc08ca6e
e 179 1 2 2 1 1 1 2 45843fa4d9925b70704ddae6c4bd002c8d5a19aae4e90043a1d6071eebb0a4c9
e 180 2 1 1 2 2 1 1 bd73ad7afd0beb3c43a336a78cbc501c711c70b944bf8bf2478ce4bf65b15ba8
e 181 0 1 1 0 0 1 1 52c5d40f83e282d7248071253131560dae68fa0ad2c47f96c9977acbe6246bc1
e 182 1 2 2 1 1 1 2 6e73005e422db4cd9c5b9d5db4c7257111f620501c8934b20b479e3edd59cc01
e 183 2 1 1 2 2 1 1 f69af80724cbdb43fa8242ea65e1d3e82655910ac24a8b555b185d702bc4930f
e 184 0 1 1 0 0 1 1 5363850bf1482ab1c93bf38dc7291ac00dad26dc6b02543aa05f2bce7dea3e84
e 185 1 2 2 1 1 1 2 c3ffe18aead2acfcc23e348d68427a4420186febd633decc4a99cbaa234d439f
e 186 2 1 1 2 2 1 1 df09a136942924e4430358d45d65c97440635d719c3aee966b01e78be390a059
e 187 0 1 1 0 0 1 1 522430080623503463497848f1f79ad7c50b5b933254f42efb7cb2872dd716b6
e 188 1 2 2 1 1 1 2 271b40b5132e8b3066a30910dd1c37d4e3e113fab86e62155308cc600251e776
e 189 2 1 1 2 2 1 1 f8df207481d8a2f476e8f42c3a6635a7d60fcfdedc084fa1c732dff0dbd78ac0
e 190 0 1 1 0 0 1 1 52866ce749a4446cfbb868e5bccc57f409aaf0e117391d8c0eea88310e638efd
e 191 1 2 2 1 1 1 2 8deaa63b8e8dc2852cdebcfd2fc2624aa3b507b892c091e70410c7a410e1d692
e 192 2 1 1 2 2 1 1 6043a43ff7c260e6fdbc9ed3c521d85931b1ee6d6c08862034d2517851ca7f81
e 193 0 1 1 0 0 1 1 852d00f3b4acd5bbe61109d92ab666901d019bfdc18ec6e4656dd66086ec6972
e 194 1 2 2 1 1 1 2 a97a4f90139ced587805a0e8cd8a99839dfff0deb6a50f62e2c783401eb05d54
e 195 2 1 1 2 2 1 1 ab990f87b40ee768d0194280f39a62d858fad20c746f3a0f974059b26cb38e1f
e 196 0 1 1 0 0 1 1 604b306e2ec100157cd64adf0716d780d419ad4c6a1d17b8ea13f09590b34093
e 197 1 2 2 1 1 1 2 1e5bda2572ea92213f4c8a3e7b726ca38f296a495c94d2bcf06f8f877fce05bd
e 198 2 1 1 2 2 1 1 76e1cbad8898b39b1348792c7e8391d2618ee11a4cc36d63eb254da91a1f13ff
e 199 0 1 1 0 0 1 1 6d24d1fbcc3ef96f4f00a7ec923d2e749321e96d8c886e8e6d2ad31292c984e2
e 200 1 2 2 1 1 1 2 f4b223d08c5306c07e515473d09a58765eee4b8515ad1b4c4ddfb89814f95de2
final=f4b223d08c5306c07e515473d09a58765eee4b8515ad1b4c4ddfb89814f95de2
trials=200
installed=200
false_install=200
