FSC-LEDGER-v1
mode=1
famfile=../../fixtures/fsc/fsc_N_b0.fsc
e 1 0 0 0 0 0 1 0 4653abc279de26c9baf208b7928a00e5308523c272e8ba5835d934872e565a9b
e 2 1 1 1 1 1 1 1 f2afb5b12c5c97883dbfc020f4b2dea530dfc2e550e2619f358817ca1d7f366a
e 3 2 2 2 2 2 1 2 c58f639db8da84c9b3ca8801bfcc45a3d33de2762b49e85a3f65fd0de91797ce
e 4 0 0 0 0 0 1 0 027b5ed988d906bf3e16fca526161376dac515c85af10ddbe7e344827fd2b276
e 5 1 1 1 1 1 1 1 c12576647b23f192568642fc593a1679c6d2655011af917c43067fd3ec80d359
e 6 2 2 2 2 2 1 2 6d2f5eddebf322fdd407a95c37f96fef01c2a099f54caf830df1519eb7431fe9
e 7 0 0 0 0 0 1 0 b2890c7863c69352ae30604ba227c9d65af067778bc4944c604a52dd62f01034
e 8 1 1 1 1 1 1 1 ac6f53a35cda449db2463c6c934ccecf78f1c8cc133c48ea86c27aa68bfccb02
e 9 2 2 2 2 2 1 2 f867f546a6c4ce303951551426108424b9136502bb31a09c3f83b2a30d6836bc
e 10 0 0 0 0 0 1 0 521a70474705f4dd40e514e8246f15771b17b056e2369041825ca1c9217ec0b7
e 11 1 1 1 1 1 1 1 8441547acdb9efb4e4be656537a8e1cdbb142e0f32046d38eb31a39b712d9c19
e 12 2 2 2 2 2 1 2 ddb305b921a9fd8ea2d81d0ff7a8b4895b4bcea21232373ce7cb865a3ecca6b4
e 13 0 0 0 0 0 1 0 9992aeae2992362267e9448f5f33bb570506e116c76514874c59f82d30d79fbc
e 14 1 1 1 1 1 1 1 322d0d20b14205c50d5f8ff89f15a4d582ff58282ac6572d0b030855130fda98
e 15 2 2 2 2 2 1 2 0207d918dcdf8613ed9843a8d00b6a5371120177e8d368ba1ce2e9caee3d8b5b
e 16 0 0 0 0 0 1 0 434b347766f352c60f965640d50842017f32674175d94cbe647ea6bc0bc4be67
e 17 1 1 1 1 1 1 1 080719b95d03bf477f94259e8b127fb4bb80bc1680a4bfa70c3a172359762d12
e 18 2 2 2 2 2 1 2 73d77436930d9b446f23a1a9c584c5113a79aa41ccbe133a83a9a9a92cf379de
e 19 0 0 0 0 0 1 0 a6fc6b212eebb4aedc282e50feafe39e356828f28a9440dbd5396c2d4bd31038
e 20 1 1 1 1 1 1 1 c23b7dcee852b5e3ce5e5bd53355b2242df9d7bc1c3c06605440f8a24f669e57
e 21 2 2 2 2 2 1 2 0ea0386f7e3ae4e0437e142f9ab1287d0ca0fbcbe5a14dbb8a8f7c60ad7c25cc
e 22 0 0 0 0 0 1 0 8a09de4bce3640e6e04cf5f339f21095a27f27e98ad5c54385ec8c0dcf9ff41f
e 23 1 1 1 1 1 1 1 1c8bc274cfb3e9f95f184daac196ce50eb6042d6a7f913ee1e68129eaddd503a
e 24 2 2 2 2 2 1 2 49aa6f390aa5af6841fbee5de839985ca3f3efa5d330dad059bb56024f23b6cd
e 25 0 0 0 0 0 1 0 966b22c72c39e502238bbc303aaa5b34b75dc374648c1391208e472ff28729f6
e 26 1 1 1 1 1 1 1 72e97579ecc57f78e758ebf8abac098a61fc454f419dfaf430a4ca623bfd9373
e 27 2 2 2 2 2 1 2 205e089d57a2d783dae11a6ab014b533237816ea4f5d9562efb129df870e1165
e 28 0 0 0 0 0 1 0 afc4ec80843f8a4bea1b6a7f02246d5ea6f5cf201cf816ed568d63d959d7ed32
e 29 1 1 1 1 1 1 1 6945b9966c82f7ab36db2e4bc1fa796c8d4c2e9e5dbe6b3f94d0ce61f1517b3b
e 30 2 2 2 2 2 1 2 3eab342b0c4cc6483b78e825d2dc98791eb3c1aa312c0150fee5ad58c67691b9
e 31 0 0 0 0 0 1 0 92376c7f543e2549ac64449a3e97ee32df43baaa0301904da40b0c29ed3bb239
e 32 1 1 1 1 1 1 1 20c38e0a2f500e75732a3e7de3b63f7aa5543f5401772e9f2b4c0b39a4fa097a
e 33 2 2 2 2 2 1 2 6e464208e5556871db8b75f8d7cbed48af8e629cf19ab282d9bdd579466cda7b
e 34 0 0 0 0 0 1 0 aa6e82456867b5a02f1b4cd5aae12684c5a08aa911f1f2b49ad017713228635c
e 35 1 1 1 1 1 1 1 70ec08c811cb1210e1c40d66f3dfd89826757da8bc71e6e86b667d75b71091b5
e 36 2 2 2 2 2 1 2 8b7a6c20bb9860b5f4141bbd7ab7bc237fa63878ce30dd4ae20b2e8f5c339b25
e 37 0 0 0 0 0 1 0 5b2ef376955323c708d5e1adb9fde3687e4c2f6b71e13098bf8143a808ac771c
e 38 1 1 1 1 1 1 1 0d783200c9646e4e83fa7755c227edcfcdc6b3940eb9569f7cf5db7b63ed2ad4
e 39 2 2 2 2 2 1 2 dc0eed962577e96ab90109d44bc0c5ea9b8686268499819193969add6a3b522d
e 40 0 0 0 0 0 1 0 adfb1cc1851bea80bddd6194e2b3d7a11e73a3df6a0f04da28fc039594da9790
e 41 1 1 1 1 1 1 1 1bb84dc258d39a8de0dd5c6a931b51742fbfe680ad49c6ae0d1f91c568390c93
e 42 2 2 2 2 2 1 2 1daa40ec80b1e8be63d4d1e33e12a32700cdc6b6f3d27aa0862a455b8c7cdbf5
e 43 0 0 0 0 0 1 0 c4b14c42853eece78fc01d9437f72b11ac3d7612ed4eb8f8f1647bf1ab8f6c36
e 44 1 1 1 1 1 1 1 0f5aa75d9a8c0c9c0bb9b759833211741c39d5b139474c3596e361e7568510c8
e 45 2 2 2 2 2 1 2 2ce23c0f3ee758fd5e21353372ae05235cade9cd430ae873b3e9b68d819b62ce
e 46 0 0 0 0 0 1 0 30b40d6f077793978e23768128fb40c72afaf9cbbe9452cbc058afe876d5ace5
e 47 1 1 1 1 1 1 1 364b9d347b0185c7a0ad8341786af6a36d76015f0bcef8aecac77a3203f9ed9a
e 48 2 2 2 2 2 1 2 26daaba2be164e40e98e5c29a176ff8559fab046e3647d6b3e396e69a1f7c78d
e 49 0 0 0 0 0 1 0 a410267ec1933d5dadcb02a8de151a520a6278361668c6fc0f2c7bbd377baaeb
e 50 1 1 1 1 1 1 1 d853f1581d5a4ed8d2ddb3d4025440366374ca340c0462a5cf3a01f16b1bf118
e 51 2 2 2 2 2 1 2 073943340df88db06732ffe61c94c3c2b80ec923a738a2b9464e8763bae1c629
e 52 0 0 0 0 0 1 0 b98ea049a1617fc5fc215988ca65abae7c611f2e15931c77e62f156c12532497
e 53 1 1 1 1 1 1 1 6e29af1bda37b1314ec8cf6d210e227631dfaf1ac949c8184f30657a4535887a
e 54 2 2 2 2 2 1 2 41e31de0a8286d6874f2012c8185db29466ce73bfa63450ba222a8ff165b01bc
e 55 0 0 0 0 0 1 0 eecee7562fa2cb8d77230a1dd43c1157bce4e60c70ab1067390d1afaa6b4399b
e 56 1 1 1 1 1 1 1 8e88396fc5a5690737b8743d80431a9a0fe8a1e29425fb50b89673e50fb9bdbd
e 57 2 2 2 2 2 1 2 6922d2c09da72e3189966c1b004fc2eb4457a0ae7d64a158da27e15d05fd4103
e 58 0 0 0 0 0 1 0 dbee62c7958844990581626303bd8a9cb33364b1230d91ad7c5acf089c067ccb
e 59 1 1 1 1 1 1 1 f640933447ffd26a7f5a11aa5c9a776b71504de7e67d62637e4f6f37aab55290
e 60 2 2 2 2 2 1 2 190b3a7b9d6c76d4fc5e94ff3f0c6a2aff9c239fa2c32d85855b445070d37bbd
e 61 0 0 0 0 0 1 0 24c8a0a6b8eba97b606564b78d41f958b53bcc220c7a81ab4a15e26aa4b72976
e 62 1 1 1 1 1 1 1 89877bea0d18d12f03adccc7cb96bf791a0b53ac6055fb266117fe8213352830
e 63 2 2 2 2 2 1 2 a5e6266bf5f3871ba78603f49b8b7260cea0eb26d7d07d3b266d6343be41ca22
e 64 0 0 0 0 0 1 0 dc6c985e6e1647db17cb79df29aa593fa69acb5dc91aa7e1d47f2064aabd541d
e 65 1 1 1 1 1 1 1 fec5c469e4f6b6a260b3da1058cdc9cd5125c903a868bc010ce1a651c964c546
e 66 2 2 2 2 2 1 2 6671e481fe221f3d56accd7e5084b44efca0a4c291bbe9b8993403e30913401b
e 67 0 0 0 0 0 1 0 9534465ab28a257138506ae64f9ba1dcbf248890a4f6682d0a183cc7ab01475a
e 68 1 1 1 1 1 1 1 60cdd22cb340f9bf768f22c862a313dcca8ccba76f7374bb392985ab42e5f502
e 69 2 2 2 2 2 1 2 3e4e80b1d2d4c471bf7536b181917904fbdb07bf894c58c95ded3ad91f46a4cf
e 70 0 0 0 0 0 1 0 763715412846a00fabb40c70f64fdc3f7e554044940c22801162e580077bc025
e 71 1 1 1 1 1 1 1 b69740f3a85c662003841d5ab8a9b8d92f8ec64cd6c90de4522c3ade0fc5c941
e 72 2 2 2 2 2 1 2 2359853eaad0b9b9320b81534b1e6df8ec9b70a5717b1be9839abba9814a7b2d
e 73 0 0 0 0 0 1 0 40587d8091ad908aa859d6f6296fd88dc34731a3af4cd4c8f4960b6a239c2f3a
e 74 1 1 1 1 1 1 1 e3eb7198193eb4d94ec2f82192626554e62a9e21a126c7e1bce60317f26d94ea
e 75 2 2 2 2 2 1 2 500f05b81a1debad3118c12136d5a53b4e27633fb866282d7b45ba3ba109f93b
e 76 0 0 0 0 0 1 0 da6c6f61d4e4b10ee8d53e1852e7445ab977d4215c4aca872f26d5b0186351c8
e 77 1 1 1 1 1 1 1 f1bcdbe0ffee574507ad84aad4542af0802b617dd0d2d211086e429ad406ebed
e 78 2 2 2 2 2 1 2 dbe58fc976b9c45e9a7dac9c0f063b9fd0d0ca4ecaa5e76ff454dd0c10e3c512
e 79 0 0 0 0 0 1 0 bff7d63733becb8963c9ecbe3fa9a92ac4b25e994fbbc7ffea7c80ef0e25f211
e 80 1 1 1 1 1 1 1 d4ce04c398737e2cd78cf21b0bdef4245aa9632f3ced872589a1360514349256
e 81 2 2 2 2 2 1 2 05c537166ec9faa5fe5c10d005ab951bbae18f69f82b6f0e7ac894333bae3629
e 82 0 0 0 0 0 1 0 f1f9bbacc3ccda49d7fa23f7ea7f22db6c0ba7ad403a62ffb38d5ec71cb3b247
e 83 1 1 1 1 1 1 1 44a686fb90b40fad8893b4ada60a2246692709aaa5f0333ec1d70184dd2681e5
e 84 2 2 2 2 2 1 2 50fb9181b40003a526956dabca1089b8b6793b6f99f0859933193fa3b155cd4d
e 85 0 0 0 0 0 1 0 eb09f2ed47fc96fefd77f90bcb7934c664f9358abc1f21f57a90d9f0946dccc2
e 86 1 1 1 1 1 1 1 e8f90aea9e38dbba17c48501116d380b40c6584e685f9ea4ee2b21d3c65f2bfd
e 87 2 2 2 2 2 1 2 68ef6e206c9a21503068e52a7dfa37bfc0dd24469c8c07a00b5b3628be7deeda
e 88 0 0 0 0 0 1 0 94f179bec59c0ce33f105abdb9e3e0b336bf1360b91278e16c21de1bc6e92753
e 89 1 1 1 1 1 1 1 c87e9daef6e75066e23b02a8ff9f10cf281341559069fb83bfce582d4e20c43b
e 90 2 2 2 2 2 1 2 8af23ccbdc5990cae6c088cc36c09dde5c648fc7148b335a2de7c6e78817af39
e 91 0 0 0 0 0 1 0 047153487521918a0751b12996084f4db5cbacc70afd3f90741559cfcfbc5b1e
e 92 1 1 1 1 1 1 1 a4c2e60f36e49fbb7b9bf13429407adc94e92f324448173d52fec3997a2c335e
e 93 2 2 2 2 2 1 2 8795c3c862ec8ee6550fba601e0867adf47fc26d0a9df0357c5fddbfd4790e87
e 94 0 0 0 0 0 1 0 da605c4c8ee3ce8bf74cc305d186cd3aea76ebdbb6ef3c6ff37bee8a143f9efa
e 95 1 1 1 1 1 1 1 32833661820b75783f479d4079a504266c524785acabebede7e4d97e24bded82
e 96 2 2 2 2 2 1 2 1c0cc79cb1fa7004703bc06201aecb493d46a9ce92708df774766e7fbf850d8d
e 97 0 0 0 0 0 1 0 2381988f03fe219c315ddf21864077ac85c1e15d29648d0c52b0d1019f838df8
e 98 1 1 1 1 1 1 1 616026a2c91ac6d5c386d0867471cd903d3b5984061f8a6d241465c2b215d707
e 99 2 2 2 2 2 1 2 d8ab38a392b8c31ea36519c5bcf61fad2ef665602d58816791b480ede94ae68c
e 100 0 0 0 0 0 1 0 eb2470e65e39ce95e6b8e6ee9397bdf6437c9a3d9f470e4bcaf4d015239aed32
e 101 1 1 1 1 1 1 1 6ec9dd9c97f7ecf6417d1e8529c93a37adb59dcd492f637dca3fbf7faf6c59c2
e 102 2 2 2 2 2 1 2 1002347571a0531277294f9a1d81a2ce5966380907410b6a74169e390f386d07
e 103 0 0 0 0 0 1 0 e1383027f92a741c5a3620a6010ff3dfaa5078a81e01ee8276cba7635c2a2091
e 104 1 1 1 1 1 1 1 d6ff66240c0541431499a5d72520e76ff14a8e5dce428ead8d95812614ff40e6
e 105 2 2 2 2 2 1 2 0787a4753363079221e9a2d205ee8d5c3cf93817305343098df9ea57edf0a069
e 106 0 0 0 0 0 1 0 1500ccb5662c78667242604348cb512b2dfb11ebcce746f249e89fadabbbd3f1
e 107 1 1 1 1 1 1 1 10f0cab51ed15451d93ae0d88b5a52c88bf6e514172ada192a558bfc451e100f
e 108 2 2 2 2 2 1 2 b849a40f8a49a2134cde8f78ebf6323327e8e2d8b216f5b8843a10ec3242df72
e 109 0 0 0 0 0 1 0 3f838f41f69cf820c7e0b0fb8da4659c2a70dff6b41a0cbbd4719474166b5d8c
e 110 1 1 1 1 1 1 1 765dada2672a1a559b2e683ada3cfccbdf30329374f26dac9c3c9fbed2b10593
e 111 2 2 2 2 2 1 2 3cced0ce0bd5c3118e7cc34f691e21ab723b470d35e065583bd8f2c602fb6cc4
e 112 0 0 0 0 0 1 0 71b117f977334972624556a2e416b2f5b7546b7dab8f2d3705e00ff9a6bca897
e 113 1 1 1 1 1 1 1 a87aabf4257301a8651ce70da0112158dab58f01ad7b72e0fba91a0b4c4493c0
e 114 2 2 2 2 2 1 2 a4380124eeaa486937ca5e9c5cf9701b9852b1d43842ca520a9620c3b934fab1
e 115 0 0 0 0 0 1 0 7ae6281eaaa8e9d6514f8eb600c66d9610bbeb2a2f5f70232698562498a0d9d0
e 116 1 1 1 1 1 1 1 6247ed3e8074666bca6907061d0120aaa23d1520bf328fdd3be2e67311df8400
e 117 2 2 2 2 2 1 2 64d7f8c04f56bfcda9f1d90e398a7850488cff8f5f299d5e421f0bb6b28aa964
e 118 0 0 0 0 0 1 0 8dd5e28315e2f2e8732eda7dc0cb04cd35cf95e3a79a42f02cad439c014803c4
e 119 1 1 1 1 1 1 1 de7a391e1fb93e16ed1d5342a1abc705b3c518d4766a01a526f6b128600eb24c
e 120 2 2 2 2 2 1 2 68d6b4340f122306230ae027d11bf984bceb65fb55c9db118f63166ed600c0ea
e 121 0 0 0 0 0 1 0 13a6df288bc62e788999190c75b2de382cbc17f20ff1901fdff38efb00c9901a
e 122 1 1 1 1 1 1 1 bea24f9a13e13df58143ff9caf666c4bc2a0e8dca0716e04c0b3c5451e30515e
e 123 2 2 2 2 2 1 2 d16288986aad0d89d09ecdbcc20e12bf0d37a5c25d8d238dd7673a3ae9c36c3e
e 124 0 0 0 0 0 1 0 f3db059245e0ebce2c06c5ddfb7b651f21d5f1c31cded83dc5cb0f8b8173ee56
e 125 1 1 1 1 1 1 1 bac1da708142114ecddda108bf2797c48d0704ab7ed4cc9ef69eb49bff98259d
e 126 2 2 2 2 2 1 2 60640f67ef1469369a42bdeb4d60a7139e470074b212b71a84aa2c075cbe61a8
e 127 0 0 0 0 0 1 0 3fc3ec756ae7dd1084457d4eda178c47dbb3b4830c067b14da7e285b821c5e65
e 128 1 1 1 1 1 1 1 688299b83d9dc150f33f54bc602b1bbc9ee56f3bbc5596053bf3b91d2ed93863
e 129 2 2 2 2 2 1 2 f9ed76e461abac251357297c2ef83c5db43f5ccc5f1fdd5360ed41fd7754bdbf
e 130 0 0 0 0 0 1 0 86f9ef47806d7ac59a904809c9e31ef8ae942012e16fbaed92bc8b7dc6d8d587
e 131 1 1 1 1 1 1 1 13128a96614a76b1c9705d05c21c1e0f34a0d655f8ded85d35c786548408f976
e 132 2 2 2 2 2 1 2 1f1a296a774847afe0b41eb71db92151f66e82e98f0d95af5b620d75a8869b58
e 133 0 0 0 0 0 1 0 e3e9625838fff70d7be1b0f6c0ffe819df03d1edb4afb9d5c9e6a3b8c2bf0833
e 134 1 1 1 1 1 1 1 81550d11d5d92231c5000f3964b9235c146f036edbc67467c4b7e976306c3b61
e 135 2 2 2 2 2 1 2 817f2a1f418672bc52570efdf9d4835444459b5d30839478c8472c5c4234d5ec
e 136 0 0 0 0 0 1 0 657752d26f93c60cbae980658cdb43669738df8f08f8f59ae1edd9bb457378fa
e 137 1 1 1 1 1 1 1 d0dfbf1e84e16297480889041ca85074d55ae189b113124e2ee8078511096b6a
e 138 2 2 2 2 2 1 2 730a59979183a1d07e405af015a1d4adab51aca5e9660bde437a817552eae15d
e 139 0 0 0 0 0 1 0 82c9e13e219537c8905cd7b96a9f7a08fe358dfb9ec0716d484a96fe4ced420e
e 140 1 1 1 1 1 1 1 acba7c9e58c96cddc0b7373561bf58dbb30613661be94b90e1ec3641ea514194
e 141 2 2 2 2 2 1 2 fa4dfb775762c9bea22200e09ab3c6d7db04dff288573a6d9d7ea98c4827c2dc
e 142 0 0 0 0 0 1 0 1a4281c84501a51576c0f6bb2b02123e018d4ae242e7062809c6285589230b09
e 143 1 1 1 1 1 1 1 8400a28a2c3adb34e5591cfda396d2792469262343a58e6fd38697ce7b030f22
e 144 2 2 2 2 2 1 2 c16b48f10a9c5eaea71129f9ae4b74280eb1e77966ca529397ff84641a06fef1
e 145 0 0 0 0 0 1 0 cfcf6ef3a20329903dca12d8262373dabcc4deeaae4c8ce7668160cac37a40fd
e 146 1 1 1 1 1 1 1 90bac816b3815c19bfcc3a2574f50bb63d34657c26906cc8dc763745058350ef
e 147 2 2 2 2 2 1 2 c6c73e2c5c0798e07d95e137b8bebe411d6f8ac0265291e35bb7a56d18e5959e
e 148 0 0 0 0 0 1 0 5acf68a5182f9ef92adf69208c459618e6c3a66c3ef903f96e4309565bd43a6b
e 149 1 1 1 1 1 1 1 765b2621318c9540d20d864463922404d5c2c73af08f60e0a31a7feebc999e7f
e 150 2 2 2 2 2 1 2 43dfe1c75df5692befe05275c67d6cd3ec76a4125749a444f996d5b2186ed429
e 151 0 0 0 0 0 1 0 f9b63bdca198e7a429dc11ec90adef0aa86f05ef9371313c2399225331eb1ee7
e 152 1 1 1 1 1 1 1 d9ca3259c348b10981413753fd4b9ca604ecb73e62999cbb6a0201864732924d
e 153 2 2 2 2 2 1 2 52039993b8260651e0c43904f59ee98996b134fdd13df6a84aab2624ca0061e8
e 154 0 0 0 0 0 1 0 9e67527e5a95289e7f43724d5fd7e210aa4212feef39d009d3281f98f0fec366
e 155 1 1 1 1 1 1 1 80222b86af5480b26e96a7713aaecb7243b96c8e44925873b6fdabe625f89f8d
e 156 2 2 2 2 2 1 2 f36f2f07641262a59d7986d1290bd1f0978da13863c9473a645d5c9a895d86a5
e 157 0 0 0 0 0 1 0 8e40a30cf5055e734b5c6b2d24bc3e36c63f81763a06ac2f7a7ff87fc458168c
e 158 1 1 1 1 1 1 1 98a1edcd344e40261040191db0795023cc3f856d5f7bcc0d554e59722496efdd
e 159 2 2 2 2 2 1 2 d6cc391a101dd42110796327129a4681415406075375dd01a83b98358bf853ae
e 160 0 0 0 0 0 1 0 e681bbf5546d2c5453749349c4e7f8724f406db1fd08136e86be27953910573d
e 161 1 1 1 1 1 1 1 308b93e6e010a8a9faab77f7fd5f5c5b8120dcc4c0bd4382d7adff3c7a3a0b17
e 162 2 2 2 2 2 1 2 d2a4bbcd4d9519dbe649ef133f8b02ba66ab8893f75e0befe8a38f05cf4aa8c1
e 163 0 0 0 0 0 1 0 3db960247a8b8b0957cbe6318675daf56bcbc41b0ab6924766cb6c22de017c4a
e 164 1 1 1 1 1 1 1 468aa164ddf7a01cce833281db8d223a7171040e3d41b6b8ae4cf9d320236769
e 165 2 2 2 2 2 1 2 54f6849463ad810b8fc25a01c8ede2fc6d9fcb9df26b58127e9daa8c1cc23bbb
e 166 0 0 0 0 0 1 0 2e54dfe57b520a20e6458662848e1e55036256f4273f8b1445042bfe0a971985
e 167 1 1 1 1 1 1 1 0d2ace43602ae9cc3f6fca18e220dd44bb74eec2dfbd8d06c8ddb8c8160718f9
e 168 2 2 2 2 2 1 2 924a2bc662b5b4c18574269e229bd7083a88d8c375aa87a0be6db99c3cfef4b2
e 169 0 0 0 0 0 1 0 46997e79128fe2f1e8a553e16e038938b231cddca5462cbb486051e1e7eef920
e 170 1 1 1 1 1 1 1 e508b94df4fb2883ed90c7d95ca04f4e3680878bc098623de7f76a29034e1c3a
e 171 2 2 2 2 2 1 2 61e5c1ff92d6def72912c1f9e01f55ecb7e5cb90af8ce8fe3353eeb663e22bf5
e 172 0 0 0 0 0 1 0 a9d946aa86541bb74d0da199d8baa9b1ca2aab23bd2583de8d5ed46e9415322c
e 173 1 1 1 1 1 1 1 3f16587a5d1b0cb242cd1ea31149fbf32ab807207c233e6fed0207cee5f939ce
e 174 2 2 2 2 2 1 2 317e279e6f3f8d6b90ddc7c301207f190a188fd8ae234b9c1af6743a2898ce20
e 175 0 0 0 0 0 1 0 65920627eb605ac57b24662c09834c0a810c14dd7d40bb48cf371dc853ea6bcf
e 176 1 1 1 1 1 1 1 42f8c7cddf823bdd8ac374a3910c31aab91227f115bdf5dc640daa0c2148d2f6
e 177 2 2 2 2 2 1 2 2ae7ab9aeefdd96a76d1e25371afb8780d42f1bfb7c12d59edbffb9c8f2542a4
e 178 0 0 0 0 0 1 0 28d16cc00f759f004c6c53186b8ef919f696a08994783fa4d711cf38d0e1b848
e 179 1 1 1 1 1 1 1 f51bc0c5caa10d9e93e400de9bdd2f3a71cfa5f77d92b7c5c90adae3dd19a30e
e 180 2 2 2 2 2 1 2 028b89b6b4f4aabee8f10b6d24863790575a08a317ed6972ae3757a1e8089224
e 181 0 0 0 0 0 1 0 6420308cf294fd7f3d73facf6cd4053265e2e9e3dfe94c2ebf33658df13098f5
e 182 1 1 1 1 1 1 1 5da056baf9b2017ad444fc5b6e5e20c14eee8f7603663a5a88f27e4cf3e222dd
e 183 2 2 2 2 2 1 2 38e803e4ed220a557d57d25e03858b14ea7596a8d83ef485b169cf3b27a4dd6c
e 184 0 0 0 0 0 1 0 9f9ad127426a970ef752a5ed5b66e614d109c7db35a6266c4fc1a92cb6470292
e 185 1 1 1 1 1 1 1 e89a5f164673c988b0d249e561d3e7f8ba2f9c6bcccf9cf8d32258fac94b62b2
e 186 2 2 2 2 2 1 2 0773051dca79201c861deae8296e5792d2281078ae3bf51be31753cd95728d0c
e 187 0 0 0 0 0 1 0 eaa3083ea3219a735591f2345e101a121b88014b8af001065283e2b2da3cde21
e 188 1 1 1 1 1 1 1 2e1e789cdeef6cc9ba9393081e3616bf226adfaeaa8a2919145b82d3945e80bb
e 189 2 2 2 2 2 1 2 668e6b7bb6c368f916762728d14730f900f15a62701ba3e89308d86eb469ff1f
e 190 0 0 0 0 0 1 0 d47297dbd503c6ebb6eeb1554331b47872dcd7b8486c5e3c8bf20668139e8224
e 191 1 1 1 1 1 1 1 e180d8db402ba44b49f24de74a19bd2914bb24b1088d659c5311974a78fe9d46
e 192 2 2 2 2 2 1 2 8305cf8def6913a05b22a60acf626606a74cf45b8431fea4778786f0d6f6b7e3
e 193 0 0 0 0 0 1 0 b665ef254f181f6bfa22de847b5fbee2aa13f6cac8b0a9ad9761d4c8ae01da17
e 194 1 1 1 1 1 1 1 4b3ccd17095aa43f5675a398ee39fca7b950f42259dbd7d58de897723cb6392e
e 195 2 2 2 2 2 1 2 13ef91ebaa957624812e7f7cbba5768b2a4e31f25b3d6118bb640d6602d7c09f
e 196 0 0 0 0 0 1 0 a4ca64ba0bd511dcae995c9965f713447f4de214e17fbb93e660111b947ba0a9
e 197 1 1 1 1 1 1 1 1bdc2a9083ec8fc303c4d4a1612da33ff86acacf040082aa69b0e6daeff2c655
e 198 2 2 2 2 2 1 2 441e3c8c6952e71da2476a4fc2159e3c8325529d13d1950cc8d87de41cc45b31
e 199 0 0 0 0 0 1 0 2ddd238c652b80cafad6dc68ea19dfa9bab78bfc82e624ebffbb0f8c4deb2436
e 200 1 1 1 1 1 1 1 75369af1be3830f078d7de9eb4ffe74d81b6ad5b3e43ceb4c4158712f19e9b89
final=75369af1be3830f078d7de9eb4ffe74d81b6ad5b3e43ceb4c4158712f19e9b89
trials=200
installed=200
false_install=0
