OBSERVE 50201 50601 50901
OBSERVE 50201 50602 50902
OBSERVE 50202 50601 50901
OBSERVE 50202 50602 50902
OBSERVE 50203 50603 50903
OBSERVE 50203 50604 50904
OBSERVE 50204 50603 50903
OBSERVE 50204 50604 50904
OBSERVE 50205 50601 50902
OBSERVE 50205 50602 50901
OBSERVE 50205 50603 50904
OBSERVE 50205 50604 50903
QUERY 50206 50601 50901
QUERY 50206 50602 50902
QUERY 50206 50603 50903
QUERY 50206 50604 50904
QUERY 50207 50601 50901
QUERY 50207 50602 50902
QUERY 50207 50603 50903
QUERY 50207 50604 50904
QUERY 50205 50601 50902
QUERY 50205 50602 50901
QUERY 50205 50603 50904
QUERY 50205 50604 50903
