OBSERVE 52911 52950 52921
OBSERVE 52912 52950 52922
OBSERVE 52913 52950 52923
OBSERVE 52914 52950 52924
OBSERVE 52915 52950 52925
OBSERVE 52916 52950 52926
OBSERVE 52201 52600 52208
OBSERVE 52202 52600 52209
OBSERVE 52203 52600 52210
OBSERVE 52204 52600 52211
OBSERVE 52205 52600 52212
OBSERVE 52206 52600 52213
OBSERVE 52207 52600 52214
OBSERVE 52208 52600 52215
QUERY 52201 52601 52208
QUERY 52202 52601 52209
QUERY 52203 52601 52210
QUERY 52204 52601 52211
OBSERVE 52201 52600 52221
OBSERVE 52202 52600 52213
OBSERVE 52203 52600 52214
OBSERVE 52204 52600 52215
OBSERVE 52821 52850 52831
OBSERVE 52822 52850 52832
OBSERVE 52823 52850 52833
OBSERVE 52824 52850 52834
OBSERVE 52825 52850 52835
OBSERVE 52826 52850 52836
OBSERVE 52827 52850 52837
OBSERVE 52828 52850 52838
OBSERVE 52829 52850 52839
OBSERVE 52830 52850 52840
OBSERVE 52831 52850 52841
OBSERVE 52832 52850 52842
QUERY 52201 52601 52208
QUERY 52202 52601 52213
QUERY 52203 52601 52214
QUERY 52204 52601 52215
QUERY 52205 52601 52216
QUERY 52206 52601 52217
QUERY 52911 52950 52921
QUERY 52912 52950 52922
QUERY 52913 52950 52923
QUERY 52914 52950 52924
QUERY 52915 52950 52925
QUERY 52916 52950 52926
