Q2 1 1 925
E 1 1 0 1 3 0 1003 3001 3101 3202 0 0 0
E 1 1 1 1 2 2 1003 3000 3100 3200 0 0 0
E 1 1 2 1 4 7 1003 3002 3101 3201 0 0 0
Q2 1 2 745
E 1 2 0 1 2 1 2003 3000 3100 3200 0 0 0
E 1 2 1 1 1 4 2003 3002 3101 3201 0 0 0
E 1 2 2 1 4 7 2004 3002 3101 3201 0 0 0
E 1 2 3 1 4 7 1027 3002 3101 3201 0 0 0
Q2 1 3 940
E 1 3 0 2 1 26 5000 0 0 0 0 0 0
E 1 3 1 2 1 26 5000 0 0 0 0 0 0
E 1 3 2 2 1 26 5000 0 0 0 0 0 0
E 1 3 3 2 1 27 5000 0 0 0 0 0 0
Q2 1 4 790
E 1 4 0 2 1 19 5000 0 0 0 0 0 0
E 1 4 1 2 1 20 5000 0 0 0 0 0 0
E 1 4 2 2 1 19 5000 0 0 0 0 0 0
Q2 1 5 800
E 1 5 0 3 1 6 5 1 1 0 0 0 0
E 1 5 1 3 1 6 5 2 2 0 0 0 0
E 1 5 2 3 1 6 0 4294967295 3 0 0 0 0
E 1 5 3 3 1 7 0 4294967295 4 0 0 0 0
E 1 5 4 3 1 8 0 4294967295 5 0 0 0 0
Q2 1 6 1000
E 1 6 0 3 2 0 0 4294967295 1 0 0 0 0
E 1 6 1 3 2 1 0 4294967295 2 0 0 0 0
E 1 6 2 3 2 2 0 4294967295 3 0 0 0 0
E 1 6 3 3 2 3 0 4294967295 4 0 0 0 0
