Q2 0 1 597
E 0 1 0 1 3 500 167 80 80 200 60 30 0
E 0 1 1 1 2 500 500 100 100 200 60 30 0
E 0 1 2 1 4 500 833 200 60 240 200 90 0
Q2 0 2 678
E 0 2 0 1 2 500 500 120 120 120 170 230 0
E 0 2 1 1 1 500 500 200 120 220 220 225 0
E 0 2 2 1 4 500 833 160 50 240 200 90 0
E 0 2 3 1 4 500 833 160 50 20 20 20 0
Q2 0 3 916
E 0 3 0 2 1 262 250 800 0 0 0 0 0
E 0 3 1 2 1 262 250 800 0 0 0 0 0
E 0 3 2 2 1 349 250 800 0 0 0 0 0
E 0 3 3 2 1 523 250 800 0 0 0 0 0
Q2 0 4 1000
E 0 4 0 2 1 262 150 800 0 0 0 0 0
E 0 4 1 2 1 523 150 800 0 0 0 0 0
E 0 4 2 2 1 349 150 800 0 0 0 0 0
Q2 0 5 300
E 0 5 0 3 1 200 850 200 40 0 0 0 0
E 0 5 1 3 1 200 850 120 80 0 0 0 0
E 0 5 2 3 1 200 850 0 120 0 0 0 0
E 0 5 3 3 1 500 850 0 160 0 0 0 0
E 0 5 4 3 1 800 850 0 200 0 0 0 0
Q2 0 6 875
E 0 6 0 3 2 167 167 0 50 0 0 0 0
E 0 6 1 3 2 167 500 0 100 0 0 0 0
E 0 6 2 3 2 500 500 0 150 0 0 0 0
E 0 6 3 3 2 833 500 0 200 0 0 0 0
