0000000000000000000000000000000000000000000000000000000000000000|0000000000000000000000000000000000000000000000000000000000000000|0|3|rt4_TMB-5_A19_0000.r24|2|1|RICH|650|0|3700|0000000000000000000000000000000000000000000000000000000000000000|DARK|1|650|DISP=ACCEPT_INSTALL|DETAIL=rt3_A19
0000000000000000000000000000000000000000000000000000000000000000|0000000000000000000000000000000000000000000000000000000000000000|0|3|rt4_TMB-5_A19_0001.r24|2|1|RICH|650|0|4200|0000000000000000000000000000000000000000000000000000000000000000|DARK|1|650|DISP=ACCEPT_INSTALL|DETAIL=rt3_A19
0000000000000000000000000000000000000000000000000000000000000000|0000000000000000000000000000000000000000000000000000000000000000|0|3|rt4_TMB-5_A19_0002.r24|2|1|RICH|660|0|3700|0000000000000000000000000000000000000000000000000000000000000000|DARK|1|660|DISP=ACCEPT_INSTALL|DETAIL=rt3_A19
0000000000000000000000000000000000000000000000000000000000000000|0000000000000000000000000000000000000000000000000000000000000000|0|3|rt4_TMB-5_A19_0003.r24|2|1|RICH|660|0|4200|0000000000000000000000000000000000000000000000000000000000000000|DARK|1|660|DISP=ACCEPT_INSTALL|DETAIL=rt3_A19
0000000000000000000000000000000000000000000000000000000000000000|0000000000000000000000000000000000000000000000000000000000000000|0|3|rt4_TMB-5_A19_0004.r24|2|1|RICH|670|0|3700|0000000000000000000000000000000000000000000000000000000000000000|DARK|1|670|DISP=ACCEPT_INSTALL|DETAIL=rt3_A19
0000000000000000000000000000000000000000000000000000000000000000|0000000000000000000000000000000000000000000000000000000000000000|0|3|rt4_TMB-5_A19_0005.r24|2|1|RICH|670|0|4200|0000000000000000000000000000000000000000000000000000000000000000|DARK|1|670|DISP=ACCEPT_INSTALL|DETAIL=rt3_A19
0000000000000000000000000000000000000000000000000000000000000000|0000000000000000000000000000000000000000000000000000000000000000|0|3|rt4_TMB-5_A19_0006.r24|2|1|RICH|680|0|3700|0000000000000000000000000000000000000000000000000000000000000000|DARK|1|680|DISP=ACCEPT_INSTALL|DETAIL=rt3_A19
0000000000000000000000000000000000000000000000000000000000000000|0000000000000000000000000000000000000000000000000000000000000000|0|3|rt4_TMB-5_A19_0007.r24|2|1|RICH|680|0|4200|0000000000000000000000000000000000000000000000000000000000000000|DARK|1|680|DISP=ACCEPT_INSTALL|DETAIL=rt3_A19
0000000000000000000000000000000000000000000000000000000000000000|0000000000000000000000000000000000000000000000000000000000000000|0|3|rt4_TMB-5_A19_0008.r24|2|1|RICH|690|0|3700|0000000000000000000000000000000000000000000000000000000000000000|DARK|1|690|DISP=ACCEPT_INSTALL|DETAIL=rt3_A19
0000000000000000000000000000000000000000000000000000000000000000|0000000000000000000000000000000000000000000000000000000000000000|0|3|rt4_TMB-5_A19_0009.r24|2|1|RICH|690|0|4200|0000000000000000000000000000000000000000000000000000000000000000|DARK|1|690|DISP=ACCEPT_INSTALL|DETAIL=rt3_A19
0000000000000000000000000000000000000000000000000000000000000000|0000000000000000000000000000000000000000000000000000000000000000|0|3|rt4_TMB-5_A19_0010.r24|2|1|RICH|700|0|3700|0000000000000000000000000000000000000000000000000000000000000000|DARK|1|700|DISP=ACCEPT_INSTALL|DETAIL=rt3_A19
0000000000000000000000000000000000000000000000000000000000000000|0000000000000000000000000000000000000000000000000000000000000000|0|3|rt4_TMB-5_A19_0011.r24|2|1|RICH|700|0|4200|0000000000000000000000000000000000000000000000000000000000000000|DARK|1|700|DISP=ACCEPT_INSTALL|DETAIL=rt3_A19
0000000000000000000000000000000000000000000000000000000000000000|0000000000000000000000000000000000000000000000000000000000000000|0|3|rt4_TMB-5_A19_0012.r24|2|1|RICH|710|0|3700|0000000000000000000000000000000000000000000000000000000000000000|DARK|1|710|DISP=ACCEPT_INSTALL|DETAIL=rt3_A19
0000000000000000000000000000000000000000000000000000000000000000|0000000000000000000000000000000000000000000000000000000000000000|0|3|rt4_TMB-5_A19_0013.r24|2|1|RICH|710|0|4200|0000000000000000000000000000000000000000000000000000000000000000|DARK|1|710|DISP=ACCEPT_INSTALL|DETAIL=rt3_A19
0000000000000000000000000000000000000000000000000000000000000000|0000000000000000000000000000000000000000000000000000000000000000|0|3|rt4_TMB-5_A19_0014.r24|2|1|RICH|720|0|3700|0000000000000000000000000000000000000000000000000000000000000000|DARK|1|720|DISP=ACCEPT_INSTALL|DETAIL=rt3_A19
0000000000000000000000000000000000000000000000000000000000000000|0000000000000000000000000000000000000000000000000000000000000000|0|3|rt4_TMB-5_A19_0015.r24|2|1|RICH|720|0|4200|0000000000000000000000000000000000000000000000000000000000000000|DARK|1|720|DISP=ACCEPT_INSTALL|DETAIL=rt3_A19
0000000000000000000000000000000000000000000000000000000000000000|0000000000000000000000000000000000000000000000000000000000000000|0|3|rt4_TMB-5_A19_0016.r24|2|1|RICH|730|0|3700|0000000000000000000000000000000000000000000000000000000000000000|DARK|1|730|DISP=ACCEPT_INSTALL|DETAIL=rt3_A19
0000000000000000000000000000000000000000000000000000000000000000|0000000000000000000000000000000000000000000000000000000000000000|0|3|rt4_TMB-5_A19_0017.r24|2|1|RICH|730|0|4200|0000000000000000000000000000000000000000000000000000000000000000|DARK|1|730|DISP=ACCEPT_INSTALL|DETAIL=rt3_A19
0000000000000000000000000000000000000000000000000000000000000000|0000000000000000000000000000000000000000000000000000000000000000|0|3|rt4_TMB-5_A19_0018.r24|2|1|RICH|740|0|3700|0000000000000000000000000000000000000000000000000000000000000000|DARK|1|740|DISP=ACCEPT_INSTALL|DETAIL=rt3_A19
0000000000000000000000000000000000000000000000000000000000000000|0000000000000000000000000000000000000000000000000000000000000000|0|3|rt4_TMB-5_A19_0019.r24|2|1|RICH|740|0|4200|0000000000000000000000000000000000000000000000000000000000000000|DARK|1|740|DISP=ACCEPT_INSTALL|DETAIL=rt3_A19
0000000000000000000000000000000000000000000000000000000000000000|0000000000000000000000000000000000000000000000000000000000000000|0|3|rt4_TMB-5_A19_0020.r24|2|1|RICH|750|0|3700|0000000000000000000000000000000000000000000000000000000000000000|DARK|1|750|DISP=ACCEPT_INSTALL|DETAIL=rt3_A19
0000000000000000000000000000000000000000000000000000000000000000|0000000000000000000000000000000000000000000000000000000000000000|0|3|rt4_TMB-5_A19_0021.r24|2|1|RICH|750|0|4200|0000000000000000000000000000000000000000000000000000000000000000|DARK|1|750|DISP=ACCEPT_INSTALL|DETAIL=rt3_A19
0000000000000000000000000000000000000000000000000000000000000000|0000000000000000000000000000000000000000000000000000000000000000|0|3|rt4_TMB-5_A19_0022.r24|2|1|RICH|760|0|3700|0000000000000000000000000000000000000000000000000000000000000000|DARK|1|760|DISP=ACCEPT_INSTALL|DETAIL=rt3_A19
0000000000000000000000000000000000000000000000000000000000000000|0000000000000000000000000000000000000000000000000000000000000000|0|3|rt4_TMB-5_A19_0023.r24|2|1|RICH|760|0|4200|0000000000000000000000000000000000000000000000000000000000000000|DARK|1|760|DISP=ACCEPT_INSTALL|DETAIL=rt3_A19
0000000000000000000000000000000000000000000000000000000000000000|0000000000000000000000000000000000000000000000000000000000000000|0|3|rt4_TMB-5_A19_0024.r24|2|1|RICH|770|0|3700|0000000000000000000000000000000000000000000000000000000000000000|DARK|1|770|DISP=ACCEPT_INSTALL|DETAIL=rt3_A19
0000000000000000000000000000000000000000000000000000000000000000|0000000000000000000000000000000000000000000000000000000000000000|0|3|rt4_TMB-5_A19_0025.r24|2|1|RICH|770|0|4200|0000000000000000000000000000000000000000000000000000000000000000|DARK|1|770|DISP=ACCEPT_INSTALL|DETAIL=rt3_A19
0000000000000000000000000000000000000000000000000000000000000000|0000000000000000000000000000000000000000000000000000000000000000|0|3|rt4_TMB-5_A19_0026.r24|2|1|RICH|780|0|3700|0000000000000000000000000000000000000000000000000000000000000000|DARK|1|780|DISP=ACCEPT_INSTALL|DETAIL=rt3_A19
0000000000000000000000000000000000000000000000000000000000000000|0000000000000000000000000000000000000000000000000000000000000000|0|3|rt4_TMB-5_A19_0027.r24|2|1|RICH|780|0|4200|0000000000000000000000000000000000000000000000000000000000000000|DARK|1|780|DISP=ACCEPT_INSTALL|DETAIL=rt3_A19
0000000000000000000000000000000000000000000000000000000000000000|0000000000000000000000000000000000000000000000000000000000000000|0|3|rt4_TMB-5_A19_0028.r24|2|1|RICH|790|0|3700|0000000000000000000000000000000000000000000000000000000000000000|DARK|1|790|DISP=ACCEPT_INSTALL|DETAIL=rt3_A19
0000000000000000000000000000000000000000000000000000000000000000|0000000000000000000000000000000000000000000000000000000000000000|0|3|rt4_TMB-5_A19_0029.r24|2|1|RICH|790|0|4200|0000000000000000000000000000000000000000000000000000000000000000|DARK|1|790|DISP=ACCEPT_INSTALL|DETAIL=rt3_A19
0000000000000000000000000000000000000000000000000000000000000000|0000000000000000000000000000000000000000000000000000000000000000|0|3|rt4_TMB-5_A19_0030.r24|2|1|RICH|800|0|3700|0000000000000000000000000000000000000000000000000000000000000000|DARK|1|800|DISP=ACCEPT_INSTALL|DETAIL=rt3_A19
0000000000000000000000000000000000000000000000000000000000000000|0000000000000000000000000000000000000000000000000000000000000000|0|3|rt4_TMB-5_A19_0031.r24|2|1|RICH|800|0|4200|0000000000000000000000000000000000000000000000000000000000000000|DARK|1|800|DISP=ACCEPT_INSTALL|DETAIL=rt3_A19
0000000000000000000000000000000000000000000000000000000000000000|0000000000000000000000000000000000000000000000000000000000000000|0|3|rt4_TMB-5_A19_0032.r24|2|1|RICH|810|0|3700|0000000000000000000000000000000000000000000000000000000000000000|DARK|1|810|DISP=ACCEPT_INSTALL|DETAIL=rt3_A19
0000000000000000000000000000000000000000000000000000000000000000|0000000000000000000000000000000000000000000000000000000000000000|0|3|rt4_TMB-5_A19_0033.r24|2|1|RICH|810|0|4200|0000000000000000000000000000000000000000000000000000000000000000|DARK|1|810|DISP=ACCEPT_INSTALL|DETAIL=rt3_A19
0000000000000000000000000000000000000000000000000000000000000000|0000000000000000000000000000000000000000000000000000000000000000|0|3|rt4_TMB-5_A19_0034.r24|2|1|RICH|820|0|3700|0000000000000000000000000000000000000000000000000000000000000000|DARK|1|820|DISP=ACCEPT_INSTALL|DETAIL=rt3_A19
0000000000000000000000000000000000000000000000000000000000000000|0000000000000000000000000000000000000000000000000000000000000000|0|3|rt4_TMB-5_A19_0035.r24|2|1|RICH|820|0|4200|0000000000000000000000000000000000000000000000000000000000000000|DARK|1|820|DISP=ACCEPT_INSTALL|DETAIL=rt3_A19
0000000000000000000000000000000000000000000000000000000000000000|0000000000000000000000000000000000000000000000000000000000000000|0|3|rt4_TMB-5_A19_0036.r24|2|1|RICH|830|0|3700|0000000000000000000000000000000000000000000000000000000000000000|DARK|1|830|DISP=ACCEPT_INSTALL|DETAIL=rt3_A19
0000000000000000000000000000000000000000000000000000000000000000|0000000000000000000000000000000000000000000000000000000000000000|0|3|rt4_TMB-5_A19_0037.r24|2|1|RICH|830|0|4200|0000000000000000000000000000000000000000000000000000000000000000|DARK|1|830|DISP=ACCEPT_INSTALL|DETAIL=rt3_A19
0000000000000000000000000000000000000000000000000000000000000000|0000000000000000000000000000000000000000000000000000000000000000|0|3|rt4_TMB-5_A19_0038.r24|2|1|RICH|840|0|3700|0000000000000000000000000000000000000000000000000000000000000000|DARK|1|840|DISP=ACCEPT_INSTALL|DETAIL=rt3_A19
0000000000000000000000000000000000000000000000000000000000000000|0000000000000000000000000000000000000000000000000000000000000000|0|3|rt4_TMB-5_A19_0039.r24|2|1|RICH|840|0|4200|0000000000000000000000000000000000000000000000000000000000000000|DARK|1|840|DISP=ACCEPT_INSTALL|DETAIL=rt3_A19
0000000000000000000000000000000000000000000000000000000000000000|0000000000000000000000000000000000000000000000000000000000000000|0|3|rt4_TMB-5_A19_0040.r24|2|1|RICH|850|0|2200|0000000000000000000000000000000000000000000000000000000000000000|DARK|1|850|DISP=ACCEPT_INSTALL|DETAIL=rt3_A19
0000000000000000000000000000000000000000000000000000000000000000|0000000000000000000000000000000000000000000000000000000000000000|0|3|rt4_TMB-5_A19_0041.r24|2|1|RICH|850|0|2700|0000000000000000000000000000000000000000000000000000000000000000|DARK|1|850|DISP=ACCEPT_INSTALL|DETAIL=rt3_A19
0000000000000000000000000000000000000000000000000000000000000000|0000000000000000000000000000000000000000000000000000000000000000|0|3|rt4_TMB-5_A19_0042.r24|2|1|RICH|850|0|3200|0000000000000000000000000000000000000000000000000000000000000000|DARK|1|850|DISP=ACCEPT_INSTALL|DETAIL=rt3_A19
0000000000000000000000000000000000000000000000000000000000000000|0000000000000000000000000000000000000000000000000000000000000000|0|3|rt4_TMB-5_A19_0043.r24|2|1|RICH|850|0|3700|0000000000000000000000000000000000000000000000000000000000000000|DARK|1|850|DISP=ACCEPT_INSTALL|DETAIL=rt3_A19
0000000000000000000000000000000000000000000000000000000000000000|0000000000000000000000000000000000000000000000000000000000000000|0|3|rt4_TMB-5_A19_0044.r24|2|1|RICH|850|0|4200|0000000000000000000000000000000000000000000000000000000000000000|DARK|1|850|DISP=ACCEPT_INSTALL|DETAIL=rt3_A19
0000000000000000000000000000000000000000000000000000000000000000|0000000000000000000000000000000000000000000000000000000000000000|0|3|rt4_TMB-5_A19_0045.r24|2|1|RICH|860|0|2200|0000000000000000000000000000000000000000000000000000000000000000|DARK|1|860|DISP=ACCEPT_INSTALL|DETAIL=rt3_A19
0000000000000000000000000000000000000000000000000000000000000000|0000000000000000000000000000000000000000000000000000000000000000|0|3|rt4_TMB-5_A19_0046.r24|2|1|RICH|860|0|2700|0000000000000000000000000000000000000000000000000000000000000000|DARK|1|860|DISP=ACCEPT_INSTALL|DETAIL=rt3_A19
0000000000000000000000000000000000000000000000000000000000000000|0000000000000000000000000000000000000000000000000000000000000000|0|3|rt4_TMB-5_A19_0047.r24|2|1|RICH|860|0|3200|0000000000000000000000000000000000000000000000000000000000000000|DARK|1|860|DISP=ACCEPT_INSTALL|DETAIL=rt3_A19
0000000000000000000000000000000000000000000000000000000000000000|0000000000000000000000000000000000000000000000000000000000000000|0|3|rt4_TMB-5_A19_0048.r24|2|1|RICH|860|0|3700|0000000000000000000000000000000000000000000000000000000000000000|DARK|1|860|DISP=ACCEPT_INSTALL|DETAIL=rt3_A19
0000000000000000000000000000000000000000000000000000000000000000|0000000000000000000000000000000000000000000000000000000000000000|0|3|rt4_TMB-5_A19_0049.r24|2|1|RICH|860|0|4200|0000000000000000000000000000000000000000000000000000000000000000|DARK|1|860|DISP=ACCEPT_INSTALL|DETAIL=rt3_A19
0000000000000000000000000000000000000000000000000000000000000000|0000000000000000000000000000000000000000000000000000000000000000|0|3|rt4_TMB-5_A19_0050.r24|2|1|RICH|851|0|2200|0000000000000000000000000000000000000000000000000000000000000000|DARK|1|851|DISP=ACCEPT_INSTALL|DETAIL=rt3_A19
0000000000000000000000000000000000000000000000000000000000000000|0000000000000000000000000000000000000000000000000000000000000000|0|3|rt4_TMB-5_A19_0051.r24|2|1|RICH|861|0|2200|0000000000000000000000000000000000000000000000000000000000000000|DARK|1|861|DISP=ACCEPT_INSTALL|DETAIL=rt3_A19
0000000000000000000000000000000000000000000000000000000000000000|0000000000000000000000000000000000000000000000000000000000000000|0|3|rt4_TMB-5_A19_0052.r24|2|1|RICH|851|0|2700|0000000000000000000000000000000000000000000000000000000000000000|DARK|1|851|DISP=ACCEPT_INSTALL|DETAIL=rt3_A19
0000000000000000000000000000000000000000000000000000000000000000|0000000000000000000000000000000000000000000000000000000000000000|0|3|rt4_TMB-5_A19_0053.r24|2|1|RICH|861|0|2700|0000000000000000000000000000000000000000000000000000000000000000|DARK|1|861|DISP=ACCEPT_INSTALL|DETAIL=rt3_A19
0000000000000000000000000000000000000000000000000000000000000000|0000000000000000000000000000000000000000000000000000000000000000|0|3|rt4_TMB-5_A19_0054.r24|2|1|RICH|851|0|3200|0000000000000000000000000000000000000000000000000000000000000000|DARK|1|851|DISP=ACCEPT_INSTALL|DETAIL=rt3_A19
0000000000000000000000000000000000000000000000000000000000000000|0000000000000000000000000000000000000000000000000000000000000000|0|3|rt4_TMB-5_A19_0055.r24|2|1|RICH|861|0|3200|0000000000000000000000000000000000000000000000000000000000000000|DARK|1|861|DISP=ACCEPT_INSTALL|DETAIL=rt3_A19
0000000000000000000000000000000000000000000000000000000000000000|0000000000000000000000000000000000000000000000000000000000000000|0|3|rt4_TMB-5_A19_0056.r24|2|1|RICH|651|0|3700|0000000000000000000000000000000000000000000000000000000000000000|DARK|1|651|DISP=ACCEPT_INSTALL|DETAIL=rt3_A19
0000000000000000000000000000000000000000000000000000000000000000|0000000000000000000000000000000000000000000000000000000000000000|0|3|rt4_TMB-5_A19_0057.r24|2|1|RICH|661|0|3700|0000000000000000000000000000000000000000000000000000000000000000|DARK|1|661|DISP=ACCEPT_INSTALL|DETAIL=rt3_A19
0000000000000000000000000000000000000000000000000000000000000000|0000000000000000000000000000000000000000000000000000000000000000|0|3|rt4_TMB-5_A19_0058.r24|2|1|RICH|671|0|3700|0000000000000000000000000000000000000000000000000000000000000000|DARK|1|671|DISP=ACCEPT_INSTALL|DETAIL=rt3_A19
0000000000000000000000000000000000000000000000000000000000000000|0000000000000000000000000000000000000000000000000000000000000000|0|3|rt4_TMB-5_A19_0059.r24|2|1|RICH|681|0|3700|0000000000000000000000000000000000000000000000000000000000000000|DARK|1|681|DISP=ACCEPT_INSTALL|DETAIL=rt3_A19
