0 ACC 30 30 100
1 ACC 30 30 100
2 ACC 30 30 100
3 ACC 30 30 100
4 ACC 30 30 100
5 ACC 30 30 100
6 ACC 30 30 100
7 ACC 30 30 100
8 ACC 30 30 100
9 ACC 30 30 100
10 ACC 0 30 0
11 ACC 30 30 100
12 ACC 30 30 100
13 ACC 30 30 100
14 ACC 30 30 100
15 ACC 30 30 100
16 ACC 30 30 100
17 ACC 0 30 0
18 ACC 1 30 3
19 ACC 30 30 100
20 ACC 30 30 100
21 ACC 30 30 100
22 ACC 30 30 100
23 ACC 0 30 0
24 ACC 30 30 100
25 ACC 30 30 100
26 ACC 1 30 3
27 ACC 30 30 100
28 ACC 0 30 0
29 ACC 30 30 100
30 ACC 30 30 100
31 ACC 0 30 0
32 ACC 30 30 100
33 ACC 1 30 3
34 ACC 30 30 100
35 ACC 30 30 100
36 ACC 30 30 100
37 ACC 30 30 100
38 ACC 30 30 100
39 ACC 30 30 100
