o 31 29 66 1
o 31 29 44 1
o 31 29 95 0
o 31 29 77 0
o 31 29 13 0
o 31 29 58 1
o 31 66 29 0
o 31 66 95 0
o 31 66 77 0
o 31 66 13 0
o 31 66 58 1
o 31 44 29 0
o 31 44 66 0
o 31 44 95 0
o 31 44 77 0
o 31 44 13 0
o 31 44 58 1
o 31 44 82 1
o 31 95 29 1
o 31 95 66 1
o 31 95 44 1
o 31 95 77 1
o 31 95 13 0
o 31 95 58 1
o 31 95 82 1
o 31 77 29 1
o 31 77 66 1
o 31 77 44 1
o 31 77 95 0
o 31 77 13 0
o 31 77 58 1
o 31 77 82 1
o 31 13 29 1
o 31 13 66 1
o 31 13 44 1
o 31 13 95 1
o 31 13 77 1
o 31 13 58 1
o 31 13 82 1
o 31 58 29 0
o 31 58 66 0
o 31 58 44 0
o 31 58 95 0
o 31 58 77 0
o 31 58 13 0
o 31 58 82 0
o 31 82 29 0
o 31 82 66 0
o 31 82 44 0
o 31 82 95 0
o 31 82 77 0
o 31 82 13 0
o 31 82 58 1
o 88 29 66 0
o 88 29 44 0
o 88 29 95 0
o 88 29 77 0
o 88 29 13 0
o 88 29 58 1
o 88 66 29 1
o 88 66 95 0
o 88 66 77 0
o 88 66 13 0
o 88 66 58 1
o 88 44 29 1
o 88 44 66 1
o 88 44 95 0
o 88 44 77 0
o 88 44 13 0
o 88 44 58 1
o 88 44 82 0
o 88 95 29 1
o 88 95 66 1
o 88 95 44 1
o 88 95 77 1
o 88 95 13 0
o 88 95 58 1
o 88 95 82 1
o 88 77 29 1
o 88 77 66 1
o 88 77 44 1
o 88 77 95 0
o 88 77 13 0
o 88 77 58 1
o 88 77 82 1
o 88 13 29 1
o 88 13 66 1
o 88 13 44 1
o 88 13 95 1
o 88 13 77 1
o 88 13 58 1
o 88 13 82 1
o 88 58 29 0
o 88 58 66 0
o 88 58 44 0
o 88 58 95 0
o 88 58 77 0
o 88 58 13 0
o 88 58 82 0
o 88 82 29 1
o 88 82 66 1
o 88 82 44 1
o 88 82 95 0
o 88 82 77 0
o 88 82 13 0
o 88 82 58 1
