# RT2-V1-ring12
# Sybil variant: 12-member ring, 5 claims x 5 SAYs (RT-T2 shape, bigger ring). No WORLD. Bar: 0 installs; KB-3: >=3 kills.
# episodes=25
# fmt: ep etype src key val aux gt
1 1 51 1801 3638 1 0
2 1 52 1801 3638 2 0
3 1 53 1801 3638 3 0
4 1 54 1801 3638 4 0
5 1 55 1801 3638 5 0
6 1 52 1802 3675 2 0
7 1 53 1802 3675 3 0
8 1 54 1802 3675 4 0
9 1 55 1802 3675 5 0
10 1 56 1802 3675 6 0
11 1 53 1803 3712 3 0
12 1 54 1803 3712 4 0
13 1 55 1803 3712 5 0
14 1 56 1803 3712 6 0
15 1 57 1803 3712 7 0
16 1 54 1804 3749 4 0
17 1 55 1804 3749 5 0
18 1 56 1804 3749 6 0
19 1 57 1804 3749 7 0
20 1 58 1804 3749 8 0
21 1 55 1805 3786 5 0
22 1 56 1805 3786 6 0
23 1 57 1805 3786 7 0
24 1 58 1805 3786 8 0
25 1 59 1805 3786 9 0
