FSC-LEDGER-v1
mode=1
famfile=../../fixtures/fsc/fsc_WA_b0.fsc
e 1 0 0 0 1 1 1 0 44247ee852d950b37caa8578208143b64bb3a086d8040d8ca94d8f92a94c5422
e 2 1 1 1 2 2 1 1 55e419f385e6fa256e7d1807d2ae08fcc2c5b834b3e3c81ca8d231be501fc614
e 3 2 2 2 0 0 1 2 d1c685ca2ba6399a48a7fca62e2bd1c789a7ce609458ce8741bbe89a3af51e26
e 4 0 0 0 1 1 1 0 1d26736f1d4c02f84174798b4edbda2bf97f1d61af1783fd193d81ec525b7e95
e 5 1 1 1 2 2 1 1 c0b81498b6d5b54bc94dd10c6f5f512f6d4eb77fea710b461e0525a4adb407ed
e 6 2 2 2 0 0 1 2 307b83bbf10854a210efd53a98ccd0f0e71620c69f3deaf300510c2119cd1646
e 7 0 0 0 1 1 1 0 91c5b7fad0c9858ab3c14106bbf9597e7db92052d7d408c303e4124817792c28
e 8 1 1 1 2 2 1 1 95e4f0f3465c226b06c1f9ef3f03a078fd16b6c272cc2c217ca616939d5e7867
e 9 2 2 2 0 0 1 2 540cb183ca5fe96c35247f59cab32391b9fa19e0e8b46cceb51d354322e664ca
e 10 0 0 0 1 1 1 0 05a299dcc29ac31f6649f958543d78003b2fa0a72e37582a04c2110e44b419c9
e 11 1 1 1 2 2 1 1 c19dc8b7a19376193a7e4c45e1a8aa892eb4f23aaf755d73422122b8e6849706
e 12 2 2 2 0 0 1 2 32b426d073678ca46ee204cb995994473c158c139c77d9e5ab3211e30abf1c00
e 13 0 0 0 1 1 1 0 2a8b9e6b80ca759db640d02e51f7ec0d4a56a6a2bf7c3937c4af7d247655aff7
e 14 1 1 1 2 2 1 1 b7f1646c0ffdbbf709a5ee163a24786af8a2115f469ad6623b34c7d444ff775d
e 15 2 2 2 0 0 1 2 ba107dbbbcb3bb8673dc90282f2aadaec53e3e7fbada730a7c3837b77ad73bf0
e 16 0 0 0 1 1 1 0 7185ed5880e2afe8fc39fa76b452201bd9f9bd76b7b6c4f1031f39b06640fc94
e 17 1 1 1 2 2 1 1 dc0d60ab1d9a4d7cf180217d47a2a1ec8da659cfada33407dce682b95cabf7f5
e 18 2 2 2 0 0 1 2 dd756cbac5bfab8fc26cec22c780452fd207384fe08586b90ad305ff215d5f5e
e 19 0 0 0 1 1 1 0 5d636436b5a54cb5c31414021aa01e74e1b76091e42813421ac9e1a0c93e0c23
e 20 1 1 1 2 2 1 1 e8e19797fc62ec9b1cb8f66c64eaae9e65e755a15fe1362fc0e7a4093c8a1c39
e 21 2 2 2 0 0 1 2 1e3e4be4732cb91da6389af7946a8c4c634f4a17a0ee5c00e60df65a4acc44d7
e 22 0 0 0 1 1 1 0 46bb3932ec2ee66fa6ad445cf122ffc3a4af87c777124640e15d191500512475
e 23 1 1 1 2 2 1 1 95ffe4f33821b51c20d9e7183fefca44c1555fe9c89627bd9079f7195a6cb3c8
e 24 2 2 2 0 0 1 2 b1680c6ba1a5a7ac9079ed2cf756100932c44e8dc2d5112d975ce036f07fb886
e 25 0 0 0 1 1 1 0 413e787d51cdcbf6004f95b35571da0f603232920c9822952605202f57f2a729
e 26 1 1 1 2 2 1 1 1e9473bbba32a490ed03fe50e07a03a6bd7a9a7f5ab916333bd2d46e567a688b
e 27 2 2 2 0 0 1 2 1884669f0067b68a89d1047df27122497c2221543fe4cee1fb8ea92d4f840a0c
e 28 0 0 0 1 1 1 0 5d44290e5b7ae1da3f43cd13f607e5a0fdffa02722691179353570855a5437d3
e 29 1 1 1 2 2 1 1 8375f91c8e84035c01905737cdc276a81fe1282e72ca3758349ec2e8dd7fb807
e 30 2 2 2 0 0 1 2 61fcb642bfd0bb0cd6b1ae44165f5b5946a738c2c9ec08ed9bf4f4ce5f01b9a0
e 31 0 0 0 1 1 1 0 4805920288cdff11cdf547c9b8ace3193198bb8ddf7cd6eee6df6f2f66131c9c
e 32 1 1 1 2 2 1 1 506094ba456c0948a02ec80f205e6f96aa2a351fe74b331f9c1e234ee0f5f0c2
e 33 2 2 2 0 0 1 2 1a8bc2e1d4f8e785aba1d10ed7c75e49f020743518f8e317b40276bb97858889
e 34 0 0 0 1 1 1 0 3009f5258c073cb76d9d5d0d417d921151be6bef8aead5b90ad3cebae327ba54
e 35 1 1 1 2 2 1 1 8afc8d58e9a96d7502cfc82692fcc9cf9ccc478896ecae99d44ccc5b45522c7a
e 36 2 2 2 0 0 1 2 5407c0c8af0e5d18a2ce8d64acc5fdfdcd72404b61a89552c5225f6207a1072a
e 37 0 0 0 1 1 1 0 5b9a3d8e1f618ec4d2d949576c37b47008c0f41bfe94c5eae8620a9ad8fefa25
e 38 1 1 1 2 2 1 1 35181316bede97090d35ab1b31e696f1f589c076134589acc23c4f12bfe1fb7c
e 39 2 2 2 0 0 1 2 8b6099f18dffa8129ade32ad55d925c803f62624165df9121f9cfa54dccce498
e 40 0 0 0 1 1 1 0 285d56d07d0656b118ea374bfd4f94c64250612c183bff81c5270043812d489f
e 41 1 1 1 2 2 1 1 955007d7e4d56655b9aba34a6a0f1317ab91cb429bd1337bd2b24dddd0510754
e 42 2 2 2 0 0 1 2 6ffc94faaaf5a4479843a97519f3580f4aac8a6275cef10f88704fc698013026
e 43 0 0 0 1 1 1 0 cdaa6bb2a49984decc8664cf8f004f1b987338fb8ba4fb9429a38b161f24debc
e 44 1 1 1 2 2 1 1 b9650584c229acee3715f22a62560f19afae414ea9f711073e07248d0ad49a0c
e 45 2 2 2 0 0 1 2 04b9be313d171b5f9847ae9cfccd7e33ab0418a94d76b091b1084c08dcfdff13
e 46 0 0 0 1 1 1 0 3433617a5c751447d0d3d1d1be959ad10b2dd2139c18d1d1e02b9e42cf9b20c4
e 47 1 1 1 2 2 1 1 08c43aad62410cac7bd17c759a65f85acaa86d0f1a3a0e939eb9edc3c47fcea6
e 48 2 2 2 0 0 1 2 39d1dd63ee58700db3eab018a83207cf051b4a28be73c58426b82861522d3519
e 49 0 0 0 1 1 1 0 dd205a36b3d448b83fff4f6d00585ded3eb79020c40ea90beebf990684cfe22d
e 50 1 1 1 2 2 1 1 b51b5e249ac732de30de8cfc5e2c002e8b9c3c0a5cfe077bfd2ce32969ff28c5
e 51 2 2 2 0 0 1 2 3002e12efc044d5d447694a59d049cd26c55102f1f27ebb5f91308ef2c5ef7c5
e 52 0 0 0 1 1 1 0 de08695aed593ac42eedcf9e6a09e6e0f140e1f60f8ac156d056a172c1438660
e 53 1 1 1 2 2 1 1 f074477f4c59c119e4c4e01d71765d8e64e431c8189b0d9f881a602e31b63f13
e 54 2 2 2 0 0 1 2 4b32822c890a7d59444ccfc3e9ab153eb4af0cb106c48f9146df82a01bfc6a83
e 55 0 0 0 1 1 1 0 1cced0e20ec0d6218937bb542db01d01da45b446915f4fe4744c7c6b907f2ab9
e 56 1 1 1 2 2 1 1 2cfd537ea15de1f4ddd2566bd2a631d34afc457354a9fd16050805889baecfae
e 57 2 2 2 0 0 1 2 5747ebe8d60cfe7df38fdc05075bc10d4fe344eae32e2924367945107c17fc40
e 58 0 0 0 1 1 1 0 97ed2943d42ddce71e1aa4f53be5b545bb89c8efe2deb4a6842d901a97b51893
e 59 1 1 1 2 2 1 1 e51233fb64d8995dca501a995fc0a2a7a4851dae98b20763acf63d7213eb16f4
e 60 2 2 2 0 0 1 2 2a7fbcd7a3958291c3898f684631173bf6b2de3f19a405aa0d1e5af4d9713528
e 61 0 0 0 1 1 1 0 4d191e5783074619801455f6ce5ee6fcd30beaf8ec19dbe5625f0438a28cc5e5
e 62 1 1 1 2 2 1 1 2d792c977d1408f088bcf87009c3ecbe0459b9bb13f5ab7bcfdf7fa7b304e615
e 63 2 2 2 0 0 1 2 3810ebf4280db846a70ceb2f096fadac54d7cf43d4f60717fe50a4cda67af4a4
e 64 0 0 0 1 1 1 0 e5528c780c4482324db05908ee05feb9576341210b2332ed58555982c6c2ec06
e 65 1 1 1 2 2 1 1 390c7ff76d0c98122bcc44737bb4fe781dd7f1dba037088b37aa9253c7e1a313
e 66 2 2 2 0 0 1 2 a0e0a221e9052a5b093354fd4437af313e0b6db224cd6b036bcf67662fd032cb
e 67 0 0 0 1 1 1 0 f9a02a343d8ecd0424fee8fb14e572537b002177e540737c9cf45f62983e0fab
e 68 1 1 1 2 2 1 1 329690f3a4ee569c8f16e116128eca4e2aebabda2023384948d2f97660073ba8
e 69 2 2 2 0 0 1 2 328c52a0225b2fc0fe3ad835f2ac1b0cd4df926c8e0092bb65c96fb7f0986e19
e 70 0 0 0 1 1 1 0 b626cc8762d6f450f9d01951a62100a4bcc723ed21b41337e886f98124c88fbb
e 71 1 1 1 2 2 1 1 ade37e673573e9059fc1b9af2fd81df31e6cec050716f8a090806fc3af4155de
e 72 2 2 2 0 0 1 2 753547e26471857c2425dce8f66134011e28cbb4fa28820dd2b4fbea09ae76a1
e 73 0 0 0 1 1 1 0 d49258064b6e1734f3995216d0c137c671a341b50bb5be375f42527827af03f1
e 74 1 1 1 2 2 1 1 ec0d5d6d32de409e43d92f12da56e1ace4efa322eb88fd474ac9c7838b80870f
e 75 2 2 2 0 0 1 2 aee9c863091bf8c15c18207e20bc1c48435db638ce75b7bd057f91202c5634b5
e 76 0 0 0 1 1 1 0 cb253f24bcdbb11eaa8c6767d52a4bd6b15cd7b5511fcb67b5e035dfa7a70783
e 77 1 1 1 2 2 1 1 5ab297af36ce18505b539a152c83ccdd6e0c86a4754d2ce3184713d955de5569
e 78 2 2 2 0 0 1 2 55544076241ba2190ada25b3f9d586f496bc59e4f8d7d2f5412f7697866bcac3
e 79 0 0 0 1 1 1 0 f93abe7ff11f053120531f05362834b5dedda55bcc13381dfbccee011e47c807
e 80 1 1 1 2 2 1 1 256dafa5c36f12136b783d7aa35c1df86b9e452571391659bd7ee4719ab7cb43
e 81 2 2 2 0 0 1 2 b9ee51019551b774d3d6bc7e7407f11a88ccfd73a08b39d042c7fb7ac14091ab
e 82 0 0 0 1 1 1 0 0d77f02552c1e8ec470edffbe6f85f73ce67b12f0a580f37c2cd850c85c71b8c
e 83 1 1 1 2 2 1 1 442a98b28392c7d9e1aa8a7d7aca44c930cd1e0e286de86b18cc8125e032934f
e 84 2 2 2 0 0 1 2 da3835d9cdc7bf0b4793657d381138cf082541ef31e7dfebcc7cf75b0624588a
e 85 0 0 0 1 1 1 0 eb9c307ef911542f59fb2f9b4a528b076435196997efed041605f12ffd330388
e 86 1 1 1 2 2 1 1 f8681402ad0980b28f339cde6a0b2e048ff807b388fdfdee9565377be021a016
e 87 2 2 2 0 0 1 2 415ffbdfea144dc22d3742e031237a970c28fa48459c79c651109b3c7118aa53
e 88 0 0 0 1 1 1 0 75e4f82b9fef7e4b2268d2ab08eae8f2da17b8a86c0be41bc79326efb860d602
e 89 1 1 1 2 2 1 1 6d2dfe9ea0c4b64864b4755e790f5e720dc3abc512da0fd1c7e486cd9759d714
e 90 2 2 2 0 0 1 2 75ccdd4b2ae6addf7ba3b17b37c92c41e4d50327e784f96d012e91cd0537a977
e 91 0 0 0 1 1 1 0 f98016d7e9ea54b634bb882da37e8fba83d7204ec62d62bd729d0d495024bfec
e 92 1 1 1 2 2 1 1 e6e26fd14695166aa7e5c42c7e0b2bae31e87069cd73dc3370a7bbea3a64e44a
e 93 2 2 2 0 0 1 2 54a45f26b82a155a4d1fd7610b7833045cfb90b3e697daf7ddc53dff36aa9e0f
e 94 0 0 0 1 1 1 0 270fca57046cf0d4d2530f735ff8e3c0fa35235bbaccc5b44db21fab3cd4b321
e 95 1 1 1 2 2 1 1 2940517d1ee9761c8e48c1c3188cfe7e3ac3a57764d182b71ac3817a049d0ec5
e 96 2 2 2 0 0 1 2 49dd4d2a3651ec0ecfe41dc75477047aa64591d0b612b3c97b7c6302c1fa9e66
e 97 0 0 0 1 1 1 0 ec640fc54e0ffda433174fde87bab685ca439486402080b14c15b359d27dfd62
e 98 1 1 1 2 2 1 1 e42bb736a6a5ea67216b9381f5cfafcdbcb9c113d26bbcba4481f57d18b34e58
e 99 2 2 2 0 0 1 2 e885f480f38c5e992fd087b2f5a2acf26c6c36fd8950ef79ba37800b5684140f
e 100 0 0 0 1 1 1 0 8454bc153117c9f88ecc9acefd72093a36b62b21ba969ec7d8b38f71e51bcabf
e 101 1 1 1 2 2 1 1 a1793a324176d508ec6560079631cb9af1e0b0db0f904b3f3cd132951553647b
e 102 2 2 2 0 0 1 2 710595a54f95058e2278bad9e07e05bd7fa99aa2face817b056917f77e027e86
e 103 0 0 0 1 1 1 0 78b900a14cc7bc988bbf254c34dc86e5599ecbc2d04ee72201c2727fda6ef222
e 104 1 1 1 2 2 1 1 43ef3e540fd4f2ff7d3aaa352cfe665b87425e9c4e0fae77a87c5de69dad95f8
e 105 2 2 2 0 0 1 2 0066291fda87d1fbf682e142f915270cc9d3ad2b846dc0c12ade2aed584d0b91
e 106 0 0 0 1 1 1 0 33fd57a889819c518b31a4e0cb00aa55369771bd4dbc45ce5b16cd4eabb24005
e 107 1 1 1 2 2 1 1 408bf523310dea1384ac2be199b57747dac20b5d2298395d1dbe93989da14627
e 108 2 2 2 0 0 1 2 087d76452cdcb3671697798aa5c4bec987f9177e1a07bb8dc2b6414e0f5505f9
e 109 0 0 0 1 1 1 0 b89fcfdfcb62aa7d2b779cf5437ff507042c51b29bbebd259ed8865186e5bf0b
e 110 1 1 1 2 2 1 1 e2b2f5e8ee84e237e921025e169e2b6a0b4fbc0c19d8389108b4c3b01b2bbeb7
e 111 2 2 2 0 0 1 2 598ba8676c2fabf9f01c7bd615fa9ef23b4122588d7c406b715428b7c70a1aa0
e 112 0 0 0 1 1 1 0 09d7c69f8c20a103758753d7144bdc88b855e2c30440eafddef936157699e4e7
e 113 1 1 1 2 2 1 1 6803839da1da30b1d50cc09bc03ddb6f5d612ff2c1983c4b3bbb8efbd50acb1d
e 114 2 2 2 0 0 1 2 0850d62ae05c82c05ec0ca5102b5fa8301a95197b286d726180872095d9e2a49
e 115 0 0 0 1 1 1 0 99c1ced74c5d009764d2fadffa90d2e63d679da650c7db189b5eb07048a3f3d3
e 116 1 1 1 2 2 1 1 133389cc6c3030261310012d591a280d46bd5a32b373083d90d980257c5ed033
e 117 2 2 2 0 0 1 2 03983021a586a722d5a7bcea41500daa2cb677681788b525167e7d2668e71765
e 118 0 0 0 1 1 1 0 cbb0379eb620ebf654111171a909a2cadede6349776654f486f3a566657aeb68
e 119 1 1 1 2 2 1 1 ad54624bb311eb01f8123db63229c1baf69a06f6913915bf545ec6bed98a627b
e 120 2 2 2 0 0 1 2 61c728efa1d7fbfeba9b672567b73be026a674061939a93db7b91fa755c93b6e
e 121 0 0 0 1 1 1 0 30fe787ff26ccc163f4163cc21948e97bd681e620a4db359a8c1778f0952d13e
e 122 1 1 1 2 2 1 1 7b84ab836d229d938c1a62f15ee3166aaf91f6a3872c812ef6d447c871e92b23
e 123 2 2 2 0 0 1 2 5f676d416e199d0183767a87b8759a7b9b8146d12c917209407570525004b534
e 124 0 0 0 1 1 1 0 5175d3b2ac0bb11a1881a3e79c78fa80f2188329381f1eb856fbc1e167c62513
e 125 1 1 1 2 2 1 1 9d7373a7d16398cc86747d4215b52620ff368f9750a6a14f3f3bf8de8121e488
e 126 2 2 2 0 0 1 2 fca173a7968cfd16bc6ddcc4b34c6380b00bc31fe8185985c9b419f42502771d
e 127 0 0 0 1 1 1 0 2bb30d35bbf3245e4aab0cf09163cf50cfa6ecb67108fc6ab2ebde0bec5917cb
e 128 1 1 1 2 2 1 1 fb781f83a6ff11416206990d16c5d0956a35e21d1d71a1954b420878ae069599
e 129 2 2 2 0 0 1 2 a797cf86b05067cc2fc95a12d149b7e012e037bb0d90f599bec9a0e83d210b1a
e 130 0 0 0 1 1 1 0 5992223693ddbd1b4221ebdb3e7170d2fc21f0b2e3d4817699215333bf75cfb3
e 131 1 1 1 2 2 1 1 bec348ed6c966ff3e8b5e0089cd27623fbf0e578bc9a6c3e4159ad72f29633b9
e 132 2 2 2 0 0 1 2 d3931bdc1fee409cea763b027fb49c4228c73a8092b281f238dc5d8b20ba9377
e 133 0 0 0 1 1 1 0 cb637d759c06dfd112101164a10b6aef3bd0120a5c71e9e9376e12154020c499
e 134 1 1 1 2 2 1 1 04f58e8f08a1829346e6d13ae61179289487499f082823d05453929aff3d688a
e 135 2 2 2 0 0 1 2 5575ebcd647a35580327056521c4a8fc1cbc212b292894a6a1aa59a2023e146b
e 136 0 0 0 1 1 1 0 a3c2c9b2711523e829d994a8e421d21ceeeb208fcae18920390ac2160e7394c9
e 137 1 1 1 2 2 1 1 75a3d6fa76bfb56a7fa7fdbeda087d3f402135cb66ee6de8c97b3743e3e817a2
e 138 2 2 2 0 0 1 2 3c4d78cbbb1833ed11544fe2e906d011850e32a622af0efa32ea777a1a0ea7bd
e 139 0 0 0 1 1 1 0 3c3872ac675e7db3e09f810b2994774b3e54623843e42210943f4f4b821a1cd7
e 140 1 1 1 2 2 1 1 e5ffa5fe8f2779cb9518805993be2852fe3816ee426e6aa9b500738ddd5fbfa4
e 141 2 2 2 0 0 1 2 0915d638f550fbf233000f3183c3c273033c51abcd206a994f8c8388a33e73e0
e 142 0 0 0 1 1 1 0 98338c1bb8fe347fbfe37ab30a4bc215124933c0c2e1ec2507084db8bea89acf
e 143 1 1 1 2 2 1 1 6fddf3b00c0a481121be7ced3e5c29a0181b0a5b08ec997fa220ae8c16e3715b
e 144 2 2 2 0 0 1 2 699972967fd7a6e726d9306552f15f9a5e94d4ea7beb23d3cbc4265e5c978655
e 145 0 0 0 1 1 1 0 05f76e2776f0fb81db42f786a404ca92bfeb1e46d734ed7824a81e2767f68a80
e 146 1 1 1 2 2 1 1 6643d4499063b8571014953dbe93679ad21be6e3658adc0a8f71990d945b901b
e 147 2 2 2 0 0 1 2 492fecf33ea9b62d76a5728fe0f1efb88830cb2b4a74a8b6a6be8cdcff0a9848
e 148 0 0 0 1 1 1 0 2cb6b3c28c26f83ef190f749b60e53227aee67382036b9f8aeb284450ea7dfe5
e 149 1 1 1 2 2 1 1 29b573458f715304ed125dd59977ee384622f8490cf5daae2f58a2c36c8b995d
e 150 2 2 2 0 0 1 2 4ce4cdfbe4a8a2ee96e28f3c508311094324072283bf1300888a6190f41e9440
final=4ce4cdfbe4a8a2ee96e28f3c508311094324072283bf1300888a6190f41e9440
trials=150
installed=150
false_install=0
