FSC-LEDGER-v1
mode=1
famfile=../../fixtures/fsc/fsc_N_b1.fsc
e 1 2 2 2 2 2 1 2 38091ec7d910f7e230dfba742dc687c145c3194963ce96a385c71c479c865dd1
e 2 0 0 0 0 0 1 0 0a927075b53ad62451c298df38dc069a7679549dee157e94b3eaf90b35dc3962
e 3 1 1 1 1 1 1 1 de567c5f4ead759c55e1cc44b887ff6a8ef90dc8f4d7d016a40e227db0dab02e
e 4 2 2 2 2 2 1 2 174558ef87b4c6cc7f64087497f829c9becf2b583e4acd9d541b69f88c63fc02
e 5 0 0 0 0 0 1 0 f44a47dda71004dea18ffbcee0da6090a770311293194c67cd93e8b8b432d9bf
e 6 1 1 1 1 1 1 1 c874a9103378a503c507590e725dd72669fbe900444e30248d6825aa461bd66b
e 7 2 2 2 2 2 1 2 06e4b0a90e0b3890cd98abb08bf674485cb79264921b6443761c5d97518da0c7
e 8 0 0 0 0 0 1 0 d6d0944ad63e3ca62f735c39d2023810619d77be1cc9090027fd4dddbc265d85
e 9 1 1 1 1 1 1 1 cb61eb198ade7aae431f4b6c5e8f1ca36eaa2dcc22d7dae9c8caca08797eef36
e 10 2 2 2 2 2 1 2 58e44f436096595a5cb2bd328e0f9d41812a256b737f1ae4864060b2c557966a
e 11 0 0 0 0 0 1 0 e9b4f1bbe225d382b03c0b3586915a9e7cca2e2178c3f336fc9978126401762c
e 12 1 1 1 1 1 1 1 9f9e9d5554cf53478d7c2c34e632b9bac7a786e907d8e749e7445bbd355cce42
e 13 2 2 2 2 2 1 2 ca63a8c88d3bf096654a2579c75ea34b134e523b7e5fd5ee454d4a808adeeafe
e 14 0 0 0 0 0 1 0 b68a32c73e87be2fc55e9a7060c9f7e3743144b257806e8b52c9eab68fb03e9b
e 15 1 1 1 1 1 1 1 59150d3e43c0bcc1eac6750b22f6c4472682000d13ab2ec3c41ef97c87423c8a
e 16 2 2 2 2 2 1 2 cc634a790de03dd678d8a2286cc6d590fd1336988718451c3e1521e96e5a69b1
e 17 0 0 0 0 0 1 0 b468a83613470dc32fb4fb511dd3904ae90ced255310ff41d8830af71ead0faa
e 18 1 1 1 1 1 1 1 c5e0efc088636e69b7072aebc608acdeba281d3f6f7a791df8359646a8b26391
e 19 2 2 2 2 2 1 2 8edc201b60feae284749e79be608ad10a36780e61fe45fa778177947e71f854a
e 20 0 0 0 0 0 1 0 65998fc6da6d4e37e16cacddfcd2fd67b1e834edaaea4e431bc70490295228f0
e 21 1 1 1 1 1 1 1 3df72ba9d205e99c47d5e2e84a0ca2f18820ce54d1ae213940d92cdf186b6113
e 22 2 2 2 2 2 1 2 87427051c4d10d0728b5705976d341eb4f6463b31f3cd68be789ca6b301f575c
e 23 0 0 0 0 0 1 0 2b0741c9258cc6c85e535ac256ae8d48d15710ec8b0ffadf477189a7f924da87
e 24 1 1 1 1 1 1 1 8a63badfd76535f5410cf4b23bdb4da3b28c62a10945babc52a0690176faace1
e 25 2 2 2 2 2 1 2 dd1127ddab0dad64c4d8ef1bcb2c4cc055084529a19a5547e9085407013113fa
e 26 0 0 0 0 0 1 0 87735fe05692b6de92d7de36632a7bd1a184a85cc0e23cab15889e6b6cdf8071
e 27 1 1 1 1 1 1 1 5b1cfe69299cb99b3b538c58a39ec191a27e1ee14c2def8d1176d3ae0aa0aa6e
e 28 2 2 2 2 2 1 2 105b4755f5f3acd1b2c2b4ecbd9b610df245ee4fdffa9f97331095bc3230c49f
e 29 0 0 0 0 0 1 0 6a39643dc1a729545b07fdd93c9b6807b4869df5a054eb63d42075c155be88a3
e 30 1 1 1 1 1 1 1 beeb2aebf0d9954d24008f9c8edc1f05f9e70537f65e57cb510a7a7e47dd6a4b
e 31 2 2 2 2 2 1 2 f22fa5bece3cd8559fac101dff81c4225c2c53f36af5751c4b7f62deb77bd646
e 32 0 0 0 0 0 1 0 fb1a6154f5b2236f8d055576b7d95db5e409d783be62297c39231eef444c4e00
e 33 1 1 1 1 1 1 1 e39b7cf69b0489311f2d257b417fcc9ce9fad5d3f553bcc8604998de2c29feb5
e 34 2 2 2 2 2 1 2 4827d01f954dd97191c63384584606471ed11aa3c18067fb5ddb5ec9d477a0ab
e 35 0 0 0 0 0 1 0 f720b85a2fd14be429c643254ead1478cbdaff9a5cf0ce13a0b68cc24d111dfd
e 36 1 1 1 1 1 1 1 73a63af9f329af0ab6116fc1e91ae02edd26f4cfc8905fc0f0ed3fbca8251ede
e 37 2 2 2 2 2 1 2 38aa2b72c254b4c29154db2406662794336f6b7959171713e17369c97c1468bc
e 38 0 0 0 0 0 1 0 705ff4ce94532030acd87edd9da228c8ad637ad3c9d52f9e0eee4c5b62a1de95
e 39 1 1 1 1 1 1 1 14fd95476777a528781803207626f3239e4e87999dd1f16deed1faa7b46eecb3
e 40 2 2 2 2 2 1 2 00392ee900875b1ba00bbcb35dabe7dd8741bf004a08da3212f9af20ee121a87
e 41 0 0 0 0 0 1 0 737c3612027cd50bb2b4c5c618cf085a3ad5889f6cb790b4d23eb4647964db46
e 42 1 1 1 1 1 1 1 75aac22610bbd19e9b0f9945a5b07e5feb9d3b11e891c2b32524754de572b528
e 43 2 2 2 2 2 1 2 7b2792f39df87fcb7f8e258e663a116a911e446813c6b1119613136c00427d76
e 44 0 0 0 0 0 1 0 a06f00c636a86a4b695dd180a1648f78f926441053bdac81ab2027b2bfaa569f
e 45 1 1 1 1 1 1 1 5633783b259985c54e6c28607231b7d183645786855a562cfd68e413b0d759d2
e 46 2 2 2 2 2 1 2 4e6ccc00a9f191c10a98a6ef6b61d3b60847a6a1335c12f7677e9a6e1e9bda1a
e 47 0 0 0 0 0 1 0 9fd6ae9dde7d70afaae5daa47bdb0efc5a0cef24b9813cb51d5b122de996b8f2
e 48 1 1 1 1 1 1 1 421f4f47c165047552b3d46da91027ca7c7c9c40add740ecf09c0f98d438c92e
e 49 2 2 2 2 2 1 2 f0b937f1bad7ef49857b12cc7f0ec73f41070f0a6e515683eff3a70c92818c75
e 50 0 0 0 0 0 1 0 59539fa0a0701e35fe69c27d5cb9d4d81bd0bd2d2e4724c878d5bd691a487b7f
e 51 1 1 1 1 1 1 1 870f25d97a8677b1ef72a978582e8fb20fc231560b553405760c6a917cc31263
e 52 2 2 2 2 2 1 2 17e6729852dbe9026eee83da74ecfa76f16f8d23c29358b44111d47c88ae218f
e 53 0 0 0 0 0 1 0 b73cb2e588f22c2ec0607750b6e498fc54fd6ea68dde391999148e5cbf5dd7a2
e 54 1 1 1 1 1 1 1 73d6acfeee16f57b98c8dae8b3de7ad0581c510f5c3d2040f62850f6cfca0dec
e 55 2 2 2 2 2 1 2 9a1611377f6af0fee6763d5940cf7d5a4212a052ba5e57e5aecdbdff24499df5
e 56 0 0 0 0 0 1 0 6fdb494f62aa8d58c9540245df12d1865fcac4a74a720ddf8db9a4212bd9657e
e 57 1 1 1 1 1 1 1 8dab3b0417dedd6143df7481c8c01a0e93c6ed48a9d1892826a5bb50d47859ce
e 58 2 2 2 2 2 1 2 ac2b63f74269a1a4549c0570c2131de2ed4f1d2f88b097a409bfd62ef74fc9ad
e 59 0 0 0 0 0 1 0 ddc399870d17e7a9df53bb98652e7201a2806a22b05242a17b2eec2678b9add1
e 60 1 1 1 1 1 1 1 d6645c2a997390f6d833cbbe5696bf5b1d9b8568acf0b74fbf414bb493e6c76a
e 61 2 2 2 2 2 1 2 8f9c1d2a3c18c7e6faa8d9a3ecf67d983d350001a66a9fe6d01003c6bc3853a5
e 62 0 0 0 0 0 1 0 21c1bae005c3ff47db7a081621e5e0caf5e039be03ee43f5dd546cc1fd808b9d
e 63 1 1 1 1 1 1 1 38bcaa75093f0a69920daacefd6ffacef0d5a2a0d0e47816f7fa97edd19b6fab
e 64 2 2 2 2 2 1 2 6a16fafa08cdb29f1e533db7bd90e4d21cff0017149841693e1e3c094c171719
e 65 0 0 0 0 0 1 0 a16e50f3a5ad519d645afe6814889bf05b2e68d7f2b3de9ddf65545e74fc77bc
e 66 1 1 1 1 1 1 1 ed597f94fae98a288a2bf66cc49eec8b303f32da0da16d5e11fdf9a60ddcc76c
e 67 2 2 2 2 2 1 2 945193a688eccd0a223a7900da8dd5e2db4908ec82b262a967c31f085a8d2148
e 68 0 0 0 0 0 1 0 667f6312bd9cc896a1e7a0ef9fc0eb17fc579abac24d9cdadba87dccb09576c8
e 69 1 1 1 1 1 1 1 afebde93a443ba06c8b191171c983d3d530984074cfb0801b8eb616057ed7f8e
e 70 2 2 2 2 2 1 2 e5b0d5436b18b903fb18b900c325741b37c405775f04f6aa3406619ef97643f4
e 71 0 0 0 0 0 1 0 4cedb573123a36745d2bfd5ef0ccf968d7c513d7b60f404dac6c70b4b8160a41
e 72 1 1 1 1 1 1 1 21c42910ee9625a2333991de272241a3c4e8d462fbd883cee53bf87eff83f700
e 73 2 2 2 2 2 1 2 736c745875d39197c7e039f62f2cb17b1fbe5e27babbcc61d59bf4e802ffc4c6
e 74 0 0 0 0 0 1 0 db197d20be0f273ca336b877a64efe017f0a8f87018c6e53d840661943e7e324
e 75 1 1 1 1 1 1 1 dade678450704bafc2c8b55d3d217d38b4cf2dbd8a4a4dd1d9cd24510f06b8f5
e 76 2 2 2 2 2 1 2 4c56094e47e1fcdda50a23dbf5171452beb601dbddd748d9f7811bc19f3cd44c
e 77 0 0 0 0 0 1 0 5575feb77e5bf513878a0f30f9a2361a30382cec199e3d73921c3a8dd1761340
e 78 1 1 1 1 1 1 1 db5216d741e0479d03c6f6db23add6cd5642033bf53d9e93c5bcc5fd7f0dbc5d
e 79 2 2 2 2 2 1 2 751a2e020ef8a2bf74c0357bb763b254b6735b71b4594377f4210f8553dc8a21
e 80 0 0 0 0 0 1 0 da110bdcd43b69fe8928981891056806f4476c092e7f39e6dec50fc109b573db
e 81 1 1 1 1 1 1 1 972f767b0aeda1ee2a0a936fd0aefa0ee2fdb47f1dd2698e76e9db189323f5f0
e 82 2 2 2 2 2 1 2 61bb37995a56400857f570a2625aba8ade9dd961dfcbb0fcd0750e41b7517d52
e 83 0 0 0 0 0 1 0 156b34317f6f87d979f5ac968618b19bf7fa7226d2e2fee0474c8925a199af4a
e 84 1 1 1 1 1 1 1 a76bd2e7dae397104caeb8a628a084011da2d40197c0ccefe9413e7b72453414
e 85 2 2 2 2 2 1 2 db73495bf113ec9eff7cd21ace0f96d43f5ec249a4d95a64f82b48f98aa63f4d
e 86 0 0 0 0 0 1 0 14937ea2c2891e46055ffb152dd8a626e3a8008041cfef02e5b8aa3945928eb6
e 87 1 1 1 1 1 1 1 58873acad8325ce8c429c7668300fff22effb48874290ed0af4bf6c286a44642
e 88 2 2 2 2 2 1 2 e92ca6fa11e673b2c6f3583858e5b4b045eff74ca97139c5a45c68e9604a8938
e 89 0 0 0 0 0 1 0 bb1a5d2eb0f1952e7afbaa0a9144da595ab09f5c3c5c5f347a4e942fdbdef340
e 90 1 1 1 1 1 1 1 1c2366bc509a24de3f87720ec7f152e808027fa015b1cb28eec2c7257b7e2725
e 91 2 2 2 2 2 1 2 14044374dc53ffe0ac05fcbdf33f6cb23c87602a48f53c7720f90c647224cfc1
e 92 0 0 0 0 0 1 0 e2d8c4e7ff410f7aca8ecab27f04fdaaaf30d23ea8d21ed910a3e8a8aeed001a
e 93 1 1 1 1 1 1 1 dff331f4b7b0e8f7742a4beba0e8a6e5b5737a3bac3a7dc791a2aedf24032b92
e 94 2 2 2 2 2 1 2 6b15d3ebe6d6a288d5d15c6697c7051136a4c7a95ceb6c2a41ba893b5f9caa47
e 95 0 0 0 0 0 1 0 7b7f492927e8d616a8e046cece9b822555cb3f63e264d7e05e596690442a5198
e 96 1 1 1 1 1 1 1 141db993c868240ef129f1045d1cee8345476711661d81b652c4577c151d39ee
e 97 2 2 2 2 2 1 2 83bd78ac1b140f08a16cb8f5a485bc9a1029cfe3e5eaf070eb29eaf4f3eee4d0
e 98 0 0 0 0 0 1 0 9968ba2a97baf897bc1223ffa9142f25a8d8dcd20d0f54703c0dcfc970219875
e 99 1 1 1 1 1 1 1 5264ea075b9d706625c11c0156497992c26ed66401ef39ced5d8abccf1af068b
e 100 2 2 2 2 2 1 2 b23c35acdb6254b7141f28ab090ee2ce66176d8ee0cd280742960fee6333dd18
e 101 0 0 0 0 0 1 0 870902adda1fed833eac74062df427824cd14dab5f52ce22d8648292a15d7b68
e 102 1 1 1 1 1 1 1 22366af03abc29173974628bad9a321b134651555c9ce609b0acb83a9a001f2e
e 103 2 2 2 2 2 1 2 cc4c334b108326afad778a0a9d13836d97f2c37f6050acba4ad9d138b63c43e4
e 104 0 0 0 0 0 1 0 2f31ce2f3ea9679302ae2169647b2c679a766f337862cd132dcee47774807b5b
e 105 1 1 1 1 1 1 1 89d80aa0c08d1608d772a75da14ee6074a5471ed181c72e281b3bcf03a861b28
e 106 2 2 2 2 2 1 2 f67fef4c24fdc7c746118339617508959f5831b92896cefece9f4444e4e825e2
e 107 0 0 0 0 0 1 0 b0f0b7cc556ad4bff6a7b3e4e6a77d131df2982909b5c10743086d75f7aa14c7
e 108 1 1 1 1 1 1 1 2cc429fcc0e3e504f94c4bd797baf968f1a22de5036eb42e0c0c436fe2543168
e 109 2 2 2 2 2 1 2 1d700e8e91364ed67ff5fb099233289a68383146aac4b46909e7eb9262e53e0a
e 110 0 0 0 0 0 1 0 d8c6fe4dc1088b87644c0c68abebd7293b20231ac5a0e9d0607a5e70defb6a5d
e 111 1 1 1 1 1 1 1 05e4e56418ed1003109d58bdb3f23a96e2111d023d06596fd1ccf0d770679964
e 112 2 2 2 2 2 1 2 1b008def9c85ea0c459a668b48b357e8c6e6bf49e46d7e284ac31ce1cb80e36f
e 113 0 0 0 0 0 1 0 66d18f7673495f2905def5bed4b8efbfb499e26f50acaa415b4e6714bd3b69ba
e 114 1 1 1 1 1 1 1 6625b832a99155e48afce27a166582ca5a9a4be0ff557a80962693af6098f8e1
e 115 2 2 2 2 2 1 2 f69694cc890fe817be22f760bd9a8bf13b30c812d2c997c2453db47adb18c092
e 116 0 0 0 0 0 1 0 7e4f5a2310ec02e447f361fa85b8b2377e571774c061cc827f1fa570932d96bb
e 117 1 1 1 1 1 1 1 38fd7cdb1575bc9134b9a909a62a021aaafa7befc6b72b0ce76790af8fd723ff
e 118 2 2 2 2 2 1 2 9102d8d3be62a60b481f7d82e44a349a15728ebff02aecf909d8fddb8d934451
e 119 0 0 0 0 0 1 0 7b0ea3e52e353b460fef6a5a012c15f3f57267e4e68c1f42a51844ef69da2feb
e 120 1 1 1 1 1 1 1 fbedf40be6819926afbb383f44bf199954eea37fa1287bf611072875689dec5e
e 121 2 2 2 2 2 1 2 375117b2d4a63b3b0d2d6703af150b9dca3fad6fb83994846f54c2776a52a225
e 122 0 0 0 0 0 1 0 663ee4ce6afcf62a09dcbca5646038d64581658fea5d838429928aeba46d73f3
e 123 1 1 1 1 1 1 1 704b7c56cb574ddfd7652db0d90669207e61b8b128e332c96263823d8c9feb89
e 124 2 2 2 2 2 1 2 4391732ebdd8b1d6015f07e2b540d54691acd6175c4e6adaee416798db1e7a85
e 125 0 0 0 0 0 1 0 d4def7ce3bff220f8ec62686f722c62b683a78ef030e354a77060316fceb24bc
e 126 1 1 1 1 1 1 1 cf079a0cc4c109b49afe98b1d93daba129e4294c8c64105d50d03c5268f10ed3
e 127 2 2 2 2 2 1 2 85a14a12f3f649b684881b6ebd5490cb8923ad33bb036f8a9a26f6f50dc98cbf
e 128 0 0 0 0 0 1 0 fd92680541f5641d8a328f99ee74db1cab454493a7cd32f9bb4d470c03fcf37f
e 129 1 1 1 1 1 1 1 cc4fcedcbd637e87273fc5b139390bcdfeb43e37bd1c4f4b11a6a4e5311c4eae
e 130 2 2 2 2 2 1 2 c7cfaa12bef57f7191cf82f1c7e2ae368823922c6c4be394d7a76691def79b49
e 131 0 0 0 0 0 1 0 2f241679c958a280ad9358f044d4343b72138fea23660cc0ac5bcc71fb1c6c31
e 132 1 1 1 1 1 1 1 f9084fbfc71eaeb80244fe16d3013f46d2dc3dea26075f69ee0df539e4eaa34f
e 133 2 2 2 2 2 1 2 410652808e03ec6486f7511cecfc399c7a67b35369542c8e8e4abe52f4bc68ef
e 134 0 0 0 0 0 1 0 ec87d741f4ba69b65ae5b8bed035c7cb941d5d6735aff83e4ec27a6b12e022b3
e 135 1 1 1 1 1 1 1 e54ec872f577c9096d18191fbd8f1cc986a5ea4bcd94ebd2f0733e8e9454e4b5
e 136 2 2 2 2 2 1 2 6c2bddffd8deec3cf5ce56a2cfa425d2374ae69b04021efea9ba2a56050c485c
e 137 0 0 0 0 0 1 0 617f27f0e21b9376260fed5a64885870231fc61e0d19a414a65800b4bafa4080
e 138 1 1 1 1 1 1 1 4b1e06b7521e19c1d119fe1e3155b9e44744a9e37167b80a25514ffdd2d63b3f
e 139 2 2 2 2 2 1 2 4918c39841c9fe11aae5be41478bb5d503b3737ec7189efd95c2e359ca8bdcd1
e 140 0 0 0 0 0 1 0 93c4e4b513f5d5e51c7f0f2a2789849c22a9f9e81b2fee533b9b05cde3d08178
e 141 1 1 1 1 1 1 1 8fd2e2fef7f18ab846b0b72b5d9b4b1698d79b96a01aa9e0c106043a6e2b11ee
e 142 2 2 2 2 2 1 2 a69b3b566c9397dd2f4194d5ec712786c7f7250909223f013a6f8c3f51923632
e 143 0 0 0 0 0 1 0 d1225a58d1fafc073ee6e2b5a305b688644d96f18d0a46964541129bd407a494
e 144 1 1 1 1 1 1 1 7d1873d1479e1693118deebc348ac7f573995d6eff9abc63e60083f185d293c4
e 145 2 2 2 2 2 1 2 2e9bc034bef98cbfd15c5d9033ca8e9cb607ccaf82ebf632396078087ce7b2e4
e 146 0 0 0 0 0 1 0 9b075ff12f6c4ca67c1faf5caa493927b0c900c9d7c6bb5b204052300cc7307f
e 147 1 1 1 1 1 1 1 db500a684ab40b7b4bdc66e92401fcf79daf6723bbe14cac6e2266a6ae40bbd5
e 148 2 2 2 2 2 1 2 2aacbabba4c9626789d4567e5de438c32385d2185b841e732e8ffee4e7e6f8e2
e 149 0 0 0 0 0 1 0 abbbc5d2208db2a52c432d67790640005858315aa79e453ebe34dc9d81d95f79
e 150 1 1 1 1 1 1 1 b98b2fbc74884b2c5aa220e3f27fd9cb8fa3799ad45516fd92eab96ff0b7db7a
e 151 2 2 2 2 2 1 2 82c7818812ea492f27f930d258062aa87367f3a090e1bdeca7b0e6f0b4b1248f
e 152 0 0 0 0 0 1 0 26ac513bfead77bf9e3688e961b9e232a6a2dc8a2e8117ebe78fd01cb28239f8
e 153 1 1 1 1 1 1 1 be583d1ac765d51ffe66dd44ffbc5cdacc1398370a20acab10a0d2fc52022d7f
e 154 2 2 2 2 2 1 2 26603461ec44dc52a8531043a9e68e72723a1ecc460bb895bcd8cb90f220956d
e 155 0 0 0 0 0 1 0 5666b9a61dcbec5c05012af08d0fbc43dc53fcc03cd4969a475580a1d03cab8b
e 156 1 1 1 1 1 1 1 e6add7b0d4ff11c06b6316f00f1707fda9700ac639f3d85d1d4515cc40a67869
e 157 2 2 2 2 2 1 2 28c11f9aab66ce8fca0ac6c4fc97a77dcbb1bf39dfd1de0d373c7576eaffabd4
e 158 0 0 0 0 0 1 0 0380eeca9b78f2217b51e6fe6320a9ec070488ca3a95434efa92fa7031b6ccce
e 159 1 1 1 1 1 1 1 cbc113e1e318a212826acbec00ce87403aded5f305c1c9eab4d4999ce221c1e4
e 160 2 2 2 2 2 1 2 a5f237438e61916e2260649c18f38b105c1fca586ab89a93386a4f6fbebec133
e 161 0 0 0 0 0 1 0 5e1a458b05b621c9adc48f7178ba80f67e3a4e5ca2fbaf634f0475369de3b6a9
e 162 1 1 1 1 1 1 1 af7c3071584f6e6fe73a7876abe2834510e34d6e3cf5e4e2e1b5ba0284f28b8c
e 163 2 2 2 2 2 1 2 e50149d2d96e7dd7852da53da51e8acb75085d2c257c3ef81330f066b866e064
e 164 0 0 0 0 0 1 0 6951e9d31c27fba231ee3e02b2d38d21f18ef555b9318e5e6a36dd7420959bdd
e 165 1 1 1 1 1 1 1 e360f945b0df2c54a1376fa2d14d82c885b36de4b17bd9fb45743f35459cf779
e 166 2 2 2 2 2 1 2 975c96aa90b233aca0ba575d74dae35799b145e689e441c3212c1955c42a23f0
e 167 0 0 0 0 0 1 0 99a1ea1cf5c8e9052c86507340771c574ad89ba1aff5b5f2f1e9acc23cf7428b
e 168 1 1 1 1 1 1 1 6032072148cc5d79456b22d80b8e2b81c0a088c110e689dc1ee72583b779376f
e 169 2 2 2 2 2 1 2 73d5285db051eb3fac5e2f957709fb1b82ab3893c2f32d425e166bf32d358ee4
e 170 0 0 0 0 0 1 0 c8663d1c24c23e4d5d2e9d1b373603fa0262f802d3fe1f4ffda7e1a4c3e46ce9
e 171 1 1 1 1 1 1 1 d3a45913c6ff2c26f5d484b2211d1e0a1aa0327cab04c4125d4b7e77e46bcdd1
e 172 2 2 2 2 2 1 2 263ba236299588ebf0381e2a22546cb7fb2e1a80e4f009f9a0e4127f70d66837
e 173 0 0 0 0 0 1 0 9a697db3de4f9de854ecdfe46e1d9addb9530043f6f6b1a1bc457df73b0524e8
e 174 1 1 1 1 1 1 1 93025d448626b95a74eed8394c53411b4d0f300d60f1892ca6f14ad9792278eb
e 175 2 2 2 2 2 1 2 529b874f95195a6461fb25bc0acbe63e1874f59b92afcf3af7e6cac0ff15d2ec
e 176 0 0 0 0 0 1 0 e711e074e01d8e0544b6ae8e95d66d9369ee25623d15fd879288023a834bc208
e 177 1 1 1 1 1 1 1 cea73851692a242a464f82a27bf584ffe42b43b15c9dd71e0b6d4a4be6a6068c
e 178 2 2 2 2 2 1 2 6fca894c7d7134ed29a05ed5745822edcd84c1afc9a117ee67d540349e89ed03
e 179 0 0 0 0 0 1 0 5f6b4c87c9c086d582fa266244932a2deafae789c4bdc1ed108bbdf08ec84435
e 180 1 1 1 1 1 1 1 50cc8577e5cc35ddc01ed9fc1b174eb2da1e0b121ff0372c4d79fa18bfda4a3c
e 181 2 2 2 2 2 1 2 628c7a904e577aca9fc32535540d60609e4bf6ff023f2c0c25e46fc3a4f83dba
e 182 0 0 0 0 0 1 0 6b0ef14d0dc035acaa641cb6f26082d3a9ecf82a7b4037758e845203a25cbe71
e 183 1 1 1 1 1 1 1 90dba470776e727960465d08d10d57156c85e44d0eb686528ca47b09af69ff75
e 184 2 2 2 2 2 1 2 e69bbf9c003b0ad5271ada2f5ea3716d17d9418a8de275478cb3c8bed01f683c
e 185 0 0 0 0 0 1 0 6545e8969a3cd64ab03e14e45d72fefc72965dfc7764457179ba877a5731b85d
e 186 1 1 1 1 1 1 1 f9f983fefe4ec56ae636cc61d201e427ab19167c8c5dfd4301358ed94f7dadf5
e 187 2 2 2 2 2 1 2 5a64b47791c38607e310412b47e6d3afca31ea7ef63e2d0e9d34ae735c7a2a01
e 188 0 0 0 0 0 1 0 09d0681d9aa3aaa89361b05011f964fcb30150f3ee59ab2a323e5350c34c556e
e 189 1 1 1 1 1 1 1 95b775916846dadc3ffcf09e4a75db393c012253bccbd5da102c419052b5ac90
e 190 2 2 2 2 2 1 2 18f621194304945ceacc71bcd0a29f5946ca053d1581c205fc3896ab3b03cdb4
e 191 0 0 0 0 0 1 0 76f0e178d20b0da4df54df560c49b7e0c678874bf26356fd5745efa7ee6d32fd
e 192 1 1 1 1 1 1 1 fd4ad2abdf03602cc743b85cce5e45fdcdc2b4aea05e42ca41bfdb8b5aece0d4
e 193 2 2 2 2 2 1 2 909f06c0ea844cffe12efcb026f6735f54ea0a9188dcfad0e3501ff7d78044f2
e 194 0 0 0 0 0 1 0 f44582eafd5c7d4d074262fbedf3927d1f9286ca8f3f2e8735ad4e6243057502
e 195 1 1 1 1 1 1 1 54a7f7c09ad1c0a4e7400d6427b2a495c16c577bc949603da891e782dadfd2ed
e 196 2 2 2 2 2 1 2 7f51fabb1504e7f6522b339ced06fb04460e2f59cb9fbea88e5a808e1fb207fe
e 197 0 0 0 0 0 1 0 958b8bb21986f88266535519fe7266a1c526b09622d9c12e4c115ba86120028a
e 198 1 1 1 1 1 1 1 b053bfe51f4fd43b81b9496983fd62e0d1bee1730049af8197017e98b1e2d5c6
e 199 2 2 2 2 2 1 2 9ca6f0008adf3c11579e4c401a856e775e1bd50c2a0ba08501807f2fee934cc3
e 200 0 0 0 0 0 1 0 ed9298ec3ddd84cd6aea630142fdf070e1d5421321fa43368b3844ca099d0588
final=ed9298ec3ddd84cd6aea630142fdf070e1d5421321fa43368b3844ca099d0588
trials=200
installed=200
false_install=0
