FSC-LEDGER-v1
mode=1
famfile=../../fixtures/fsc/fsc_C_b0.fsc
e 1 0 1 0 1 0 0 255 23496e971bfa5e485633ae402d3ddf9f36bd787a143f68aa944fd343a801d79b
e 2 1 2 1 2 1 0 255 662fa0a4c41a57ec8c024fdafab66e393f0bcf3bb5c2caa7f1b6246d54dc35d2
e 3 2 1 2 1 2 0 255 3dbdbbedfec0deadf1eb693f51efc97cbbef0c05be4c70e7567d004a890c269b
e 4 0 1 0 1 0 0 255 7b779739cd43c82c7ba9063d696c35c1ff3db2b9e2e6f5832b077c927f5fcb9e
e 5 1 2 1 2 1 0 255 99233f01e86b06c0d5f0c5f36d66caee630a444ca20357cc974479e6d8912955
e 6 2 1 2 1 2 0 255 5064a033385d9310c5de4eafd564eb6dae9bdc56d2004ff71d03cc0d40cca186
e 7 0 1 0 1 0 0 255 ebda4533a9b322767cffbcd7f6bcd74388fdc10a8cdbff22b8625856eebacf4e
e 8 1 2 1 2 1 0 255 1dd8f18cc0c8f444459cd58ec51d98860090546d64e0cdf4a507a1f8af54ab52
e 9 2 1 2 1 2 0 255 79bc139c6020663679c6fd691958b172c1fa0bd83d42381624466e03d2e5e384
e 10 0 1 0 1 0 0 255 98b06398cd8192d5edd6ccb3c6c626c630b88e7e0162393e5402151b978e9588
e 11 1 2 1 2 1 0 255 98b39ee0119626debdf83d038a58f40f98ca539e3bdb42230a2e743ef932ab01
e 12 2 1 2 1 2 0 255 281e8c05fac5b08c14ab0947f636ce6e8978c6f76d25fc0ee0145fd0a4c54dca
e 13 0 1 0 1 0 0 255 0bde75f4f65b3ebf1130717552482a0fcbe19b03d70ee76344837588ec09ea3f
e 14 1 2 1 2 1 0 255 fe51834fcc7d5b734cdd900cc66d17a78d1d348fdb41bc6b1c2fecdb44bd54a9
e 15 2 1 2 1 2 0 255 83cc2e586fbd8aad5d63c7a11dbea60a9846b84be6b7e639e24d0a6d3d2f3927
e 16 0 1 0 1 0 0 255 77ae7a060d433079afaaf7184462cc5a47d9ca2f9a4f874917b3d0c8a29e15f5
e 17 1 2 1 2 1 0 255 4673af193e73a60a6fca148e9bf90bc8cd0c259c625891da0915a594ecdc90c7
e 18 2 1 2 1 2 0 255 4600425655002e9dd304c22b21536bb28b242aa948529f7dcdd6c67a1d436910
e 19 0 1 0 1 0 0 255 d13fed2c51348bd4fbccef2ecf9c8dcb22137cd6cf7fe6367a4788aa76ea0238
e 20 1 2 1 2 1 0 255 ca3c99d77b5d86b27db7bd9be9d340b0aa692975807ab9e59d8a4c72a04241a6
e 21 2 1 2 1 2 0 255 e459e54a185f04b54c317db2a1eff9de8a77a2605b811445844a5b7e954dfabd
e 22 0 1 0 1 0 0 255 393dd6870d3139f3e8930304cf74689211a6c70a57dda5bfa223fed5a1e7d0e3
e 23 1 2 1 2 1 0 255 24281613d46bf83ee9065539d810e4de47be86d5eb116d0cc00670e828c1bb0c
e 24 2 1 2 1 2 0 255 9c5526c91d32c4282939d43b9934ccbe1c42b7c03d008f98c43fdd42ed38c776
e 25 0 1 0 1 0 0 255 4b11c471d749e896d24300a17f340aba5c4de4ce1e82db686aadc8f3a039da96
e 26 1 2 1 2 1 0 255 43c88f899f3a0e6254eeb9c4945d63f8d128530baa072fac60b2976eed528b91
e 27 2 1 2 1 2 0 255 9272a3d3545da55ab6f1a32879fc90e878126454cc59a280e9176439a2df5195
e 28 0 1 0 1 0 0 255 dfe9446d5762f1cc511ab09e37c79dbf9d9bc8b8bab30fdcd7f3e69082403b8f
e 29 1 2 1 2 1 0 255 03b8454d691f77b81344749b57c337db03d032c1cc25b69f1f872f7d62e751e8
e 30 2 1 2 1 2 0 255 ad209036e8d57ac09011db012bae22d5096caac1f8b8fc6a73ff251f065d7741
e 31 0 1 0 1 0 0 255 06a6238e3921433c0fd2b05adaa6a9185ff855c98d13c914c2578d697cb43254
e 32 1 2 1 2 1 0 255 1496376c7e51bfcbe0c849bcd7a508a8ebf37f5bad2ebec588cee292f295c073
e 33 2 1 2 1 2 0 255 84e39514441bb5dc22c22f70d501882bc9acdc10184254446ef90a70fcad09a1
e 34 0 1 0 1 0 0 255 869597b292310bec7be79681281cefef9f3ea8d5884babdce503aafc999c6cb0
e 35 1 2 1 2 1 0 255 03a62e45d69eb12f4027c44e4814ca584e05627032a1b3e358a7dfb2d320239d
e 36 2 1 2 1 2 0 255 29afadcfc6e579e9a1d5c12d922a6a268a9dc7651477dcd134a79a610f2f6f3d
e 37 0 1 0 1 0 0 255 e0b426a1213a49c42c2eb88219725689c6b4fa74880cee2d931d2a29698f88e1
e 38 1 2 1 2 1 0 255 ac82d26633a365233f713714fe1ff0b21a4100143219acd84e191e2ee6eb4e17
e 39 2 1 2 1 2 0 255 b2816492a51309edb2e3ead1f12adca36876c847921fddd8c151fa7613629e1c
e 40 0 1 0 1 0 0 255 9fdd1f3b1927711374ef733771efa88e22b36542ecae04ea3ec4946ff7c2e088
e 41 1 2 1 2 1 0 255 dfa16fe90eb1f9699cbbc01db8ace32c1327ee55e2bb5370509eaeb75ac8c90b
e 42 2 1 2 1 2 0 255 348044ed9e170ae4b0783d0a6574d0b4771ea6bfea18fa49c1797bb4876c1ba4
e 43 0 1 0 1 0 0 255 be81d1669735ca408ac9002872cd472c4291ac1368dffb6400ad5a8db72c8bfa
e 44 1 2 1 2 1 0 255 c760ea33a99e0c7b9efcecfd55eac622a1e4ce9784b9e3ef7a6ac97cd3eb291c
e 45 2 1 2 1 2 0 255 aa8ce75ddddabb020437948fa9e4a820670ef528c52e8ca2072d03ec800e2b39
e 46 0 1 0 1 0 0 255 5776784d3ea911d8e02e3ee268ab13c10e143d473c46201142ed41f37743c99c
e 47 1 2 1 2 1 0 255 a10899202b2770fe435d44539a08df9437664c1d37fb7d4da397685ef38be4e2
e 48 2 1 2 1 2 0 255 05f61eb93e39dc0158721e0cbe494e2c4c078257a99b4125db0581d0c419d4f6
e 49 0 1 0 1 0 0 255 5c2aaf16dd26a2418ca96a3bb6d521c4c186e0fe2d7e536614d625db38eae0b1
e 50 1 2 1 2 1 0 255 74079bf24123c9490a297190615323be789f1a939aed3850115f9f0533e0f3aa
e 51 2 1 2 1 2 0 255 740c5ab29c0a77031901eab43ba09db2c76a15197fcdd15a4d70ddb448fb90fd
e 52 0 1 0 1 0 0 255 14f9703d3acac6fc9670603b831170c6ab615d7df6dda4479c19cd42fbdb19cd
e 53 1 2 1 2 1 0 255 89e1fd7eff92384b70055f55703e6b23be612e4fed0caa0f4c7b31eb35cc5ab5
e 54 2 1 2 1 2 0 255 72ea9b23fc080f4bda5b666cdfddb1de8b3bc4053c31227b3289c1760c42232d
e 55 0 1 0 1 0 0 255 93d51510b609b3c2d9be7d28b23abc91f6cef4c85ca4e54d05e680cd30d18ea6
e 56 1 2 1 2 1 0 255 4ebc092e1ab5ba853cf7b9ebfcc4f9a2cf0f8c1b83a804c0c9abea3385826304
e 57 2 1 2 1 2 0 255 abc9cefc44ab3874d6588e121df79529d8a65da7bd228db4ded218bd9ea51eef
e 58 0 1 0 1 0 0 255 926fe41909a19c84490c5261d8409f18da5bf5ee64f623920fd16c266c428947
e 59 1 2 1 2 1 0 255 970f93a0264c9755550b3173768ad1b5a1c900c0174888f57ac2b050bb310f12
e 60 2 1 2 1 2 0 255 f6b6e3f43e88c602bf332abebd5f5ce0f30ba83f55b9499f0e98893ed0c248b1
e 61 0 1 0 1 0 0 255 cb5be1afa6b5f4867a5f0b91585e1580d4c280ed12531af2e9d42fc858c5ccb7
e 62 1 2 1 2 1 0 255 636a181f9e1f230ceb86627e7213e665011b3e0745a1076cac3cb7a4aa983601
e 63 2 1 2 1 2 0 255 f1e6d2d56ff0a3609d182ea2ce1eaa88a396f2d8efb33441b3523c203e16ab23
e 64 0 1 0 1 0 0 255 6be0311cb730eb5ef24b7ad6b568a55380d4c95d4c08689c75497d75f39bb867
e 65 1 2 1 2 1 0 255 5a6924431ef3d7bef8ff4b615bfd407cff91feae1179d9fa1b4ba9b14dc8034e
e 66 2 1 2 1 2 0 255 e4784e2e891679e1dba7f83960aff54d042e3485ebbe2a207c0ff4a295a1ea37
e 67 0 1 0 1 0 0 255 5d8aadec71ccf269abd98416a22919c3b943713db5f1ec78f78cf7d4168d7753
e 68 1 2 1 2 1 0 255 1c4d586a353c4b9a65d74d497566134eb22fe8f3e81eb391f0b61ddcef9dc06f
e 69 2 1 2 1 2 0 255 01f4e67a9b06e4ec199dee4f8075d66bb2ce7e8f929d3c728f4498bb5c6e0314
e 70 0 1 0 1 0 0 255 0f1ec40e3835d8211127500e0f058004455544823c1c0fd01b3c71de17998779
e 71 1 2 1 2 1 0 255 3d4ce76fd09a293766ea322ce904dd2aa241c71914206f13da31170f2e957890
e 72 2 1 2 1 2 0 255 0f34f2355a0f36d0f4782dccab2e7e3ea45bdba895e4500fce1343dd6602a344
e 73 0 1 0 1 0 0 255 0e8ad44270d89ac6bb8bbfe3809471cb3953244957b7453dc09f1596acc4fc2b
e 74 1 2 1 2 1 0 255 4c3ecb61db5925903c05ccaeb1102b8436b2a880363a9ebc448bd90b67282d06
e 75 2 1 2 1 2 0 255 2631f0b90167ea7716f18e3a1c2c3fb97084a06333b0f0a30b48e291108c26a2
e 76 0 1 0 1 0 0 255 293b2f517b96955fb225e2a929b9b0288fe9997bd0e118adc0ed93c16ea8e5ac
e 77 1 2 1 2 1 0 255 2424213d54e97512f4adc05081264f5b8a156bd9f68443a48b71157364a93d30
e 78 2 1 2 1 2 0 255 1fb20a452bf9075c1ce8c512791d3342beec25f0dca81c9b676c2e0344596c66
e 79 0 1 0 1 0 0 255 a7713b8d6da0dec5a590a65a2e1fddb75f7e2b5b4561a88ef3b63048699802f8
e 80 1 2 1 2 1 0 255 fa4bb7ef067c72eb27fb5bc514cd9f5b97d398a8867a38656dc4c090e59da68c
e 81 2 1 2 1 2 0 255 55355d7cbab404f1dbf5379722df57aab145b3ef915defcd4f4cfeabb087ab16
e 82 0 1 0 1 0 0 255 79cdb92d70029cba3b906f8efdc38db22425e5aedb02d126996e1dd1fa0f8c2b
e 83 1 2 1 2 1 0 255 32143d6f89a0b921acf62a100c946bafa6472b435e1ec3a73fc56ac3b2600a45
e 84 2 1 2 1 2 0 255 1cde39e952f8a571ef4892f77e07411238f3ec3c8646613c653a5b359ebeee8f
e 85 0 1 0 1 0 0 255 64bb2e815a51e89fdd8d55a33277764966c46b711138d1346f69c7558b9cc806
e 86 1 2 1 2 1 0 255 0312cbd4c856f69bcb49d48182aa46deacb28ec270dbfb259d1c9fe543477693
e 87 2 1 2 1 2 0 255 0d7da14591ff35ae1006d70f71d29df703e8794b8a987fb6b28be94646fa74e2
e 88 0 1 0 1 0 0 255 31d25d8cfb41a77c8fe58236199a2dc5a1b03da09155a85203555d9cfffd235c
e 89 1 2 1 2 1 0 255 ca1a4650d5b5db36f9d283ea0ee978d9b7a21da7ee586d74bf3179bd25eb92be
e 90 2 1 2 1 2 0 255 c36a2e9227ca4ea6ba5fbd99cdb3440497fe020782f50e2102a5e551208e3705
e 91 0 1 0 1 0 0 255 76cba405e53ad10880513376d8710d49a3fd0fc114d96ab7ed602116f353f2f6
e 92 1 2 1 2 1 0 255 26b1ec06e0688873a99715810fd9abe5cab81532dbf26efc9e05da8011a134d7
e 93 2 1 2 1 2 0 255 bbd4f6a0400b25a8e3940e9feb0bdb1ef3c2e4c5fff9caa7db5f95396887c4b3
e 94 0 1 0 1 0 0 255 41f50b9f9665b67ad3180fdbc2670f490ac65823dbc9f5e3114c0c99aac0ac34
e 95 1 2 1 2 1 0 255 43a05d95fb5fb219d5f5dfda1494167f1817a6d3fcefa17ca6706bd3593141d8
e 96 2 1 2 1 2 0 255 f9a0049e5ea8e5d1287ee5ad4644d2fdafd4036417d64ee1f9da58f8472fce27
e 97 0 1 0 1 0 0 255 1549449f4597d52cacefd4275b51f8a49d8e9f9a298b21f1ae3c4099c4368bd8
e 98 1 2 1 2 1 0 255 d9c8be2230f4a087d3a9b7cbd17db30c52297bb794f69e309a9bff8203f104dc
e 99 2 1 2 1 2 0 255 4e86817b6bc50c1db2d7b96b4a10c7d1a1e2a244b4ec94cf2a2fda8e2e072706
e 100 0 1 0 1 0 0 255 3b3429fbe3176c13e3777484d5c19647173a187b7424c5c7957b6785eb6bd35b
e 101 1 2 1 2 1 0 255 5a6e5237986d7ad117e2c462f9ccb9de14ba79d93fe7c5ff2cf13f88a9ddefd9
e 102 2 1 2 1 2 0 255 0974f1442e8f659e7ca30a0d904d75eee42efe380276a26f32e0b527506929b4
e 103 0 1 0 1 0 0 255 3c895ef274cba9ca905d529c4a6e06bc48ea74ef2f2e7a7d2de1a4d56889ffd6
e 104 1 2 1 2 1 0 255 66038e681697b0468481f32350e69a40db173168f5337829a7aafe49fa32923b
e 105 2 1 2 1 2 0 255 b3a28c6654857bd1857ad2fc736ae5e4d4b2eca2eec09dcb8fe98918d04f09bb
e 106 0 1 0 1 0 0 255 b6955de7cf1f0939f00fa0f85657551e2c41d05f5e5fe1b76fe2cf984c1b1856
e 107 1 2 1 2 1 0 255 8d5e1feaf4542465e54cd97adabf0bbc58576a3d9736b28759f6c3c06a6f5d24
e 108 2 1 2 1 2 0 255 4cfce125eaf5d3e22aea3107241837b11212d9d7377f19817214282766d44e45
e 109 0 1 0 1 0 0 255 c98b4c0708812b800c363e51622deac9bbddc68dc47eed8d9713a3b833a8ae8f
e 110 1 2 1 2 1 0 255 b41183c871808aef3e4c83cb033afad32d7585b75e9b01004cb6482fc22921ed
e 111 2 1 2 1 2 0 255 72755d69f6d16046413d00dd0170b6bb02000db8b7268b2e21c9d8fc2a7d6d87
e 112 0 1 0 1 0 0 255 ff58512e3484104531bf362e5edd9ab219b9460bb29015a12e907031d49ed122
e 113 1 2 1 2 1 0 255 6c9a0694ab2aa6f685e6b2124a4ad30e9caa012f5decb75769cd7d4e37a7c784
e 114 2 1 2 1 2 0 255 4ae851af60518d69e7b4f028e2026f54ce2d6eda6e67891174cae2f3c714c77f
e 115 0 1 0 1 0 0 255 28616dade97e8b3136e821bc611d6ed95bce10c56368a4f139b5a317624ee999
e 116 1 2 1 2 1 0 255 5324ecb6d9919d6a3d7dfd06bc7cd1e9fcf30773a72827acd9fa7c456273a6f2
e 117 2 1 2 1 2 0 255 6763506193a7c5a600d1230976291ad9a95ae264c405b150250a56855d0dab6b
e 118 0 1 0 1 0 0 255 30c8785c98990ddc682bb50649d7f6bd417bfccbdbade74c847194000196d574
e 119 1 2 1 2 1 0 255 f546d35c25d6137805665e2d2a3be5c2046d9028240de79810be533d3e05cb0c
e 120 2 1 2 1 2 0 255 ce7d8c38b904dffad53383941b12a182ef89f673f9b364554ff329afb6879d1f
e 121 0 1 0 1 0 0 255 63e2263f61f745561074cc45b52d781b4a55954104456e85fbff20d12e758fe7
e 122 1 2 1 2 1 0 255 15c4f09c1b00996f660ca81d34d1af3b2a68961788557fc4f4d30e6351dc424d
e 123 2 1 2 1 2 0 255 185cb0494b6dc4eaaf3cc41f069fd1627d67bb579adfebd35ac0f8144422e7b0
e 124 0 1 0 1 0 0 255 ea4a25695f8c9442e2d89754cb84a0ce373ff00d96ad3f9cc89a13e278ec08be
e 125 1 2 1 2 1 0 255 b8819e172a8bc8c2e576c75243233c7b9c90d22737a749b83667315d3bae9870
e 126 2 1 2 1 2 0 255 911015e55f56a966c4fc253609da3328cf31af7c1b8f4d29f00a2c2b9b91aea9
e 127 0 1 0 1 0 0 255 5ef21b44927b693b895d99d2a14709743823d3850e906af872a0acb48a46a254
e 128 1 2 1 2 1 0 255 a3e3dafac6910529e324acfbdc33f5d7bab4927fcafa41428cac1ee374955e22
e 129 2 1 2 1 2 0 255 6f4b73dab0e2a119a643fb0b945493cef56e77fbe4557038bfa96bc20d79bdd8
e 130 0 1 0 1 0 0 255 238178818447c83aebcb2b3634a3d6e6f9e78cadcc0ce4658e1f054b07c97599
e 131 1 2 1 2 1 0 255 84638995504e75247e6959548f512c3faecd7f4fc24d6208859ecaa2ec5536e8
e 132 2 1 2 1 2 0 255 26787b6f96a02232628f7eec0589841ce66ed8d5a430503365e7c5def67866a0
e 133 0 1 0 1 0 0 255 6061ce0f244cbe6e74308ac2a233f72be50603c52fc3bf574182b4369659ff94
e 134 1 2 1 2 1 0 255 5fa7b07f4b8b2103bfe82144a2575d15e3b2d1158e1b2b4ac7b7a331ef7f13a4
e 135 2 1 2 1 2 0 255 b94b6d1a17d88155515fc89770fc5cd485e19cf5e468e88b2d935a8afd107a2c
e 136 0 1 0 1 0 0 255 e70e3ae7fb89358eb69a8cf56d06f3c918940a01558b491cbd551b3d94058620
e 137 1 2 1 2 1 0 255 afa1b65ae686e868cbdebbb8b370da90b5420bb61c1af474f8827eed4eca33e7
e 138 2 1 2 1 2 0 255 4f342ce7475f25e182b61ac424aaf74fa0381a69a134aa262f6c945f436810a3
e 139 0 1 0 1 0 0 255 5d54e9c3a92c53ba3a136dff9cf7dd1acbee12cc1b54e19d88ae29bc967d0108
e 140 1 2 1 2 1 0 255 1c5d2f1c084ebc3229eaa187ec81008b64ab0db9392dfc3727bbeee2076136e2
e 141 2 1 2 1 2 0 255 aed8636213c44d8f5ce8293ce5493028972f92bb39c6a3e903a04339d2020bb9
e 142 0 1 0 1 0 0 255 6c1d2ec7a6c40641961e9163639e5a9affd950c2942e422e864066c1fe45a938
e 143 1 2 1 2 1 0 255 d46df92e58734878493b469fc09b2f7fad50f7fc8433d34b5b2a3383709980e9
e 144 2 1 2 1 2 0 255 73c8a2f1fd1335346f373e8d55e6f395d34d65a49a0320d654f5f5bcd71583c2
e 145 0 1 0 1 0 0 255 811faae0709653326e6da4f179e4d93da343eb61fbc8f943e29f3b4ce66ecdfd
e 146 1 2 1 2 1 0 255 e00f34d899d622b5d6b4b7e8685daa651307c263c850b5fe5c4a00a313a1a951
e 147 2 1 2 1 2 0 255 55c6586648195cd8630c5ba7864d357a34d7d289fc67b6aeaee6d8aedb21f919
e 148 0 1 0 1 0 0 255 82c446146f7b5049cf37b05d7ce54628453cf95b3e2771962e30787fa3586bdd
e 149 1 2 1 2 1 0 255 bf4fc7046ff8e52b734754a5a54f9de654433525c2e1c629b5acf4ad5b025ec5
e 150 2 1 2 1 2 0 255 ababdef92f1e48e5aa53fb6d0fc4b5ac3543470d9b925ebfcc68f5c64a8041e8
e 151 0 1 0 1 0 0 255 cc9230cb3c66ce58d084341e5de06323126a8ed84ecb631187fdda6bd955b276
e 152 1 2 1 2 1 0 255 8d6e18b2cf6fcd4917c88029861cf229fdcda0c32c8fe5b6bf152ee5508c3f51
e 153 2 1 2 1 2 0 255 4723acf6eb39b06f2da1df2c1fdd71334afeadf5c27798f6fce0b084e7b92feb
e 154 0 1 0 1 0 0 255 4d472eeab17c2300221264898afbc80f6ce4e794f7091da1df9a39a9d06b3590
e 155 1 2 1 2 1 0 255 8e67d5f263edc66f17fc53e1836601be5509e7cc3d846285a06c9b5e5c58eee3
e 156 2 1 2 1 2 0 255 6f4be4309bbd94751c648122784292638d63f742187425c55f417c88ee981bcc
e 157 0 1 0 1 0 0 255 aa993067239fa4f6e4c7feb5d6ebe872143e7786d4a9febbd68ca2a219d419a9
e 158 1 2 1 2 1 0 255 2c40374c69bb5b1b68a1ffa2ef23d54a1bee49cb3671f30f3f3c71f865de9218
e 159 2 1 2 1 2 0 255 bf148d9960165608d52af27fae287d39f856d7f53f61349cf51101104797a421
e 160 0 1 0 1 0 0 255 ce81ec790ef348314e39564e8ca65d012abd8402958a4812e27233212013aa55
e 161 1 2 1 2 1 0 255 f1fe62102ffce321f8ea44d350184cc78fc127046519c100f9aa5416e5d60ea4
e 162 2 1 2 1 2 0 255 025b0e1185ac92b140eb4dc72fbaa48b0c3134678f7fecfbd2fa3f48f782e61f
e 163 0 1 0 1 0 0 255 9c7308c105c81dc6039dd9d06eb12cbd2fd28bbba07cec096beab6ef62f33d63
e 164 1 2 1 2 1 0 255 fde7c9a71a2682ee8ff6fb9e832b0b30e5de0152af9d3d7349ec7847f0de337a
e 165 2 1 2 1 2 0 255 0294f352dde8f29f23911d303d47a6b5ef061e1cc83a880da5f824a2e9c2aca1
e 166 0 1 0 1 0 0 255 320e94e1833dd43d10d93bc9bd889550f9c27164c9ac1789548c12ea480445ac
e 167 1 2 1 2 1 0 255 b60ff7ca9abf8c640d6371eca0ba6edb544125160e69a5ee05b4019dfaadd640
e 168 2 1 2 1 2 0 255 9a23011b6b71f8bdf1975ba51c61f178c4ad5bbed74366e0e6e2302b6dbf89ea
e 169 0 1 0 1 0 0 255 0fc279a091d1486c23ea1f727892d71bc31da4d8ce1d73c8aaac52d1a159d210
e 170 1 2 1 2 1 0 255 46a2205afe71dcf6ee5a160880a97852a3d509631b8317b7daff4f15e0cefcf5
e 171 2 1 2 1 2 0 255 8c0e90cfee20b5f1e13bf628452fb9211c2cbb5f3f904b9c72135283cee68bfa
e 172 0 1 0 1 0 0 255 fef4d41bba0398d84acb08193bd737efdb9ab4f85350de399b689d1e2dad231a
e 173 1 2 1 2 1 0 255 dd1a10e4899591d2d8dfb13c1fcc58c01767c81eb4bd3938e29bd2fd06173fbe
e 174 2 1 2 1 2 0 255 105f2746f7e1b5155ffa8643ad621cbd4b78540a4b6deaebcd679577d91aae47
e 175 0 1 0 1 0 0 255 27fbc386be72caac63e2cafb0cf0a2eb8cf74bfdb4105d6e43a21dcd4270e5bb
e 176 1 2 1 2 1 0 255 0321785a4138e3da084277f29f41e28301a921103cff01536766a8d7f2d44bf7
e 177 2 1 2 1 2 0 255 791759064a165e8e2dd1b67c16be23d84f7ef6d8f6d81a5bd04b50004aedaca8
e 178 0 1 0 1 0 0 255 9000b00654254bf806868905c9a16c5338782a0408e0ce6d13364f61725cccb3
e 179 1 2 1 2 1 0 255 638573ef1f51bb637f2e170704dcfeb223ec3a731e5332033ce6d5c576461946
e 180 2 1 2 1 2 0 255 c9fdb38556a7232472ae994e562e490813667522080970bbe0cc7cd9588373f3
e 181 0 1 0 1 0 0 255 a8788cd3cbc27397f3fba3a426718b4f841745a03d326fda75c11a14576f3ae8
e 182 1 2 1 2 1 0 255 91203c31aebc561b7c019776327fdb3a97a70f914a7996f52595ceb413221201
e 183 2 1 2 1 2 0 255 5817c24d06e72e34e173d15069deb4b222e11dd8c1f4b481e3283465228fe8df
e 184 0 1 0 1 0 0 255 2a3648c75d900a626c2dc8b1ab1708aaa6a837c1d3d39fb2a1d75a92dd383479
e 185 1 2 1 2 1 0 255 8f661f6aea93370155756ac8bffd838e69a9d4162c48e5f026bbf6eee8127ef6
e 186 2 1 2 1 2 0 255 88841082a185deed83dbf8348c1600782dfc2d18b2f6c4611259e1d75862a580
e 187 0 1 0 1 0 0 255 56704359aa54c3a46e451853d1ce48706900a3eab779aaeca200cb9c35a3e180
e 188 1 2 1 2 1 0 255 cf8ffd6fce80fc2064481f2308bc5293bfc151216c9c12bc416442b1d3c3c6a8
e 189 2 1 2 1 2 0 255 6751aa453b922df60534a55f846adeb009d19ff21a0dffc3ce651aa517fb016f
e 190 0 1 0 1 0 0 255 54c753ad8cfeeea8583389a7c649ee68d188d1f04402d651d7830f68ca69491d
e 191 1 2 1 2 1 0 255 0ffd9ef061cbb8399f8119dcba0906485b4329b99e3b15a618cafc7d42e127d0
e 192 2 1 2 1 2 0 255 5f3efca4914df681e4cc166920f9e4f730fc8b5a2c44c6a57bcea12e7a3bffad
e 193 0 1 0 1 0 0 255 a94498967c186497e4fb450cd67d6a1d113edf59a72fd795e5e67f994064a0d1
e 194 1 2 1 2 1 0 255 745ccfff6f9633313f47cd1511910e02d232734af814e7a2951c603fcfc44053
e 195 2 1 2 1 2 0 255 22f7458440b374a3d819da88d4baf661272db2065b720d432f57990ac174a858
e 196 0 1 0 1 0 0 255 a601e36ac13347761fb79c7f31a09eb236578c8944e3aa8d03c7770e85c2c1e9
e 197 1 2 1 2 1 0 255 dc549045d9aba58c4ca3c70f7c474a276179f842cd07290f335c96fcb25d1740
e 198 2 1 2 1 2 0 255 7dfe13d74437dd73bff54d98733b577fd5bd4864485991e57926df004ccc4fa4
e 199 0 1 0 1 0 0 255 72e468557828ec40c56040a88508a6307df2d44827cfa48fda0c5fdfe20a9a47
e 200 1 2 1 2 1 0 255 ea1044d78f709fde0032d9871093fe61d74309fdafb53750829769069d5e1a19
final=ea1044d78f709fde0032d9871093fe61d74309fdafb53750829769069d5e1a19
trials=200
installed=0
false_install=0
