FSC-LEDGER-v1
mode=0
famfile=../../fixtures/fsc/fsc_N_b0.fsc
e 1 0 0 0 0 0 1 0 f7a98d748d2f3418cbb57f34409c093cdfa7fa3ce15ad03a77bf31a368541c94
e 2 1 1 1 1 1 1 1 83a81c37e8c408baa810a86cf3c7daaaedeee9eb6abf09c6d2df0ea07dfe6d8d
e 3 2 2 2 2 2 1 2 9383e6722ba4636124383510bc396bfa2ccd86b7e87878f10827c4731b21d6cf
e 4 0 0 0 0 0 1 0 1b1021302bd3ea44302f5232f3d7158858a3790a5dfaf3c13afbfb0b73f207cd
e 5 1 1 1 1 1 1 1 3a38ee2ca2a7aa67d7aa444da6b1150c6d88aa37d4a3e0e7f4c91941f2e95093
e 6 2 2 2 2 2 1 2 32460549b9b345a9346571d8901d563f016faa698e4b60c7594ba7161e96bb00
e 7 0 0 0 0 0 1 0 d05147625987e5c91cb0264da6732136a9b99024de8519bcfb43cb202785a1e9
e 8 1 1 1 1 1 1 1 32b3d9427049d762da3b9f9c46cf25b6107bf2cbb15b84f3918a3c2d05b233c7
e 9 2 2 2 2 2 1 2 31c25b748c3006fdda58a67b478f06290f14fcccca4d256b6ae84b2e6d8c89ca
e 10 0 0 0 0 0 1 0 34608a727c0efe2779b9a75898e831b5b50948beec331a44070271c0ffb094bc
e 11 1 1 1 1 1 1 1 1962a0b068c5dbac08cba77f424bc7051726f36cd54aeb29ab026600c3da03b2
e 12 2 2 2 2 2 1 2 b73f5ad97646f04a3ad7f1796415bb2668a3e3ccdc06f8866cd03018ed8f999d
e 13 0 0 0 0 0 1 0 e0da4cc17321df20dd950fbe5412186ebcf96f9d44d0f2682a4ca5c7eaf82718
e 14 1 1 1 1 1 1 1 71d23082c053a137000fb62ab584d2929235e65ec2005b63d56d822d0deebd67
e 15 2 2 2 2 2 1 2 534c358132fbd240a099dd36a6412881203cc25f203a5469cd7d4d85b376c8ef
e 16 0 0 0 0 0 1 0 00183b881d2cf1da106f5d6a35ec71b0949c706ec788d03b911be6579af192ee
e 17 1 1 1 1 1 1 1 cd6cbca06f9a72447ffaff87449a007b31c533d7b566eedbc6559baac41ae65c
e 18 2 2 2 2 2 1 2 dabed741154a52b76341b8c4c12f508490941d3bed95de776f41cfbefae8fc72
e 19 0 0 0 0 0 1 0 5407f0ec2dfd156e78877921aa235de4898862ffe0d959b45945199407fb7eb6
e 20 1 1 1 1 1 1 1 d6bebb6f4d86545561e9f0c31472b46ac8c1cce0317ea203f3ba9f6664b69308
e 21 2 2 2 2 2 1 2 b13083f2c2e2015bc47cb0b84d1a059b5a5395bf4f7fd0085799ba1a7c5ef92d
e 22 0 0 0 0 0 1 0 ec747155e494c6945d23e6f24219fad6d02b1bae395d11ce73eaf39d6c2476e2
e 23 1 1 1 1 1 1 1 9bd584da0a40d22e2322218eb4a58da654c9736f672cc1fc2fb5191574a0f07a
e 24 2 2 2 2 2 1 2 73a640b6aee8070597d7888202745825bffa6e24524aca43a5e0eac6b6839cf7
e 25 0 0 0 0 0 1 0 9833e1e55f04134c0d260b3a105e968f5d1a9481f0fcbe17cddcd04675367b6c
e 26 1 1 1 1 1 1 1 ac6acc96cb352319a90660134076c7fe5089e0024e591555fb6893d11484b5ef
e 27 2 2 2 2 2 1 2 6eeedff96619c1857b236d5adc53795e910ad0116bf7c569b10c54853396c941
e 28 0 0 0 0 0 1 0 30f64cfe47c78453f3c1385ab77bb3c683d5018ab833e666a10478fbc16b1ab1
e 29 1 1 1 1 1 1 1 641fd3b393b7541713a62ba3cb99923b33a796191bbc564e75e85d7cb5dad0d8
e 30 2 2 2 2 2 1 2 ccf8497166ae347af23d87c6f46487fb659bb48664a246ef6198677979a59b47
e 31 0 0 0 0 0 1 0 1d830437c49ae0b00de2b9424cb24f93c98bca9cee85fb6d24eeecab37065e2d
e 32 1 1 1 1 1 1 1 4caf4e5150841fe863e3298d5aa82decbefebd6054c0f364d0feb7784cd56787
e 33 2 2 2 2 2 1 2 b2967fdd53e8604144c72e361cb1baea59bc05fb46d5a41b03fcac662e4af235
e 34 0 0 0 0 0 1 0 3cdcf3befe4fdce56005c734e5288fa6114c1f5a49704b7e249d1e24c391a21c
e 35 1 1 1 1 1 1 1 61c8e33a6dc53199865f790e20873a5060eed985c37397e6e7178587898029a7
e 36 2 2 2 2 2 1 2 591d048a9485034f8953f502805272e0bebe0ac0681cc8c7768c101360233643
e 37 0 0 0 0 0 1 0 aab6bd74f8bf9d810e9ac0e11207bf2343a79a64761b204c8365c95891f604e1
e 38 1 1 1 1 1 1 1 9652465e5ea49ecde7980a0c4a81148c450f8554fed2401144588717663d9e06
e 39 2 2 2 2 2 1 2 055e2f47ff222f31f1d651cd9b6f857b44475843f1e23a61a2ce5f7454b8f646
e 40 0 0 0 0 0 1 0 fdc0c6757767d4b3e410da9b1c948a369e5399c48b60dc2e07c00ebc7fd68fe8
e 41 1 1 1 1 1 1 1 dc374f70130fcac73e86dae2bea164e5562564ea295786f9d6f369752ec060a9
e 42 2 2 2 2 2 1 2 1e1202c4ddffeb7c7bd1e4e98b7f6a78620a79bcacf1da2e1e05c785d8c7d57b
e 43 0 0 0 0 0 1 0 edcdd57c704731c547cf0376e724f88ba9860534059427ea40aed068c4bc8d47
e 44 1 1 1 1 1 1 1 9c3ea83efe6d4ef058f5114a8c158bdc0a368f2f87c8ba5d4aebc0c8114a7044
e 45 2 2 2 2 2 1 2 64251532c182ccd8be0ccf443a38e0a6ac7c1aad411b81584520f0e8c803f848
e 46 0 0 0 0 0 1 0 4ec64f7b963693e434b3074002d0a50362bf0bb87de108bea6ff37252bb272de
e 47 1 1 1 1 1 1 1 6c0d0017bce03d20114ede643ffc408f08a76b2709557263a0a414825ba541c0
e 48 2 2 2 2 2 1 2 5531746925bfb0f72d7565b62783c33ad2f32013df67e6c168bc379017f22bca
e 49 0 0 0 0 0 1 0 1554b29b314989dad90132f4ed42b8bd0b5814856f52484e267291fce9ed620f
e 50 1 1 1 1 1 1 1 ed96ef54d907e8765d858fbd515be3cb115bc81eb535c4d4f206d1e66922db09
e 51 2 2 2 2 2 1 2 4c8036a8b09219186e26bad188befbac97033e4666c550e45f771a1f192f644e
e 52 0 0 0 0 0 1 0 42220d5482559de4e7ca64a168afdbcabc62135d9009d1fe80fd452ec0d77db7
e 53 1 1 1 1 1 1 1 a8d4b08324749d6baf71b80782827ec1ea4176b36ccfe9e60e7b8c86dffee018
e 54 2 2 2 2 2 1 2 229b62000fb2960ee05ebb9e004d6b514a666c44d933180e44efa87d984a5b1e
e 55 0 0 0 0 0 1 0 c325e501a71150b2aaf494a4d0bfc6c3d1c1f53c38fdea2511b4d021c9dc1450
e 56 1 1 1 1 1 1 1 ce9bd84c949d87f631d87ffd1b3f4d0e3a2a3845fbfce23d049650548c40e5e3
e 57 2 2 2 2 2 1 2 1f021d49bee7e05e6e2023805f7208dda3349f98323f7cc8457feb2eaa5f08b8
e 58 0 0 0 0 0 1 0 2add3d7dd5c462e8111be8fec3d39860f6f3a347bfab4019187cdc7a090bb66d
e 59 1 1 1 1 1 1 1 c770177f8c465202247641ccfe64cb28c9102cb0fdf015c2631b75992720af29
e 60 2 2 2 2 2 1 2 f1d7f1393acff2a8227953855f9873329af1a4b18847e2a92d7346aa5ba494fd
e 61 0 0 0 0 0 1 0 637c63ec35d187e4902816cd74aa4098000c1c691b9674a156de42008b657d25
e 62 1 1 1 1 1 1 1 b459145bbff16ef5176828d1a19ea6b1c30c4d409f5f0942813d7574d762d696
e 63 2 2 2 2 2 1 2 75b5cddbe7fd10d4da780f5244649012419d2e6682641a2ecc3fccf918c49625
e 64 0 0 0 0 0 1 0 4c032c6116714075cc3540d2b91d0715d1caa7a1913bf221a1ebebcbc5def640
e 65 1 1 1 1 1 1 1 d42877b9934d3588d35f657160f95d2833c5a5105fd1776b7f8f38bc7f6786c9
e 66 2 2 2 2 2 1 2 7318ebd1a1a696047e6e8ac05fcb3de8c423dbc9563bd970b4aa2d6252a2eb64
e 67 0 0 0 0 0 1 0 9bd81235e5840dd2a68adb4bf6d367d8648caf88b0fe92bb43a3314c419efd7b
e 68 1 1 1 1 1 1 1 e7c43c226afbc89e03fcfac97c35544a22a1629cdab4ce38cf56dd326e14ce60
e 69 2 2 2 2 2 1 2 a582cb0d385dcede7a6ee2c632a12229ed244207c5d2b4518ac931dd8f4d6b05
e 70 0 0 0 0 0 1 0 5173722addb81841d765175fd1297492b99f88721ff2958a73ad67d76cf3318e
e 71 1 1 1 1 1 1 1 267c3d3e69e12d83a1350da44492c00cd1e076b72b7824c81ece79a340b75ed4
e 72 2 2 2 2 2 1 2 04f66b5d2dc89e52f75083737c03b27a00afd70dcfb48c4022c9e6f6af62e90b
e 73 0 0 0 0 0 1 0 fc9adcb29facb0f7ff9c266ebfa68b4a95418b59788fd73510eefea2bc809c0e
e 74 1 1 1 1 1 1 1 87283f473e0f42057b04951cfc10b2ca6f6fb239fd9c2b8199d9e07e796a06e2
e 75 2 2 2 2 2 1 2 4bb7e0c63fbec59cc00704e09874e3f8dbb67560a23f9234c164e2fe275739f0
e 76 0 0 0 0 0 1 0 b9141a0327ce574fdb64f7fab88ac7bf6ded7d11eaa33b098903098304ebf3ca
e 77 1 1 1 1 1 1 1 2e320268181489d429360b0a1838b66520fbef60d4eb6364980149b739514b14
e 78 2 2 2 2 2 1 2 80379e13909edf614b4ca5a2a34d0822a32f3aeade9ddaeec4fb51c4e92714cc
e 79 0 0 0 0 0 1 0 fe12d4f3a602ee606880fc5c91fd1f833e9114436066205005d998000909e4af
e 80 1 1 1 1 1 1 1 1f128842811d5207951c27aca5b35e0e1d17326db3ff01ddf2aa9b2d17d64a26
e 81 2 2 2 2 2 1 2 94aad24479e52ca21bc6e8bd9c1387c82553afec787f113fde04581f26faa08b
e 82 0 0 0 0 0 1 0 a655b67e63ea9107fe8e3c0fb6cda4ee4badf3c35c89129730a2f3b953f4096b
e 83 1 1 1 1 1 1 1 627ca1d5ea94048ce7cf74b1c7d1abb676d404c33afac6904b664771b7157c20
e 84 2 2 2 2 2 1 2 adf7f6ab1ab971107f0484a07d6b2b3aaeff0abf526732419255680a7672553c
e 85 0 0 0 0 0 1 0 ee312d8d44a5833a742df494d672d3301576a901f0727494f9299e1ce7e016ff
e 86 1 1 1 1 1 1 1 b30846b3ce65cc84de46dcf985c6b7ed3de56a45cd42577554ad4ccd193a6aa1
e 87 2 2 2 2 2 1 2 0679013af99db756182ec0ea1d89504efad2517f2584011fddad47e464eac675
e 88 0 0 0 0 0 1 0 c8a1f160d444206cb2e3b98a2875b4b071d76513916d48a25618a41a02232ddc
e 89 1 1 1 1 1 1 1 85fed72e8adcb6ee9527cf87c2df00dbc66daa7c016cd66dedd20eb2e8786132
e 90 2 2 2 2 2 1 2 9db7bbbe66618e5022151b8ede4bb479c4a37d4af3f277069461368ceef02d92
e 91 0 0 0 0 0 1 0 dec9df7015a37caae5e514c655e6a6a8acb2b62feccf6415497b5b72ee62b0ca
e 92 1 1 1 1 1 1 1 8842e29f101395e2a89c3ec7edfc34eda750c1029376fb43de423c42e4542e3a
e 93 2 2 2 2 2 1 2 50f5f287dd6064259b032f91c53cc4679d126d6eaa0f4b764b039ca33e73b9e8
e 94 0 0 0 0 0 1 0 a9c5a24c00457538dc4b5b9da835d882e1279f85f5e1c34e0c787330e9ce2516
e 95 1 1 1 1 1 1 1 b20e4f6e4451eb05ca3b34b6062f5daa560d97273208728f3cb54a0c270054f8
e 96 2 2 2 2 2 1 2 2f071e133e44aa064c5e26d427c678b39807c741faddaa5c5b9cdfec43632692
e 97 0 0 0 0 0 1 0 c3b444c835982f08932d00fe6a8678106448acd028bde4354756818709d6d587
e 98 1 1 1 1 1 1 1 78c77c5271b54a5f5c74093eeab547ff36cc3088225118eda64f63e07040963c
e 99 2 2 2 2 2 1 2 aa5fff26141e160b8fde83b25e2d0dea48ead42167ab7a23b46bce3c36ee9b2d
e 100 0 0 0 0 0 1 0 e9d57955de09ea3fd784a494596e12952da743b3ca18b860e56d2780413754f0
e 101 1 1 1 1 1 1 1 e6fead5b1da0382bb407bf55007b2a69a44df1e17e46da0c21c62b8d207174be
e 102 2 2 2 2 2 1 2 2994877d8be2ddc9ec05bf3a44b0b943470d75d787df48223d7184b9908a987d
e 103 0 0 0 0 0 1 0 15e475e9afc24cc9fde8688db2b44c127d04767716a47c6a1c300bfa456e3812
e 104 1 1 1 1 1 1 1 b057d767828c7aea878be6d840b66e3173ecc2ed04752b318fba1a88226b6975
e 105 2 2 2 2 2 1 2 f5bf154b9284fc6ce89d3d79bb100adf935717199b607b3a8b601573d10178e0
e 106 0 0 0 0 0 1 0 3c187997dcc3fdfe01123053b9c443379abae9d9391ef22963de984442e059ef
e 107 1 1 1 1 1 1 1 4bb8d419aac953780826635ae83452996c474c711a23983f775b65871699b780
e 108 2 2 2 2 2 1 2 4d1133fa1af29edce6a7c7e9c85afbd5b3c9545c154f98a52dcb84229845bef6
e 109 0 0 0 0 0 1 0 033faaafb43a4a404737b1a034938bdd0cd00705be0ec8671eeb4980ac36f4a0
e 110 1 1 1 1 1 1 1 553db89f18ff780330e206327c433531f28099a2a46f5bc520113bf57fc45afa
e 111 2 2 2 2 2 1 2 273b659611aa484200a704461f04d5fafdd003268d299d3fb102d8efb2df89b7
e 112 0 0 0 0 0 1 0 838553bd7dcd623d130b83a675a9f6e0de2801e5d54268078010ef2200c1e82a
e 113 1 1 1 1 1 1 1 7c48d01328dbd51f5739f42ef1ec2fbadc403dc82d4185703f0b99776fc5a176
e 114 2 2 2 2 2 1 2 e593755c591164d35ef01112b9bba73446f9ade3b671afcaeac6c5bd7ff34f04
e 115 0 0 0 0 0 1 0 2418d4f2fd2b21075c7e3df60406cefcd60bea0e1f623f7c238eed07cb229165
e 116 1 1 1 1 1 1 1 131ee9289a20b6d764122633160266552b4851537fb25912e3f50c03ac9b7793
e 117 2 2 2 2 2 1 2 bd3ad16ae3738a77b7b1bfe6195e74e2a6e3d4c421f9a66fcf11314693159ca0
e 118 0 0 0 0 0 1 0 4ef0cdc756b560a70f3e0cdf25c348a1a7b168324fa7b60ab9e0ea658f562cbf
e 119 1 1 1 1 1 1 1 c368718b5b4b1da39bc0e42dd5c9a39a658bd691ebae651e857c106e9a7dc784
e 120 2 2 2 2 2 1 2 f2be841fee3a69ccbd6b5c5cfddc862e5c107095dccfb5b4dc30456736a1d032
e 121 0 0 0 0 0 1 0 01809c5968c12c6b5d5ccd9636c185f8b44a8cc613f57aa59d57773622c6be5a
e 122 1 1 1 1 1 1 1 5fb538be12d6deaec01dbe3f1eca33b6d2d0de5afe104780c10a198d20de5dbd
e 123 2 2 2 2 2 1 2 efdc33b63e36d32d3cdff3ce98dbe48db3b1a9d49bf714efc75f14926f423bfd
e 124 0 0 0 0 0 1 0 68741db988f9684ca531820080288aab4e3979b2e973a48fdee21d3275fe7adf
e 125 1 1 1 1 1 1 1 fd767b0624d95b4f3bdf2adde65f2712f0390c78216aa57c03a4b32d83b0d4f7
e 126 2 2 2 2 2 1 2 e9dbdaabd738d1d33a8e895a24ff4fece923c726f34765b8bdd1cf439453dffc
e 127 0 0 0 0 0 1 0 4cfb0e437ac90541233399e30ed5d908b7cc7a3cc680bdd91e9d5ee87b31217f
e 128 1 1 1 1 1 1 1 4ec5407623eb2bfcd8aa614b20e949118e23c29298af5ddc7d7a28325e052620
e 129 2 2 2 2 2 1 2 3c8a66114de74c6f2e94e8b00d2b4f9f42a4086581c02f3d8ddd56857e3e5b9f
e 130 0 0 0 0 0 1 0 80a1441e2932edd0a3ab3027c21c826f1bbbcb72c5c4c5ece27a2bf020185a5a
e 131 1 1 1 1 1 1 1 346da476a02c5be8c3026f6029dfcf63498235d95160f32342942106a307c276
e 132 2 2 2 2 2 1 2 19277e2130da66c57b35ace7e995ffd0ac354f4ef67e8aae2ba21a826510aafa
e 133 0 0 0 0 0 1 0 1da923e3fc57e0199d7d60e9496bb19681ca476ef31087ecb36b31f0dfe3825e
e 134 1 1 1 1 1 1 1 75687a9244f5dc78ae1bc24f30ea6810b0183111af6122df67a1c8607e42a4fa
e 135 2 2 2 2 2 1 2 6ca567e0a9f47d9f9d86b513746f4e1b6332c520569f0b5f56e2ba99bf7e6ef2
e 136 0 0 0 0 0 1 0 7a3ea49d5332f1e2ee635dfe58ddec5f5d3a8ed60bb04d698c18949721f48adc
e 137 1 1 1 1 1 1 1 487047ea683ac3d93924d838fe8c5c5f5a7ba93f2a2e5002f6038031f6019256
e 138 2 2 2 2 2 1 2 ffdb0f40c4858cdc7302f3eba9f17ff2cce2b79256fecad3f92436a9db7b4889
e 139 0 0 0 0 0 1 0 08942614f74e5a82ff67d2bc60c15558818d846bb437c805c59be156a171d04d
e 140 1 1 1 1 1 1 1 c8f4de5d31618a29e1e06b70d7541691635f097f65c1f006cbe0e01d0b5aacbb
e 141 2 2 2 2 2 1 2 3d28c34c55f64c44532a397d6c118d2b3873120ce665631cddeb722dbd69c4c7
e 142 0 0 0 0 0 1 0 a635dfea3d61fc08a9b2043f784e68711373b400e8d365c9374668d57065f98e
e 143 1 1 1 1 1 1 1 5f4dda2ae81c05fdb98917bad1d088451d754aa046dd979998ea74a44f2f1fea
e 144 2 2 2 2 2 1 2 94429575b3cc0fda46b620eb210aa7982ea9c852c296f6c7c37fc21b93c09eb7
e 145 0 0 0 0 0 1 0 4b1b5ae4c82a9cfc69e0787cae4946b471b142ff3eddfc23e9c72e0d62318b85
e 146 1 1 1 1 1 1 1 f92768c82b04215bc65d63edd74a3d9245698ad46b3df9ad7217b4b9721a5115
e 147 2 2 2 2 2 1 2 31ddcedbe1ad4881067354e75ad9aa7ceb2644622108ca904b0782b39311bb61
e 148 0 0 0 0 0 1 0 3127785c63b638fc6d3c23a369122aa028ad707f66455615122fb28859682157
e 149 1 1 1 1 1 1 1 e2cf0696a89357a974549157c3c908c861620d13e23f67b8697682ec41b6b5ba
e 150 2 2 2 2 2 1 2 7027cd2d6b8f0055fe0b3466c5116097f11342d606a4f54b5ea6284827c7e5f4
e 151 0 0 0 0 0 1 0 9717c5be5d84340c98c8e40b9274fadbf6441c4bb87d34bff6df4e5bb4420e1e
e 152 1 1 1 1 1 1 1 6fc7e35e8cea5070eca7bf303a8f79ca50626b971a58010406d4eb47ba692784
e 153 2 2 2 2 2 1 2 91307a15c6ba969a02c55f4e63507008617d1ad27f416acb56138b7122ca4d8c
e 154 0 0 0 0 0 1 0 1863d553aa10988be6e86670cefd6ca80ddbfb4766a742d6d1ea83a1b1a89e1c
e 155 1 1 1 1 1 1 1 d6d5046be1da6a3a31ee7a57796d3ccea2ed6b847bd3748af9fe14830f725c77
e 156 2 2 2 2 2 1 2 663e1a208b163a364d5445c453b8488e234139d176ac31f8a8e670194f75c6dc
e 157 0 0 0 0 0 1 0 162c8605112470f18f840103597c19ea220f8bb9742929df1374a08dc9ca11c0
e 158 1 1 1 1 1 1 1 e9f0fd393b68aac4da8e42bfe68c37486b1ddbd66b12b987b28f4efbe68fcaff
e 159 2 2 2 2 2 1 2 880ab1de3b75597afb94756004e2b28aad14dea66636908d91c7b142bd7cde73
e 160 0 0 0 0 0 1 0 ca4628006c0575353e2fd4febddffda33dd7e993e4ba82965486a0c3fc5ae6b3
e 161 1 1 1 1 1 1 1 34748cafc5f63d8ccb93ddfa6bb3b5d2c5ff98cddc6b466d1a5f3d2baa503bf0
e 162 2 2 2 2 2 1 2 e5558c9c7700e12a39c106a1cd60f54106f16bfb5c51b1f467cad1861d62eafc
e 163 0 0 0 0 0 1 0 31304996ffe236848a82429e427c46e54fc1027bfc096e8f47f862a52b735721
e 164 1 1 1 1 1 1 1 878d430aa2a7e7dc8daefe60b0ce7dd39ead2681d7d41904704c6519e8de0dde
e 165 2 2 2 2 2 1 2 4cf57ffbb9f99a85f29fbbb18b889ff176a04e6d73efb411917a3cbfa9ac2ca1
e 166 0 0 0 0 0 1 0 aa9893eaf3420c280252e3a994326f3012b55156c1cc3d985ab2ad238a46242c
e 167 1 1 1 1 1 1 1 f76afb6c17596275d7a7c972e6783f0e8f8a2bb9e1e1755c00e59f0086a92325
e 168 2 2 2 2 2 1 2 4d238f67b1dcda42301dc34f8de42ee5bcc759713ef9492138106527fc695c49
e 169 0 0 0 0 0 1 0 2ae7b364dad81b93dce5286da176cd62831bff61fda179582f946df8d1951bde
e 170 1 1 1 1 1 1 1 1dd35e9d9abee1812e2e332063166b20072cba007679172b39163c06c1eb169d
e 171 2 2 2 2 2 1 2 7f1dab90a269ee0266072a06878ec06c5c8fa787267ff926e61acbc0d8a88671
e 172 0 0 0 0 0 1 0 91f0f2b4b9a6d0fc3d80143ab04d6dcc39df8253dbbe345cc42ba400e695b1d8
e 173 1 1 1 1 1 1 1 a70370ec8e56849f3864de515e40e63e500dfbbce643c623588328eb54785a8e
e 174 2 2 2 2 2 1 2 ee3f3f5451f87edf6b1268b929590373cd53dbe921b9bd6329bf75fd19370710
e 175 0 0 0 0 0 1 0 7887003cbf831c5be058708247605eb356fffe96a6ab38a664742d9e5cba9ec5
e 176 1 1 1 1 1 1 1 8eaa34bf603e4603cc74b2ceb3b22365564eaa6ac7273a65f37a1b769b147191
e 177 2 2 2 2 2 1 2 1e3f87a302be2d7057458fdf0e792f41d6f8109130cf153831fa03d9fbd9b34f
e 178 0 0 0 0 0 1 0 8492c412fc77dd7c0acc10ec8f825e224b4004630b5764f86760f7c8d1d6126b
e 179 1 1 1 1 1 1 1 4de4d588ece696eaf22005ab53585122ae89a201b78f25372467fd5afab48551
e 180 2 2 2 2 2 1 2 a9721cb18eae49dd754eed5f0d7bb290e9b33b4c4d43c8f5eef9705638a5f71c
e 181 0 0 0 0 0 1 0 ca1a4be4b8f97a6d97ac255514adcd5ca32bfe63a2c9dab4bfbedb7e5004e883
e 182 1 1 1 1 1 1 1 1f65d2fbf7c2a5adc0a72803de445e7832681a87185670d60e7a740b46ad99a1
e 183 2 2 2 2 2 1 2 76c76fc3cc10b7a52cbfef118a828b4ddc20de4f86136cc5100787ed133b82f0
e 184 0 0 0 0 0 1 0 48c6162272238ce6a95eecf24dde55e1e3caa48e1c3e17899f0f02740ba9f7a6
e 185 1 1 1 1 1 1 1 28153e9e9ed51ca619b6084ead9b93bc8fcd001ebe03fb505c9cc898a58998af
e 186 2 2 2 2 2 1 2 035660f9f867e80d27f6c4b759d96542ef18e9781e370e4777614b6330bace52
e 187 0 0 0 0 0 1 0 d2fbfa35f9263552c03ee29aa19ecd1f262829826ef1d557e87d662f9163f608
e 188 1 1 1 1 1 1 1 87987d61c02e81c3f58b9b89a6893d3ec78fad97ef9e968087008a5026b0b6b3
e 189 2 2 2 2 2 1 2 85f05246f1880b98012023adb74ad408260bb5fec1bf8302b87717ec1212690f
e 190 0 0 0 0 0 1 0 7f594851a970a94a3eca41840f78f6b4f1e126902da664af513bf6ee5dcbcb6d
e 191 1 1 1 1 1 1 1 3ad4bf2293273f7e40d5304db279b70922421658ad94503e71f5455b2aff7fb6
e 192 2 2 2 2 2 1 2 f0bbbec93e9d2b57c41d26188946bd16d0ba26f1d249be5d3b5d2628e5aa89be
e 193 0 0 0 0 0 1 0 d544925eead4a7a82b6830a2192fd43a93814c5b61bb3aa200819f093402fa34
e 194 1 1 1 1 1 1 1 bd38d34de094ae5c6dec076a33b65055718aee960ab2148c88b017efbac8d58d
e 195 2 2 2 2 2 1 2 216102e95f9cb118c9d60b80fd3a5d92591121ed02149357bab68917994d8a06
e 196 0 0 0 0 0 1 0 1116ebe2c5a2a2b256b395911366cfcea71ab347f1a3abf788aa30f07b56f75e
e 197 1 1 1 1 1 1 1 3ff443789efc76919b54e8063476f9444a10392a4c829854116d7a14ca75b719
e 198 2 2 2 2 2 1 2 954c3ceae08d03b259e0909b2b8ba04879335d6bcf766bbef88755746f06a307
e 199 0 0 0 0 0 1 0 4b5471b8c210278201f4c09ded98b588cd45aa40b91446aa70d253910e21bfbc
e 200 1 1 1 1 1 1 1 aa8d8a59e4fdf7e3642d903b07fd948decc54351f8270feb69fb027ca80938b4
final=aa8d8a59e4fdf7e3642d903b07fd948decc54351f8270feb69fb027ca80938b4
trials=200
installed=200
false_install=0
