FSC-LEDGER-v1
mode=0
famfile=../../fixtures/fsc/fsc_N_b1.fsc
e 1 2 2 2 2 2 1 2 1248e74f93a76873fdae1fa0ad010673f75ebeb5df3030cf24b468df729dbaa1
e 2 0 0 0 0 0 1 0 c344487e9eb8d6a05ce5bff44c11a6830776efa1cd67a0b9dc7545aba9617c47
e 3 1 1 1 1 1 1 1 9f03a945b6bb225914fccd8085858cc429d13af533d286d442d146160e5734da
e 4 2 2 2 2 2 1 2 20dd2c1b265b9990e09fee55ef200cbf93c224285a194c2de893d4d584193af0
e 5 0 0 0 0 0 1 0 46d5b3cf4078d44bb85f26290631addde0cb8e0b3e95754ed0fcf355b6d7c34d
e 6 1 1 1 1 1 1 1 8c0434cbf00c031a1dbdc5f76fe82d1cb5dc00cea41f566f60c3f3bebf142e30
e 7 2 2 2 2 2 1 2 9e5bb5a2eecb79328605b15c5334f2695a0e430624c5f04190115b789059ce62
e 8 0 0 0 0 0 1 0 ba946c78e4d30614ed232ab90924045817429d3c436c51f9b75b438b7117278a
e 9 1 1 1 1 1 1 1 43f13a0c9bf94623f3a56b52b9f7c9e3d5d0ffd365bb4bdf588f75149f9c0942
e 10 2 2 2 2 2 1 2 5ce5be83b95713616d530014f4cf6a2c36659e6f0ebc10ff07114b174bbdbfd3
e 11 0 0 0 0 0 1 0 fe07da7b5a716445337b5570e99cc0eb3eb689991cf7cbbbc5b69aea4e139d70
e 12 1 1 1 1 1 1 1 50554d3961d2d9c9bf6da543635251e5565765adc759aff1467a0d42ab0ba9e3
e 13 2 2 2 2 2 1 2 405eddd02a3ef1525a118339ae6adf281bb30def622a7b0c5656398cd1636604
e 14 0 0 0 0 0 1 0 c0d055551435b5616b98ad136a8645abce856ad645d6fe8964c45d79a9e3b603
e 15 1 1 1 1 1 1 1 aec93e5d40e42e1d49ccc28fccf07c91052ca051d7225e232346e9b1f8dcf4dc
e 16 2 2 2 2 2 1 2 77ba1e707e8d7167da88d4d44dde9188834b6cf296108d29f750f6eccf3b60d9
e 17 0 0 0 0 0 1 0 cae3526d2f1b3d17415ba31014c130d00e8017b82e4d24644c095e603ae28d7b
e 18 1 1 1 1 1 1 1 61e81716c57b9a5ec6028a66e5a645798f9ca9d9382bcf1b3ef49e03727e4a0a
e 19 2 2 2 2 2 1 2 fc2a497bc18201c23c6ee5393771b7008936f31635599c3dbaed60538d3f91f0
e 20 0 0 0 0 0 1 0 cc9e9744197d8bd19225baee9ae0f15f71b2742a1b6d7a803ccc65965c3e6cc5
e 21 1 1 1 1 1 1 1 31fd6646803f423353fb6a055e7a010c9f18414de75c04d01894e92bc372ec75
e 22 2 2 2 2 2 1 2 0ca4e71cd7c049b19d871eedef758914f8c35bbc17d89832ab68d2f08735aa7e
e 23 0 0 0 0 0 1 0 377654d1ea36212081ac3c62f794d61c5145dc0a65e19b26105561875b2e0dcf
e 24 1 1 1 1 1 1 1 aa4a5e9740517350aabede8c9ff7458db2ef0e98f1180ef76a7a1f763f56b45d
e 25 2 2 2 2 2 1 2 4e5fbfdae9ba962d0dce902bd18b2f69484bb7abd33d9c64de099d8fcb6dbf4f
e 26 0 0 0 0 0 1 0 82afec61e30b2898f16ed278230cfd8e87e044dae173db980632e86380fc38eb
e 27 1 1 1 1 1 1 1 4ad41fe97878a1b9375c3797a6876c307ae4fa83cb9c916d1b8f19585b2161e1
e 28 2 2 2 2 2 1 2 7de8dd1e2e1142811726b9e14cd93c48286ffe6be07d397bb7bf22a3e45752a0
e 29 0 0 0 0 0 1 0 8842ccbb18120c756cea3740fd6f6ee992df9798500da5f732e394d64cf5963f
e 30 1 1 1 1 1 1 1 0a69cdb0581e045f712ecc473f77babeb0ce220d63937e3d3f3f6dd16fd4a351
e 31 2 2 2 2 2 1 2 d9d7f222a5fa104b8c5c855e86ff142cd9c18cbd08a35328f2ea09e64c076050
e 32 0 0 0 0 0 1 0 23dc5d48e34c38766cb42a330987e89a1d3571e0f1d460d1730eef68f52c468c
e 33 1 1 1 1 1 1 1 38bceb29a2284b0f0e304f0415208834dc36dc27f5c4b1e8ccdfd73975d2fda9
e 34 2 2 2 2 2 1 2 ffe829cd3378c47c50468097b774786db871826963c331f0cc4207cac13b0c53
e 35 0 0 0 0 0 1 0 08af8c912c2fc6a7d42b5a493a1b56b0a23a21e1601c67300656f19bc566ea72
e 36 1 1 1 1 1 1 1 7eae44e60133896092e1e84a2084dae2b6ab0692164f485ec7c083c03fa1609e
e 37 2 2 2 2 2 1 2 15a3c2ecff54b64f698cd4389b26a7c84a92043a6363400459208b6bc9fa05c9
e 38 0 0 0 0 0 1 0 34fbcf9d30c6db2f922740ae4fb06d1ca2c4d48088ae5623ddcd5e2508846268
e 39 1 1 1 1 1 1 1 f1a044f2e029f72d227282b5c1d0f3ac767a09661fbe71364186d5c3691fc257
e 40 2 2 2 2 2 1 2 f1e49ddaff5182b362b8a244a1c55fa76dcaa3faff0e591d49a3beeb38d72fe0
e 41 0 0 0 0 0 1 0 1165a7459c46c745a666e393e95cb72b2e6e5e8558f841f0fa998a19063485d7
e 42 1 1 1 1 1 1 1 2f1e2b3a3d10b8e605a011db33d2ebe218b0642baabfad6efc7788a99ae02494
e 43 2 2 2 2 2 1 2 a75bc5836d7f09fa1ccbea92f9902494315ec7f14bd8c6fecb3433e9599769e3
e 44 0 0 0 0 0 1 0 e7fef3722cc9c53c3f4551b3099bfe91e0dc8a1292041b8f03c0b9fa1bc79b92
e 45 1 1 1 1 1 1 1 b7299dd0e1f2807b333b4a08bfa9c8d1725839d517c8fa821a41a9f223858e62
e 46 2 2 2 2 2 1 2 ca545b579edbe119ec20760e029a28123cd493e7a7beb1885d2c0e21e486eb1a
e 47 0 0 0 0 0 1 0 0bc9e610b6a501d037a197719346e8646028e3b99da3877461b73e41abaed7f7
e 48 1 1 1 1 1 1 1 bd80e79f4107895915336bf558f55a5d1e7a4d2cd2ef192816ddf1c765c4f0d2
e 49 2 2 2 2 2 1 2 fe0aeb92a2fe53ba78ffb84caad5cff2cbfc7a00746b34b1d8ccd784b0d469f6
e 50 0 0 0 0 0 1 0 7ce3b714b2d94f1869a4c17a004e1c2e2895b664341aaa2326b9444e66bfe4c2
e 51 1 1 1 1 1 1 1 63025ab10314ad9524d198551d0b115a736155cbcd01327ffcb11271e0346a26
e 52 2 2 2 2 2 1 2 86598c924be2e7a1b0109f6931cf40c952170f970a02c98f357a40c0b4f81cc0
e 53 0 0 0 0 0 1 0 512bea8574bec425e21751a1c9ffd1beeada2fb433f4f19725729625c4ee7dd2
e 54 1 1 1 1 1 1 1 07d9dbdb478cad524f50226afed1cedee54f2c8071eccba9360cfc7742f57304
e 55 2 2 2 2 2 1 2 5b5ef7bfb7ec0c9ba5513e82c5c39598801e92e99ddbc42bcd5abaa3690065a4
e 56 0 0 0 0 0 1 0 db299fed794715cb07c4a11c4019fddfa05a72b2f792a8d80c905fbf6c208a05
e 57 1 1 1 1 1 1 1 f1ac39c0ec848cd2e16eb6c6ee31b0b6ac471a746518aa4a6177f68d2e54f1f9
e 58 2 2 2 2 2 1 2 82903bfbbda2c77f6096da31aa48c6ac21abdda55d5874ea0b31c4d14b8b11f6
e 59 0 0 0 0 0 1 0 1ddcd521b48d65b50e51b2ff0c3bfacfff80a8a8ee88d6340805421459d40271
e 60 1 1 1 1 1 1 1 dbd6fe57611081cbbf6124bbe9f304cf9f8d75a69c3d389f6427db8fb86b414b
e 61 2 2 2 2 2 1 2 0c77687717dc1c0f09e391a68841d3d9efe3676160ba72f51a82db32b017434c
e 62 0 0 0 0 0 1 0 14520afdf115b0e03a18a7678639487152d52519126012045cd654806cbb1b7e
e 63 1 1 1 1 1 1 1 e190f27f16d44450f286db959b1d80420be9505fcdc12515f77118bcf232929f
e 64 2 2 2 2 2 1 2 71ecc506213ec5d75cf13088be3d3dc7bb04c2ce8225281e64ac0709d5c7e2ce
e 65 0 0 0 0 0 1 0 6c386e918fb235ca6de42a9880e84d7fd6cf9b700f5a2e98a92b8b5325d0de25
e 66 1 1 1 1 1 1 1 91490fdaec024943c053244516ce5f0304ff4ac196ba6178a01ad5fb9835f8a0
e 67 2 2 2 2 2 1 2 2afa49870c9ad28b3a2e531e17d33ade7506effcc3965a39aaef676d28096863
e 68 0 0 0 0 0 1 0 e4685cecdf8a10ad914b9ca6b782738f92fdf581deeaf43594de5af29b374065
e 69 1 1 1 1 1 1 1 1c59ffc33922e02fc6f31281569ba7e3946d7ffc20bfc79a93cf656cf9666e9b
e 70 2 2 2 2 2 1 2 a87d0fd8006446226d7c5e9604a809ed7a2aeed290ca9c0b103bfd452aa3eb9d
e 71 0 0 0 0 0 1 0 94714ecd43a90b7be1c21ea5864321f14c3f5b38fceae41c473537044910e556
e 72 1 1 1 1 1 1 1 04682231f980754ead1ac0b02bb47b1a9686643f6ee54489162af5b980ae267b
e 73 2 2 2 2 2 1 2 117f14c14a0479b1d5503a73eedfe1dbba9d1b21b38582d74cb927153116fe4b
e 74 0 0 0 0 0 1 0 7124a5eae7992524e005e1c0ab16d5f4746f778a867f158b3be400cd06187a79
e 75 1 1 1 1 1 1 1 15c3b15993e7d992327512a01c8bb5ac546977ba4b25da923698db7ed1e399bf
e 76 2 2 2 2 2 1 2 14947808037782e58bf7c7a4f551b4a91c4b18d9b3b1fad51d0b7739ccd42de9
e 77 0 0 0 0 0 1 0 833b06878a10cc4192337fd9a1e83ad6b18d700cf325b33f927b307da45ad0ea
e 78 1 1 1 1 1 1 1 c3844a5eef23379979a70cc4c40e0b99fb74d6e1330f4d4bb5d655d4a9c6126c
e 79 2 2 2 2 2 1 2 432356d233f422bdbebb28a84cf1ecd11809fc49d5c70de6506e0af17192a98d
e 80 0 0 0 0 0 1 0 7aad1c9eb81ae80c6c8b1f0089a80036f7626bfc28e6d0b9428069969ff78b3a
e 81 1 1 1 1 1 1 1 2e207090593f087f6c4827d954bbbe2b32a684f93a3b32a46ccd4efbdf1508a9
e 82 2 2 2 2 2 1 2 d020e57f79b9e62adcdd9c904b6baf00fb946970b806d1ad30b1c3ddbf9da501
e 83 0 0 0 0 0 1 0 934c59ce96764ebc58f3822c2a0ce50637f9d22d428cfcb9d893b480d38d3101
e 84 1 1 1 1 1 1 1 b2fa38dc2c7d2f5c932338f255d8f9f6ada43753c5d15da3c1fbe45e16a76cd4
e 85 2 2 2 2 2 1 2 d94e908d5abd955e3b2bb7130ab23e3b924da0b78bf0b09714ddb0d51ca87633
e 86 0 0 0 0 0 1 0 8c6efcbc329710266331e9cff65e0080ed3db85acff0c9468f1b36afc6965a20
e 87 1 1 1 1 1 1 1 d8bb255239a63e9546bc3714081a2a63692ad19f262aecabd5b9309d15720c4b
e 88 2 2 2 2 2 1 2 ac66fc2db8510360e19f92de6b0b626abea7635eff5c45e2c1654db5cbcd0b7d
e 89 0 0 0 0 0 1 0 b239a43e6de407f43dcedbcf2b332e647688b5a5adda228a04ad13d0fea856b5
e 90 1 1 1 1 1 1 1 706147ba4a2df3572bd5a49a127952ebaf8c2fbcd0f6d8f13dae024df30bf880
e 91 2 2 2 2 2 1 2 788a25e3c9b746047bc90845fc6e538ef3fbfa722879eeec472b2a73c3d22acb
e 92 0 0 0 0 0 1 0 e0545a273bcc9e85661771b289283c70cf52a2d24b37e969129d2a610aa268f9
e 93 1 1 1 1 1 1 1 33b3b11728c244a0b91fc7a763c5b77b4c49bbe45f8efc5258d3b50a1b9663c8
e 94 2 2 2 2 2 1 2 91c7c621cf6fcf7bd2b630eef45281117ecc92bd942aa0d60468497f021f4937
e 95 0 0 0 0 0 1 0 aead96b0b2f6550c2d70d6cfd252b0b31f90085e10775bea19f299dcc5ca844f
e 96 1 1 1 1 1 1 1 07d2dd3dacf23d400a1510a76cd044fbced9c9653c941c94603ede1d52dbf3c8
e 97 2 2 2 2 2 1 2 4a86594fe38c25eebcfe0b20536b7e4b4d99b125a9ba165c89204e561b7a76ba
e 98 0 0 0 0 0 1 0 96c92b8d868b7da771458fad8e8c2ea306d991dfdff731762db172b6b4142045
e 99 1 1 1 1 1 1 1 ac770dfbf36bd4c2eea8cbf51440ada6f4f798b88faf20c14cfd395eca4e52b0
e 100 2 2 2 2 2 1 2 6cdbbfa4a61a6fbe1c6923af0b7835e1144c0caa33439a839b2a11cfa69693d2
e 101 0 0 0 0 0 1 0 40545a3dc4cc497596b99e52b2fbd3934d15e9396c76d1f37c2a12071d2be4ab
e 102 1 1 1 1 1 1 1 15f59726b0bfc862d9a6ffff366e53108dad2ff9c3446bac795b53862c416328
e 103 2 2 2 2 2 1 2 1a3b86a4d51bb53aa2eea3d02e53a7f31695dee8599ff17ff0ae1432f395cb53
e 104 0 0 0 0 0 1 0 92cff14eaf9167ffdcfc0c8d6b6e06d8bcae9e66e4bc03e53ccf9bb2ba58f4fc
e 105 1 1 1 1 1 1 1 404608d1456018b9b4a16acf293075e766fc48a56c1da2f2487dde574d2c9575
e 106 2 2 2 2 2 1 2 23501ab7fef6f2948ed50e01404c094bce8f95a57e5ee9a2ce6b286d04338d67
e 107 0 0 0 0 0 1 0 cf2ad6a692914ff4ad4c2cbd36fec4e42fd36ef19d269a0c42ccc4cc6c239661
e 108 1 1 1 1 1 1 1 3d2a94955d1a7c4d9fff1d221bfd13b5e6b0c1af8b7731da343e03081f4d99dd
e 109 2 2 2 2 2 1 2 b5da1de4dda657d544630adb41c44fbb85a636f8edc9c2a611d0b6536c2b1215
e 110 0 0 0 0 0 1 0 5f5d55414d952a16774c0ec44c9dcf7d8be3630ec2b701d2de6b432ea6062f9f
e 111 1 1 1 1 1 1 1 4d4b092511b211e2536f70253378b6c7fa0e1b2e349d7c32b54770d3a34fcff2
e 112 2 2 2 2 2 1 2 cf469cadd1ead4155be02f8da152592b759745a9a3566036605cf46037fbf48b
e 113 0 0 0 0 0 1 0 f3539791469103066dd43274750dbff6bf23386b29aa8750deca95054c3df57c
e 114 1 1 1 1 1 1 1 3f94c480885ec847031cefef87ddf25ced42e4142998c30aece8d54d0fe8a958
e 115 2 2 2 2 2 1 2 7ad8d22734aba96cf8cecaacc1f48cdacd37e769abead12f0753ced5c1e5d5c0
e 116 0 0 0 0 0 1 0 95747799b7dfbf69977421c06b49dac4fb5207ec223c98719cb3d27bdf287e70
e 117 1 1 1 1 1 1 1 af57c2f1c1b2bf0cf3b0cfedd74dd55153315c65aac8febcdbe5c8ae898c9b25
e 118 2 2 2 2 2 1 2 f3c7a5cfc4a0cdba72c640510a7ef33ff55cc6878adccf8250c019ab540b37f4
e 119 0 0 0 0 0 1 0 0719c1caa46536674ee6bb7d494a82ae5c6a302c55f899f5758c044791d60e6a
e 120 1 1 1 1 1 1 1 b23f48b3c2d7cfa3827f85b125b4fb01c5b4cfbc22f3d496e79595b9a9890804
e 121 2 2 2 2 2 1 2 9259b27614c837441cc1e92482e21f8e777aff9debe41d69883ec26e6df42432
e 122 0 0 0 0 0 1 0 baab6aa7046a2918f197b582d6aa5b3699965f7326b4e57d99efa024621e558b
e 123 1 1 1 1 1 1 1 a22cf61f7b45d0b0aa8bd200d11b71d654abab7584f620b6322bbc16be4d2a18
e 124 2 2 2 2 2 1 2 8583bbf1cb8ef61847a28bd79d2b6f9679f303a1cb388f0429444260291cd859
e 125 0 0 0 0 0 1 0 c4a6b6ff455ce2b72bfb062f755a11b7cc52a3c45f8bfc06b9b66a130c35e7a0
e 126 1 1 1 1 1 1 1 66b14ceb8400c9f6919436f747c15ca86f249d80296ef39ad873fa6777e26148
e 127 2 2 2 2 2 1 2 d4d6758e9e64659fb0495d1cc3de2eb2d148273c5ba9607e6bb79afe71577bae
e 128 0 0 0 0 0 1 0 dd92acb055916de746543a4e452f88177b51ccb2024cad3ec1e7f080cddd84f6
e 129 1 1 1 1 1 1 1 5a027eaedbac8e75424c3a4f78e74cce789915ea07c4434986c30c6421a57777
e 130 2 2 2 2 2 1 2 4939439b35d379e5813b8a6b21a11cc37c63d01707564c174e214da91545cdf5
e 131 0 0 0 0 0 1 0 3a0ca3e9b1ac033371ce2d7684283bd7985508a4c468bad1e76263a6f46f915d
e 132 1 1 1 1 1 1 1 7ab3251ded09a63aa28ddb8daf23808b6376331bf6a32a37fbf78a0240264083
e 133 2 2 2 2 2 1 2 d5bb7ad1c8888475ab7aaa22e0de5434c6f3e6f8f9ace1eeef4a6bc3d6383353
e 134 0 0 0 0 0 1 0 e0952de70623da265ca4ad881fdf5e993c87a74ac8936b53d6b5e889163df3d9
e 135 1 1 1 1 1 1 1 73f438d43bdb49adcf3200a390afc3a5beac017adf2292ab914884ab6e26a327
e 136 2 2 2 2 2 1 2 67a7cc76ad67c7837c2efad2f72ade226adce756a71931e300daf6a53b69b125
e 137 0 0 0 0 0 1 0 08c32948b86ceea20d0ed8e3dbecf132e2d760d90c636501067a7dd7518f99ad
e 138 1 1 1 1 1 1 1 03929d5b7b27c0d43caf9a3157a5935ed71e504d74a1b8e472e187bcf55614cd
e 139 2 2 2 2 2 1 2 ca45f9c3935c451da2d24d8b8e73bde9e071c26306111a56f81dfb07b7d34c3d
e 140 0 0 0 0 0 1 0 ae8e0862daf1667382ab5e66b5424e7cfb0090c6be946effbf4475365c6befdd
e 141 1 1 1 1 1 1 1 9a346800f3e5136fb96c0f48575c50f8c9d18e9e669bd9cf317b46b50f59fbd6
e 142 2 2 2 2 2 1 2 7bf974c285af660ca5102c5c8f4e3a9e9e40521997cdf5d6cd19bf5084c062d6
e 143 0 0 0 0 0 1 0 4ecbad0efe433bdf5243fe4b6d7bdcfb5ee453bc7817d9778c75577ec1cdd1c7
e 144 1 1 1 1 1 1 1 afb554bba265d408966d0b472c2a932033f3697213ce0e665ce9ec40c4899981
e 145 2 2 2 2 2 1 2 13e0ba0898d4d2c1c64ac9f17cdfc1504a8744a16874f8e71a675e8c512610c6
e 146 0 0 0 0 0 1 0 81ce7d0cb07ec1d5f9d368e36f46e81685dc1b1985109b1e16309aaa9d125b1f
e 147 1 1 1 1 1 1 1 5019b01a6d713d9355b2779b85d8019f334a6a7faf3cad6fa82b3c5a7e1e1be5
e 148 2 2 2 2 2 1 2 99ab83ebc4f04090c72a992f5e444dcecb5788b56df4815b95bc83b74a5f21d9
e 149 0 0 0 0 0 1 0 808db22037a19e73277b94c3561af72a7001f952a9ac1e8a34484c9a5cf99adc
e 150 1 1 1 1 1 1 1 3020071a9850777020b2afde7d2639c1043550f605bd92013ce9606f62be248c
e 151 2 2 2 2 2 1 2 5e930c472834d9053c3c3996953ff9213db291c8d76d4b1d6db109dd8c039987
e 152 0 0 0 0 0 1 0 2a82501b085abac6b2e0b556a2aa2f0a546ddfbb7efbc4979fa9d87c18974fcb
e 153 1 1 1 1 1 1 1 5f52ebff0ef9dc4ebf091f5a845fdd29e37ef53c68226e771e52d86a0f2b38da
e 154 2 2 2 2 2 1 2 7341209b9f73824a6f239a06ef0e888678c0f95ac4697f7576ce4d5e68c30c0f
e 155 0 0 0 0 0 1 0 ba415be4381e04cbae773a5144d61dbe61549cec871788d5c946d89def5d3cc3
e 156 1 1 1 1 1 1 1 b33739ea6ad304ec7c96a11f84a64c8011dbb7f6b0efdeeacf73792e4d35e1a4
e 157 2 2 2 2 2 1 2 c4d5466539b64ef3a233b9381565c8358062957ab658f6db8ef0f415c8611624
e 158 0 0 0 0 0 1 0 7ed90164a3d4fcec9e5cad88f18de6d1b57fbce5de5bd2f35dabde47b11c2ff9
e 159 1 1 1 1 1 1 1 319ece0593e7d7f6d8be881e563d81258c304789bca4fdcceb941f12090a3b80
e 160 2 2 2 2 2 1 2 3a62367bb7a2850a8b3d2314ad1acea9338f7e2717e18fb268669b687e29363c
e 161 0 0 0 0 0 1 0 267a101fee867fdba5e768963e864d57b2cb648eff4926d29e6f3ea08dc69fe4
e 162 1 1 1 1 1 1 1 e6c3d8074e111bdda8413cc242ff1f2ed5c0bc1016d4071a96c9b1622ea99279
e 163 2 2 2 2 2 1 2 405ac82540e3aa50bc14a6065828fa9b3a0f132275bd440a2fd70a61308ef2e8
e 164 0 0 0 0 0 1 0 f595523cbfad0310005ccebc2d7dab22d3ccb17e07fe34bd030cb0644d507e2f
e 165 1 1 1 1 1 1 1 920105739b557ce8d20b1aad336b0ea1c191eb5f21f90e3d6a90fc46777ffef3
e 166 2 2 2 2 2 1 2 b7e3b7603438ab1151498fc6d418706cc7bfa4ad0f1b2668a2614486ef4532b2
e 167 0 0 0 0 0 1 0 4a3eedae5abd92bb0f51c473ae7739c68a7753180690a7de5d28f0bf0131dec6
e 168 1 1 1 1 1 1 1 48ad2cd1a1ca338a473b8b0544f75e9ffa684859846681efb3c4df30f77534f7
e 169 2 2 2 2 2 1 2 f689a7df65582324c61d350f879f5fa43039a475473cb56e7d5d77ec24f60b16
e 170 0 0 0 0 0 1 0 34e38562ba28c8932c54e6222ba46a3b02e809c319cb929c0797ab27dfb2761d
e 171 1 1 1 1 1 1 1 8513e70bcfb9e84d8d7527d3ed6ac449af3f383eb9615ca66c86056d0e5ddcc5
e 172 2 2 2 2 2 1 2 edc8cc31c6b5df1cd989b89df84ef1d2a6424cbd5caeb5ec329ba56b9c8c8e21
e 173 0 0 0 0 0 1 0 9766fe1636b19848287ef7d382febebbe146230a87657de9570d14c7c7799788
e 174 1 1 1 1 1 1 1 1c41bf40979cf319d33b8117e1aacb8dd5aa71dc082c5589e1dd212e963174f5
e 175 2 2 2 2 2 1 2 a2380d3b6fa4df21bfd4ea9b8f69e80a1e6e8dace0983cdefc6afd097065eb88
e 176 0 0 0 0 0 1 0 642bc9529525d1d31436e00d514a253cb22f4eb3bcc1172230d8692d6ae9411e
e 177 1 1 1 1 1 1 1 066a61038b045bc167b1f774f7b7c08151411447dc002fae0c1f8b5f8f0fa901
e 178 2 2 2 2 2 1 2 d8cfc8561781ce5ad86ff7e0e4a13fdc6446576ea5ee520220990ecf1e128c64
e 179 0 0 0 0 0 1 0 abac436e8ae9a1b10806a70b5e1b8c66579d7c1db6eb15b697ae049876aecf2b
e 180 1 1 1 1 1 1 1 c064f5a71fb6b2870612951a6f6d9fb6019004481edcf14397a812151e1d230b
e 181 2 2 2 2 2 1 2 7a14c7e0b54a932f0654c4fc432c943a1676fd9774c794c696d15ecafa5a52f7
e 182 0 0 0 0 0 1 0 2222b7a766eb81432daa51bbdd7128a36651b08f83603a0da5b721ae2a579283
e 183 1 1 1 1 1 1 1 39bc8865909c3d745e75725f6359a78f17c6c52e85b316df74635a2e3831450a
e 184 2 2 2 2 2 1 2 1a0cd09f8e269f048b70b91d6eee66ce7414d313e30d8e1e05c426f2770c8ae8
e 185 0 0 0 0 0 1 0 c261dd1d066a7f05781fd76052968960c176b1be23cec5851992978aa25bd0be
e 186 1 1 1 1 1 1 1 816874a92f9013880af422cf6c2c72a46de4c31f588d005e07973d25bbce55e6
e 187 2 2 2 2 2 1 2 5e47879a6df3d3424a86503b4f51203a1881b1e7bf6b8e489d5eded8b8d34ad0
e 188 0 0 0 0 0 1 0 2a86ea7d7bd83f5afedca0c4393e7f64a8fdf12860d8c4da83d033bcb6430d84
e 189 1 1 1 1 1 1 1 5b1a3c1436943f54a23e6fdc1aab48b1ac3e441796fd5fd23bc79896886606c5
e 190 2 2 2 2 2 1 2 7be72f24229ba3e1d08e8db51c86e461faab4e7faae14da579637fa18513c6b3
e 191 0 0 0 0 0 1 0 8472e75ff68e51284a01dec7ec029826682598c6864ca3a04f70d296e433a737
e 192 1 1 1 1 1 1 1 22d6120bc6aa839ec5e457b0065d860e8785d6abaf686e2ac9f9bdc70970a1ad
e 193 2 2 2 2 2 1 2 6d023ea1823db7805e65f45f3b08fbe7b391b5be032c77365c7ea4a981688f0e
e 194 0 0 0 0 0 1 0 c07c17e96b1af897a83c411acc12890dd834b6e6122219abc83de6ce4b19da39
e 195 1 1 1 1 1 1 1 4ccaf4d7d4a85f9065bebe2e9e5353908286c83137507363107adafc8e595813
e 196 2 2 2 2 2 1 2 3e7d3ed91a8a2a5c4ff5218c36742f77da85395d9c21bf2318f7bf633625dbb7
e 197 0 0 0 0 0 1 0 05713712c3a1841ac7ef83f996fd5afdd4c0d111b46c62112269143988001cda
e 198 1 1 1 1 1 1 1 5e8fb2baeda589e8ca597f003199c577547920527dcb19635118c25a2b0e5655
e 199 2 2 2 2 2 1 2 7a1fba561a3c7ab18889bc46b3689e5048e535541a0ce659d9503569c45746bf
e 200 0 0 0 0 0 1 0 4650ea12f0d1c43a04e0483cae812854f83efe5322c708b3c09f36dbdd710fba
final=4650ea12f0d1c43a04e0483cae812854f83efe5322c708b3c09f36dbdd710fba
trials=200
installed=200
false_install=0
