FSC-LEDGER-v1
mode=1
famfile=../../fixtures/fsc/fsc_U_b0.fsc
e 1 0 1 0 0 0 0 255 bc9dc824abdfaac1d4208fae94efa903a5f314c250520a8a50fb88afdfe3ec37
e 2 1 2 1 1 1 0 255 729958a393720729cf39087a881cb0077160bc8b8ac0eb91e84b9aac6b737366
e 3 2 1 2 2 2 0 255 62a98093ccfd4e07d01025d043ddb0a009cfd5edb00094fdcab5523d4d58182f
e 4 0 1 0 0 0 0 255 179cdd912a00cce5dd810661effc5f1ef871a3bccaf159f4fad84ed64c68bf62
e 5 1 2 1 1 1 0 255 522eb223f5fd977f1490bc9e2f529920fc76920eb4565332be79f6c78cee6e6e
e 6 2 1 2 2 2 0 255 9b0183ebd5c544132db535053467a9d42f9e14e67dd5cf79c6866ae5f63f14ae
e 7 0 1 0 0 0 0 255 0b659a11dee2028bd6ed54dec68b57382121cf8f36a4f774541514c7ebefad4e
e 8 1 2 1 1 1 0 255 fd811169659f9174000863510c8173174fb5894f171cc7eaac4fbfaa12183614
e 9 2 1 2 2 2 0 255 d61fcaa91bcf6c22e7d696d011cc4866226bb5912cad146370f22573a04bcf4f
e 10 0 1 0 0 0 0 255 7bcc75986ed3048f42aaf9d17c8b6413d216860dc01e48ac475e3ac4f1195f0d
e 11 1 2 1 1 1 0 255 b6e76c2d9aad52dd132c9662fe8a9005f8b9ebc62274c24f16a17821ff145693
e 12 2 1 2 2 2 0 255 705ea991adcccd0d15e3fabd6add840933b2180ad4e31d37124bcb9dd4edbb64
e 13 0 1 0 0 0 0 255 f64f2a016c55d58032b2484e6ec6a94d9b7659f7f5fab2328e0f4db8c9bc342f
e 14 1 2 1 1 1 0 255 d8a27243e74159bf107f2a58b87e7a4dc4f8b3cc5c44ab103464d921187be6ed
e 15 2 1 2 2 2 0 255 7d3198bceeb40aa1e8a2dae9e1613c6b8e22a3e6518b269a2b3eb937aa0b732f
e 16 0 1 0 0 0 0 255 f4e76fff21b7bb1616987bb13679c3d4e913562e5932648ac7e9b7f3e667f931
e 17 1 2 1 1 1 0 255 25bed4c037ae60ba14a93055bb4a221a24183c0a4b2607f233aac7a98cff35d9
e 18 2 1 2 2 2 0 255 9a92e2a3607c9ee9d852b5abab2e7d0f0d1d361a4ac752012cbc0d0f65f1dfb1
e 19 0 1 0 0 0 0 255 166bf176c400abdf3b8dfd5571a710e0e7baa7cabdfa53172dced1c239797344
e 20 1 2 1 1 1 0 255 da7677311892fb01677c164254689b849fe977b1d3da6a63cb4c390fb471b146
e 21 2 1 2 2 2 0 255 505a68435c0ac80ac37cc5db55dea9f28a4377e55a029b5c2a97552d2db0dd34
e 22 0 1 0 0 0 0 255 a7de05032da7f52a63b9f22c48d89fc8b38ef814f85e1f6d9aa1822c98f18af3
e 23 1 2 1 1 1 0 255 a193064fc5562d8bd109508aad1db635c6255448f791e742181963fd28140350
e 24 2 1 2 2 2 0 255 c83bb1b937b028247150a9be389df8b4b71670d0d4f33b504551365d80872dc5
e 25 0 1 0 0 0 0 255 4cdee67ada4348e4fdfa5caaa74487cf443c4950a7efe0d4162453ff5202283f
e 26 1 2 1 1 1 0 255 00dc01f58efa180b1622591afc8cae90b703112e2ad1ef41639d7a6ded40ce4a
e 27 2 1 2 2 2 0 255 506cfeef0093bb93298647bc4b0eed02cd5891b1cedf18d0d08929475bece36c
e 28 0 1 0 0 0 0 255 ba9c8f3919e029cb685a7105f2bc1183ff4328465360bca4fc00dd1f38746e8d
e 29 1 2 1 1 1 0 255 40a0e6ef8949149d871739dde541693dd553432cd11fa05e0e85861ff27e6f2f
e 30 2 1 2 2 2 0 255 978d2c2f957e20be788f9f7ba531a4cd0dac63cb8f792cfdbb8b5e7c24062b14
e 31 0 1 0 0 0 0 255 a79fb7ff4d30ac0bbb592f47c76ec08723d3d58526e5d7ea3f4003977016e4c8
e 32 1 2 1 1 1 0 255 3f31cb7e14d57f32334210265114e689e1f0755dc516ec789165a4c89e689750
e 33 2 1 2 2 2 0 255 992a21c83b72373a5d4f0eca9f9ab6a6a1e8776db341d94d313d3db999a3a004
e 34 0 1 0 0 0 0 255 f50c2775e01c3716439aa72156b64862d1a05b128f746fa880974b03aae99c54
e 35 1 2 1 1 1 0 255 d67652cafaca59350907397649b31f286be33fc2c341c1113b3978321df7ccb9
e 36 2 1 2 2 2 0 255 01ab5591136f57765e33d17cb96d2d3c56dfbcf9bacecd42f41c33d3d37c9894
e 37 0 1 0 0 0 0 255 9c229124dd3f997a2ea7df0bbc97863c4c5b69cfdf9a098cdfae252c9fa94d43
e 38 1 2 1 1 1 0 255 849a31517035461c292034a25b5339a7eec6edbb2787db53b5484e8e4f065f64
e 39 2 1 2 2 2 0 255 3bc89bf685d9e434f2cb6230e5b273b434080f6e210d2e60f40b4de038168ba2
e 40 0 1 0 0 0 0 255 877ab694bee7f74ecc2c94b6f346ac52da20a2c0a194d90f1e61e5b78ce7236c
e 41 1 2 1 1 1 0 255 878241d0ba8421f35e3dbf79132e7ced739c3413a6b93b807cce5c97c0641189
e 42 2 1 2 2 2 0 255 85e86f7504d9bd0f272fe83780313bc67c83a93947a5d12419ebd08e536c14d1
e 43 0 1 0 0 0 0 255 c1d2b1834db3bad1ec0e9422f16e3403174f7dc36f16afa258f36ba3030f850e
e 44 1 2 1 1 1 0 255 f99460197e1372ab797f25d4bdbf3115d09762b748c03bbe4dd6450c04f8fd80
e 45 2 1 2 2 2 0 255 beacada4a03e9eaeb21b7ac249ff4ca0e32a6b956f8d22fbd741f1fdf03a6c75
e 46 0 1 0 0 0 0 255 a0994883f7ce1a14b91467a4ed94e23798ea449c276e7766692ca702e7a89e2e
e 47 1 2 1 1 1 0 255 a1b963b91efcaf128b4aa13e5720cfce0eead8865ddcaa3113f7d58b31e38b9f
e 48 2 1 2 2 2 0 255 e372227885c13463488019ed29029cc106fa430feee3aa0d6e03e16e410466bf
e 49 0 1 0 0 0 0 255 4c2cfc23e4f071837bb565cadad6cf70f27f770b2d8fb73b2ee7094c0364b717
e 50 1 2 1 1 1 0 255 f6fc3a1c0e5e1e28ac661066c50651908ab09278ec9226cfeff5d8482957b5b1
e 51 2 1 2 2 2 0 255 1dc92031c9623492e548112699cd07cbeb0447e0e10b80edcf6d04ba7be2da87
e 52 0 1 0 0 0 0 255 36bcc7bcc2517b6e1e9f911c7f17d5c06bbf9ac608a11b3eca76a2c827dafd12
e 53 1 2 1 1 1 0 255 5025f0cd31696bf040745a099c1e79b23266cc6afdf5a76f2b40364de29744dc
e 54 2 1 2 2 2 0 255 df425521e6474e9344b0ac5b4d88a3047d5ac55185636219628d2b7bf529ca48
e 55 0 1 0 0 0 0 255 b2b4669d8519c6dfef5c90a8ae3846d9dc97c76a1df4146b1618011bd8f58edd
e 56 1 2 1 1 1 0 255 68c7cf806f0f8b48a187a64798c9052bf66bd4ee47aaad0f416f665b799fa738
e 57 2 1 2 2 2 0 255 f13e483abb04f9da6b215ca868512945752a268f86f5dc4dcd5f5fd3d15707a8
e 58 0 1 0 0 0 0 255 c602d71aae2b5a34a8df37690a07ba6562f44ae2e7f4573b3f1cde2140fb4560
e 59 1 2 1 1 1 0 255 90140f6bb3374bca9f04f4aae378088f305e9d5ad12c02ac28da322c1041750b
e 60 2 1 2 2 2 0 255 ac2b1c94811a3ae3d20cd9e1ca3dc3cafa2c12133d278689310fefe902f15836
e 61 0 1 0 0 0 0 255 3e6ffb4204d4f6f392fc1d4ee0c5e4d8f450dc46da2fc5c8c7955e8b5215891d
e 62 1 2 1 1 1 0 255 36747928706633300d932ff4dd52780518a064dd6f70854e7f128e728f181b4a
e 63 2 1 2 2 2 0 255 94596e911cb4fe69d1f5ce3a0ccbfea2e8988a477b2f64f361f42d491c199935
e 64 0 1 0 0 0 0 255 ff23824d0079ac6ee3de19d412770f5db9824e7422c4b9918433189c0fa01a34
e 65 1 2 1 1 1 0 255 9a3a6df520d0889228bd947b09c48562783ca48687e945f957ad932f0e9c3a51
e 66 2 1 2 2 2 0 255 dbc1a1eb8c036a7cb8b8f67534b92130fc20043fe73fd93df6dd051c572763b7
e 67 0 1 0 0 0 0 255 576e0d2d28c9152f40136f3c822806ddbe87568f1cccb15dc0259fe35bfc0af2
e 68 1 2 1 1 1 0 255 70b9fc4ba01c531e21c7616731a66488b405d544c2dffe2ba70248f1b63001ef
e 69 2 1 2 2 2 0 255 ee727213f0c842c4010837db951f1bf877acdd7e2c75e29360935770ecb37965
e 70 0 1 0 0 0 0 255 a6e75874439c7f95711e21c53de9d7a4ea839b2bb589d1473a69c4a1241ca1d8
e 71 1 2 1 1 1 0 255 f57ec828600dd83eb5348b5eab6bca4fd48a1dcefbbbd3ce5e182424d5d9c0e5
e 72 2 1 2 2 2 0 255 b6b260547109e5a5251f7c736ac4572c6439a90d9ed5b8f8dede2a1c1d661cbb
e 73 0 1 0 0 0 0 255 3b0793c5f1eb76e3588996062458a267c2062e7d31f7aa8b5f265c70a18075f9
e 74 1 2 1 1 1 0 255 3d93aee5d38853e79a5328288a92b0ad23613b9c90e867be770821705b83636a
e 75 2 1 2 2 2 0 255 70e0029bd82e8e3aa3a2cbe3272f47133de0749243d822ddf0d2e340295159dd
e 76 0 1 0 0 0 0 255 b81961b50ef7ef861c73607a5f864b30323d30ff12379f2fc5205065088eb00f
e 77 1 2 1 1 1 0 255 c67e54ec2066464f04f606e275fac746296d508e42535f271a491e728090b789
e 78 2 1 2 2 2 0 255 26e6513e9c8de866267a6d4d39aa0b205636473e481746469c5076674a53d6fb
e 79 0 1 0 0 0 0 255 5c1b79e64320b7994c71bbbcff2c75238881f5920971ddcba3cb3b71d6078d57
e 80 1 2 1 1 1 0 255 f00e4a375a530c8e96f34b5ca619571d10004f8da03a17606d6c6cd9e70331ff
e 81 2 1 2 2 2 0 255 ea1e0d02ea5f80200d081fd29c9bd78cfb95ac7b575459a6f87461cdb2f650f9
e 82 0 1 0 0 0 0 255 f42d2307d84510338ecd1978ebf7282642ec6a4ee0854447e406c883a77f9a01
e 83 1 2 1 1 1 0 255 c1f239de35d30d3dbd3cb3b557e6452cea990efe0ee3c086e3ba13fb5a0717cb
e 84 2 1 2 2 2 0 255 b89ee44c6c4995c4ec3ca124efd993d71a6218a911ab2225047b9e4ac4171f1e
e 85 0 1 0 0 0 0 255 a1ac58c6b44f3551719e21b454a5ec012932e27e76f31809c014e1a7e3729735
e 86 1 2 1 1 1 0 255 deccf77d515b13325492371beab501e125f539faac90a5956531ed9e5045cb04
e 87 2 1 2 2 2 0 255 17ca96fac9bbc5debe0ef884cf5101f65fda42ff2ca4877a82284c1a324c7453
e 88 0 1 0 0 0 0 255 2251bc83cfe11dd339a8cac076dd12d4d360409d413ab4b3855bbf09b3bb77a9
e 89 1 2 1 1 1 0 255 4a9afe0ab13b035abc502d20ada8dbdc0fe0841224b7a3fa1bfec19a3ae7a349
e 90 2 1 2 2 2 0 255 a2759e9408761a052a98d4e013068c18f847af6771a4ea87b2ca49249e6451a5
e 91 0 1 0 0 0 0 255 e7326b1f7dde9e53e9b742656ab055c294d40fa33112393b363d2edca64167ad
e 92 1 2 1 1 1 0 255 160b3ecc8bb1a9f6268ca93a6b1f1b35a657c0194d530c7efc370a8b679c0610
e 93 2 1 2 2 2 0 255 f08fef0e1cca3e6520afcf8e00fdc42110477e51940ae670a757ce15598449d1
e 94 0 1 0 0 0 0 255 60432fda67c64b94bd91c5a339231c9866c1597ce461ef5ef5c0d3eacf2ea68b
e 95 1 2 1 1 1 0 255 b0aacad9b99e464c712921400c4ebd80c9f022d3b0e6024b6d14f7885acc6ef9
e 96 2 1 2 2 2 0 255 ecd3fcaffa9c7ffc4890be9cf4729a0f26b5414d54a3c7f60a7cc8a008f2b32d
e 97 0 1 0 0 0 0 255 caa44d5ea6865339075f7b912e1b046c09d9523542ec9398df4473b6ad92d3ed
e 98 1 2 1 1 1 0 255 a3ca8f4845fe75c7116a7599cad4580cf73f9b0a4152815c14a14bfc3d0911aa
e 99 2 1 2 2 2 0 255 ff6adeab2496099bb20874813be28d3c4f8ffc4e1d86a8893d32fca2409182ec
e 100 0 1 0 0 0 0 255 886887dd41dc7f28ed93473e36241a8dff1a0341bfed1fdf8356d08b2bf23081
e 101 1 2 1 1 1 0 255 6c5b69730f2cb9546d22234d96fcab15ff2a29cacb8043bf9d7de01d9cd95040
e 102 2 1 2 2 2 0 255 37f8fa5044a36268bd0e3d2f35734e20653e79e0d9dc5ee191714288bce92aac
e 103 0 1 0 0 0 0 255 f114126e40ef523afd57432ba98ad60b73a31e3f1def3501d9323b22c6763126
e 104 1 2 1 1 1 0 255 3374f9c0392b8b9084650b7f50fde1c004e7ab96c50b3c4a62a7bdbd9b41fdb4
e 105 2 1 2 2 2 0 255 ef2c34fe5d73430257c72a01abac671434dea0e64deda9d913d17cb3fb295985
e 106 0 1 0 0 0 0 255 a25226c8bd8298bdc3907ac7d17293516cb69e98ffbd32715f5b17e0c390d769
e 107 1 2 1 1 1 0 255 eca87b93fe279898887a14754da7066ac1f0fd9f591bbc5cf12e54da1fd8dab4
e 108 2 1 2 2 2 0 255 eb5e21c325f6e6934ddf66f8f09b3298d02a83bf905ec3f245ce18818d7f67b8
e 109 0 1 0 0 0 0 255 2df40a88191759a6ad8d021aeb6f160fa66895aad8ceab4d727b9112ba043fb3
e 110 1 2 1 1 1 0 255 90a22947c6dde832aa6db14eff4e9d82046b5fc827a4e15891b73885ed47950f
e 111 2 1 2 2 2 0 255 3dfab9d930b87540594a7fed05a207edc6f90616bf58f4a42a142e6d60a474f7
e 112 0 1 0 0 0 0 255 61bf1ad945f9cfac7415e4b2d34bebf78b68456b389cc834290edb9800a84958
e 113 1 2 1 1 1 0 255 7e11ec43e15f599d32aa561537b5b04521e05bf0807d62217ca7f434eb9c9957
e 114 2 1 2 2 2 0 255 302b984dd2397cb4a8365fe3ba8fca0eb220bf2fa4a63922aaddac2e7929a021
e 115 0 1 0 0 0 0 255 881ee062628d5ca114748fcf5d872552f747cbd022bbcd8d6855e57600458e66
e 116 1 2 1 1 1 0 255 437538bfb94a27b1953557c70d0aa2dfbc28f8140b4ef9d43aa9ffa5d28d5950
e 117 2 1 2 2 2 0 255 e50152e296106b55b4d30f76712464994983302944e4865e1ef5afa5c40604ef
e 118 0 1 0 0 0 0 255 2cad33b4fede1fe0c80c63bdf76e8d188e630b7700bc05e916e930fba45878df
e 119 1 2 1 1 1 0 255 f195a77d24d8b707a943091d733d6562a80a4533ee83da01d9304a59ef4a6a0f
e 120 2 1 2 2 2 0 255 57a46380b36c1b7d3c3392fd43593563e31dcfff4ffecb6126698367c9655199
e 121 0 1 0 0 0 0 255 980292352d4c3d33063218383ccd00f9b722610ace5745e450ffdaa84a4eb1df
e 122 1 2 1 1 1 0 255 62eef08c5cbb4409e4624922d83c75c4191f97355ca898a54b06df3fc5681cf5
e 123 2 1 2 2 2 0 255 16e25d324792190aa9e852975bd292fb90e06731c0b05ce8676e7bd50f884575
e 124 0 1 0 0 0 0 255 bdd6df12d5c13df3a2c8330b77a038169a46c81f468b50e42c9f1e6abcba26ec
e 125 1 2 1 1 1 0 255 c67078e040b4a15291b59c32406e4609f326b6e047c51b0787333bed680db566
e 126 2 1 2 2 2 0 255 e9c6f4267108efb120f774e20dc5ba0965ca8b6281145fc5e0bf20c79e8ebd45
e 127 0 1 0 0 0 0 255 fab17f862d107ea38b4785a8f3fc1f239d4b337a72608ab6a3f7cd350554be61
e 128 1 2 1 1 1 0 255 32c0b63452d2be37bbb6987bcf59c6065382b15b3313c92f3af532549ed5ed92
e 129 2 1 2 2 2 0 255 a452138c40fc7189d6337bcbecaac80a548cb09b2b4a760cac4a8732b63368a4
e 130 0 1 0 0 0 0 255 21e6383aa0723042d1583b4b13b420bbf03cb9121aebbe8046da34c2bfa237a7
e 131 1 2 1 1 1 0 255 6a86ab0d32d33c4985c0a85aea77a0620bddb77c2ca90b66200e8524e029abc5
e 132 2 1 2 2 2 0 255 3a6b5b5b2a78c1991e34163a0c47ad2608055f8ea6b890fe7587a3c27830abc3
e 133 0 1 0 0 0 0 255 3ee5a6af391ede010f945bfcf8eff0911405a4865491ce91eef6c720ce625a58
e 134 1 2 1 1 1 0 255 578eadf786ae1bd5e76072f72f86ff2215e6e5495fa64a63e7bc29410922458e
e 135 2 1 2 2 2 0 255 c782ae68fe2e376846f92054e9156fd268a40b42fcd817cabb6a98dc65016d46
e 136 0 1 0 0 0 0 255 9628cc928030627b5dacd88fcc7578f742cb9bbb2f67871922efb5dcedf8d569
e 137 1 2 1 1 1 0 255 8b67d4bb67acf9d39b53a20485a56fbc303e6dc4d331057f538d7e0eac0be84c
e 138 2 1 2 2 2 0 255 0fd2d38cf18a33b40cf144bedea5ddb5ffc68ca4e74b3f66dc046245f85cb950
e 139 0 1 0 0 0 0 255 37898df75ee08ea2ac2054566c610306457e50c0fd462973f4bc0ea160783f48
e 140 1 2 1 1 1 0 255 b6792a9312a74fc1b39eb2bd77a6a23f95872ff7f17c38e11c00c05efefec769
e 141 2 1 2 2 2 0 255 87098226d2efd159089a21d9373dda1315dcd85b0319e6ffab4b7db88be2b1f1
e 142 0 1 0 0 0 0 255 beb02d6e516f0c2db4f6ee8524c9bbe7cc89c431d75c483f2bd0205c7d270049
e 143 1 2 1 1 1 0 255 a046c825bcb6f68617e8f55b695a59165a8dbff04e5d7b7b00af2b5c15f1c9ec
e 144 2 1 2 2 2 0 255 25fd648400ffdbd2a86025e096fdb1f71639c668b228874d182827fb3a130bac
e 145 0 1 0 0 0 0 255 49a67eef7c67edc305f4807649a2527e870041ca57c9f0970cc000d40ac01098
e 146 1 2 1 1 1 0 255 8e7cfc0a8d3120abdb887b50d94ba1d8c1f318c2a54d05dbca6ff92a4c3d7e80
e 147 2 1 2 2 2 0 255 f2b32b083a970c2c64a92db25becda06302a8d420cdbf9bb3bf35cd7b20c39a4
e 148 0 1 0 0 0 0 255 5379dd0ca4bc96a944270ac3d223804731059df2ba3e9fa874e87c0cc5753665
e 149 1 2 1 1 1 0 255 6fefb02c6548fb262a5331b08636d97ad544214d29b5ddee1b1dfd0ec2ff6412
e 150 2 1 2 2 2 0 255 04561c252ce93123a68fde49089a53947f8d9fa1a1a7bf4a80dbb60f4eaf00bf
e 151 0 1 0 0 0 0 255 53db2caca3bc7f85babbf6644c3f239e259a890aac0fb8f9f38737dbc60fa349
e 152 1 2 1 1 1 0 255 3ff26c48ca6a66f94a2a45c8565208efc84dff3fc442a452b85e91c28f95bb86
e 153 2 1 2 2 2 0 255 4d524be365d03be497b72eb8357cca464bde148c72aa052d77ec3157087edd02
e 154 0 1 0 0 0 0 255 e37014c8e45a7cff5a12743351f8d6d18a4202af6b6bb7f83a8a8b1cc9310e7b
e 155 1 2 1 1 1 0 255 e19558089e881f0dfd0d0c1b3df89075e30158ec27bc7681f45efba4e7d9fae7
e 156 2 1 2 2 2 0 255 14999234309cfe73b0e5d4e05b75e4bb2d3366e1f94cceb93f2cce6b62b11bc0
e 157 0 1 0 0 0 0 255 675963b1b71606adf7fe407220fab7688f92fb3f307829064a25ba1f79bc896c
e 158 1 2 1 1 1 0 255 475be0a7e6f8ad0af2773b9f3a8ae874a27880738c85377d2acfe6b3ab5f76a9
e 159 2 1 2 2 2 0 255 3815eadbac1e52839602c67b53f5587d56726f5e048b5b759b6315c57b1cd054
e 160 0 1 0 0 0 0 255 3407c9e3915ff946aec22fd8d81532a5f8ae37458da784f3f89b9fa62ef895e9
e 161 1 2 1 1 1 0 255 4b4dc6265efccf95634c281a97b6ebebe56cf279e13527238f3f1ebbfd286d86
e 162 2 1 2 2 2 0 255 24eb5b5d16e6f7eac6048820619fad246a551b1866e532025a50cc0737e73fbf
e 163 0 1 0 0 0 0 255 f965d1ec1048d9479784ae0062a75f8ea4a9e772c5360b34589327abf3d696f9
e 164 1 2 1 1 1 0 255 69130cc79745dfb8b6785577380576b022cbfdde7b77fe89367c440b47bc35f0
e 165 2 1 2 2 2 0 255 d9cb1c87474ab58785cfab66ecfaa42d2045ad206025eb8be258cc2672cc7bb3
e 166 0 1 0 0 0 0 255 bd9a2385f2ad8f67fa1b768283641449d50835baf19975173d8b36c5ca437b39
e 167 1 2 1 1 1 0 255 951527b90cc7306ce69f5f31620a42378633c08d8700b0e032bd78d564e80d26
e 168 2 1 2 2 2 0 255 c949eb082d280b81bc7ffb7ef058ed68b138589387e8e5b3649f75b0b68c83dd
e 169 0 1 0 0 0 0 255 d980ef83dddd0d40ac753f1773525ee38cc8e063fc3b73ee700d77856a786d4b
e 170 1 2 1 1 1 0 255 70d4e466fe755471547a8ecccbb17b7cae2b5bc4d4714ca633d055388cded8d7
e 171 2 1 2 2 2 0 255 7204f7afb02e084eef006b65af0db0e9e358226872872dc046cdaf6ccf76edbe
e 172 0 1 0 0 0 0 255 6d6ff5d86182c19d9c29cad2247f73924e0e873ae1a3a1a36a87904e1b73ff0a
e 173 1 2 1 1 1 0 255 f38180abf4ffdaee5ccf3e2272c3311e1b8b495ff35ae8c24ecef82739a9c6bb
e 174 2 1 2 2 2 0 255 5d2a484d593fa5ed66cf16c7e96844f091abea01cecc12c91f5ce6b210d96174
e 175 0 1 0 0 0 0 255 27522fa1960592b70f818ee211c4c3c6c7415af343db8347d9f9d2b8d5b2fc0a
e 176 1 2 1 1 1 0 255 cc06184392819fedb34d747af4418965cb2062698b72a6b4c388beeb93eb9113
e 177 2 1 2 2 2 0 255 2206777d813c4af4d1284837867713054e462232748f1e3845ec9e846eafa2e4
e 178 0 1 0 0 0 0 255 37a79d15ef18613a46998773c5a2d087fd5f9d912715322be3bb131cb88d7aea
e 179 1 2 1 1 1 0 255 9534dc0df8a277e04071d9bf732ff8763d71868dedc13324dda535df4b91302f
e 180 2 1 2 2 2 0 255 c88f5b91f806c6bbe7c12911bc1ba6d3dad1d0b706679d21a8f863acd1d915ea
e 181 0 1 0 0 0 0 255 5fc4d25e572ff24a7968ce6c555ea53b79f47af9b341e8c65784ec44c2009e79
e 182 1 2 1 1 1 0 255 86039bab1b1e6f234bc30b767904a215512f6c49a5dc4f7edd12e5424fd6f981
e 183 2 1 2 2 2 0 255 7be1948d1d8db6957e1928d8512216a4926251169052f4851a1bf3604052da51
e 184 0 1 0 0 0 0 255 f463d82f8cde7c625a012714620d79fc0bfefd15de02a4e146b1d1840c2d1717
e 185 1 2 1 1 1 0 255 36dbb03d572db2c9a5ff14bf325eb1f1f59b3c48b55eef0e0d73674fb1d30715
e 186 2 1 2 2 2 0 255 9cd7dff7d68580404effac43272d7ed9d9d0a5e8698bff303d9a4ad8c5464f91
e 187 0 1 0 0 0 0 255 47548e8e5dfd97ef6d5d893b1063a74635cb7cbbb76dbbd7b65de4bde648f3df
e 188 1 2 1 1 1 0 255 7c08c867f2d3c189f9e7a7f369709031dc957a1c99f52c7e0cab8078aaaa5894
e 189 2 1 2 2 2 0 255 3256f00eea08caed1ea6ed2e4223d989f8d89350c82b0403e3a49922f16741a3
e 190 0 1 0 0 0 0 255 f8161e0f3cabc66cf7228cbcc40da37c0342aedf81bd3d206bccc2a1aae0d955
e 191 1 2 1 1 1 0 255 820b71b762877181f102cdd57c7a5fc00e22733ebfbe22755695de612b6f49dd
e 192 2 1 2 2 2 0 255 c660839eefec753b288e3fc004619b922f4c52268bb33f129dcc067346291284
e 193 0 1 0 0 0 0 255 51bfd1969d0379f310f695648af89473ed998211f0769cbdda7c3209a2be8e55
e 194 1 2 1 1 1 0 255 05eb187310c30b2ba3246d00335cdeed519c3911082755fbd33eda7517715b10
e 195 2 1 2 2 2 0 255 d1dd193653b8ac42dff2b84dd70debf12ab7dbef9d602bb84aadb141d4f9385f
e 196 0 1 0 0 0 0 255 27bfb3c5e47a584fa59d92935140fbcd421c36dd9cf25242751f47bcf031aac7
e 197 1 2 1 1 1 0 255 4e3315020efe906a3c527fd1c128c553799855cddfc15d9e875fb27ef867f137
e 198 2 1 2 2 2 0 255 9dd3995181cceb43e7298ec758ec3fa8cefc1cbce47bd8e483874acba943e49d
e 199 0 1 0 0 0 0 255 ea6733fcd7e2ef115e446aac88f9a52f6c0b7708b745f8152569c0dd1064df6d
e 200 1 2 1 1 1 0 255 8e978b719635fb88c182c3941f4d72d292dbf9efd8de425cbc6b62ff7d32d4e1
final=8e978b719635fb88c182c3941f4d72d292dbf9efd8de425cbc6b62ff7d32d4e1
trials=200
installed=0
false_install=0
