FSC-LEDGER-v1
mode=0
famfile=../../fixtures/fsc/fsc_W_b0.fsc
e 1 0 1 1 0 0 0 255 5d17e783d81f3ba3d622d459e5f5d48041c83dbe9f6c5828df72085e0ee232cf
e 2 1 2 2 1 1 0 255 a389a31d605abb59347bb2b024f20c6f29d813433e903b24f2b6ba6bf27f919d
e 3 2 1 1 2 2 0 255 8615dd9b09edbc61848ccecb9b24e3923eba7e3d0ce264da7632a0f140e0fa58
e 4 0 1 1 0 0 0 255 ff86675c5e6fc9f00d178d0c0f6aca299ec308194838f3a48ef90b0d19e0d0b7
e 5 1 2 2 1 1 0 255 767af6a5c9d8022661fdef72b26c971dec7ad2295d64d9b574880c5fdcc042d3
e 6 2 1 1 2 2 0 255 8cd4a2d625a23f40e20ba7749c95bcb2d1f1f9f103f03eec10857b9c3b553a4f
e 7 0 1 1 0 0 0 255 44fa04b321af0ec747c843670d537a67006a4a8024428547f53e7f6ba4bd7515
e 8 1 2 2 1 1 0 255 01e7d2ff409bf7a799eb5d18b8f9f00be79c2ec2aa76ad2e126f193b38ff10e0
e 9 2 1 1 2 2 0 255 9481e1c97dbcda30f85320a09255df9d7dedbbdd5ee97b7eb9d4a6959cf0f756
e 10 0 1 1 0 0 0 255 0807958f8b764a47d0b98602c659d86249728ae6a6e8e53498b8055e73d14d39
e 11 1 2 2 1 1 0 255 d7683443c4167e2793bad98068b07c231cb9a7c3852b402ded36421a627978b7
e 12 2 1 1 2 2 0 255 9e8e370d9daf10daffd595bd5859f2317c5aae317e704ee6980e71aac51820ac
e 13 0 1 1 0 0 0 255 9def94a374b72eb3b6698367834d1a52f98fbe2e24783489114533f4612628de
e 14 1 2 2 1 1 0 255 0bb77bfd24c8ae617aef10cf69a776a9aa7df70e761e75f19a43f6d6e6ecf254
e 15 2 1 1 2 2 0 255 a7c2ff512bfea8934ad856873eb160bd07f723c4b3016917f1f5ef7b8596967a
e 16 0 1 1 0 0 0 255 8f232da0250420289e09c13b9c847d5e5d728910712d01e00a4d94cc86ee1223
e 17 1 2 2 1 1 0 255 56e18e4aa7b5042d59c010e6183ad3ffa01a913f583ff464bd06d2b386e0a196
e 18 2 1 1 2 2 0 255 1770f8b8e95f5773b54aca06cb843ae91515bd7bf77a18ec9c4e388196e96546
e 19 0 1 1 0 0 0 255 e4ce04e758f1044cb05bb2fa04d02a7ab241335d5402a2391e65df636a89712c
e 20 1 2 2 1 1 0 255 bb4fead0c95a29a6ddbcae5075e3319ec67f140fe2829fdf79b2bceb4d8112db
e 21 2 1 1 2 2 0 255 7f1beaa094f16028dbd0941b04859f4726e02dfefc50c5c4afa3323431d581b8
e 22 0 1 1 0 0 0 255 da1588ffe21dc9eec3cc83594ecaf5ce2d4ca90c1c675b6065f26b9c6b2a94db
e 23 1 2 2 1 1 0 255 76792f7a419316ff4454538e0b9479fe4f7737c130b64844009d9b6d3e37945c
e 24 2 1 1 2 2 0 255 d84dae4fe54d510c9a2651b43c26cb8098e4400b28edc2cef9c8a189831b7e1c
e 25 0 1 1 0 0 0 255 d2dfe945afc43a4338303bcd2446538654b9ddb5ff574b6f06a85e7f89886113
e 26 1 2 2 1 1 0 255 32799bdfd8ebf2d1b623ea4908753201aa657e397295ca85d9396592042aafbf
e 27 2 1 1 2 2 0 255 b27112f39ea97bd5ee7f55145d75f2020e230c7bc7d2492ff922da06cbff6a77
e 28 0 1 1 0 0 0 255 c1c037885967d99726171348dbd35e26e2982fdac5b9c09a95ec473b58541551
e 29 1 2 2 1 1 0 255 3e339baf686657f0881aa3931a877ad7f7128e1a4ed7eedd1b10d652d47ab731
e 30 2 1 1 2 2 0 255 2a78e735d85ad9f93d072b80cc2adeee119d5dc3027713aa7825d615f4f37b8d
e 31 0 1 1 0 0 0 255 9f1c920f3dc962fd1374046c7cd9f5edfa871475a3955c3f855102b69129be12
e 32 1 2 2 1 1 0 255 a8d51b4a17684e406c3cfb2ac742b46376a5e6aa4729f682cc6f10e0856cc1be
e 33 2 1 1 2 2 0 255 82e8ab41a4c58209777d8bf32bedf79b491c0512547245d1254761bea5f97972
e 34 0 1 1 0 0 0 255 d9be90acdb3811ca89ca63cd950a6fa068235d401c7823507a295e11bed3f986
e 35 1 2 2 1 1 0 255 a1114ebeec7b9dedfa91d22dfaec4f0f5118eaf9eeca5f559c6f9682d749c7e3
e 36 2 1 1 2 2 0 255 634af72e91d28ce7756e752b8b04f9f4c7a72781a678a39f2163c8383ee7f2ff
e 37 0 1 1 0 0 0 255 a471cacc12d0c46f8436dd5278b3005a2acbfbd611505a7ce2322c9ff46d4c39
e 38 1 2 2 1 1 0 255 19ed3bd27cc6bf69fec34fc5da14122985a9815b04ba9ef7b9d961a4f259459f
e 39 2 1 1 2 2 0 255 14e2dba390ca932fdf5ed75f49c6da05d78e08ec47d5f9a628b12cf99e40d123
e 40 0 1 1 0 0 0 255 c53f07e05bda522dad05dc0dc8b53b90c3e3b8d080d9ba7a32c89a0a45d62755
e 41 1 2 2 1 1 0 255 36758eefaade4fda0c44224d3a5db46733e69816ef09b2ba1c24a6545a6e0429
e 42 2 1 1 2 2 0 255 5beee67866b14b9dafe9198f8f9b03afdb9358bd290e1d427f3c3c38447e5155
e 43 0 1 1 0 0 0 255 de67a1cc2a074e999d01f434bb90066f997f5d2bee9e4b9217b5cfb9c5574493
e 44 1 2 2 1 1 0 255 b852061bf77a2329e54795bd618dfab805db03f6999796ef3a09b36829628526
e 45 2 1 1 2 2 0 255 4da6ec884bee0417770609a47f7f7ffaadb4feb8cc635471668f84cf28601c50
e 46 0 1 1 0 0 0 255 1d204bd835723b112c29dcbac8b99b788b6fce988d4964dd5afa1a2a08b972a0
e 47 1 2 2 1 1 0 255 f8c797c8bb9fad82b31b4143ddac69e9de8f1967a7eee344836811c947d44722
e 48 2 1 1 2 2 0 255 4be1651db62d7772416c6620be567556918b198189193ed3dd61fda2a612fb7e
e 49 0 1 1 0 0 0 255 9efed994b9742d996f9e7ec9d04e6c2294ef7a16963503d0e115acf20661286a
e 50 1 2 2 1 1 0 255 b42ae4c7d63bcf6f53a88f346cc5774292c7b3f4f60ed359ccec4beccbce4d84
e 51 2 1 1 2 2 0 255 be9b26f889a03bc20c1bb92fba8fa46d4bbf87b17ec6d198df13aef4c50b8455
e 52 0 1 1 0 0 0 255 52d5d1c3bb22d92367a9e552deaf5d86704f9bb616ce849bf90e66a3270a7542
e 53 1 2 2 1 1 0 255 2e7f1fa71f89d3f2fc057393d7081ff5b41e218cc7eeaeab4bd3717b9262fe7c
e 54 2 1 1 2 2 0 255 a34883e5f46e02814c8e97ef786e3ff9f66a0c07348c3f17444021380873ca36
e 55 0 1 1 0 0 0 255 993c1facd649363a2df86c5a98ec75e3477b629c6353933a885143407c91001f
e 56 1 2 2 1 1 0 255 02282cfc964fc6435805aaae2288f0e8c2a2c3ca20fe4cc0ed51b30504db4c03
e 57 2 1 1 2 2 0 255 6aae1c9d4b4d32bb92e84ea6d33db5a682ab1ef45693bc5a22493b6ad54bbc3e
e 58 0 1 1 0 0 0 255 6267bfd8daa86ff58e5dee043e55f3c992fb4d3b5c556c9961e04dd3684f78e7
e 59 1 2 2 1 1 0 255 98d8eaa062ac3237cded1d886f1c0bb4b2bd891f9a6f972aa205376759ff3feb
e 60 2 1 1 2 2 0 255 6f6f3eae7674ac4a862d853d7c2e1aeaab1bfa7f277e7d2f1f87a46f93542849
e 61 0 1 1 0 0 0 255 6325b9dcdf4b5ac19841e1bf761fc10b0e21a24e071ea892312de21bee293ad1
e 62 1 2 2 1 1 0 255 edf38b965ad4634adaeb39456b0811111eb2294dd2f40b830991f76181306869
e 63 2 1 1 2 2 0 255 befe44b534b8f4d2e2e6f85a9a0bc9caa0d949adbaa8d4287413018427288e84
e 64 0 1 1 0 0 0 255 a2e2931e05e8a1a377a55ddf1b65c7ff42b49a9db116d57df28a628924041804
e 65 1 2 2 1 1 0 255 f429f498b0cf81a2f97c0f4d19f47a615e83b7fe1af359a8cef249b68d839574
e 66 2 1 1 2 2 0 255 aa295908471697b9d28eeff983b76d43e6f34bb812245f6180a2dda73becb407
e 67 0 1 1 0 0 0 255 c0d509462e5d2902d548749a2d6f948a55d6de32993c500b35c98fa50227f10f
e 68 1 2 2 1 1 0 255 f27d738bf4bd7d71a4fc698ea1e1b084c2b6f54946d4903bee9099f73d8aa884
e 69 2 1 1 2 2 0 255 81dd020aab304456e733617b7a3d547faf908aab721bd361c05fc0ed540ba595
e 70 0 1 1 0 0 0 255 f778f4b6fa6feca8aca0de2d40bb24aab46204deb0e7f4d7a3ece73f989fe292
e 71 1 2 2 1 1 0 255 f65326ea04b044a0a5bee0e5520a9572539fda6f58f5c66b5722f2e159b57ecd
e 72 2 1 1 2 2 0 255 85f8917f37f9239972fe34a24b8878957cd584aedfb832e50ebda88cb7ecd631
e 73 0 1 1 0 0 0 255 7597ec20fa7f68eca33c419cc4689772be93d98546877a07c703e7249f540093
e 74 1 2 2 1 1 0 255 f6c6f4b4c9f0734838004c004fb4e7a63eb72a1193c3ec0216ab34ecfe4dc81a
e 75 2 1 1 2 2 0 255 6616ea64e0ea2b14d283417b721e94ad68e08f6360ed8313cedcb5cde1d40d76
e 76 0 1 1 0 0 0 255 1d82507a100be803cf3908d44200f3c8c6fb12d54ff0508d5cbb2911ce1164fa
e 77 1 2 2 1 1 0 255 877d740e7ec7bd1db9f0abf219b2cbe6b86343b92ba0ab0a021daa037d25d9df
e 78 2 1 1 2 2 0 255 b8cd510bd394cf8326b37a441aa97cc3ed7490999ec3410908332ffdf56d2b1e
e 79 0 1 1 0 0 0 255 a01358b31713db45cf70a1d345ccb47ec780908d52775560c63225c208dfafbc
e 80 1 2 2 1 1 0 255 cc89256006cea676779ade098a662bb72c8207e83177f62a8b238b7f47a1606b
e 81 2 1 1 2 2 0 255 cb5afd13ef6198067b5088228972e959f1b30ea2045f4804abdb033dc7e6cf79
e 82 0 1 1 0 0 0 255 de034cc31e5b18ee0ee4f9fd4ee45d53fe46c0ef1f449dd0f6ca4361cc5933a7
e 83 1 2 2 1 1 0 255 0982ec0580b52d6396db4b5ff0cbfb39c36b0212e02c9b94e4907aa8cc549649
e 84 2 1 1 2 2 0 255 549f1a5e879c5eed3f5e1c2edc5e13d875afcb5d4d4cf4f6ef99de1a85ed5047
e 85 0 1 1 0 0 0 255 f004bb82d8418616846c9a9a6c78ef7c71afaefe90f7dd3d760fddfbaba35de4
e 86 1 2 2 1 1 0 255 ec3d29b90280897a385892cb0a839bc3146328cd4d063347536cbedcfb3ada4d
e 87 2 1 1 2 2 0 255 a6de2c2069d99184dc466a58fe3c4b1397b36d67a200c3dd7166572978dddb29
e 88 0 1 1 0 0 0 255 0eadc648ed8a35be4cd3a980798d6c439e3c03fb4bfae9915c8e550eb681f19d
e 89 1 2 2 1 1 0 255 70e9bd2239759541a83f11753703a6d4908ae0d4840ad305167993447fa8347c
e 90 2 1 1 2 2 0 255 6d598ccc3d912c0d84d732763c0f6d29d657a9e0fdd433d508a6b9284152aba9
e 91 0 1 1 0 0 0 255 af9666fdb7efaab244b06241490273089b21589290a68abb3c98476ce19ba596
e 92 1 2 2 1 1 0 255 a6c16f5ec132bfadab87aafc89cc6f908a7fe21272a09b4fd8616b916f4bbc57
e 93 2 1 1 2 2 0 255 43697e7695bdb66831d52234c7880bf62b09d50cdeb4043ec1d8d8de98872b6d
e 94 0 1 1 0 0 0 255 9330c1075cb29b6f1551a2645bbd25bd6d74ea1bc85888e0075106c0004d3fb4
e 95 1 2 2 1 1 0 255 8f4fef5fc1e1a83bf2daa9dfd70c448afba4a69b1ea62d427915f25a61ec83e3
e 96 2 1 1 2 2 0 255 bf6790e32846f01fdb3fef22ac1ef2abc25b546b7970c9fade94901a741ec9eb
e 97 0 1 1 0 0 0 255 e9f2f3eece1e74f952b47e98d1a65311da4c8a91b47fbe12841adbd07f3f4cb9
e 98 1 2 2 1 1 0 255 4ba9e6a80b204455c4dc6a709c2059bd60775a160bd412b9ecf68f34816cf8c2
e 99 2 1 1 2 2 0 255 ea0baf72ef7f1cc0e45c2987a95423f1fc54964fb16008207ca2f1ac2a8447eb
e 100 0 1 1 0 0 0 255 7e887c788e05cdd426dacff6c3328c410ab178fc555837c92bbca9ecabc754d7
e 101 1 2 2 1 1 0 255 11f8d71fc8900866544ba0b8e7417634b89c721d84ef75966ffd5188b003428e
e 102 2 1 1 2 2 0 255 25464eb8ef7aa189eb1616573ba1fda0f210370ceeda1e84610b8b6f0f6b3b05
e 103 0 1 1 0 0 0 255 5856827bf306bc3e5cd3cf1fbefa34ffaf22c19bccdd84796d6c87467cda0f47
e 104 1 2 2 1 1 0 255 76775684eb5446438ab1671741759044405645c5eed54a8be6e8a5d7d43372e0
e 105 2 1 1 2 2 0 255 545f29736e3e855ac56be76bdf2e2ae082013797cdcdd26d257adc5cd095d42e
e 106 0 1 1 0 0 0 255 ea1e7d571aa37bed5980c5d99d59bf5d8d53c37029c5815260c46fcb42ebc16c
e 107 1 2 2 1 1 0 255 bf30d7adf1951267771ed9ca9265899722546990344e66b46bfcbc1db3c78e14
e 108 2 1 1 2 2 0 255 a59b6c2e69fd57f7f12b4f601193314109a68d421593097e72598a70a86b47e7
e 109 0 1 1 0 0 0 255 317bf67d7597c2c981d7425f094c904e6b5ca97d7dcbeac0d8de978de15e9cbd
e 110 1 2 2 1 1 0 255 ca9719f11daac8706ee134e2dd2e5e2febee237266d83da32d4444ac7154da2d
e 111 2 1 1 2 2 0 255 2ada8c6c5c78e5afa3034dac834de248bdc27706bd7cb2997bfaae01ab3bd09e
e 112 0 1 1 0 0 0 255 228b7d643fb104fc590d5bd2dfced3e1983b684c7387f67b9373aa820048fb78
e 113 1 2 2 1 1 0 255 334dc59c387109ba387874a0e19968bba87df59be79ca16f051e56ee5709b692
e 114 2 1 1 2 2 0 255 fff016ccad899bb77a5e4168296a8c21df817a004e9752b363575ff7de71c0e1
e 115 0 1 1 0 0 0 255 2f3e549baf74144d9188b7641381ba01ed4e4dc27219b64a0f3d176d69ee8bbe
e 116 1 2 2 1 1 0 255 6604cfd569707eeb8e7b64dfa7799a936bc07a8d73ff22c4169dcac13bb471b9
e 117 2 1 1 2 2 0 255 b7e2158312e8897321298c5c4c1c8e54ce2c5bfb770f55d4df437ad5cb4af9a7
e 118 0 1 1 0 0 0 255 620f564c2a90d2398cf611270d2c8b682a9128045728b0d9f0381e285228252d
e 119 1 2 2 1 1 0 255 674c540a8380bb1288957f9ad0c48a273366b91f33742adb1338fc976703f96d
e 120 2 1 1 2 2 0 255 d02ca6728554f9d6335d1f0a2b3a922a0220103dceecd74fa74f0af22c95bda6
e 121 0 1 1 0 0 0 255 7cde7f3f2293966e982b64d8870b8234416fa75fea8fe0dbc872ffbe1ef29341
e 122 1 2 2 1 1 0 255 eb8ca192631293789adf4bd50dfe1714f15d29cb39ff24025590ea6e3d43402c
e 123 2 1 1 2 2 0 255 b93b6295bf891b76028ceac6cb6a59a71b7934bde2d6e7b8999c66b2fbdd250c
e 124 0 1 1 0 0 0 255 a5a1f24e7741460d4b46e2d2c18aad79bb4cf144cfd9b2e2dee71dd60b153f0b
e 125 1 2 2 1 1 0 255 2b578f0af93136da549ca83ee133fbe708e3cc32e07d0ff7877dcf5dc82d3cd7
e 126 2 1 1 2 2 0 255 755e3b4deb616fa2c6b393fa513f7b8a131c47b2820819e86eed3226ff0f5a4b
e 127 0 1 1 0 0 0 255 8e8d05b41ffc0cfd04431c57928063f8f7aba57473cc6f67b7f052b6921b84c5
e 128 1 2 2 1 1 0 255 916c1986983727a54f7e3882e43221363c517a0d4c1cf23796b7f3569c87bf58
e 129 2 1 1 2 2 0 255 4bee88c7917477a0201040c83230eeb5fd4d8596b0cc1ef4475a566a5853a76e
e 130 0 1 1 0 0 0 255 d343a5d2b022ed4a1d61e894185729c7f68fee7e9482cab8b83fb5e2f3ad6821
e 131 1 2 2 1 1 0 255 3e11d8cc7f193ddff76c9b1d1633ac94c82f493122b9cedb839bacf46d6b6df9
e 132 2 1 1 2 2 0 255 800160cf2403eff5cfc6c93467abd220e9531f74583c2d23ee290e6434e9fa0c
e 133 0 1 1 0 0 0 255 c084e24e202f40a5e62b81806ad42f373e65d0cf9f4bcf3f1fea6b38b0836d73
e 134 1 2 2 1 1 0 255 e6a90413d192d42032df0e02072c4f3276a9c25fc5f33c386bf8822cd34e0d19
e 135 2 1 1 2 2 0 255 49fe32fa55e2b62a82be1016a9d4ff0f98697728cc34418924024f00ddd57ecb
e 136 0 1 1 0 0 0 255 2a72f8bcaa95317f2c26287137864c26e9ca0e025d0510021ad3bda05c201a6d
e 137 1 2 2 1 1 0 255 bd970bd5edf10db7432c3b234f6e4e89e3f679fad7dbfa9f07e7546593c4bb2f
e 138 2 1 1 2 2 0 255 baf15be62114fb4777b84400e847a3612b5597b776e0765c5a35be102ee59b1d
e 139 0 1 1 0 0 0 255 0894975f53fc762e01a5903031acb7500d6a55a57b58c5f86565672ab5bd0781
e 140 1 2 2 1 1 0 255 35ad92761439c3670f92648d205ec2693a1fa8dd0f58979a2da4a83b868c4e82
e 141 2 1 1 2 2 0 255 e876cf2696e3a773aef136ed14df0aac307839ae4707dae6b7d71ef6c81f6b10
e 142 0 1 1 0 0 0 255 64e4490ceb99f53524ca82593356cec2c3794ece025de8ee31f3934a308a6aab
e 143 1 2 2 1 1 0 255 97ad8824f17b3c13d748ba0ccd770072c57c1b230f8d0da536b37086a05468dd
e 144 2 1 1 2 2 0 255 166c9d9025ff52e5c514649a5bb3d598ab6ba256efef57f9a3439300a242b06a
e 145 0 1 1 0 0 0 255 61ca623f765a455fbe868a7ea5d084ce3ad3237a68f48232fc77abb19c2587f8
e 146 1 2 2 1 1 0 255 bc021a8f9d9d79fa99829bab6898bfc5e43a738d57059622c8fc06a024591ede
e 147 2 1 1 2 2 0 255 891325ce9727db0f21d02af737dac7a61815d387c61510ff02f4b10db10daedb
e 148 0 1 1 0 0 0 255 5af9ec6bb2ba3fe9a35a2413725c7b5e8ea6b0aca6bf663e2d1225c937ba528a
e 149 1 2 2 1 1 0 255 b22405538e0dfb63561ea393819d956058943fb16768397f52a78bb607346879
e 150 2 1 1 2 2 0 255 ee49faed5935696860dfa7ecdafa8737a34ef0696b47ad2cf0a1bbea118879ac
e 151 0 1 1 0 0 0 255 124abaea8d92a3e48fcf3e46f13e2dfc5c5b7c78c5490c0de2283d64f534000f
e 152 1 2 2 1 1 0 255 244348b0ead86fd357b3270f42dda3cfea7c0da99e67117c0c88676eecf28c82
e 153 2 1 1 2 2 0 255 81fad4163204490c44d5a8a0527b8e2c07efdba86e36d27766ba4e396c15081b
e 154 0 1 1 0 0 0 255 641fcb37f4547b0c88b4b45f4a8acc3781e04df161d7b3fbe74e9466702d48a1
e 155 1 2 2 1 1 0 255 1d6034fbe59ac8ef53d30980b8e49865548b6f7ace21ccf8a666fb58c483fae0
e 156 2 1 1 2 2 0 255 05e66b02430037c826fbfe7ccf4a3156cec6947c3161a0af7c03b2cd45aa382d
e 157 0 1 1 0 0 0 255 0a2807d889af6a6d6d9637594f11fde1a813a0ef27b7962933a2990d1b63b44e
e 158 1 2 2 1 1 0 255 b3403e5fb2594541f54df8dedf8a4e6075df2761b1ab4d002b743eafb049ca9c
e 159 2 1 1 2 2 0 255 160bfc2748cfe4f7a69cb1a65caa998f12688593afe7198bbeaf4ff2e5e3df31
e 160 0 1 1 0 0 0 255 73a947da83c7f6c6d783ada3015c595c42a57c4f2c5a49eae8292b959bb05e32
e 161 1 2 2 1 1 0 255 618f190d011226da90513dd357b276f5bb84a1591b043f7feea9b6f08f635069
e 162 2 1 1 2 2 0 255 83fc43f9be52d6c3a128af79f115238a2f2a869161d83d09dcf142d924f4cfca
e 163 0 1 1 0 0 0 255 c18ce0ddba360f9584e193600a13f40bf5cd69aee9da6abe4aafcede1e41078c
e 164 1 2 2 1 1 0 255 ce460896a182a6f3cd332c7cd9eb1267d1ee8f6d5d9372f1f36c9571d3538e5d
e 165 2 1 1 2 2 0 255 ef98cf7e5608eadda904f4e730e41733d293a175a0c638c8f71c37aa16d64d4d
e 166 0 1 1 0 0 0 255 a36637363cedc05271171942b4f48d8ca52f273392d74c4f2ce6ae953c4fc988
e 167 1 2 2 1 1 0 255 e49cc1c3a8b9a77a205b2a711b2b1f5c8b813aa4c841d56257695d41a713f999
e 168 2 1 1 2 2 0 255 ec6dec2543a1092b40c206efdb43c375f084c18783f4ac3a12846690ecb08c81
e 169 0 1 1 0 0 0 255 adb62ceb92027afe88ea34b8a31760dbb9ff665cf3aead39a6bc9a296d7de677
e 170 1 2 2 1 1 0 255 cfdbb72eb9bf167e08324f76912c626f46533fa95ce9647e5dafbc6e876f0d83
e 171 2 1 1 2 2 0 255 23f369109a978f29484764a811ee07c2e2db08e4215ec15328340f8f19b33687
e 172 0 1 1 0 0 0 255 997e20d923c065ce5c690fb7915028c15ec6e4636079022fe36d61a20ee892c0
e 173 1 2 2 1 1 0 255 1f93f4576842cea129a30db5781eaf09e5333d70d3a90a38f63f208c89b4261d
e 174 2 1 1 2 2 0 255 bc1559627bae5bdb470a332ef58ce275a400ce84b6d18757a958ea5c2cb55681
e 175 0 1 1 0 0 0 255 4dc06cdbf58c5e5638dd05ea7ae4bbe31d04ef4e126d9bbf3da6de065bb2b945
e 176 1 2 2 1 1 0 255 06fd26ae73b10be5eab9fe83d80b40c758e001421f846ef8e23d635dc06de73c
e 177 2 1 1 2 2 0 255 e5df09c3770a1e147e04cbf738089719b98947af4b5a3ded902f0dc937508811
e 178 0 1 1 0 0 0 255 85cb573c72c3992c4cb8d98dcf5ea7b1129e5903ebd24eb839a17e664f130974
e 179 1 2 2 1 1 0 255 5e7da2396942c192a71d836400b9b5852ce24584e6fbef38f878c2016e549f65
e 180 2 1 1 2 2 0 255 c5cc2ef3dc176945a40f80b93143d06941775ca041c6a6100339c00d871ce8d6
e 181 0 1 1 0 0 0 255 1be2831d421ef22e45ddabff438069aec6f709731e327c5031d152bc70b30a14
e 182 1 2 2 1 1 0 255 cc82649214e69973358d007600e9d3ef64e6523b32d06cdf51b75272e0244e80
e 183 2 1 1 2 2 0 255 a39ceaa68a715bdedb7d4cbbb00ed4b69e99559de353e9dce710f2b5fad5ecfe
e 184 0 1 1 0 0 0 255 9e109c24264bdf99a487ffa743ea23f4ff479a6d1e508a366a3242d0345680e8
e 185 1 2 2 1 1 0 255 ae26439a01972090a2751dc898cd86dc09b28f8ae8c7a0022a37618c7ce60b2f
e 186 2 1 1 2 2 0 255 afb54e92b95d9df5e9a7a95d4c377b2dde7cb6abb292441347de2fc218931ada
e 187 0 1 1 0 0 0 255 20bc48738e371c90c03d12542460c528620e665b0fa33dcb5dc067a5e975d256
e 188 1 2 2 1 1 0 255 675b9bcd08aa270d3a3ed605b8aa67a5a564b5d562e9258af0b9228b00421f1e
e 189 2 1 1 2 2 0 255 16baff714f763d4757ac9e909825c0d7bac88008d7eb21e12a9d88b86a77f3c4
e 190 0 1 1 0 0 0 255 b60c910b376e59783d6f226516a093865738000a66e85908a25f831b5f63194d
e 191 1 2 2 1 1 0 255 bff30e403b8d5491613a3e2d0cba3494b620c81262a26047f1ad3975a5450c71
e 192 2 1 1 2 2 0 255 ccd8c347fe3c1ca9d5c65a7586caf46cbbdb4ff4f5a472d7b8ab39289af1ba93
e 193 0 1 1 0 0 0 255 a26e030a421710d41f043b79e5576f8d6f3abda4a952c383f87ca4f66207c536
e 194 1 2 2 1 1 0 255 8165ef91af4d33c4ba703e7f7a2d65ab4eb328439a6aef3beb613c897c421556
e 195 2 1 1 2 2 0 255 84aa5332e0f7e6b1aed7325ff375cc31a1eb653c72b6acc20af690a017afbc3d
e 196 0 1 1 0 0 0 255 3313371be507c582be7734b171d73c57ea63a8db8eb0fd50482a0a7ffa520538
e 197 1 2 2 1 1 0 255 02b50d9fa65e2ff52ac25db36e974bd56802b83cf93e05137402886a3283d135
e 198 2 1 1 2 2 0 255 59c3cbe56bba5b889f761d0c0191b331d05cd69af09c8a4aff210da3a2bc833d
e 199 0 1 1 0 0 0 255 2bfb28878b491f9f213a6aae6870b480fceb1bf8f8cfcf496bd148adcefec73a
e 200 1 2 2 1 1 0 255 dd71a5fc9a8f01e032aa24719a76d6e7d0cd3c430da03eb86fd7697f41fa4f72
final=dd71a5fc9a8f01e032aa24719a76d6e7d0cd3c430da03eb86fd7697f41fa4f72
trials=200
installed=0
false_install=0
