FSC-LEDGER-v1
mode=0
famfile=../../fixtures/fsc/fsc_U_b0.fsc
e 1 0 1 0 0 0 0 255 583a1198735b014929171fc06da4eb966f90be257e300e3540485cfabbdbdf8f
e 2 1 2 1 1 1 0 255 6d279ca0e52d799594cd4ea35085afab5874f77b49209fb40fc3c60ce2d5f723
e 3 2 1 2 2 2 0 255 7d44a358327df48c5a2f6d527c435d901af0e5de9070cb407a209d74a785057e
e 4 0 1 0 0 0 0 255 6a9262d6b3280ae45a5ee8bcefd5bc7cfb17d14a37ab31c67907be352d0b762e
e 5 1 2 1 1 1 0 255 288d78b7d01c233bc2a6f70628bd944d4fcff52e47893d33cba56c0a260b5ffb
e 6 2 1 2 2 2 0 255 6308cc187a796e4e565f0c67a419be5d547149fd834275cf46cd8d2bc094397d
e 7 0 1 0 0 0 0 255 0da6233d90e72d058e34f2f01edb4e7c737fbde37044e923dc4bbe6934e8d69e
e 8 1 2 1 1 1 0 255 ead15193899ca24944e794569ba5066fe25df1af31dcf23588063bc481e8e03b
e 9 2 1 2 2 2 0 255 d039d6605a54aeff7fec9a42ca6c9e6ff6c49b0f5cf836c20844965cb2eff255
e 10 0 1 0 0 0 0 255 1585277a5810d10094e6d4d7b43dcbe866e6b9c0b3bbdff2e15dc84c3d598b1d
e 11 1 2 1 1 1 0 255 f63f07561842e09678f4aa054f01ec3aa2511e6d8939cf8eeec21c675c6a5aba
e 12 2 1 2 2 2 0 255 dee66b6e63ba1b90c09a2f5334c6f48e85fd858b7e1f7f82c157645d25dc6183
e 13 0 1 0 0 0 0 255 9c34dea104b7921492bc547914b1cd7c4ba6701e09bc6d330a7c60c0400c0d41
e 14 1 2 1 1 1 0 255 cd7b57f25a3c044e393aa8cf4fd1ff42204c0d339a93f0359cdda1516c160441
e 15 2 1 2 2 2 0 255 e9ee70997abb7ec5022ab33d04481fd66c5c02f6fa135350b8a52e597083bf1f
e 16 0 1 0 0 0 0 255 4c39696a413c01ecc59fe7010bcc39af83939a3dcab7a9fddc4f012582755c1b
e 17 1 2 1 1 1 0 255 0374995deffcf8827c31e8b2e193ca42b84ad9eb400d3eb49173e064c4c61545
e 18 2 1 2 2 2 0 255 c24b464c83a6c852c14e8e246fb36b850de69518d908b2b0477b4fd595ee43fa
e 19 0 1 0 0 0 0 255 3d3b8797a588623c7f8a7a81cbd4e51b1ed992ed4da67c9032c13a258db5f8f5
e 20 1 2 1 1 1 0 255 0905a9d9756c1cd186a3c6878d5827a8088e32e4a95da92c5c0132e5d9b017ec
e 21 2 1 2 2 2 0 255 d35a8a49ee6d5c11fe3d17dd86aedc3e8f96cd8616b35f4bbcf7f69083231712
e 22 0 1 0 0 0 0 255 06567a2bece318eaa47394b82906876e170a501b08f0313f9bfccb2b41429c1d
e 23 1 2 1 1 1 0 255 92ba7e971fb01b1571b504517ee5bc1b54653376dcb0807c27b7a02a9f4fed46
e 24 2 1 2 2 2 0 255 5de59540240bda6d16f99d211f7b0ed27314e29abb7749a793665adf77917d6d
e 25 0 1 0 0 0 0 255 91309880341cc7b24b72bf6dd188767e4b4a1e131ac0c7e1017e940cdb2ffe5c
e 26 1 2 1 1 1 0 255 003efbdc3613b3d94dc203b00de8a1c47a0bd41cdd91ba7c809ac1199683620b
e 27 2 1 2 2 2 0 255 0322e04a61ccd48f62733df24689e9f2bf29ceea88ba5a382dfbd6592f95fa66
e 28 0 1 0 0 0 0 255 ea719babb8f3092c1449bf6b88396388bce3383325fd8ee6f7a09ac7cc3b7fbb
e 29 1 2 1 1 1 0 255 59cdf765c1002b169e10fdcf6e5d000f34d72af350567edf2b420ec6aafefc16
e 30 2 1 2 2 2 0 255 c8e5c4883c57862f8e176d98b1e7b28f90fb83092a5dd0382ad8c40196bace22
e 31 0 1 0 0 0 0 255 5b46c06475162318802cccb42c9c291d2f495d9844aac7d34e09a15942bfd890
e 32 1 2 1 1 1 0 255 b095ac0dfefe29e44e8ef9546ce9b0a546c9dc6f34ab3231149866d52900073f
e 33 2 1 2 2 2 0 255 687ad190440d0dfd228f237197eddf6f4988563521e965a7d2347d61cc86312b
e 34 0 1 0 0 0 0 255 360e9c706d6f872cb3ee8a2c29e737c6648a5256060c840cb2d7d8328b46e92f
e 35 1 2 1 1 1 0 255 4a5275d00cb3065403a4b69815b8fbc515463ef717e57f3c3d8768e774bd7650
e 36 2 1 2 2 2 0 255 edaf52182849b810e4e0b65bfa92f4caadba6cde2ab678ad5fcd9a8e9b9199d2
e 37 0 1 0 0 0 0 255 50b90cd471800fe9e5c7836655a25d9b62257c229409972f2af42bb8e03d0f5b
e 38 1 2 1 1 1 0 255 5b0543ec1110dad8d8641a1aa8512d78ed3b8d41ed144f80c19dc1565de0eb99
e 39 2 1 2 2 2 0 255 84896be8f7d61fd6e73e923e3990cd34266f76271276f8d5b7df1446cc3d678e
e 40 0 1 0 0 0 0 255 d71d429e2697bcfcd8ff40f79758acfbc8f46d230e854d8ba84956777c5c3dfc
e 41 1 2 1 1 1 0 255 cb1a7f266cd54a93d4b2e0485923c8c8d6976115594b42619189dbf48a8d6637
e 42 2 1 2 2 2 0 255 150d7445455136d90259d99fc94b75b37526e0df23aa8a2cb82363afe3d3b277
e 43 0 1 0 0 0 0 255 4468f847d10d63fe7697b28c8e1fe1306ded3bde0bce09ccc5a46aadbf9a72c7
e 44 1 2 1 1 1 0 255 d8f1266a974d71df382b5a3dd9de9c8fc781d26ca051c3b819d9c26e65355caf
e 45 2 1 2 2 2 0 255 628cf14665d4ee896e20475eb0009ffd0da9d577c7aac707231d71e288e1fbb4
e 46 0 1 0 0 0 0 255 c321c8f7093b07c6da9941fa04a2a66a7b687b0cbbfc3a95bac0cde9b76716d5
e 47 1 2 1 1 1 0 255 cd639641b69a04b2ed0d15f5cfc2ab4e5007a7752b816834c4b3273836c65084
e 48 2 1 2 2 2 0 255 3aa145e8f995c38d65d9b877878a4fc26d9c825faec0d0602639c6ebf3e55356
e 49 0 1 0 0 0 0 255 67508f16c261b10d66e461474670871670948939e9487851c55fb6835cfe1466
e 50 1 2 1 1 1 0 255 a2c63c1aeb8498a342b88c5b83f6680d9300ca53dc1f54201cfdbeaf8f0f9c2e
e 51 2 1 2 2 2 0 255 09a32a4ab3f0725a3653da62ade7b12304cccbc6990828a0ef4218449c174992
e 52 0 1 0 0 0 0 255 6e53b5a43cc40bab8bebb51030372d88a8291d3222b41749a3bd818c1c2b34a8
e 53 1 2 1 1 1 0 255 92811f3ec5d66cee897547125ffd9c987e253374f272db1aa0ee3a0cbcba538d
e 54 2 1 2 2 2 0 255 9e33ea9f6ec9196025261010012f7dfc78bbfda32f47043416f5e95bbf6f9670
e 55 0 1 0 0 0 0 255 9a4ca64d3d28b504d0b93dd792c412e9afbd2c7d21dee8249bd94766788232c5
e 56 1 2 1 1 1 0 255 0a25bfae44fbfa27cd597320c18b534e22937d39f2401e42fbc144ff7bb5df1f
e 57 2 1 2 2 2 0 255 0280623e0b58e780fe2ce3317498ce0e637b9478a8d69c74f36a8434bb99d7e5
e 58 0 1 0 0 0 0 255 de3c0f567170cba46c4e6da8af874f60e776d8e3aa3ff85cae1f354e3f7bfb52
e 59 1 2 1 1 1 0 255 94878682d8626ddaa93881b0b4fb1f3da186ddf639a74d40b6ca485dd0496e17
e 60 2 1 2 2 2 0 255 c367846b6abd88ccc0de110cdf47b02f2b74369bb952bd380cc861a590fde023
e 61 0 1 0 0 0 0 255 8481e91daf83cac47d5a8760c8714c0b37203d6846de82ab69ffede6da0c3158
e 62 1 2 1 1 1 0 255 cf405d75fe6bab521db61cf71c4467c13039e2e815ad6f629eb50cebc643a00c
e 63 2 1 2 2 2 0 255 f5d341486b0a73a2a317b67357e550f1db7f813256189b7dd427bfe1837cfff5
e 64 0 1 0 0 0 0 255 4dbbbdc2c76528ff0e1f7f25292cef9fe598782331a6255003522c1a936879ea
e 65 1 2 1 1 1 0 255 09aa393f6a7ae964a735c97ac26a535c3b5b9f68a16801d2580ff3c7c862ba79
e 66 2 1 2 2 2 0 255 2db9c0aaefb204f0ec7183e43e54306df7e2e486a5ca7187d7783c7959822e31
e 67 0 1 0 0 0 0 255 2343503c16d430f83fcd4ee69539065500605276443ec2b0a0d396d133cf8b02
e 68 1 2 1 1 1 0 255 0998e7eb470fb04a26235f8cc00f0009e0de6c18de1c405bd838a76a1f93647a
e 69 2 1 2 2 2 0 255 6ed94d93a5a756eb2333a46eee8c76a48f287572bf7988f87c23e11caebf39c0
e 70 0 1 0 0 0 0 255 09b5fdf6ffb8b7e780849fa031c4dbf5b9b2a8b66ee9e1eaa67aec0dc2ddac92
e 71 1 2 1 1 1 0 255 a977719d39d4c58b3e45a5322f79c0754f58db664b6bb1f7db3168a0a352d8cd
e 72 2 1 2 2 2 0 255 39731d452310583efe2b613f6d75685f07f9d231d58f934a87bfb484f27aac6d
e 73 0 1 0 0 0 0 255 1146cac1de494510a88ff04d1ab7df3ebae12f29892920106b32c91eff693dc4
e 74 1 2 1 1 1 0 255 a9f5a4ad8bd4211fb0f9122906ad83e64f2743b022a5353d324b5d246009fbd9
e 75 2 1 2 2 2 0 255 39082e15968505cf4be1cc2b0fa1c867a78bee093358188fd9638a701076fe94
e 76 0 1 0 0 0 0 255 c0b1bebe5a7c81967d2a065b6724704c83911d04293cd335afa6281b715d37f3
e 77 1 2 1 1 1 0 255 86494edbb5b99a69b90d39999d3ccf23d30fb7d95e9ace8503c4e789d91c1133
e 78 2 1 2 2 2 0 255 030290317ed1b464132c4495df9b183bc53b714ce4e64f63d3fa9da3dfd2d79a
e 79 0 1 0 0 0 0 255 4d96dc6404936e7adf7dfa891f25eb029fba761c3601fc1f510d19fad9734132
e 80 1 2 1 1 1 0 255 fafe13a22c04a2b1531909734643598ad0c7a0ff6f71bec7a87b16352d6886f1
e 81 2 1 2 2 2 0 255 d88b4a57bb927e32e2fa07d1188a0ff7135b85cdcf794b2cb5b70a4a9bea8ffb
e 82 0 1 0 0 0 0 255 0e9b8135fc90283d4d6449f53d23de8f8f3f92456e5f4d3a748eff80b7f29eb9
e 83 1 2 1 1 1 0 255 e4ac4deae7d79fdb905b99b5d0a1e3836c635b9c6392cb1254ed67fdba176dc6
e 84 2 1 2 2 2 0 255 38f564189dc06894237ed84c543ea7ea9af33b386ada2e5cfb58083b8e1e836b
e 85 0 1 0 0 0 0 255 070f45f2208e67f38efc3695e2274c535e30df0d2cd7198a7ad671b55626ae73
e 86 1 2 1 1 1 0 255 b7c94014200724dbfe08b02d9807d82b0f764cc0ddbbe83fd6bb7300221d7006
e 87 2 1 2 2 2 0 255 689f653f28b1b6dcc574142fc42eecab533c7ff73d7b4f5bf2ed9ec4fdc0f3ba
e 88 0 1 0 0 0 0 255 e66b952fdaa7045e84c14c64802d2a40b90395538023eb3611740b0acb074c49
e 89 1 2 1 1 1 0 255 f50d7fffcde77455a69f13b1763cb115490563b9bd135b877a97c1cfefbeaad9
e 90 2 1 2 2 2 0 255 bd031d7ec515b5ae4b71e9e4c9f7980b902f136e242983ffbd6992901ee99cff
e 91 0 1 0 0 0 0 255 a644ad4165a6e6a89f56de04fa101c610afc1533d4edf62a193489d6fef99752
e 92 1 2 1 1 1 0 255 0d9f1fbd18f0739d7b7a7f005b86a4d8403ee5c902bb8a4e000d231216103b29
e 93 2 1 2 2 2 0 255 b6d73089f15c64a3bcf1f5ade346e32c644a97b31293052130eec1e794a2ed8d
e 94 0 1 0 0 0 0 255 42574b82705b8f3ff49f8410f7a575bcb622361bfde87295f8267ca066173bae
e 95 1 2 1 1 1 0 255 40379bd949fcf4deb2cca70332f8d6b852f919f02211cdb182bb125b6e44bdd6
e 96 2 1 2 2 2 0 255 130c05ba3e6291d8c562624510bd28326dccb70504ef9b2491709c3b454033b6
e 97 0 1 0 0 0 0 255 7fe3506c9465934fc9ebb06a2b64537a1746ccb695f9b8f6586e24ec9770b118
e 98 1 2 1 1 1 0 255 7703a3024bcf4079407374075e46e93bb343da91b68cc39b57d2df4d017f507a
e 99 2 1 2 2 2 0 255 40b586f148d8fa83b4f0fee379bf7557f1766ca53a06052a4c480ec0af4cdfa6
e 100 0 1 0 0 0 0 255 43e962e43123cde4dfee3be49d9cc96e73fd59f2cff87a8549e33f79e6a88d8c
e 101 1 2 1 1 1 0 255 738f4528d89397191a458553fadca4ad8a26ff241000b3a9a454260ae8635c91
e 102 2 1 2 2 2 0 255 76e355362a1d5ee35b135e71ca3c7b6db47b06e1328e908fd5b750e718dc300c
e 103 0 1 0 0 0 0 255 180be31211b2e698bb4f3919a6a1025035f2a2154cc677f2a0f440b5d7b9aa12
e 104 1 2 1 1 1 0 255 cc579bd48bb4689c161eadb1d7b194f455d3279c3cf910faa6ec50c21f98cad4
e 105 2 1 2 2 2 0 255 933bf00b0f17a0ac6d4b01f2c8b12020eb15629a35abf3853bd7c51af3dd4fef
e 106 0 1 0 0 0 0 255 85341ce142db805134610ccc1d773ca4f85a1c0d7139b7192a35e69122e32be7
e 107 1 2 1 1 1 0 255 bf5f0948f4f590557c52df403a47a2fe112360ee19727bd8b319688ed78080f9
e 108 2 1 2 2 2 0 255 ce850f363ab2cf4e1d00a3ea11ca63b0dc7a43f6c1f6cb8f63cc1821eda7a2b4
e 109 0 1 0 0 0 0 255 096d8fc683272d6b78867b098d76356d768a084a0c88f7b76ddabe8aa2367cac
e 110 1 2 1 1 1 0 255 fc1899bba1bd230ad5a44d48ee218edca444d6e528d8973ed4dd5c1819cc2f78
e 111 2 1 2 2 2 0 255 d020c68e1108757869973e8f6cfcf312b8ea44388ca78b558eccb4143d3ea17a
e 112 0 1 0 0 0 0 255 d893ca793e58b0ed9d87ba17e582fb6ca2bba62f0270bd748a2b0e9f87c59e44
e 113 1 2 1 1 1 0 255 dfed8de58660adea1b8c0d8b3b0e84858c7de4415eb8e7d4118cb5f1161a3777
e 114 2 1 2 2 2 0 255 d6b24f3b8b6bd89a36662a787a4f9d64dca912745e1e47383ded43ea4d9bded2
e 115 0 1 0 0 0 0 255 ff23f992af3c22d66fe40e05e6601ebdbef2930940a221e6f449ba7561e53f52
e 116 1 2 1 1 1 0 255 2b111c7135ba7551c983561eaa78b23471291ef3afab6aee2796aff983183449
e 117 2 1 2 2 2 0 255 a3a99f12e18c8b84ff40f3c57acb3fb935fac67439fbcf187ee8db8f4c74dd85
e 118 0 1 0 0 0 0 255 1b8e7262ba2bd133cebce94535bb35dade40298ac7b2ada44c7031450025a4fb
e 119 1 2 1 1 1 0 255 a07b4c6ee5cdcac3b0938d3bb9810e5fabedabb59aa7ab509a730cfd4f4538b8
e 120 2 1 2 2 2 0 255 80cf9c91d220055051d328b7749475be5f62b10909b3084dea51db03341d9e9d
e 121 0 1 0 0 0 0 255 e26ee1708ea498eccce8d58665a3c1fd911e4c38e6fc5ab647708094fd9f4b26
e 122 1 2 1 1 1 0 255 f84efade37fd7155ab268f5fb774ece1bec2279b78b6d7b724ad1797ed528cab
e 123 2 1 2 2 2 0 255 16a5510de06b8321e885b287144bd34f2436a5e977acc57bc350d43517a15905
e 124 0 1 0 0 0 0 255 e3890a0f377f97f3cac390140a26db75d639442573690ce155c6c71e1c807d8e
e 125 1 2 1 1 1 0 255 afd5ddf357fd00be8946e125429e2671635acfd97dbe888a795a28014ad5bbb1
e 126 2 1 2 2 2 0 255 c6fbaa4c6a760ad2fb27241862dc3ab9d042e5b33dfba66a5cdbc8ee039465da
e 127 0 1 0 0 0 0 255 056faefd8e723ea6538b2b5c6a6a0630257af4bc5324ca4e2436581af5a39617
e 128 1 2 1 1 1 0 255 3a3dc433cf458dbde2a1a184fea69a1f4be87ada5b28af1ad06e50c04cd15b3d
e 129 2 1 2 2 2 0 255 133dd8782c56fb515f42f37e036987cd201aa265271fe92a830a7b0166b136ca
e 130 0 1 0 0 0 0 255 fc4ad1dd1f9b54463c8409f29227991818e9d9c206eb26f033b2006b83f7de2b
e 131 1 2 1 1 1 0 255 85a089c0f860cc330caba9445536b8197fec56f0356554b090bf31105f279b47
e 132 2 1 2 2 2 0 255 f118f95d461a5745198c7fd63cca9c17b547f66428eb6cfc12beebd7568276c1
e 133 0 1 0 0 0 0 255 64ab3ca04af4057d97f92e9eb97fca576afacf8e07b60e3178ce1386d0a1a566
e 134 1 2 1 1 1 0 255 f1573518c370cb47a7d52428bca0189e4451254b2439dfeffaa93c00cc67b743
e 135 2 1 2 2 2 0 255 15b2b6c9cde62f33087d6504f6c49fd9e6cd92539996cfc9993b9fd96472f831
e 136 0 1 0 0 0 0 255 534ac1ffd34d3c992ba70c98968206e2c7eec87d410deaf0ee5428b4707f3856
e 137 1 2 1 1 1 0 255 361b90b470b83d0e8543091b834cd0a04092600a2f9577d6f76df9797b098681
e 138 2 1 2 2 2 0 255 2313b3a50c200f3570a49f8689e5500cc2b003a2fdb3d6de8d9cd466a8d0b5e9
e 139 0 1 0 0 0 0 255 2fb511625dccb5204c810f0bc9ffae8d59daba8ca7ff759ee154e5dd74838689
e 140 1 2 1 1 1 0 255 93f68c5bb5315a82520ae96c8725866f59ab60f446c141e1a4520850f38f5248
e 141 2 1 2 2 2 0 255 ef50ccff87984db23cd699cc4b375a92c52304b8aaa678fced9ec20b7674dac8
e 142 0 1 0 0 0 0 255 adc0f24e85eaee20e6077c232760ad7f9a1292e2dc5238e93f653df89d63d47c
e 143 1 2 1 1 1 0 255 15165ec0fa62c3d93aed405e1275a37129134107c1646044a7c78e596184f17b
e 144 2 1 2 2 2 0 255 de507a3b4bdf641891c4fe675d3f4b0ba98908c349cfae268fef965a05bac5f9
e 145 0 1 0 0 0 0 255 f710e175dd45aa1540eb6c0babe8e7f9233d05bb18d8ec7079f96ec92b5e45b7
e 146 1 2 1 1 1 0 255 95e787ad46b85901a89a3342ad7f343c2268bfc8774ca1706c3f54b7ed4f4b0f
e 147 2 1 2 2 2 0 255 8f44644efe6535b87ac0c4027a87069c68c0020aceea93aea894cc3a4828e871
e 148 0 1 0 0 0 0 255 5dffcc5b49f65ce1b91948cbce356f710f00e4bab19d80b7d6209e140fc1074c
e 149 1 2 1 1 1 0 255 72c12502ad236aa2c38745318929fd27ad1a8360fb70aedc0a56fd45cc566925
e 150 2 1 2 2 2 0 255 6986890c0a283261557d5d2422db2a2da2fe2c27a5b02b0e3971834ad887fc5d
e 151 0 1 0 0 0 0 255 17f8b741bf65010ca96fc235827a569dda08c09d0689ad079fe5e5a24797cc3c
e 152 1 2 1 1 1 0 255 c300625d8bec54f464dd5b63c5ab260a6304945d29759c8114aa24ee3acbfd5e
e 153 2 1 2 2 2 0 255 d5c21ab25095b2422a721b50600f3c85745fffb34b8c51ec6936a6561fc97097
e 154 0 1 0 0 0 0 255 e5b63ec9ffcd2f6cccd89710f77d54a63d6fc87ea0269308cc295dff29c2f2c9
e 155 1 2 1 1 1 0 255 f2b3974962c548a964107bbc079f1043d2cb64c693df306643cf87cabb6db947
e 156 2 1 2 2 2 0 255 74bf3cf1ad61fb650252b65d19cf830e4a73481515e50e39364443db52a00934
e 157 0 1 0 0 0 0 255 9f4ec8ea8ef30e9cc29e7d3fab54753982940dd9b3f1eea520fe0e88c4d3a5cc
e 158 1 2 1 1 1 0 255 abe03f1b2b18a94fe4b1ae88b7810ed0d9170052ab17de4dfbc309e177d6bdb7
e 159 2 1 2 2 2 0 255 c1c914f7d8015dbf451f1e5fe0a735367c4c6de218f968322dcbc359bb380fb0
e 160 0 1 0 0 0 0 255 91e9658c367b12dc4597019de7c88e2dfd7f73180e105afdb6d75b483d7a3c46
e 161 1 2 1 1 1 0 255 d45f02e0ae900220b433bf4fc0ed1a8a119bfe2188d096eb4917ff78ae561f6d
e 162 2 1 2 2 2 0 255 a0fd9c533e09cc66603474dfeb5bbf393004cc6868518023f5345cf2a0e6b0e2
e 163 0 1 0 0 0 0 255 ebacd8bfb8e50ad32ab37cf52473fb1ce51e5220751e5e35022a97f81919c4d3
e 164 1 2 1 1 1 0 255 adbc1b455c28dc373517b1bc7952f83e10636938561d242dc3e731314b7f633e
e 165 2 1 2 2 2 0 255 20a3a5b55097942f2c68e28d60944d47bb0b03f2181d07e5f8255ba7d0a538c7
e 166 0 1 0 0 0 0 255 20d8fc6d8e20a19c7d8e253e480322633fbce28193b3f1b2107921582f4ef1da
e 167 1 2 1 1 1 0 255 84993b2bfd2a8e30469994c45aca17a8206f5f369d66c30e105740f98d86c752
e 168 2 1 2 2 2 0 255 3d728de69253b6e60f1b75dcbd1f2c625358d66e5ceadd0b7d72413b08ef8825
e 169 0 1 0 0 0 0 255 6c8cef92cec532ddf9f1e5b3c550b10b14b0811de9195250cef6bd56b3661f55
e 170 1 2 1 1 1 0 255 e0b6692f594bd779e269e5bf3bfdc6fb5ac530e06d91a0137fab947ed1d55d06
e 171 2 1 2 2 2 0 255 629fc0836a6af3ff157b18a8fc9c3e0942f62006d537d6d23b3d86ff96c11166
e 172 0 1 0 0 0 0 255 b1dfc87ab446b5cd9c4b297283f38defc057719ae550c2d8df5b216765a50e8a
e 173 1 2 1 1 1 0 255 a918f9fdf855c217ae1c2d5b13a5a5b2bf455dceab55b83341f7958e0958bf36
e 174 2 1 2 2 2 0 255 5073b2a7e3fdd33327fa793598756c07f4359d91b158e59b40860ab7e70c5eba
e 175 0 1 0 0 0 0 255 49404552e7de140afe853cd5dd9d5e81ddcf888c561f1960fc04f3a137a07934
e 176 1 2 1 1 1 0 255 1ec9cf41a81af496ceb97dc0e11ceed161c809ff35476a03231d6dd44114cec5
e 177 2 1 2 2 2 0 255 e5f352802a06e6201a46cd9a134f0d3736237253f3f69f9d85ee08074db13f3f
e 178 0 1 0 0 0 0 255 402d4a91d871649d04c184c7b632e53226b98f94add7bd7991891335d2254e65
e 179 1 2 1 1 1 0 255 26f3afc591c424cd19583fd4fce44f2d45641c27d4c86b8971d9982122c69430
e 180 2 1 2 2 2 0 255 c984a80f9f90e74e18679959d30e62d7758a034ba3e926f2b7b9c6cd1ad153f1
e 181 0 1 0 0 0 0 255 db2d49c6cce8b12a549ef5f57add2a922fc94ddeaa7847956d0ccb5628be8743
e 182 1 2 1 1 1 0 255 8ccf4f819c0dbd88d0cd7e685cde93ba986c3bacaa7016175218c8c12189b6b4
e 183 2 1 2 2 2 0 255 006ec8c1b97f7c0873e58e5cf2622d67fab465f6ef38a9b37668256633d1ec41
e 184 0 1 0 0 0 0 255 78bdf65d609be9d77cdc949fff2684e1ff42698be938a83a4c1dd28f796dfe0e
e 185 1 2 1 1 1 0 255 f5d0f0fc8db9311f7a791f07b6d7d0398b06ef6531cffa0e480a458a3e128227
e 186 2 1 2 2 2 0 255 00b6979c9e2e08a12ff3861b32f2aeec229d5c8e8f4d29fd2cffcfe4b31fe20b
e 187 0 1 0 0 0 0 255 792e23a35fb5d47a26bb3c0d6c12d175b9ab2925afcd2ba1d9cfc3955e541023
e 188 1 2 1 1 1 0 255 f32b5db15327de395b4992af906c608b4267194df4afe57bcdde8df58cde2ec9
e 189 2 1 2 2 2 0 255 d05d960b57c28bb76624b3b0066a13cc9759fc99717818d08d764ea7fe88f35c
e 190 0 1 0 0 0 0 255 3362a7cfb9fa8064d6b981507fa57e9a757912844af2d50d39a6a8d1c07297ca
e 191 1 2 1 1 1 0 255 0ac67f3e6c9ffb4742223e0eab31522e1ae0e042b4d6b28a328816b8c1f13e9e
e 192 2 1 2 2 2 0 255 1c7e12506ff5d096c2081f44c2df7baee652a09eaa7e60b8619b815764eaadd5
e 193 0 1 0 0 0 0 255 ffb7f3bbe187eecffa2b9b66bba77c6f80714adf3e414b0082c37e08d6fb7fc8
e 194 1 2 1 1 1 0 255 6e826143e5cb076edc25dfad5f6709f6131f2e5cd795b29884bf4c5b051dba7e
e 195 2 1 2 2 2 0 255 370e4a2a87d43f65dd3a1c2e1e28076d231817596b40e76ce7a197ba09b956c0
e 196 0 1 0 0 0 0 255 509a04d1a16dd5e20f232ca11770f495b9555995b4ca9d0da31a3a02d50610d9
e 197 1 2 1 1 1 0 255 b0f3d46f68dd47c98fa0c16b75a3645904475cef3068cca029f9c6e7cc32f50b
e 198 2 1 2 2 2 0 255 974fa433ef4fdbf155cedd1b7e722c22f2c0f75c927920d9afd7b644c822e56d
e 199 0 1 0 0 0 0 255 bce68cbc85867465f09d75d18cf757f030a8a4b717ec98241b1937ad08d7f827
e 200 1 2 1 1 1 0 255 871fb6c60ceb6d79116a9f781ff26191c1467aa857664d5248bd65136583638f
final=871fb6c60ceb6d79116a9f781ff26191c1467aa857664d5248bd65136583638f
trials=200
installed=0
false_install=0
