FSC-LEDGER-v1
mode=0
famfile=../../fixtures/fsc/fsc_C_b0.fsc
e 1 0 1 0 1 0 0 255 887d371413b9c71d42b5342198e57f01a4facab1bad667a1c84a737476e5aef8
e 2 1 2 1 2 1 0 255 9fc408e3e2a13a119ebc6af0cf0271ad8ce68323775b751ca0ae922da71845d8
e 3 2 1 2 1 2 0 255 c857158aa1fb12b244c71ceca62c37cfb9bdaf98ebe6620c5bdf9000d3bf10db
e 4 0 1 0 1 0 0 255 0132f72d72239c6c5e1d4d8315ab6c46f1db23af0a0a9c767a611358da742819
e 5 1 2 1 2 1 0 255 29532758fa014098ac6756404dbb39601850341ccbed22128a833d45ad78c7c3
e 6 2 1 2 1 2 0 255 3a05701cdb6d15e00227eafb4ea19cc47d7c4a1519f5be0b81da04a50e4b59d1
e 7 0 1 0 1 0 0 255 31d2697d91919fe9cba3ca59e5b1a510709e619df2d8f151662529282f688da9
e 8 1 2 1 2 1 0 255 cca09cc0ae8d329d92f00af5b40c8fa66fd10d072bc522a1727c1fd91de67071
e 9 2 1 2 1 2 0 255 fe50fc2fddd07224bc6392380f5b23a5d9bee2b5174333dee4b6cc2795fcc3b8
e 10 0 1 0 1 0 0 255 2b57e681fee77192fad10ee821b58066a5499324091fdb3fda5d12f00762c680
e 11 1 2 1 2 1 0 255 e2b94b31b831f16b43efe0cebb07961a0ccaf21b8a30923df34bd32b869d9b8f
e 12 2 1 2 1 2 0 255 1c17c365a988333f1644f1d61d725e7d0ef8ba045935585b9017884a7d6458cf
e 13 0 1 0 1 0 0 255 36a7842261ac4bf3de5d6cc67254e9308fb644414d629cb41e4d6e13e53ea3c6
e 14 1 2 1 2 1 0 255 374fa1716974b7991c7fa5ff5d6ca28c0130b878728a221faf17c5f9cc003a97
e 15 2 1 2 1 2 0 255 f0f20ef4a28279060252852542cb02a7cfd38f72f74c25623116bf7a7ee3d60e
e 16 0 1 0 1 0 0 255 186d89e6aa41e1eca598e1467efe8d55d44b436c44c98a48494d79ac2d7b4ac6
e 17 1 2 1 2 1 0 255 c8d5f00f37019239852b2c212f5273dd269b456f67695404c5218818ce48dc31
e 18 2 1 2 1 2 0 255 0ec14c882b0d80dd464326a47e0df24d074d358148b2da18b7749f3605e9c209
e 19 0 1 0 1 0 0 255 9f9f22c812d70c5df8524379ad6b50921eb9ee21b1a0fa3557ce8f96a5ac41cb
e 20 1 2 1 2 1 0 255 5c6c1453902e84b55894785e4c9de45bb8b800c515f91796cd7e2f818f83d1cd
e 21 2 1 2 1 2 0 255 84a1b4c42f398c2a496caad2e556c7b3cae7a6f33ad2362f15376a6bf842c3a4
e 22 0 1 0 1 0 0 255 9ee141fb604b18c3033159c71393f8014adc305a96f20b2f745ed9c4ab458966
e 23 1 2 1 2 1 0 255 ef9b776f606bb480047661e112405cb88465cf21ead8806719e2bb22012a5dd4
e 24 2 1 2 1 2 0 255 626217e82b8ad99afb41314ad72a34c3a91122b226f0ac1d992a69db5e62ba4a
e 25 0 1 0 1 0 0 255 44c3961c7ce757cfddd859a335433d5ab09d523d3b90473ce300b0d70f0b8ca1
e 26 1 2 1 2 1 0 255 be7237d0127d1c42970ea91ea59f614a67972ba2157468ae42fdde26264cf061
e 27 2 1 2 1 2 0 255 cefe66e7abc406742ef9d4d9edf1089c28380a9ca2677791b872176ae82a1584
e 28 0 1 0 1 0 0 255 0092e82d11e641d42f6f032840e5c9b26e1d30d6179e26ceb90436c230a7535b
e 29 1 2 1 2 1 0 255 51eb20412ab34eeb8fafc342a9a68c7b66d9a53a0696b832416b9a7738f4289c
e 30 2 1 2 1 2 0 255 9ef079c48cd6a3ab8380b8b93f0812605f16a5cf79368229a8591a075ae791d3
e 31 0 1 0 1 0 0 255 7625111f58b1cf34bfecd0909add1b28f154a0da55662f1325053e71ddc525a0
e 32 1 2 1 2 1 0 255 28dd10639d3b5829f8190f12ce91bc0877123c155e771023271d2f76ee32c0f9
e 33 2 1 2 1 2 0 255 f021d56dcf9cd2e37054b55586f71785914b85e18cb2a39009ec0af5f677db7f
e 34 0 1 0 1 0 0 255 742fc359b460284b43ba0db918025c93f42b5b332476efffa9e636b662987545
e 35 1 2 1 2 1 0 255 a11dbb7fc81c1888068afcb3c8c3a7876ab4aef57c6d8c74bc4b750086e60a98
e 36 2 1 2 1 2 0 255 4501fafc02fca61814e96d17bd65ae78fa7cce7bbf447bab32967cd1a8188f53
e 37 0 1 0 1 0 0 255 27195db84c9a2c64bd9e87e92be30bf5b7c3651a7c67658b6706b7cbeec17bf6
e 38 1 2 1 2 1 0 255 f4d0b350d2ea4cb3f70a72015d9599a159540255cf0f78b99e5ea0d396375f57
e 39 2 1 2 1 2 0 255 b27e30ef169c2931aa38095eca6591840174e59501a55375a53a53d88a7816ef
e 40 0 1 0 1 0 0 255 f1a30aac4d42ba7cfbca2add74fa07a6f503c319b99cd558543664e6b0a7679d
e 41 1 2 1 2 1 0 255 b1a7ffcf3daa804c060fc849ff51b29dc11a917dc9ce8f60f3df6b9a8082af2c
e 42 2 1 2 1 2 0 255 b5e38a0700e4939ed183e0863182a8b8ef62f32b40878506681b3dcacd348776
e 43 0 1 0 1 0 0 255 71d3d95bca987ed48c7554017f9da5e765b608b65b86ff9515c299fb7099f4da
e 44 1 2 1 2 1 0 255 009fbd50533d0cb6c536e4752ed71a281c0c1fdf16d71c32e3f87f553ed21f62
e 45 2 1 2 1 2 0 255 01b7574f5254cedc0fe495945c0c595cec7ab43a5c09ed984ac825aeb9ac8c0e
e 46 0 1 0 1 0 0 255 3b1eef03f2d7b364a9df756a8258e94e0775bbcd94d88b5c9045941085fe4914
e 47 1 2 1 2 1 0 255 92a8ff66cd136bef60e1457a408167fa2213c4d50c28ec7bd318fa739ff9e4b3
e 48 2 1 2 1 2 0 255 2319d1aab20d6b51e453367abb88a96fb59174768fb91cb2d641641d471ac589
e 49 0 1 0 1 0 0 255 47700845671c511de317f7fd7a6057335ed9e63dc62d218722c411ebda139a43
e 50 1 2 1 2 1 0 255 4a3f03f1c19f72ae14390f45f59a5ff483d0c63d24197612c3f744d455be0f26
e 51 2 1 2 1 2 0 255 3a38827d295224fc5f6a2a952fbb37a383f0cc81e201836241ca8854da60843a
e 52 0 1 0 1 0 0 255 8b5b338dd17dc472abb466cd6523aa7e6f9c5f8951e051439a298484ce75e688
e 53 1 2 1 2 1 0 255 8351c72559d6d124a595c17bb0284e0ae11c4052caa82f398bab0917ed71b988
e 54 2 1 2 1 2 0 255 6754b9ecbf645d8ad0e5d7e0f60532b99e503a3903dbf56942f7bd70fb1946de
e 55 0 1 0 1 0 0 255 a312a02d9685ecf4b484f648a485baa9f69e2a815d12249134fc5023da4324f0
e 56 1 2 1 2 1 0 255 576f992a520e6501dc56dedc6e91802922cec60dd2dd3b7790ea22c68057fbab
e 57 2 1 2 1 2 0 255 3c38bcb45a2bfa0b4c577471692c857e6a5459ebc693a67c58662b862c3d2466
e 58 0 1 0 1 0 0 255 147b63947b9b63f3ea1a3b4efa50199332bf7fa4de11715c06963e86d0cd4b39
e 59 1 2 1 2 1 0 255 42e7be1e91bcf225ec6c092c5fbde7cd1ee2c2a6bc388177b63d7c54de79f0cc
e 60 2 1 2 1 2 0 255 2fb260f277863c678c579be1d6e4d7cf714762c36e1fe6fd6603bc3f67fb8ade
e 61 0 1 0 1 0 0 255 81e17876a616956dca7ef24f495bfa33af82c0011b0f2ce94dc35186dfe79d4b
e 62 1 2 1 2 1 0 255 698570166a6c145bb346abe010d26cf1f9a4cc50e1380ba6f92bc7555eab4e47
e 63 2 1 2 1 2 0 255 ebb3187f527bb87bb2af24e911379eed613382b3c8c91a59438b692ca3f447e3
e 64 0 1 0 1 0 0 255 3d1661849be1b01aba85771966f817cd7a226c87ba9ff79f84178c996c35f5d0
e 65 1 2 1 2 1 0 255 6b4331e36cea2d01c48bc2fe4c86086aea6e003ac5750deeb89958d2c318d467
e 66 2 1 2 1 2 0 255 564bc395b7b13914f5719a2aaf17a3792228113f5731f522abf9f34928b04540
e 67 0 1 0 1 0 0 255 944487a78f190a3e17b7b367e9afc19f6e7a0491345cfd6fdd3b093a5fa4a634
e 68 1 2 1 2 1 0 255 3e7e7c7322f6af8c30877bd13cbcbb0f6189bd1aeea6cb5950d9dca173ecd5db
e 69 2 1 2 1 2 0 255 c85d1486e15389f259a34bc679bcded68f49ff49dd0af7e58347bb0fbc6a9e06
e 70 0 1 0 1 0 0 255 c1cc6985d5789924a7da5c007b17ee158ba03efcb1b6619df9791dd203273239
e 71 1 2 1 2 1 0 255 71858c157b3b032a6e918a1d30346ec8969b244281650d47d0e289d354e0f1bb
e 72 2 1 2 1 2 0 255 60ddef1c54167b543d1bc0d61ea82b485994407bc3b93d3324b23f0d7827e26f
e 73 0 1 0 1 0 0 255 c2da2e898a0d2c94d0df9d275af24d33d2f3f6f8d8c6026272b7b1e28bfa11ce
e 74 1 2 1 2 1 0 255 ffa6fae53b74b5b1d9116241bb6cf4263b16af9037f7a0ba58d3f4b3485ec6c9
e 75 2 1 2 1 2 0 255 a9f87ab23628181df50f829419991f703ce08d1aa97f5eb83e0d91c60e1d39d0
e 76 0 1 0 1 0 0 255 f2092150f3ad91629d491c4b549e259bdf00663f2200bad84b32961c7644bef8
e 77 1 2 1 2 1 0 255 a37f4ed33bd8aa2e5f1f2c7a529929c430f1f6541ba68a55a0511ce76dc65f14
e 78 2 1 2 1 2 0 255 e32c741d843b993edc1ddbb99cadb5be011f0da8b3d857716f82ae3c5026a0f4
e 79 0 1 0 1 0 0 255 919e8c337a823abfe67437364119539582c7a3c876f0a2f4d9d7b84576d4e55f
e 80 1 2 1 2 1 0 255 f664355c671909c48c1dd848e7055fa0959737901acff4f132e3f711d84d6d7e
e 81 2 1 2 1 2 0 255 48c2e024bbea2a1ec8fa82185031796180ec017af5d99a8e089359b7e2f8a7f2
e 82 0 1 0 1 0 0 255 9743f4bcdd7aab25b811a9bc3283fcca7762c825fb057ffe0b9afd91d117cfb9
e 83 1 2 1 2 1 0 255 6e8ad767fc75bb27c263812d661e8bfba22a97f7e00f37e964b578aa07abeb67
e 84 2 1 2 1 2 0 255 a590578108cff62b4fe2673591dc8bd2c328ca8fb996c6851f86fafdf2d1c065
e 85 0 1 0 1 0 0 255 ab80549cfd8af11b6c5fb4d154e3b73f4c8fc5c6df8e97a45af286a64c1a5f59
e 86 1 2 1 2 1 0 255 6e22c5e4d34da7c6320eb069e8f5917067f83967be829191a4aaf782d46be685
e 87 2 1 2 1 2 0 255 36123d8f56daf965e78a66339d6af58b048eaffa6230d999f3e6ccd0217cf38f
e 88 0 1 0 1 0 0 255 6bda334258f72a311d304fd57cb9de17d786ab60dadb599eac1282241450623f
e 89 1 2 1 2 1 0 255 fc0d0536ba81873a292fdf2e3843e13bd689d0f1e1fc5daf6fc0789f570b024a
e 90 2 1 2 1 2 0 255 29e90fadfcf77b7a93a3559d85bf81e30829907966ce08ef6af9aea689736e0a
e 91 0 1 0 1 0 0 255 283f7d04ff24fb1284d500e7ff590c0fe1b7e1ac14396260844ef169b9063246
e 92 1 2 1 2 1 0 255 423be451c23ccfd7fa19e8408922de56c37fa2271c4193cea51679d8e972615e
e 93 2 1 2 1 2 0 255 012064ca25bc2c1207d0741b742106397ccf2958a2ee242cbe6dbbd6af35d4ff
e 94 0 1 0 1 0 0 255 16219365d32a389867152a124bc223d8db4467f7090139b7627a5c7026c5854a
e 95 1 2 1 2 1 0 255 48559a59aaf8dfd36c8330f72356ceaee0ad4ca7e2d8c6ca4a5c0b3354e88ece
e 96 2 1 2 1 2 0 255 d63069ffda70ec466940fe983a7f36acf472b213ccdda37879517a7c58a354db
e 97 0 1 0 1 0 0 255 63732ae86d3161f173c7c0e624f3a8e52d8b2cce8f3e6270ef41b02d7d7e3e69
e 98 1 2 1 2 1 0 255 21f9df83c76b5e6344f508015d21839af305cbb7322f9fad2bc9ac232b57a98b
e 99 2 1 2 1 2 0 255 391ce94c0530e650693e1b0a014f1e04e1ff17515830bcb8edd509a6e87aa0cc
e 100 0 1 0 1 0 0 255 6da4580a6aeb9254be8db3ffa68c0a738771781144f4ac5c2bb157646bab341d
e 101 1 2 1 2 1 0 255 d94fb6c14088f4485a0dc3516cfedfee44363384ed38ec53db52af288b6cad10
e 102 2 1 2 1 2 0 255 85d1c1479d23cbcaef38e30ef971e9deff47b9bd50918e4f98e9cb868760a6cb
e 103 0 1 0 1 0 0 255 2ad8aca667e63f7cb7110b14d1c85cfbe269d00edfd118d5a69b83229c6c7b32
e 104 1 2 1 2 1 0 255 80a8bc0f67ab36a75a9162066b7750aaa0910e23767d33796654de9a5d85f330
e 105 2 1 2 1 2 0 255 f3a8c5c805b5e90c180eade794318218e0d05f0e218f71632ad2ae9bfe31fa9e
e 106 0 1 0 1 0 0 255 98317e52531d7dac54f52c0a89e393a920a513e6a76169a8f212515864780a95
e 107 1 2 1 2 1 0 255 e25f0397d3c6083439fa42f9476f1ea6b6085e3ae8b0d75a7fde50f5a8e96e07
e 108 2 1 2 1 2 0 255 1353a9cab63bb1c3f3166735e29b2b1cc823ff902d0ecf685a321d6d0b56e50c
e 109 0 1 0 1 0 0 255 09a51659c383c460a613efc076481207946e5ef0e3c7cb71764a30dcf9bc2e9e
e 110 1 2 1 2 1 0 255 28dde19a388e8a576d3097c6251ff4ccc17bdee13d1a128f8836e78b906f7eff
e 111 2 1 2 1 2 0 255 3477b8b94400bbb189a0822f52907fd2f81871362427a4bdece35f907b2866b7
e 112 0 1 0 1 0 0 255 143b53401f87c3a8d5b5bb909d7cb347e21b15d3b8e522d66e2cff5c6deb32c7
e 113 1 2 1 2 1 0 255 85554ebe8926c9fe1979035011ceb4c7dfe03b4224ae22b88104652fa0b8afa2
e 114 2 1 2 1 2 0 255 609051d3a05011015e07d2936e580ab109f438d97be91fe235eecb22467218f4
e 115 0 1 0 1 0 0 255 d0cd45f4ea64e0b49a8e0110af7e91e4e5295a667799ac08aad873bbc8cd01ed
e 116 1 2 1 2 1 0 255 ba41b7c38ece2374e358fc3199a56767a3dff7e9b98360bd9c77d078fa2d3f6d
e 117 2 1 2 1 2 0 255 87b72aa2d730ca280412820f7e5ed7d548598a9359109f20189b65380e52ef4a
e 118 0 1 0 1 0 0 255 dfefdc68dcd1d2bebd5faf1b87335bf9f5c5cd7e61ff86ad41fc22afecc84dba
e 119 1 2 1 2 1 0 255 75f3e26db8b02ef76288776bddf1d09b5c3afcb218aa30888e15ede72c823679
e 120 2 1 2 1 2 0 255 a142810b73fd6298572bd7cc78c169eed05f607bed8710a265119ee65702b965
e 121 0 1 0 1 0 0 255 d8ed51966953761fbd9c50a2ebd2fc3fd3313e6af2213cae5fc65be667ac5ce1
e 122 1 2 1 2 1 0 255 903a622fe92ffcf96dc1af44f622d9ad612f0460b683640c1ef62862a6e00a30
e 123 2 1 2 1 2 0 255 f3ca9a15c9dcb0c07eb467df8c33d4ac6c2fb814dd40b799f8fbddbd2ec98577
e 124 0 1 0 1 0 0 255 9ec5d8c882429b1fc86b7149e61dbc235a8e5207a3b2bd2f6c0e7968afeac007
e 125 1 2 1 2 1 0 255 0586c6c8cb22637903b0d87f24f20c560a3a7974c6f06edb1131c7511f5ab36f
e 126 2 1 2 1 2 0 255 2952b8da543b95277fe1c08b186f36a67dcf0abce5d9e0604fb96011fb3f8a6e
e 127 0 1 0 1 0 0 255 6c4e878e040b33646e5c671a0d2661497520b5e1dd265caec243b5b836112596
e 128 1 2 1 2 1 0 255 99c9ac17253fc30458a1b696065106e0f4df60364a4310fecc9db3bc9a6b7d02
e 129 2 1 2 1 2 0 255 15201119576a33ce62da10b77f67eef7266c6acca8ab995051d8494e3c5b3fe3
e 130 0 1 0 1 0 0 255 90376732e431645b8ab522fc1504a6e9d28d141ef840dc9091621e0896541472
e 131 1 2 1 2 1 0 255 77dae3275cb6b8f16b02d4f41a7c1a669bf866fa6473982c809855362a7ab76b
e 132 2 1 2 1 2 0 255 caca6a29c5db6c22d4b0dcb5d39e27643b99a0c12668dd78916f054306843f80
e 133 0 1 0 1 0 0 255 ec517c3c43f55dfc1e9532a23a3e4f469c9ebf8096f938f6799ff4465d871655
e 134 1 2 1 2 1 0 255 220b2e2b8c78d94f796de72bd3e19cb9ea50bf2101441e64cc25a6474bd216d8
e 135 2 1 2 1 2 0 255 916c02104923cdc3a1ecb4a7aaee6ad21d186ca081fb03a62bacc7a74eb85002
e 136 0 1 0 1 0 0 255 8591ef214586502475ebb3d783b412fb9795280f43671acadfcaf3e3df206c51
e 137 1 2 1 2 1 0 255 4523d38d62e07eaa11f77491f9725f906b4cf082d8591439eaa4c225b2107414
e 138 2 1 2 1 2 0 255 acfe1fdcf6ff86e3b6cd426436342004b14e39262f4f8fc8d529a73722b5e3c4
e 139 0 1 0 1 0 0 255 13537f8722cc2f517a09bb8164965c6c74e9f7e1e4164e624a562173db10dab5
e 140 1 2 1 2 1 0 255 e8bbb07679196dd99da6ca96a310977925c57a4d37bf8e65488cdbafd519bacd
e 141 2 1 2 1 2 0 255 17959f279af7db3102f1ff52a021ad1a341653efd17f46bb103113a381aa5a12
e 142 0 1 0 1 0 0 255 77a4e9d1e04ebf7107d6f27cb19ef5b125c39aec40bbd4d5e0747e414a40aefd
e 143 1 2 1 2 1 0 255 16719ce620d312a434b51e73eb6468b62bf3561ca92ca45f38d52fec3c8dfca6
e 144 2 1 2 1 2 0 255 1edf15cf97fff795b8e33f4efd98fe11d760193fb95b6c3af8d2b885e35d23c6
e 145 0 1 0 1 0 0 255 b94945fb4cdcc8f68808d9ab692e86c22fa9b2dd74e3a3c2b56425ddc0f4f082
e 146 1 2 1 2 1 0 255 db7f0a92601ac7522d0daee1cd0aae40953d8937dfacf72128522a4f43a5e049
e 147 2 1 2 1 2 0 255 4b701b21778d345161cba56a1ba7de90341d46156a284f3c47abd9509a59b1d6
e 148 0 1 0 1 0 0 255 1d93a91fc2866dd5ec2102d88e22e1222bd33664ee9411ad5b4b123063e8fd38
e 149 1 2 1 2 1 0 255 4d02e696d55a7edbc1a99a9d50a0ab94e368344efa29574b8419a4fd260b9b4b
e 150 2 1 2 1 2 0 255 cbdf8aa29b1aacbc54e5395d17d94f80dc66136bacfae3c3e38a959d03051a79
e 151 0 1 0 1 0 0 255 c516abdee9acdba6eb19466f1e940c43fa12ec01a69998c6c08f52658baf1bad
e 152 1 2 1 2 1 0 255 98ea07a727e37c83b40da39f896da6d304afdf98b7217de685c2d589c1c26eaa
e 153 2 1 2 1 2 0 255 13106a49cb05e71a4c994dafb9c10d0b532244b8132db388f17f3d9c5067e87b
e 154 0 1 0 1 0 0 255 721ecc6fdca6e7e33f3d997ae4a9cbc8d4cd626c114657e56c329a6d24334b4d
e 155 1 2 1 2 1 0 255 5c160e388f30a40d1116308a7bb4d8909f4b1d2886aa3a1570e5212e4dde6b35
e 156 2 1 2 1 2 0 255 b5f6d204053b258e7808fc5573285f9181f4aef1e0e295c7c8c51e11ee19cf1d
e 157 0 1 0 1 0 0 255 de11980ce04f8d77d652fdcb05156c98e1108cf0cbf15b15b571f4025140d260
e 158 1 2 1 2 1 0 255 a365be84e7d11a48d2fe0910d24e3d2d9e4d0074a72de4a91b5618bf1676ed1b
e 159 2 1 2 1 2 0 255 acfad5efc04e40c6d36e0e5dce7e1ae93e25ff325d68b88511736a764d401ca9
e 160 0 1 0 1 0 0 255 e5411b5977e4a2712e916607af8d5b6e303c53631f87de1cd0816ee38a42b2ae
e 161 1 2 1 2 1 0 255 196c2030cd68af4d9bdea248c45ab7423fd266f7c32f16378162d5c9e4057265
e 162 2 1 2 1 2 0 255 6a5c0b1bbab157f3a7e1787b0eee6b4085f4d881eb1d4b55b68e0878143e9fec
e 163 0 1 0 1 0 0 255 73eac19ae171fe737f7cd51a4d92bd09c20e0f7eef0a2c4a9ec0eec4f04a94c7
e 164 1 2 1 2 1 0 255 ce60750e2828a6f9644560ff7119644ea669eeddcae4f4ed3615eb5090149906
e 165 2 1 2 1 2 0 255 ab1f8abe82bdf8dc872bc1267e815e5e43cf55d4c3a47aec78641b926f32d791
e 166 0 1 0 1 0 0 255 a8217b136711362da4e9104b14164e793813f43ff697045c971cdf7164ebf5dd
e 167 1 2 1 2 1 0 255 a6b2ae91226cfbe8b6cc2662895f74c847a970e3fc2c31aa903bd546649afefd
e 168 2 1 2 1 2 0 255 c6ccddb133108ee3dde1a8bad86e874090514ce90735e98a04fa37ab293496e0
e 169 0 1 0 1 0 0 255 67abb142d87554befc0fca60b945cb4e36b85f9589c4b82333b562517bf34ffc
e 170 1 2 1 2 1 0 255 555a004452f279b0c92d745a1dd135685f952cef547e46be8e233b08aea5cf9d
e 171 2 1 2 1 2 0 255 42e412cd1e890e7f8652f8106a941d98e341e02f84f59e025d6bda228cd27c13
e 172 0 1 0 1 0 0 255 c747ea9428be25a9d93ee520d7f9fd1307791dc02ab90645f257c9c8fe696d25
e 173 1 2 1 2 1 0 255 672b49576316aab384fd07acdea1636496be1bae508f881e5b42d173ae6a88f9
e 174 2 1 2 1 2 0 255 8bf32fe33a49a8f64f13c120bfbc89be04547d724fe4517908c4784a96faaabf
e 175 0 1 0 1 0 0 255 abf16465dcb3c6208731e17b3c788f515a594d19c7e8cc30779f03019f2ad3d4
e 176 1 2 1 2 1 0 255 c8bf5d8c8ebb8b76074357272711014bdddb545145fee7d7d6a9cb80e27f0b4e
e 177 2 1 2 1 2 0 255 b0595dd4ce708f391e69611f46b83995884a1da8b8ab253dac75cfbd3707ba2c
e 178 0 1 0 1 0 0 255 80b1b13330bc6c6cac94240549640fa3d9efa5586524ae58c8cc4c1b223ef6e9
e 179 1 2 1 2 1 0 255 61efc360985b66c371c778cb66e7b02cb0fce9908edbfb1bebfd44703b936eda
e 180 2 1 2 1 2 0 255 0d783126f3eb4f97e861313d3d7b834446acfece2c0a23abdb2e1def0ce99f50
e 181 0 1 0 1 0 0 255 2a816638ccc8beb7fadb6fcc4ebb0da90702d5b205637629fe0cf81ab6cb4965
e 182 1 2 1 2 1 0 255 511f78dd72a3575443e08b739a884d4b319038a88f03865c600c20449c52eb6f
e 183 2 1 2 1 2 0 255 e14e828b0a2e72d786ac87b684989cbf5b69a323731d1b7559f67579093c3354
e 184 0 1 0 1 0 0 255 13fe66c827352badd6c6e723519d8330e46eb28f3b23e9deca404b9b9e1a9a5e
e 185 1 2 1 2 1 0 255 7752abd054a5a4c955173c1187f21575d90ac02d8de0ff454b63b0dc418dd23a
e 186 2 1 2 1 2 0 255 8509dedcd7559fc6e2ef8b72512a396083144658d4f8985ea57576e958072fe0
e 187 0 1 0 1 0 0 255 962c5ab144e3b423d9070f544b958b2390f0d78c812fab9236e3c713cf4e980b
e 188 1 2 1 2 1 0 255 29735572bc7cc9db2cc7d1761f5bfd233af48f2b23165f06903e3fa5a03711b1
e 189 2 1 2 1 2 0 255 35b64a2d4b8fee1f692b7cbdceea882ec9f50cc08093236a7939bbfaea2b1113
e 190 0 1 0 1 0 0 255 6db290ef910d68d95ca35bfa3ce2fe57d34923e324f396226c4b411f2f057e34
e 191 1 2 1 2 1 0 255 d7c29e58bc4a32f9eadaaa11a9e4af2c3e4e720448e2dc5ad29482d15bcff37d
e 192 2 1 2 1 2 0 255 1942170cdb92124acf6a4e5394e2d6c9a6a2d1d073525ff6178d823d6655a0c0
e 193 0 1 0 1 0 0 255 e4ec625a14948e860c93c134c6457567e9df169370a3a6fdcc831669404e6208
e 194 1 2 1 2 1 0 255 e84dff963b6b7ad653f0cae69e40be02c5787722fb5e23e2e88c6eeaaf422753
e 195 2 1 2 1 2 0 255 6a3f33a205d80b2356d1d109fd979e7a4dc58c44bcf1ae7b375c015a41cc7aeb
e 196 0 1 0 1 0 0 255 39c86c893df5c01613be8b7124dd38efddcb76ce5a476a0751096b1489f59c80
e 197 1 2 1 2 1 0 255 70b36170a1ff31b2368e67837a0e8789cda5a1e9583fb81ac301309d86ddbe84
e 198 2 1 2 1 2 0 255 988793d179a1e3b4fd035ac243cff031c95381638dc523e1e850614cc399b3f2
e 199 0 1 0 1 0 0 255 a7097c51a5bb6f386029e7854c527fecf34abbf7202ff8547a3d37c467bae61a
e 200 1 2 1 2 1 0 255 93a04a12596d264595f39dd0e56f4a335dbf9996b78a80ec12fe064c848c00e3
final=93a04a12596d264595f39dd0e56f4a335dbf9996b78a80ec12fe064c848c00e3
trials=200
installed=0
false_install=0
