FSC-LEDGER-v1
mode=0
famfile=../../fixtures/fsc/fsc_WA_b0.fsc
e 1 0 0 0 1 1 0 255 0ac2583a9dd362530aec413e9e3504723a89878af71e2ae7edf8211605319907
e 2 1 1 1 2 2 0 255 7d76f96c1d239a17afb773a9e7a6444d2784ec70817226c1404509bcf49e5463
e 3 2 2 2 0 0 0 255 bdcfab5a02ea61436a5066bbad733998c95a4771e76ba35a9836efac7c7d4539
e 4 0 0 0 1 1 0 255 70c0accf76e65a03693795cdb1fd0dce0f23d07e52991b9561e35ea075c48afa
e 5 1 1 1 2 2 0 255 88656c1c8032cee4986ca195db7a33943248ace6df213d6b2436f0e18bc88858
e 6 2 2 2 0 0 0 255 afce8dfde1845274eba830e4859d571bf78e88221de76bf2607c644149bb3aec
e 7 0 0 0 1 1 0 255 9fe4c450584c17d4c6169022ea69bcf9f437c22f4d8aa171dd4b3abc4da7b745
e 8 1 1 1 2 2 0 255 2e3ccb2c696f11d12c4949742edaf82c0b0292f4ed62b41d8269e4454ead2b15
e 9 2 2 2 0 0 0 255 cef62c581e5532557fbec62a9e97143f981e6bcf761d836ed78b634eddd76bca
e 10 0 0 0 1 1 0 255 3a78d1304d7354976177b7ff3cd94c00e5f6dc7b616268801d824d247af3985c
e 11 1 1 1 2 2 0 255 085e5e322f952991b6bace716710c42af996b9bc9eeffa0999d72eac69d6bb63
e 12 2 2 2 0 0 0 255 f2bb90c82cd8a346eaec6f50ed8cf5fc934278d017420b7a38d7d1b6295c45c5
e 13 0 0 0 1 1 0 255 35ae5bd33d74a81eaa1bb13ac389ffdbba15bb96ace7d338c5e5158512bbeb25
e 14 1 1 1 2 2 0 255 da90d814d553ef42e0637b3fd248ad8a8dc0b889d17eb577a2a5b7b312e464f4
e 15 2 2 2 0 0 0 255 8de3c02dd9e2a228900907925324d474ed8133f8235d729fbf24a824de3305eb
e 16 0 0 0 1 1 0 255 ea93fb3ae1fb4a0182ee07bb594e1dd2e0a883d424d9276556b523b5dab359ea
e 17 1 1 1 2 2 0 255 86110230b93eacfc21e0486550926eb34115b572c12d2cd7c4d49c1f326c9693
e 18 2 2 2 0 0 0 255 69427135cfa2af7a4d582fa0bc608d6316b979caab49408475d6b647c3af9745
e 19 0 0 0 1 1 0 255 857e88cfb4020de4e0b72b7614532e2a6a6120a95fa32ca3e4922f6fd9a3b5b4
e 20 1 1 1 2 2 0 255 3dd404d9b006970f07afd94b91e2dcda5a7ca41180516ea112560df55ae75f93
e 21 2 2 2 0 0 0 255 29a719a1d7f329b8e1c25de1c533699c788183b75412cf711d41b334d48e7a21
e 22 0 0 0 1 1 0 255 49fc2e7c5b5c1d401ecea0c4c843c8d1dc846fb0e1209e66c235c15b9de239c2
e 23 1 1 1 2 2 0 255 1a6e21fe5bd0e9cf12b4bec518b16aa58de36ec7ad450cc2a1b45dec3c316953
e 24 2 2 2 0 0 0 255 33655f9a55abbcd1abd2888fc180f9576d6b5b4a2c83ee842e9110df3a099462
e 25 0 0 0 1 1 0 255 5c07c40272207b0aa38eef856a61d26a87e1ee91201bc23562a59e371356475f
e 26 1 1 1 2 2 0 255 f3cbbed4e7f069d2819df7090cf977e29273ae8aa60ad188511bd02972267697
e 27 2 2 2 0 0 0 255 0eab200d37375e80e2fd4cd5dcedbd4410600f8224fa839b0f7340ca32d6ee15
e 28 0 0 0 1 1 0 255 a2a373ad8ba0d22cab1b9c70bbf7964acef33a07bcc7590a7b2be05816c14517
e 29 1 1 1 2 2 0 255 84b30626b887383216e42332185742194cada1584c900aad32c640cc71131616
e 30 2 2 2 0 0 0 255 fe8747e4451363aa53d7662fa145334d3c30cb6e33fe68a2c548cf873af187ff
e 31 0 0 0 1 1 0 255 9d4f1dab41afda0648a5e8b1f5ba556192d826beefd56122b0085514591499dd
e 32 1 1 1 2 2 0 255 0171180f35138b7af12ddf9bdc907cc32632b0b5d465b6ecbd3ec0b2b6aee480
e 33 2 2 2 0 0 0 255 6efedac03721f8c4dbdf59aac85ec7daac5dc8cd3b0fdfc9b482f71dae58a0e1
e 34 0 0 0 1 1 0 255 414f42f8027fe87ee4c9d1097529a44000f58cae34c9ac43a8e627ca4840cbc8
e 35 1 1 1 2 2 0 255 bb1917ea987f0473c6282328e050912c9305445b7663bd8f45c87816165cffe3
e 36 2 2 2 0 0 0 255 7c3ad8a8128fdbf7b52e722d695936e24e9e097e6a6070fa0885cb87f2a26981
e 37 0 0 0 1 1 0 255 acc2f5c408575c416ec86ca03e43511479391bbec869ef6be7b2a15d6ac12ce0
e 38 1 1 1 2 2 0 255 6315e1280aaacff81e84e29e12a0f8fe2d51232e05436acbba8db01ab426af5d
e 39 2 2 2 0 0 0 255 2f50f929aea82ed5d584ebbf717b428960ae318f5028bb83dfd25a91f206300f
e 40 0 0 0 1 1 0 255 7ee064ca2a52c83e8660c4043796203e04564d484437ff12821b896858d6f527
e 41 1 1 1 2 2 0 255 aea8c0a0c2b47f86bf10b4b484afa94b259840557383dc511c2ef8c63c2827e4
e 42 2 2 2 0 0 0 255 6ed3d7bbeb533dd4e09299ac2081379de8b1ae039bb23d144b611fc598aedd14
e 43 0 0 0 1 1 0 255 e44c5da7be85362bdfd2d644834096bd6c1facab9a35442ba1fb603f9720d786
e 44 1 1 1 2 2 0 255 789633cf6feea2a59cc8204640ee4d8c82069ce1810f90e52218e5ab5b124c09
e 45 2 2 2 0 0 0 255 371e04c38bd6f06046866a328d3d8a3085f8a71567ee11e0b69ccaa7234f13c1
e 46 0 0 0 1 1 0 255 26d5955491229b4486ca1c075497e5ed1cb03e8afb88344b6b2acee0fdf7a01c
e 47 1 1 1 2 2 0 255 f1d529f434c329524079e57d54725032d64b51f0cf053d29810c5a1e2763c973
e 48 2 2 2 0 0 0 255 d7f18b7ac6b325ffee3d3c00b5296856bd6e7076f56d1bbc4171d7dbc68d8dc8
e 49 0 0 0 1 1 0 255 616661ba576552c044ef5d23e4b5be8ac26129782485d43d06e3bee1716004ce
e 50 1 1 1 2 2 0 255 84b6adb2e2608e67c4285a2e627407b1dfc2ed1b00481ddac4ada5ffec9e720d
e 51 2 2 2 0 0 0 255 01dfdaea24cad35306af377bea2ff5104bc852c24097095def3a089fd2d136ac
e 52 0 0 0 1 1 0 255 563fd800fee713008af002006053cfecde14c8869253add5109c9f059bdd0ad5
e 53 1 1 1 2 2 0 255 a8cb1d8823bae4172b8b159b30622f5f8201164cc5ce830caccaea9cafb11eb9
e 54 2 2 2 0 0 0 255 8c1f10710a1d0d76a1c5bdfb4a5771a4563040b8226d763d9f44afd71bc1cb44
e 55 0 0 0 1 1 0 255 244fa48142c6aa04cff4f1e7375832f1f3924025296a300ce95d4165a678f1e7
e 56 1 1 1 2 2 0 255 86b3b2f26f06990f810a7d32933c7bdb2acf273f49b475c0ec384b56927cd456
e 57 2 2 2 0 0 0 255 59b949e264beaf3c4bd51db00e17b0ebbd9904d42f3df3dcf1260980874d82de
e 58 0 0 0 1 1 0 255 a4817a85974e361d842f75a5fa9e98decde98a1d9d1fa05c89f21a40c825c553
e 59 1 1 1 2 2 0 255 5eb97effbdb8252dd8b6bd995a3527487f6a4f0e0a20daaca51cff56e6bb01b0
e 60 2 2 2 0 0 0 255 c4bf07f7ed3e9832e0309b5081fb340344d69a6fc06fe59e42dc4df56a703a16
e 61 0 0 0 1 1 0 255 5b7328ead1ce8197d1183dd201ec441d7fa19de0ba9d2b982bd9d642ad5c7f3b
e 62 1 1 1 2 2 0 255 1361c873ab5f344465b80c84055092774d3cdad180947a3bdfe1baf807efbd84
e 63 2 2 2 0 0 0 255 19f7d8811373ddaeb3015f796aaf2a452daa2b6a1361d196999ef0149f76681a
e 64 0 0 0 1 1 0 255 200b3771040f4a70f2ecb162a232e4cfe222eb2feeb877145b0178b6c0e1f393
e 65 1 1 1 2 2 0 255 299e09b2e247cd3df400c40dc4e58fe07d41c15b615782ed79e73350083f445e
e 66 2 2 2 0 0 0 255 4de8dd103d90d5acb7261a1a1c4099c8ad2214d132c15c174bbda88f30a56f79
e 67 0 0 0 1 1 0 255 8d3de6847ba36bedb2ac634f0b4aceda25378c3952aae9b63a84b996809c389b
e 68 1 1 1 2 2 0 255 869fb9a921b729548b350c2df3b5649c5764092f32a7b829fe98e670f3037341
e 69 2 2 2 0 0 0 255 c4c1569b8b5b11489b1b06ca1c53961b9a9cd11bf2ed6bcdd85e6518189f21a3
e 70 0 0 0 1 1 0 255 b261e267c38f14925e8c323ebd0351f2afc65a41c76a64469b66dbbaf52a3432
e 71 1 1 1 2 2 0 255 fb5f6026cc65166c4d4eba31a6bc809345b049dbcf21259564db39c31c197860
e 72 2 2 2 0 0 0 255 b7b436277874b89695d73ca88b73ee79f963ff41587274861742f7940b32023f
e 73 0 0 0 1 1 0 255 c26e5117e39f0ecfce53ef66df1045e80c23952b30f794c3b7e712377167a444
e 74 1 1 1 2 2 0 255 ee1ea4f1ff89152dfe15d601280c9e38d7d7c7b8706dc69bb0912374c6d4dc72
e 75 2 2 2 0 0 0 255 abcf44dd797208503ec3bcc526a7a8d05a2649247cc4d05ae3afbc2aead1a888
e 76 0 0 0 1 1 0 255 e8e6c9540e7852af8e4ec27558f5c15abaf8eb6b76325604012fad08add48390
e 77 1 1 1 2 2 0 255 4abcf1b49b482e883ed7a5aadbe6b24c4713896b3e2666fd0b225276157fe582
e 78 2 2 2 0 0 0 255 ac917a150d77864e35883e621ac11164e34498f8e1fb9f4439de094c999f0654
e 79 0 0 0 1 1 0 255 0c36b8c234f7486741eae1ce6772825a63e301bb5ef556e23b6e1e750c7d0f3b
e 80 1 1 1 2 2 0 255 5da1d687be3def1efc1e9dbc876f4d2123f9d22805ed6a5708163cfe3e36202f
e 81 2 2 2 0 0 0 255 0b6547528e5d6ef4ebd3984d038b1dc337a5a0187984cc98bae85abdd8931cdb
e 82 0 0 0 1 1 0 255 29863036d5fe58019b047e7ea4d797f4a9c6e0aedb7da12f89ee73ab55172ff6
e 83 1 1 1 2 2 0 255 d624ca2a8ebd0791f0ac381abbb856feee142de3d4460cb9e9625cdd94bba9e1
e 84 2 2 2 0 0 0 255 d2caff825649f1695b0a13302adc8c027d13be2b074eef030bf64be38676d36e
e 85 0 0 0 1 1 0 255 3fbe054f57baf455370168080fec433954ef6c8f3cb40996297d2da01a7ba977
e 86 1 1 1 2 2 0 255 ada49d95c030f30d8ada5edfc850cada12ae9d419e56391705cde48e117b366c
e 87 2 2 2 0 0 0 255 1b4bd8f5da324a574154c9f6e0d26c6d082436d5f7458e0647f5cdf37c20b09a
e 88 0 0 0 1 1 0 255 561c2116a30305c11323475245c0121796a8cfefccea5ba05ea48e9b15b61637
e 89 1 1 1 2 2 0 255 8e5d0559edbff37c932d5b708c5c82c52fc39fc96cdb9ddd958b6a0a4bbf84ca
e 90 2 2 2 0 0 0 255 1ae83e11dec0749cf25db5728428cebf24a3e23209594b98a2d25c2ecde3b49d
e 91 0 0 0 1 1 0 255 55a3a852d4892cc3456adf30115f8c9d49f99b82f6dcd10de92af1ed0379f554
e 92 1 1 1 2 2 0 255 1203bc95f562eda3b8f17616221cbdff27b21f607ca17603e9d7158508b781b6
e 93 2 2 2 0 0 0 255 016e05422d96d5cc50015671070a82dd09c61d6ba84a222a4457c2b5e2c3b1d5
e 94 0 0 0 1 1 0 255 8c1af5511dc5a45eb5e7ebb888ce712090ff66b849bf1225eef8f4e8b6651f39
e 95 1 1 1 2 2 0 255 dc7aad391c7111822568eff4d237c4041e3a447d4428570d3ccf0bcc7b57eb12
e 96 2 2 2 0 0 0 255 f8d817117fd2e04dc1f36388c1e75f6eeb3e13f5f0043ad9823b6b1df4162c8e
e 97 0 0 0 1 1 0 255 4468dffd938f6197a2982ed80af8e81728189b65e34982c004c97891c324abc2
e 98 1 1 1 2 2 0 255 d5f602b985dd4099842e611bc6271f9934d7a0844b22c877cce1678ac873fdba
e 99 2 2 2 0 0 0 255 5ea30ea097da78395428e8b14d77603c8130ec791d8e136573a22ca132624098
e 100 0 0 0 1 1 0 255 f61a5279c9421da56d61ee9e0383d6b67fb288b0fd3b0666230dfdca9f3e4b1c
e 101 1 1 1 2 2 0 255 9a0c75e33aa6fe95e7787696501d974e3b65f03b380a43b7fa63597204f652db
e 102 2 2 2 0 0 0 255 d9d61584567c0cd4d01391de8299a08830619a6e3d9644b10aeb2d4269239901
e 103 0 0 0 1 1 0 255 c60e6b0c466ed67234c324ff390f5598c47534ef18abc311f68778dcc9b9f705
e 104 1 1 1 2 2 0 255 05a911b6b9e827df7e247ec048b9e461a0c49b6071af843d6e8c22b4fb135aa8
e 105 2 2 2 0 0 0 255 eaf640b85d5e98c47903bca2652287081b82867f4898b87f42ea05e265a3b2f3
e 106 0 0 0 1 1 0 255 0de28793cc95e44b429273c5f6fbc6997f074cf9b48b82d3e4a2fbd8ac66b1e5
e 107 1 1 1 2 2 0 255 b9dbbb65279a5b75f0bd859b278a2a161fcd828c9c2d4bcae625c0cdade910bc
e 108 2 2 2 0 0 0 255 b15a4d009a3e0c94e4073e1a5700db892fdc0a5177f03f5b60bf93241e825760
e 109 0 0 0 1 1 0 255 c7b96cdc4c54ec180823aaf7a15a399153fa62aeb4bdee16a60a2b22da3c7668
e 110 1 1 1 2 2 0 255 12c587cef088a994dbc47542c4ace3ba2332d540998b15ebc5517b63eebe235e
e 111 2 2 2 0 0 0 255 c862af5943dffbaa60f62c2d54734ded74c07d341ecd02ef91bfa0edb8647927
e 112 0 0 0 1 1 0 255 b3f06641c53bdf22fb3835bc5e3e64639fc9bc4e2dc81faeb0ea35895de4f096
e 113 1 1 1 2 2 0 255 4ae4fc6ebd30c4ecd33a84a30cfd8e4113c5d6f5083ad8828ac71318321582ce
e 114 2 2 2 0 0 0 255 3543b3b925438a1586c4af95a6ced3e95843fb7860cab10a889a5392b67b6636
e 115 0 0 0 1 1 0 255 a7c565749e8baadb924e25842e2b55dc7fb3ed787474134ac2a94b1ad4701d9f
e 116 1 1 1 2 2 0 255 0cc4c9936c6f75553bf450e656d80c96bcd5404b47162dbb4aecc56e6d59454e
e 117 2 2 2 0 0 0 255 41e9f9c0f4f95beef6fe83b657e9a7c4cc1bc69c53ba45743823029f0fdb0587
e 118 0 0 0 1 1 0 255 3dc2881f686bde59b412bcba6c71278cef491a16e932d024a8d5e53b50d127e1
e 119 1 1 1 2 2 0 255 d13a838414835b27c2628a8d0740c55286554626d7354dc5c853156406c298e7
e 120 2 2 2 0 0 0 255 f28e9223e5d0b79814010e7014e2a9c9d1d4abf40ba91a492d4ce62815e75074
e 121 0 0 0 1 1 0 255 a47e3980f32c109792f923f885e25b6e9fbf03e66e3ecf172189a871eb10966a
e 122 1 1 1 2 2 0 255 14ec68c393e1d32ba8d5bb5654ac423e936509dc0a1e08d1cbcbe22f5ecfacaf
e 123 2 2 2 0 0 0 255 66260cad519cf0b3da500be507550c4a482d0bd2c85ad6f74f9cbe0c19a4bfe7
e 124 0 0 0 1 1 0 255 49a8c749bfc1f3da2a1dc81923eea6b031a4383f5b8a5513c481edc62ff23b47
e 125 1 1 1 2 2 0 255 a23468af9dea8601f014baa4d34ed94ef85ad2d2d7125103bb227ddf4bb867b0
e 126 2 2 2 0 0 0 255 857147f93a22b167c0c20494bb8aac43942dda08b93e7012ec36c7c193ab6a98
e 127 0 0 0 1 1 0 255 b073f13dec4c0ea50e434a8289e6d98f9ff5a24d65a06eac77e35783e63c6fbc
e 128 1 1 1 2 2 0 255 fc719eddd940356354b2324fa415fd518deec6fc3e147bb9719d2be03dbcbef6
e 129 2 2 2 0 0 0 255 69a2a8b4905e5f8c1f18dc820c9db4b0c95e0bf58b4f2aeaace1e0f6a7abd35e
e 130 0 0 0 1 1 0 255 fc205880b4017831c504f4c6b250d1ae77529e97f865ec08fdd7d914023f95af
e 131 1 1 1 2 2 0 255 3407b9f6e9d52ac641a01c5f470f51f48d356ce9b3ad74e04ee14109ebcb4b1d
e 132 2 2 2 0 0 0 255 e9f08e286b447eac0b9c5a45fe3e4a67ab83dbaf16b2d903a9265b56350a2555
e 133 0 0 0 1 1 0 255 88f93bc4c44217ae84782424d82233d94ff8ea7fa4587e358a474a8c569bac33
e 134 1 1 1 2 2 0 255 874f6c1f9a3b555b75c103cbf2fcdd53b531d46696dddcc40eb2c6d788236fa2
e 135 2 2 2 0 0 0 255 bad4765367a6ca9b7fe39e3ced682730f2dba45e35a35a33759de535cef2c15f
e 136 0 0 0 1 1 0 255 aa521a42ede95806410d8d8db366c67004bcea1e6750fc7e8a671f3bcc4dbbea
e 137 1 1 1 2 2 0 255 1e68a62821472c791904d422c9351992b1eee5f44a43f1a618e8c1289b5a0e5d
e 138 2 2 2 0 0 0 255 46f626bad080317df546e5c7925fd6fece726addde6122e6c83ada9184ed0675
e 139 0 0 0 1 1 0 255 1152e12410e6428578511f2d500a4e7317b0d8d66dc686a5bc3e75588b0b4fd6
e 140 1 1 1 2 2 0 255 f0dff6cdf258044651cd99d910a0a7f1f5397b111649fb190b087d2ba6fcfb94
e 141 2 2 2 0 0 0 255 302670584a4a1478f83d8570b8f11576f33b3c46f20c0a1d817119bba28f33d2
e 142 0 0 0 1 1 0 255 0943a816dae89c6581c0db5a3e12a023143838eadc42774741c25b287f78b6ae
e 143 1 1 1 2 2 0 255 d7578a0e43c82802f1fcbc071ac526654640ddb0b816dd369ad81e77f5e92a54
e 144 2 2 2 0 0 0 255 da4f6528d9c6e0dd44f340aa6acf86824f70b09a922f6b82541eb92a78f0563e
e 145 0 0 0 1 1 0 255 60eb596a77fe15e9ba4a1a627fc32ce2bbebab272b935218475833a0aeb3e651
e 146 1 1 1 2 2 0 255 1369b1711225e6eb5448748f4c31356a526487c2a66312721a92e990a067d13c
e 147 2 2 2 0 0 0 255 e486e452089c74d4a219d430b9a1443fbc4418f4f361354aa4b4468e32bf63b5
e 148 0 0 0 1 1 0 255 6333374ca250ed2f40c5de4fac63e99e3c7a395b1da33ff596bb0a33fe5a4bff
e 149 1 1 1 2 2 0 255 be007b451fcce43b6311f9565b002a40518452a2d5f4c59d453f1fcd014be92e
e 150 2 2 2 0 0 0 255 8d5847b603c71d1fbd224f91118c9b162403b1354e6731b42cd3a5fddd1c577a
final=8d5847b603c71d1fbd224f91118c9b162403b1354e6731b42cd3a5fddd1c577a
trials=150
installed=0
false_install=0
