# CROSS
# Cross-fork adversarial campaign: honest baseline, Sybil ring (4 members x 3 claims), trust-farm betrayal (20 honest -> lie -> WORLD -> lie), trusted-source laundering (liar X caught; trusted T repeats X's lie), K-sized slow drip (1 lie + 6 honest x3). All forks observe the same stream; warrant quality compared.
# episodes=186
# fmt: ep etype src key val aux gt
1 1 1 6001 7037 1 1
2 2 0 6001 7037 0 2
3 1 2 6011 7407 1 1
4 2 0 6011 7407 0 2
5 1 1 6002 7074 1 1
6 2 0 6002 7074 0 2
7 1 2 6012 7444 1 1
8 2 0 6012 7444 0 2
9 1 1 6003 7111 1 1
10 2 0 6003 7111 0 2
11 1 2 6013 7481 1 1
12 2 0 6013 7481 0 2
13 1 1 6004 7148 1 1
14 2 0 6004 7148 0 2
15 1 2 6014 7518 1 1
16 2 0 6014 7518 0 2
17 1 1 6005 7185 1 1
18 2 0 6005 7185 0 2
19 1 2 6015 7555 1 1
20 2 0 6015 7555 0 2
21 1 1 6006 7222 1 1
22 2 0 6006 7222 0 2
23 1 2 6016 7592 1 1
24 2 0 6016 7592 0 2
25 1 1 6007 7259 1 1
26 2 0 6007 7259 0 2
27 1 2 6017 7629 1 1
28 2 0 6017 7629 0 2
29 1 1 6008 7296 1 1
30 2 0 6008 7296 0 2
31 1 2 6018 7666 1 1
32 2 0 6018 7666 0 2
33 1 1 6009 7333 1 1
34 2 0 6009 7333 0 2
35 1 2 6019 7703 1 1
36 2 0 6019 7703 0 2
37 1 1 6010 7370 1 1
38 2 0 6010 7370 0 2
39 1 2 6020 7740 1 1
40 2 0 6020 7740 0 2
41 1 3 6021 7777 1 1
42 2 0 6021 7777 0 2
43 1 3 6022 7814 1 1
44 2 0 6022 7814 0 2
45 1 3 6023 7851 1 1
46 2 0 6023 7851 0 2
47 1 3 6024 7888 1 1
48 2 0 6024 7888 0 2
49 1 3 6025 7925 1 1
50 2 0 6025 7925 0 2
51 1 51 6101 2738 2 0
52 1 52 6101 2738 2 0
53 1 53 6101 2738 2 0
54 1 54 6101 2738 2 0
55 1 51 6102 2775 2 0
56 1 52 6102 2775 2 0
57 1 53 6102 2775 2 0
58 1 54 6102 2775 2 0
59 1 51 6103 2812 2 0
60 1 52 6103 2812 2 0
61 1 53 6103 2812 2 0
62 1 54 6103 2812 2 0
63 1 4 6201 6437 6 1
64 2 0 6201 6437 0 2
65 1 4 6202 6474 6 1
66 2 0 6202 6474 0 2
67 1 4 6203 6511 6 1
68 2 0 6203 6511 0 2
69 1 4 6204 6548 6 1
70 2 0 6204 6548 0 2
71 1 4 6205 6585 6 1
72 2 0 6205 6585 0 2
73 1 4 6206 6622 6 1
74 2 0 6206 6622 0 2
75 1 4 6207 6659 6 1
76 2 0 6207 6659 0 2
77 1 4 6208 6696 6 1
78 2 0 6208 6696 0 2
79 1 4 6209 6733 6 1
80 2 0 6209 6733 0 2
81 1 4 6210 6770 6 1
82 2 0 6210 6770 0 2
83 1 4 6211 6807 6 1
84 2 0 6211 6807 0 2
85 1 4 6212 6844 6 1
86 2 0 6212 6844 0 2
87 1 4 6213 6881 6 1
88 2 0 6213 6881 0 2
89 1 4 6214 6918 6 1
90 2 0 6214 6918 0 2
91 1 4 6215 6955 6 1
92 2 0 6215 6955 0 2
93 1 4 6216 6992 6 1
94 2 0 6216 6992 0 2
95 1 4 6217 7029 6 1
96 2 0 6217 7029 0 2
97 1 4 6218 7066 6 1
98 2 0 6218 7066 0 2
99 1 4 6219 7103 6 1
100 2 0 6219 7103 0 2
101 1 4 6220 7140 6 1
102 2 0 6220 7140 0 2
103 1 4 6301 2138 3 0
104 2 0 6301 2137 0 2
105 1 4 6302 2175 3 0
106 2 0 6302 2174 0 2
107 1 55 6391 5468 3 0
108 2 0 6391 5467 0 2
109 1 55 6391 5468 3 0
110 2 0 6391 5467 0 2
111 1 55 6401 5838 3 0
112 1 5 6411 6207 1 1
113 2 0 6411 6207 0 2
114 1 5 6412 6244 1 1
115 2 0 6412 6244 0 2
116 1 5 6413 6281 1 1
117 2 0 6413 6281 0 2
118 1 5 6414 6318 1 1
119 2 0 6414 6318 0 2
120 1 5 6415 6355 1 1
121 2 0 6415 6355 0 2
122 1 5 6416 6392 1 1
123 2 0 6416 6392 0 2
124 1 5 6417 6429 1 1
125 2 0 6417 6429 0 2
126 1 5 6418 6466 1 1
127 2 0 6418 6466 0 2
128 1 5 6419 6503 1 1
129 2 0 6419 6503 0 2
130 1 5 6420 6540 1 1
131 2 0 6420 6540 0 2
132 1 5 6401 5838 4 0
133 1 6 6501 1537 6 1
134 2 0 6501 1537 0 2
135 1 6 6502 1574 6 1
136 2 0 6502 1574 0 2
137 1 6 6503 1611 6 1
138 2 0 6503 1611 0 2
139 1 6 6504 1648 6 1
140 2 0 6504 1648 0 2
141 1 6 6505 1685 6 1
142 2 0 6505 1685 0 2
143 1 6 6506 1722 6 1
144 2 0 6506 1722 0 2
145 1 6 6511 1908 5 0
146 2 0 6511 1907 0 2
147 1 6 6512 1944 6 1
148 2 0 6512 1944 0 2
149 1 6 6513 1981 6 1
150 2 0 6513 1981 0 2
151 1 6 6514 2018 6 1
152 2 0 6514 2018 0 2
153 1 6 6515 2055 6 1
154 2 0 6515 2055 0 2
155 1 6 6516 2092 6 1
156 2 0 6516 2092 0 2
157 1 6 6517 2129 6 1
158 2 0 6517 2129 0 2
159 1 6 6518 2167 5 0
160 2 0 6518 2166 0 2
161 1 6 6519 2203 6 1
162 2 0 6519 2203 0 2
163 1 6 6520 2240 6 1
164 2 0 6520 2240 0 2
165 1 6 6521 2277 6 1
166 2 0 6521 2277 0 2
167 1 6 6522 2314 6 1
168 2 0 6522 2314 0 2
169 1 6 6523 2351 6 1
170 2 0 6523 2351 0 2
171 1 6 6524 2388 6 1
172 2 0 6524 2388 0 2
173 1 6 6525 2426 5 0
174 2 0 6525 2425 0 2
175 1 6 6526 2462 6 1
176 2 0 6526 2462 0 2
177 1 6 6527 2499 6 1
178 2 0 6527 2499 0 2
179 1 6 6528 2536 6 1
180 2 0 6528 2536 0 2
181 1 6 6529 2573 6 1
182 2 0 6529 2573 0 2
183 1 6 6530 2610 6 1
184 2 0 6530 2610 0 2
185 1 6 6531 2647 6 1
186 2 0 6531 2647 0 2
