# L-DES
# Tripwire desensitization vs L: M farms 200 OKs (trust 995); control F (fresh) lies -> withhold; M lies -> INSTALL; WORLD -> PEND (trust must read 333); M corrects -> regime restored (995); M re-lies -> INSTALL (correct-and-re-lie cycle); then no-correct PEND + 17 OKs -> 900 -> lie INSTALLs (17-OK rebuild path). Verifies tripwire math empirically and measures both drip rates.
# episodes=452
# fmt: ep etype src key val aux gt
1 1 30 6001 7037 1 1
2 2 0 6001 7037 0 2
3 1 30 6002 7074 1 1
4 2 0 6002 7074 0 2
5 1 30 6003 7111 1 1
6 2 0 6003 7111 0 2
7 1 30 6004 7148 1 1
8 2 0 6004 7148 0 2
9 1 30 6005 7185 1 1
10 2 0 6005 7185 0 2
11 1 30 6006 7222 1 1
12 2 0 6006 7222 0 2
13 1 30 6007 7259 1 1
14 2 0 6007 7259 0 2
15 1 30 6008 7296 1 1
16 2 0 6008 7296 0 2
17 1 30 6009 7333 1 1
18 2 0 6009 7333 0 2
19 1 30 6010 7370 1 1
20 2 0 6010 7370 0 2
21 1 30 6011 7407 1 1
22 2 0 6011 7407 0 2
23 1 30 6012 7444 1 1
24 2 0 6012 7444 0 2
25 1 30 6013 7481 1 1
26 2 0 6013 7481 0 2
27 1 30 6014 7518 1 1
28 2 0 6014 7518 0 2
29 1 30 6015 7555 1 1
30 2 0 6015 7555 0 2
31 1 30 6016 7592 1 1
32 2 0 6016 7592 0 2
33 1 30 6017 7629 1 1
34 2 0 6017 7629 0 2
35 1 30 6018 7666 1 1
36 2 0 6018 7666 0 2
37 1 30 6019 7703 1 1
38 2 0 6019 7703 0 2
39 1 30 6020 7740 1 1
40 2 0 6020 7740 0 2
41 1 30 6021 7777 1 1
42 2 0 6021 7777 0 2
43 1 30 6022 7814 1 1
44 2 0 6022 7814 0 2
45 1 30 6023 7851 1 1
46 2 0 6023 7851 0 2
47 1 30 6024 7888 1 1
48 2 0 6024 7888 0 2
49 1 30 6025 7925 1 1
50 2 0 6025 7925 0 2
51 1 30 6026 7962 1 1
52 2 0 6026 7962 0 2
53 1 30 6027 7999 1 1
54 2 0 6027 7999 0 2
55 1 30 6028 8036 1 1
56 2 0 6028 8036 0 2
57 1 30 6029 8073 1 1
58 2 0 6029 8073 0 2
59 1 30 6030 8110 1 1
60 2 0 6030 8110 0 2
61 1 30 6031 8147 1 1
62 2 0 6031 8147 0 2
63 1 30 6032 8184 1 1
64 2 0 6032 8184 0 2
65 1 30 6033 8221 1 1
66 2 0 6033 8221 0 2
67 1 30 6034 8258 1 1
68 2 0 6034 8258 0 2
69 1 30 6035 8295 1 1
70 2 0 6035 8295 0 2
71 1 30 6036 8332 1 1
72 2 0 6036 8332 0 2
73 1 30 6037 8369 1 1
74 2 0 6037 8369 0 2
75 1 30 6038 8406 1 1
76 2 0 6038 8406 0 2
77 1 30 6039 8443 1 1
78 2 0 6039 8443 0 2
79 1 30 6040 8480 1 1
80 2 0 6040 8480 0 2
81 1 30 6041 8517 1 1
82 2 0 6041 8517 0 2
83 1 30 6042 8554 1 1
84 2 0 6042 8554 0 2
85 1 30 6043 8591 1 1
86 2 0 6043 8591 0 2
87 1 30 6044 8628 1 1
88 2 0 6044 8628 0 2
89 1 30 6045 8665 1 1
90 2 0 6045 8665 0 2
91 1 30 6046 8702 1 1
92 2 0 6046 8702 0 2
93 1 30 6047 8739 1 1
94 2 0 6047 8739 0 2
95 1 30 6048 8776 1 1
96 2 0 6048 8776 0 2
97 1 30 6049 8813 1 1
98 2 0 6049 8813 0 2
99 1 30 6050 8850 1 1
100 2 0 6050 8850 0 2
101 1 30 6051 8887 1 1
102 2 0 6051 8887 0 2
103 1 30 6052 8924 1 1
104 2 0 6052 8924 0 2
105 1 30 6053 8961 1 1
106 2 0 6053 8961 0 2
107 1 30 6054 8998 1 1
108 2 0 6054 8998 0 2
109 1 30 6055 1035 1 1
110 2 0 6055 1035 0 2
111 1 30 6056 1072 1 1
112 2 0 6056 1072 0 2
113 1 30 6057 1109 1 1
114 2 0 6057 1109 0 2
115 1 30 6058 1146 1 1
116 2 0 6058 1146 0 2
117 1 30 6059 1183 1 1
118 2 0 6059 1183 0 2
119 1 30 6060 1220 1 1
120 2 0 6060 1220 0 2
121 1 30 6061 1257 1 1
122 2 0 6061 1257 0 2
123 1 30 6062 1294 1 1
124 2 0 6062 1294 0 2
125 1 30 6063 1331 1 1
126 2 0 6063 1331 0 2
127 1 30 6064 1368 1 1
128 2 0 6064 1368 0 2
129 1 30 6065 1405 1 1
130 2 0 6065 1405 0 2
131 1 30 6066 1442 1 1
132 2 0 6066 1442 0 2
133 1 30 6067 1479 1 1
134 2 0 6067 1479 0 2
135 1 30 6068 1516 1 1
136 2 0 6068 1516 0 2
137 1 30 6069 1553 1 1
138 2 0 6069 1553 0 2
139 1 30 6070 1590 1 1
140 2 0 6070 1590 0 2
141 1 30 6071 1627 1 1
142 2 0 6071 1627 0 2
143 1 30 6072 1664 1 1
144 2 0 6072 1664 0 2
145 1 30 6073 1701 1 1
146 2 0 6073 1701 0 2
147 1 30 6074 1738 1 1
148 2 0 6074 1738 0 2
149 1 30 6075 1775 1 1
150 2 0 6075 1775 0 2
151 1 30 6076 1812 1 1
152 2 0 6076 1812 0 2
153 1 30 6077 1849 1 1
154 2 0 6077 1849 0 2
155 1 30 6078 1886 1 1
156 2 0 6078 1886 0 2
157 1 30 6079 1923 1 1
158 2 0 6079 1923 0 2
159 1 30 6080 1960 1 1
160 2 0 6080 1960 0 2
161 1 30 6081 1997 1 1
162 2 0 6081 1997 0 2
163 1 30 6082 2034 1 1
164 2 0 6082 2034 0 2
165 1 30 6083 2071 1 1
166 2 0 6083 2071 0 2
167 1 30 6084 2108 1 1
168 2 0 6084 2108 0 2
169 1 30 6085 2145 1 1
170 2 0 6085 2145 0 2
171 1 30 6086 2182 1 1
172 2 0 6086 2182 0 2
173 1 30 6087 2219 1 1
174 2 0 6087 2219 0 2
175 1 30 6088 2256 1 1
176 2 0 6088 2256 0 2
177 1 30 6089 2293 1 1
178 2 0 6089 2293 0 2
179 1 30 6090 2330 1 1
180 2 0 6090 2330 0 2
181 1 30 6091 2367 1 1
182 2 0 6091 2367 0 2
183 1 30 6092 2404 1 1
184 2 0 6092 2404 0 2
185 1 30 6093 2441 1 1
186 2 0 6093 2441 0 2
187 1 30 6094 2478 1 1
188 2 0 6094 2478 0 2
189 1 30 6095 2515 1 1
190 2 0 6095 2515 0 2
191 1 30 6096 2552 1 1
192 2 0 6096 2552 0 2
193 1 30 6097 2589 1 1
194 2 0 6097 2589 0 2
195 1 30 6098 2626 1 1
196 2 0 6098 2626 0 2
197 1 30 6099 2663 1 1
198 2 0 6099 2663 0 2
199 1 30 6100 2700 1 1
200 2 0 6100 2700 0 2
201 1 30 6101 2737 1 1
202 2 0 6101 2737 0 2
203 1 30 6102 2774 1 1
204 2 0 6102 2774 0 2
205 1 30 6103 2811 1 1
206 2 0 6103 2811 0 2
207 1 30 6104 2848 1 1
208 2 0 6104 2848 0 2
209 1 30 6105 2885 1 1
210 2 0 6105 2885 0 2
211 1 30 6106 2922 1 1
212 2 0 6106 2922 0 2
213 1 30 6107 2959 1 1
214 2 0 6107 2959 0 2
215 1 30 6108 2996 1 1
216 2 0 6108 2996 0 2
217 1 30 6109 3033 1 1
218 2 0 6109 3033 0 2
219 1 30 6110 3070 1 1
220 2 0 6110 3070 0 2
221 1 30 6111 3107 1 1
222 2 0 6111 3107 0 2
223 1 30 6112 3144 1 1
224 2 0 6112 3144 0 2
225 1 30 6113 3181 1 1
226 2 0 6113 3181 0 2
227 1 30 6114 3218 1 1
228 2 0 6114 3218 0 2
229 1 30 6115 3255 1 1
230 2 0 6115 3255 0 2
231 1 30 6116 3292 1 1
232 2 0 6116 3292 0 2
233 1 30 6117 3329 1 1
234 2 0 6117 3329 0 2
235 1 30 6118 3366 1 1
236 2 0 6118 3366 0 2
237 1 30 6119 3403 1 1
238 2 0 6119 3403 0 2
239 1 30 6120 3440 1 1
240 2 0 6120 3440 0 2
241 1 30 6121 3477 1 1
242 2 0 6121 3477 0 2
243 1 30 6122 3514 1 1
244 2 0 6122 3514 0 2
245 1 30 6123 3551 1 1
246 2 0 6123 3551 0 2
247 1 30 6124 3588 1 1
248 2 0 6124 3588 0 2
249 1 30 6125 3625 1 1
250 2 0 6125 3625 0 2
251 1 30 6126 3662 1 1
252 2 0 6126 3662 0 2
253 1 30 6127 3699 1 1
254 2 0 6127 3699 0 2
255 1 30 6128 3736 1 1
256 2 0 6128 3736 0 2
257 1 30 6129 3773 1 1
258 2 0 6129 3773 0 2
259 1 30 6130 3810 1 1
260 2 0 6130 3810 0 2
261 1 30 6131 3847 1 1
262 2 0 6131 3847 0 2
263 1 30 6132 3884 1 1
264 2 0 6132 3884 0 2
265 1 30 6133 3921 1 1
266 2 0 6133 3921 0 2
267 1 30 6134 3958 1 1
268 2 0 6134 3958 0 2
269 1 30 6135 3995 1 1
270 2 0 6135 3995 0 2
271 1 30 6136 4032 1 1
272 2 0 6136 4032 0 2
273 1 30 6137 4069 1 1
274 2 0 6137 4069 0 2
275 1 30 6138 4106 1 1
276 2 0 6138 4106 0 2
277 1 30 6139 4143 1 1
278 2 0 6139 4143 0 2
279 1 30 6140 4180 1 1
280 2 0 6140 4180 0 2
281 1 30 6141 4217 1 1
282 2 0 6141 4217 0 2
283 1 30 6142 4254 1 1
284 2 0 6142 4254 0 2
285 1 30 6143 4291 1 1
286 2 0 6143 4291 0 2
287 1 30 6144 4328 1 1
288 2 0 6144 4328 0 2
289 1 30 6145 4365 1 1
290 2 0 6145 4365 0 2
291 1 30 6146 4402 1 1
292 2 0 6146 4402 0 2
293 1 30 6147 4439 1 1
294 2 0 6147 4439 0 2
295 1 30 6148 4476 1 1
296 2 0 6148 4476 0 2
297 1 30 6149 4513 1 1
298 2 0 6149 4513 0 2
299 1 30 6150 4550 1 1
300 2 0 6150 4550 0 2
301 1 30 6151 4587 1 1
302 2 0 6151 4587 0 2
303 1 30 6152 4624 1 1
304 2 0 6152 4624 0 2
305 1 30 6153 4661 1 1
306 2 0 6153 4661 0 2
307 1 30 6154 4698 1 1
308 2 0 6154 4698 0 2
309 1 30 6155 4735 1 1
310 2 0 6155 4735 0 2
311 1 30 6156 4772 1 1
312 2 0 6156 4772 0 2
313 1 30 6157 4809 1 1
314 2 0 6157 4809 0 2
315 1 30 6158 4846 1 1
316 2 0 6158 4846 0 2
317 1 30 6159 4883 1 1
318 2 0 6159 4883 0 2
319 1 30 6160 4920 1 1
320 2 0 6160 4920 0 2
321 1 30 6161 4957 1 1
322 2 0 6161 4957 0 2
323 1 30 6162 4994 1 1
324 2 0 6162 4994 0 2
325 1 30 6163 5031 1 1
326 2 0 6163 5031 0 2
327 1 30 6164 5068 1 1
328 2 0 6164 5068 0 2
329 1 30 6165 5105 1 1
330 2 0 6165 5105 0 2
331 1 30 6166 5142 1 1
332 2 0 6166 5142 0 2
333 1 30 6167 5179 1 1
334 2 0 6167 5179 0 2
335 1 30 6168 5216 1 1
336 2 0 6168 5216 0 2
337 1 30 6169 5253 1 1
338 2 0 6169 5253 0 2
339 1 30 6170 5290 1 1
340 2 0 6170 5290 0 2
341 1 30 6171 5327 1 1
342 2 0 6171 5327 0 2
343 1 30 6172 5364 1 1
344 2 0 6172 5364 0 2
345 1 30 6173 5401 1 1
346 2 0 6173 5401 0 2
347 1 30 6174 5438 1 1
348 2 0 6174 5438 0 2
349 1 30 6175 5475 1 1
350 2 0 6175 5475 0 2
351 1 30 6176 5512 1 1
352 2 0 6176 5512 0 2
353 1 30 6177 5549 1 1
354 2 0 6177 5549 0 2
355 1 30 6178 5586 1 1
356 2 0 6178 5586 0 2
357 1 30 6179 5623 1 1
358 2 0 6179 5623 0 2
359 1 30 6180 5660 1 1
360 2 0 6180 5660 0 2
361 1 30 6181 5697 1 1
362 2 0 6181 5697 0 2
363 1 30 6182 5734 1 1
364 2 0 6182 5734 0 2
365 1 30 6183 5771 1 1
366 2 0 6183 5771 0 2
367 1 30 6184 5808 1 1
368 2 0 6184 5808 0 2
369 1 30 6185 5845 1 1
370 2 0 6185 5845 0 2
371 1 30 6186 5882 1 1
372 2 0 6186 5882 0 2
373 1 30 6187 5919 1 1
374 2 0 6187 5919 0 2
375 1 30 6188 5956 1 1
376 2 0 6188 5956 0 2
377 1 30 6189 5993 1 1
378 2 0 6189 5993 0 2
379 1 30 6190 6030 1 1
380 2 0 6190 6030 0 2
381 1 30 6191 6067 1 1
382 2 0 6191 6067 0 2
383 1 30 6192 6104 1 1
384 2 0 6192 6104 0 2
385 1 30 6193 6141 1 1
386 2 0 6193 6141 0 2
387 1 30 6194 6178 1 1
388 2 0 6194 6178 0 2
389 1 30 6195 6215 1 1
390 2 0 6195 6215 0 2
391 1 30 6196 6252 1 1
392 2 0 6196 6252 0 2
393 1 30 6197 6289 1 1
394 2 0 6197 6289 0 2
395 1 30 6198 6326 1 1
396 2 0 6198 6326 0 2
397 1 30 6199 6363 1 1
398 2 0 6199 6363 0 2
399 1 30 6200 6400 1 1
400 2 0 6200 6400 0 2
401 1 31 6301 2138 2 0
402 1 30 6302 2175 2 0
403 2 0 6302 2174 0 2
404 1 30 6303 2211 3 1
405 1 30 6302 2174 4 1
406 1 30 6304 2248 3 1
407 1 30 6305 2286 2 0
408 2 0 6305 2285 0 2
409 1 30 6305 2285 4 1
410 1 30 6306 2323 2 0
411 2 0 6306 2322 0 2
412 1 30 6306 2322 4 1
413 1 30 6307 2360 2 0
414 2 0 6307 2359 0 2
415 1 30 6308 2396 3 1
416 1 30 6310 2470 1 1
417 2 0 6310 2470 0 2
418 1 30 6311 2507 1 1
419 2 0 6311 2507 0 2
420 1 30 6312 2544 1 1
421 2 0 6312 2544 0 2
422 1 30 6313 2581 1 1
423 2 0 6313 2581 0 2
424 1 30 6314 2618 1 1
425 2 0 6314 2618 0 2
426 1 30 6315 2655 1 1
427 2 0 6315 2655 0 2
428 1 30 6316 2692 1 1
429 2 0 6316 2692 0 2
430 1 30 6317 2729 1 1
431 2 0 6317 2729 0 2
432 1 30 6318 2766 1 1
433 2 0 6318 2766 0 2
434 1 30 6319 2803 1 1
435 2 0 6319 2803 0 2
436 1 30 6320 2840 1 1
437 2 0 6320 2840 0 2
438 1 30 6321 2877 1 1
439 2 0 6321 2877 0 2
440 1 30 6322 2914 1 1
441 2 0 6322 2914 0 2
442 1 30 6323 2951 1 1
443 2 0 6323 2951 0 2
444 1 30 6324 2988 1 1
445 2 0 6324 2988 0 2
446 1 30 6325 3025 1 1
447 2 0 6325 3025 0 2
448 1 30 6326 3062 1 1
449 2 0 6326 3062 0 2
450 1 30 6327 3100 2 0
451 2 0 6327 3099 0 2
452 1 30 6328 3136 3 1
