# L-DOT
# Denial-of-truth vs L: poison source P1 (trust 333) pre-asserts 10 TRUE claims; honest H (trust 954) then asserts them. Control: 10 truths with no pre-taint. Rescue: H2,H3 (trust 954) assert pre-tainted truths. Measures whether an adversary can force WITHHOLD of true corroborated claims.
# episodes=182
# fmt: ep etype src key val aux gt
1 1 10 4001 5037 1 1
2 2 0 4001 5037 0 2
3 1 10 4002 5074 1 1
4 2 0 4002 5074 0 2
5 1 10 4003 5111 1 1
6 2 0 4003 5111 0 2
7 1 10 4004 5148 1 1
8 2 0 4004 5148 0 2
9 1 10 4005 5185 1 1
10 2 0 4005 5185 0 2
11 1 10 4006 5222 1 1
12 2 0 4006 5222 0 2
13 1 10 4007 5259 1 1
14 2 0 4007 5259 0 2
15 1 10 4008 5296 1 1
16 2 0 4008 5296 0 2
17 1 10 4009 5333 1 1
18 2 0 4009 5333 0 2
19 1 10 4010 5370 1 1
20 2 0 4010 5370 0 2
21 1 10 4011 5407 1 1
22 2 0 4011 5407 0 2
23 1 10 4012 5444 1 1
24 2 0 4012 5444 0 2
25 1 10 4013 5481 1 1
26 2 0 4013 5481 0 2
27 1 10 4014 5518 1 1
28 2 0 4014 5518 0 2
29 1 10 4015 5555 1 1
30 2 0 4015 5555 0 2
31 1 10 4016 5592 1 1
32 2 0 4016 5592 0 2
33 1 10 4017 5629 1 1
34 2 0 4017 5629 0 2
35 1 10 4018 5666 1 1
36 2 0 4018 5666 0 2
37 1 10 4019 5703 1 1
38 2 0 4019 5703 0 2
39 1 10 4020 5740 1 1
40 2 0 4020 5740 0 2
41 1 11 4021 5777 1 1
42 2 0 4021 5777 0 2
43 1 11 4022 5814 1 1
44 2 0 4022 5814 0 2
45 1 11 4023 5851 1 1
46 2 0 4023 5851 0 2
47 1 11 4024 5888 1 1
48 2 0 4024 5888 0 2
49 1 11 4025 5925 1 1
50 2 0 4025 5925 0 2
51 1 11 4026 5962 1 1
52 2 0 4026 5962 0 2
53 1 11 4027 5999 1 1
54 2 0 4027 5999 0 2
55 1 11 4028 6036 1 1
56 2 0 4028 6036 0 2
57 1 11 4029 6073 1 1
58 2 0 4029 6073 0 2
59 1 11 4030 6110 1 1
60 2 0 4030 6110 0 2
61 1 11 4031 6147 1 1
62 2 0 4031 6147 0 2
63 1 11 4032 6184 1 1
64 2 0 4032 6184 0 2
65 1 11 4033 6221 1 1
66 2 0 4033 6221 0 2
67 1 11 4034 6258 1 1
68 2 0 4034 6258 0 2
69 1 11 4035 6295 1 1
70 2 0 4035 6295 0 2
71 1 11 4036 6332 1 1
72 2 0 4036 6332 0 2
73 1 11 4037 6369 1 1
74 2 0 4037 6369 0 2
75 1 11 4038 6406 1 1
76 2 0 4038 6406 0 2
77 1 11 4039 6443 1 1
78 2 0 4039 6443 0 2
79 1 11 4040 6480 1 1
80 2 0 4040 6480 0 2
81 1 12 4041 6517 1 1
82 2 0 4041 6517 0 2
83 1 12 4042 6554 1 1
84 2 0 4042 6554 0 2
85 1 12 4043 6591 1 1
86 2 0 4043 6591 0 2
87 1 12 4044 6628 1 1
88 2 0 4044 6628 0 2
89 1 12 4045 6665 1 1
90 2 0 4045 6665 0 2
91 1 12 4046 6702 1 1
92 2 0 4046 6702 0 2
93 1 12 4047 6739 1 1
94 2 0 4047 6739 0 2
95 1 12 4048 6776 1 1
96 2 0 4048 6776 0 2
97 1 12 4049 6813 1 1
98 2 0 4049 6813 0 2
99 1 12 4050 6850 1 1
100 2 0 4050 6850 0 2
101 1 12 4051 6887 1 1
102 2 0 4051 6887 0 2
103 1 12 4052 6924 1 1
104 2 0 4052 6924 0 2
105 1 12 4053 6961 1 1
106 2 0 4053 6961 0 2
107 1 12 4054 6998 1 1
108 2 0 4054 6998 0 2
109 1 12 4055 7035 1 1
110 2 0 4055 7035 0 2
111 1 12 4056 7072 1 1
112 2 0 4056 7072 0 2
113 1 12 4057 7109 1 1
114 2 0 4057 7109 0 2
115 1 12 4058 7146 1 1
116 2 0 4058 7146 0 2
117 1 12 4059 7183 1 1
118 2 0 4059 7183 0 2
119 1 12 4060 7220 1 1
120 2 0 4060 7220 0 2
121 1 20 4100 8701 2 0
122 2 0 4100 8700 0 2
123 1 20 5001 2037 3 1
124 1 10 5001 2037 4 1
125 2 0 5001 2037 0 2
126 1 20 5002 2074 3 1
127 1 10 5002 2074 4 1
128 2 0 5002 2074 0 2
129 1 20 5003 2111 3 1
130 1 10 5003 2111 4 1
131 2 0 5003 2111 0 2
132 1 20 5004 2148 3 1
133 1 10 5004 2148 4 1
134 2 0 5004 2148 0 2
135 1 20 5005 2185 3 1
136 1 10 5005 2185 4 1
137 2 0 5005 2185 0 2
138 1 20 5006 2222 3 1
139 1 10 5006 2222 4 1
140 2 0 5006 2222 0 2
141 1 20 5007 2259 3 1
142 1 10 5007 2259 4 1
143 2 0 5007 2259 0 2
144 1 20 5008 2296 3 1
145 1 10 5008 2296 4 1
146 2 0 5008 2296 0 2
147 1 20 5009 2333 3 1
148 1 10 5009 2333 4 1
149 2 0 5009 2333 0 2
150 1 20 5010 2370 3 1
151 1 10 5010 2370 4 1
152 2 0 5010 2370 0 2
153 1 10 5011 2407 5 1
154 2 0 5011 2407 0 2
155 1 10 5012 2444 5 1
156 2 0 5012 2444 0 2
157 1 10 5013 2481 5 1
158 2 0 5013 2481 0 2
159 1 10 5014 2518 5 1
160 2 0 5014 2518 0 2
161 1 10 5015 2555 5 1
162 2 0 5015 2555 0 2
163 1 10 5016 2592 5 1
164 2 0 5016 2592 0 2
165 1 10 5017 2629 5 1
166 2 0 5017 2629 0 2
167 1 10 5018 2666 5 1
168 2 0 5018 2666 0 2
169 1 10 5019 2703 5 1
170 2 0 5019 2703 0 2
171 1 10 5020 2740 5 1
172 2 0 5020 2740 0 2
173 1 11 5001 2037 6 1
174 1 12 5001 2037 6 1
175 1 11 5002 2074 6 1
176 1 12 5002 2074 6 1
177 1 11 5003 2111 6 1
178 1 12 5003 2111 6 1
179 1 11 5004 2148 6 1
180 1 12 5004 2148 6 1
181 1 11 5005 2185 6 1
182 1 12 5005 2185 6 1
