# L-FRM
# Framing vs L: honest H farms 50 OKs; adversary forges SAYs under H's id (false claim -> forged; WORLD disagrees -> PEND; forged defiant restatement -> MAL). Then H's genuine novel truth, world-known truth, 17-OK rebuild, and a second framing cycle. Tests whether a forged MAL permanently burns an honest source.
# episodes=144
# fmt: ep etype src key val aux gt
1 1 40 7001 4037 1 1
2 2 0 7001 4037 0 2
3 1 40 7002 4074 1 1
4 2 0 7002 4074 0 2
5 1 40 7003 4111 1 1
6 2 0 7003 4111 0 2
7 1 40 7004 4148 1 1
8 2 0 7004 4148 0 2
9 1 40 7005 4185 1 1
10 2 0 7005 4185 0 2
11 1 40 7006 4222 1 1
12 2 0 7006 4222 0 2
13 1 40 7007 4259 1 1
14 2 0 7007 4259 0 2
15 1 40 7008 4296 1 1
16 2 0 7008 4296 0 2
17 1 40 7009 4333 1 1
18 2 0 7009 4333 0 2
19 1 40 7010 4370 1 1
20 2 0 7010 4370 0 2
21 1 40 7011 4407 1 1
22 2 0 7011 4407 0 2
23 1 40 7012 4444 1 1
24 2 0 7012 4444 0 2
25 1 40 7013 4481 1 1
26 2 0 7013 4481 0 2
27 1 40 7014 4518 1 1
28 2 0 7014 4518 0 2
29 1 40 7015 4555 1 1
30 2 0 7015 4555 0 2
31 1 40 7016 4592 1 1
32 2 0 7016 4592 0 2
33 1 40 7017 4629 1 1
34 2 0 7017 4629 0 2
35 1 40 7018 4666 1 1
36 2 0 7018 4666 0 2
37 1 40 7019 4703 1 1
38 2 0 7019 4703 0 2
39 1 40 7020 4740 1 1
40 2 0 7020 4740 0 2
41 1 40 7021 4777 1 1
42 2 0 7021 4777 0 2
43 1 40 7022 4814 1 1
44 2 0 7022 4814 0 2
45 1 40 7023 4851 1 1
46 2 0 7023 4851 0 2
47 1 40 7024 4888 1 1
48 2 0 7024 4888 0 2
49 1 40 7025 4925 1 1
50 2 0 7025 4925 0 2
51 1 40 7026 4962 1 1
52 2 0 7026 4962 0 2
53 1 40 7027 4999 1 1
54 2 0 7027 4999 0 2
55 1 40 7028 5036 1 1
56 2 0 7028 5036 0 2
57 1 40 7029 5073 1 1
58 2 0 7029 5073 0 2
59 1 40 7030 5110 1 1
60 2 0 7030 5110 0 2
61 1 40 7031 5147 1 1
62 2 0 7031 5147 0 2
63 1 40 7032 5184 1 1
64 2 0 7032 5184 0 2
65 1 40 7033 5221 1 1
66 2 0 7033 5221 0 2
67 1 40 7034 5258 1 1
68 2 0 7034 5258 0 2
69 1 40 7035 5295 1 1
70 2 0 7035 5295 0 2
71 1 40 7036 5332 1 1
72 2 0 7036 5332 0 2
73 1 40 7037 5369 1 1
74 2 0 7037 5369 0 2
75 1 40 7038 5406 1 1
76 2 0 7038 5406 0 2
77 1 40 7039 5443 1 1
78 2 0 7039 5443 0 2
79 1 40 7040 5480 1 1
80 2 0 7040 5480 0 2
81 1 40 7041 5517 1 1
82 2 0 7041 5517 0 2
83 1 40 7042 5554 1 1
84 2 0 7042 5554 0 2
85 1 40 7043 5591 1 1
86 2 0 7043 5591 0 2
87 1 40 7044 5628 1 1
88 2 0 7044 5628 0 2
89 1 40 7045 5665 1 1
90 2 0 7045 5665 0 2
91 1 40 7046 5702 1 1
92 2 0 7046 5702 0 2
93 1 40 7047 5739 1 1
94 2 0 7047 5739 0 2
95 1 40 7048 5776 1 1
96 2 0 7048 5776 0 2
97 1 40 7049 5813 1 1
98 2 0 7049 5813 0 2
99 1 40 7050 5850 1 1
100 2 0 7050 5850 0 2
101 1 40 7101 7738 2 0
102 2 0 7101 7737 0 2
103 1 40 7101 7738 3 0
104 1 40 7102 7774 4 1
105 2 0 7103 7811 0 2
106 1 40 7103 7811 5 1
107 1 40 7110 8070 1 1
108 2 0 7110 8070 0 2
109 1 40 7111 8107 1 1
110 2 0 7111 8107 0 2
111 1 40 7112 8144 1 1
112 2 0 7112 8144 0 2
113 1 40 7113 8181 1 1
114 2 0 7113 8181 0 2
115 1 40 7114 8218 1 1
116 2 0 7114 8218 0 2
117 1 40 7115 8255 1 1
118 2 0 7115 8255 0 2
119 1 40 7116 8292 1 1
120 2 0 7116 8292 0 2
121 1 40 7117 8329 1 1
122 2 0 7117 8329 0 2
123 1 40 7118 8366 1 1
124 2 0 7118 8366 0 2
125 1 40 7119 8403 1 1
126 2 0 7119 8403 0 2
127 1 40 7120 8440 1 1
128 2 0 7120 8440 0 2
129 1 40 7121 8477 1 1
130 2 0 7121 8477 0 2
131 1 40 7122 8514 1 1
132 2 0 7122 8514 0 2
133 1 40 7123 8551 1 1
134 2 0 7123 8551 0 2
135 1 40 7124 8588 1 1
136 2 0 7124 8588 0 2
137 1 40 7125 8625 1 1
138 2 0 7125 8625 0 2
139 1 40 7126 8662 1 1
140 2 0 7126 8662 0 2
141 1 40 7130 8811 2 0
142 2 0 7130 8810 0 2
143 1 40 7130 8811 3 0
144 1 40 7131 8847 4 1
