# RT2-V2-ring4
# Sybil variant: 4-member ring, 5 claims x 5 SAYs (smaller ring; 5th SAY repeats member 1). No WORLD. Bar: 0 installs; KB-3: >=3 kills.
# episodes=25
# fmt: ep etype src key val aux gt
1 1 51 1811 4008 1 0
2 1 52 1811 4008 2 0
3 1 53 1811 4008 3 0
4 1 54 1811 4008 4 0
5 1 51 1811 4008 1 0
6 1 52 1812 4045 2 0
7 1 53 1812 4045 3 0
8 1 54 1812 4045 4 0
9 1 51 1812 4045 1 0
10 1 52 1812 4045 2 0
11 1 53 1813 4082 3 0
12 1 54 1813 4082 4 0
13 1 51 1813 4082 1 0
14 1 52 1813 4082 2 0
15 1 53 1813 4082 3 0
16 1 54 1814 4119 4 0
17 1 51 1814 4119 1 0
18 1 52 1814 4119 2 0
19 1 53 1814 4119 3 0
20 1 54 1814 4119 4 0
21 1 51 1815 4156 1 0
22 1 52 1815 4156 2 0
23 1 53 1815 4156 3 0
24 1 54 1815 4156 4 0
25 1 51 1815 4156 1 0
