# RT2-V4-sleeper
# Sybil variant: 8-member ring behaves honestly first (18 world-confirmed true claims per member, each co-asserted with an honest outsider), then 5 false claims x 5 ring SAYs. Tests whether farmed independence defeats structural Sybil defenses. Bar: 0 installs; KB-3: >=3 kills.
# episodes=457
# fmt: ep etype src key val aux gt
1 1 51 3001 8037 1 1
2 1 11 3001 8037 1 1
3 2 0 3001 8037 0 2
4 1 52 3002 8074 1 1
5 1 12 3002 8074 1 1
6 2 0 3002 8074 0 2
7 1 53 3003 8111 1 1
8 1 13 3003 8111 1 1
9 2 0 3003 8111 0 2
10 1 54 3004 8148 1 1
11 1 14 3004 8148 1 1
12 2 0 3004 8148 0 2
13 1 55 3005 8185 1 1
14 1 11 3005 8185 1 1
15 2 0 3005 8185 0 2
16 1 56 3006 8222 1 1
17 1 12 3006 8222 1 1
18 2 0 3006 8222 0 2
19 1 57 3007 8259 1 1
20 1 13 3007 8259 1 1
21 2 0 3007 8259 0 2
22 1 58 3008 8296 1 1
23 1 14 3008 8296 1 1
24 2 0 3008 8296 0 2
25 1 51 3009 8333 1 1
26 1 12 3009 8333 1 1
27 2 0 3009 8333 0 2
28 1 52 3010 8370 1 1
29 1 13 3010 8370 1 1
30 2 0 3010 8370 0 2
31 1 53 3011 8407 1 1
32 1 14 3011 8407 1 1
33 2 0 3011 8407 0 2
34 1 54 3012 8444 1 1
35 1 11 3012 8444 1 1
36 2 0 3012 8444 0 2
37 1 55 3013 8481 1 1
38 1 12 3013 8481 1 1
39 2 0 3013 8481 0 2
40 1 56 3014 8518 1 1
41 1 13 3014 8518 1 1
42 2 0 3014 8518 0 2
43 1 57 3015 8555 1 1
44 1 14 3015 8555 1 1
45 2 0 3015 8555 0 2
46 1 58 3016 8592 1 1
47 1 11 3016 8592 1 1
48 2 0 3016 8592 0 2
49 1 51 3017 8629 1 1
50 1 13 3017 8629 1 1
51 2 0 3017 8629 0 2
52 1 52 3018 8666 1 1
53 1 14 3018 8666 1 1
54 2 0 3018 8666 0 2
55 1 53 3019 8703 1 1
56 1 11 3019 8703 1 1
57 2 0 3019 8703 0 2
58 1 54 3020 8740 1 1
59 1 12 3020 8740 1 1
60 2 0 3020 8740 0 2
61 1 55 3021 8777 1 1
62 1 13 3021 8777 1 1
63 2 0 3021 8777 0 2
64 1 56 3022 8814 1 1
65 1 14 3022 8814 1 1
66 2 0 3022 8814 0 2
67 1 57 3023 8851 1 1
68 1 11 3023 8851 1 1
69 2 0 3023 8851 0 2
70 1 58 3024 8888 1 1
71 1 12 3024 8888 1 1
72 2 0 3024 8888 0 2
73 1 51 3025 8925 1 1
74 1 14 3025 8925 1 1
75 2 0 3025 8925 0 2
76 1 52 3026 8962 1 1
77 1 11 3026 8962 1 1
78 2 0 3026 8962 0 2
79 1 53 3027 8999 1 1
80 1 12 3027 8999 1 1
81 2 0 3027 8999 0 2
82 1 54 3028 1036 1 1
83 1 13 3028 1036 1 1
84 2 0 3028 1036 0 2
85 1 55 3029 1073 1 1
86 1 14 3029 1073 1 1
87 2 0 3029 1073 0 2
88 1 56 3030 1110 1 1
89 1 11 3030 1110 1 1
90 2 0 3030 1110 0 2
91 1 57 3031 1147 1 1
92 1 12 3031 1147 1 1
93 2 0 3031 1147 0 2
94 1 58 3032 1184 1 1
95 1 13 3032 1184 1 1
96 2 0 3032 1184 0 2
97 1 51 3033 1221 1 1
98 1 11 3033 1221 1 1
99 2 0 3033 1221 0 2
100 1 52 3034 1258 1 1
101 1 12 3034 1258 1 1
102 2 0 3034 1258 0 2
103 1 53 3035 1295 1 1
104 1 13 3035 1295 1 1
105 2 0 3035 1295 0 2
106 1 54 3036 1332 1 1
107 1 14 3036 1332 1 1
108 2 0 3036 1332 0 2
109 1 55 3037 1369 1 1
110 1 11 3037 1369 1 1
111 2 0 3037 1369 0 2
112 1 56 3038 1406 1 1
113 1 12 3038 1406 1 1
114 2 0 3038 1406 0 2
115 1 57 3039 1443 1 1
116 1 13 3039 1443 1 1
117 2 0 3039 1443 0 2
118 1 58 3040 1480 1 1
119 1 14 3040 1480 1 1
120 2 0 3040 1480 0 2
121 1 51 3041 1517 1 1
122 1 12 3041 1517 1 1
123 2 0 3041 1517 0 2
124 1 52 3042 1554 1 1
125 1 13 3042 1554 1 1
126 2 0 3042 1554 0 2
127 1 53 3043 1591 1 1
128 1 14 3043 1591 1 1
129 2 0 3043 1591 0 2
130 1 54 3044 1628 1 1
131 1 11 3044 1628 1 1
132 2 0 3044 1628 0 2
133 1 55 3045 1665 1 1
134 1 12 3045 1665 1 1
135 2 0 3045 1665 0 2
136 1 56 3046 1702 1 1
137 1 13 3046 1702 1 1
138 2 0 3046 1702 0 2
139 1 57 3047 1739 1 1
140 1 14 3047 1739 1 1
141 2 0 3047 1739 0 2
142 1 58 3048 1776 1 1
143 1 11 3048 1776 1 1
144 2 0 3048 1776 0 2
145 1 51 3049 1813 1 1
146 1 13 3049 1813 1 1
147 2 0 3049 1813 0 2
148 1 52 3050 1850 1 1
149 1 14 3050 1850 1 1
150 2 0 3050 1850 0 2
151 1 53 3051 1887 1 1
152 1 11 3051 1887 1 1
153 2 0 3051 1887 0 2
154 1 54 3052 1924 1 1
155 1 12 3052 1924 1 1
156 2 0 3052 1924 0 2
157 1 55 3053 1961 1 1
158 1 13 3053 1961 1 1
159 2 0 3053 1961 0 2
160 1 56 3054 1998 1 1
161 1 14 3054 1998 1 1
162 2 0 3054 1998 0 2
163 1 57 3055 2035 1 1
164 1 11 3055 2035 1 1
165 2 0 3055 2035 0 2
166 1 58 3056 2072 1 1
167 1 12 3056 2072 1 1
168 2 0 3056 2072 0 2
169 1 51 3057 2109 1 1
170 1 14 3057 2109 1 1
171 2 0 3057 2109 0 2
172 1 52 3058 2146 1 1
173 1 11 3058 2146 1 1
174 2 0 3058 2146 0 2
175 1 53 3059 2183 1 1
176 1 12 3059 2183 1 1
177 2 0 3059 2183 0 2
178 1 54 3060 2220 1 1
179 1 13 3060 2220 1 1
180 2 0 3060 2220 0 2
181 1 55 3061 2257 1 1
182 1 14 3061 2257 1 1
183 2 0 3061 2257 0 2
184 1 56 3062 2294 1 1
185 1 11 3062 2294 1 1
186 2 0 3062 2294 0 2
187 1 57 3063 2331 1 1
188 1 12 3063 2331 1 1
189 2 0 3063 2331 0 2
190 1 58 3064 2368 1 1
191 1 13 3064 2368 1 1
192 2 0 3064 2368 0 2
193 1 51 3065 2405 1 1
194 1 11 3065 2405 1 1
195 2 0 3065 2405 0 2
196 1 52 3066 2442 1 1
197 1 12 3066 2442 1 1
198 2 0 3066 2442 0 2
199 1 53 3067 2479 1 1
200 1 13 3067 2479 1 1
201 2 0 3067 2479 0 2
202 1 54 3068 2516 1 1
203 1 14 3068 2516 1 1
204 2 0 3068 2516 0 2
205 1 55 3069 2553 1 1
206 1 11 3069 2553 1 1
207 2 0 3069 2553 0 2
208 1 56 3070 2590 1 1
209 1 12 3070 2590 1 1
210 2 0 3070 2590 0 2
211 1 57 3071 2627 1 1
212 1 13 3071 2627 1 1
213 2 0 3071 2627 0 2
214 1 58 3072 2664 1 1
215 1 14 3072 2664 1 1
216 2 0 3072 2664 0 2
217 1 51 3073 2701 1 1
218 1 12 3073 2701 1 1
219 2 0 3073 2701 0 2
220 1 52 3074 2738 1 1
221 1 13 3074 2738 1 1
222 2 0 3074 2738 0 2
223 1 53 3075 2775 1 1
224 1 14 3075 2775 1 1
225 2 0 3075 2775 0 2
226 1 54 3076 2812 1 1
227 1 11 3076 2812 1 1
228 2 0 3076 2812 0 2
229 1 55 3077 2849 1 1
230 1 12 3077 2849 1 1
231 2 0 3077 2849 0 2
232 1 56 3078 2886 1 1
233 1 13 3078 2886 1 1
234 2 0 3078 2886 0 2
235 1 57 3079 2923 1 1
236 1 14 3079 2923 1 1
237 2 0 3079 2923 0 2
238 1 58 3080 2960 1 1
239 1 11 3080 2960 1 1
240 2 0 3080 2960 0 2
241 1 51 3081 2997 1 1
242 1 13 3081 2997 1 1
243 2 0 3081 2997 0 2
244 1 52 3082 3034 1 1
245 1 14 3082 3034 1 1
246 2 0 3082 3034 0 2
247 1 53 3083 3071 1 1
248 1 11 3083 3071 1 1
249 2 0 3083 3071 0 2
250 1 54 3084 3108 1 1
251 1 12 3084 3108 1 1
252 2 0 3084 3108 0 2
253 1 55 3085 3145 1 1
254 1 13 3085 3145 1 1
255 2 0 3085 3145 0 2
256 1 56 3086 3182 1 1
257 1 14 3086 3182 1 1
258 2 0 3086 3182 0 2
259 1 57 3087 3219 1 1
260 1 11 3087 3219 1 1
261 2 0 3087 3219 0 2
262 1 58 3088 3256 1 1
263 1 12 3088 3256 1 1
264 2 0 3088 3256 0 2
265 1 51 3089 3293 1 1
266 1 14 3089 3293 1 1
267 2 0 3089 3293 0 2
268 1 52 3090 3330 1 1
269 1 11 3090 3330 1 1
270 2 0 3090 3330 0 2
271 1 53 3091 3367 1 1
272 1 12 3091 3367 1 1
273 2 0 3091 3367 0 2
274 1 54 3092 3404 1 1
275 1 13 3092 3404 1 1
276 2 0 3092 3404 0 2
277 1 55 3093 3441 1 1
278 1 14 3093 3441 1 1
279 2 0 3093 3441 0 2
280 1 56 3094 3478 1 1
281 1 11 3094 3478 1 1
282 2 0 3094 3478 0 2
283 1 57 3095 3515 1 1
284 1 12 3095 3515 1 1
285 2 0 3095 3515 0 2
286 1 58 3096 3552 1 1
287 1 13 3096 3552 1 1
288 2 0 3096 3552 0 2
289 1 51 3097 3589 1 1
290 1 11 3097 3589 1 1
291 2 0 3097 3589 0 2
292 1 52 3098 3626 1 1
293 1 12 3098 3626 1 1
294 2 0 3098 3626 0 2
295 1 53 3099 3663 1 1
296 1 13 3099 3663 1 1
297 2 0 3099 3663 0 2
298 1 54 3100 3700 1 1
299 1 14 3100 3700 1 1
300 2 0 3100 3700 0 2
301 1 55 3101 3737 1 1
302 1 11 3101 3737 1 1
303 2 0 3101 3737 0 2
304 1 56 3102 3774 1 1
305 1 12 3102 3774 1 1
306 2 0 3102 3774 0 2
307 1 57 3103 3811 1 1
308 1 13 3103 3811 1 1
309 2 0 3103 3811 0 2
310 1 58 3104 3848 1 1
311 1 14 3104 3848 1 1
312 2 0 3104 3848 0 2
313 1 51 3105 3885 1 1
314 1 12 3105 3885 1 1
315 2 0 3105 3885 0 2
316 1 52 3106 3922 1 1
317 1 13 3106 3922 1 1
318 2 0 3106 3922 0 2
319 1 53 3107 3959 1 1
320 1 14 3107 3959 1 1
321 2 0 3107 3959 0 2
322 1 54 3108 3996 1 1
323 1 11 3108 3996 1 1
324 2 0 3108 3996 0 2
325 1 55 3109 4033 1 1
326 1 12 3109 4033 1 1
327 2 0 3109 4033 0 2
328 1 56 3110 4070 1 1
329 1 13 3110 4070 1 1
330 2 0 3110 4070 0 2
331 1 57 3111 4107 1 1
332 1 14 3111 4107 1 1
333 2 0 3111 4107 0 2
334 1 58 3112 4144 1 1
335 1 11 3112 4144 1 1
336 2 0 3112 4144 0 2
337 1 51 3113 4181 1 1
338 1 13 3113 4181 1 1
339 2 0 3113 4181 0 2
340 1 52 3114 4218 1 1
341 1 14 3114 4218 1 1
342 2 0 3114 4218 0 2
343 1 53 3115 4255 1 1
344 1 11 3115 4255 1 1
345 2 0 3115 4255 0 2
346 1 54 3116 4292 1 1
347 1 12 3116 4292 1 1
348 2 0 3116 4292 0 2
349 1 55 3117 4329 1 1
350 1 13 3117 4329 1 1
351 2 0 3117 4329 0 2
352 1 56 3118 4366 1 1
353 1 14 3118 4366 1 1
354 2 0 3118 4366 0 2
355 1 57 3119 4403 1 1
356 1 11 3119 4403 1 1
357 2 0 3119 4403 0 2
358 1 58 3120 4440 1 1
359 1 12 3120 4440 1 1
360 2 0 3120 4440 0 2
361 1 51 3121 4477 1 1
362 1 14 3121 4477 1 1
363 2 0 3121 4477 0 2
364 1 52 3122 4514 1 1
365 1 11 3122 4514 1 1
366 2 0 3122 4514 0 2
367 1 53 3123 4551 1 1
368 1 12 3123 4551 1 1
369 2 0 3123 4551 0 2
370 1 54 3124 4588 1 1
371 1 13 3124 4588 1 1
372 2 0 3124 4588 0 2
373 1 55 3125 4625 1 1
374 1 14 3125 4625 1 1
375 2 0 3125 4625 0 2
376 1 56 3126 4662 1 1
377 1 11 3126 4662 1 1
378 2 0 3126 4662 0 2
379 1 57 3127 4699 1 1
380 1 12 3127 4699 1 1
381 2 0 3127 4699 0 2
382 1 58 3128 4736 1 1
383 1 13 3128 4736 1 1
384 2 0 3128 4736 0 2
385 1 51 3129 4773 1 1
386 1 11 3129 4773 1 1
387 2 0 3129 4773 0 2
388 1 52 3130 4810 1 1
389 1 12 3130 4810 1 1
390 2 0 3130 4810 0 2
391 1 53 3131 4847 1 1
392 1 13 3131 4847 1 1
393 2 0 3131 4847 0 2
394 1 54 3132 4884 1 1
395 1 14 3132 4884 1 1
396 2 0 3132 4884 0 2
397 1 55 3133 4921 1 1
398 1 11 3133 4921 1 1
399 2 0 3133 4921 0 2
400 1 56 3134 4958 1 1
401 1 12 3134 4958 1 1
402 2 0 3134 4958 0 2
403 1 57 3135 4995 1 1
404 1 13 3135 4995 1 1
405 2 0 3135 4995 0 2
406 1 58 3136 5032 1 1
407 1 14 3136 5032 1 1
408 2 0 3136 5032 0 2
409 1 51 3137 5069 1 1
410 1 12 3137 5069 1 1
411 2 0 3137 5069 0 2
412 1 52 3138 5106 1 1
413 1 13 3138 5106 1 1
414 2 0 3138 5106 0 2
415 1 53 3139 5143 1 1
416 1 14 3139 5143 1 1
417 2 0 3139 5143 0 2
418 1 54 3140 5180 1 1
419 1 11 3140 5180 1 1
420 2 0 3140 5180 0 2
421 1 55 3141 5217 1 1
422 1 12 3141 5217 1 1
423 2 0 3141 5217 0 2
424 1 56 3142 5254 1 1
425 1 13 3142 5254 1 1
426 2 0 3142 5254 0 2
427 1 57 3143 5291 1 1
428 1 14 3143 5291 1 1
429 2 0 3143 5291 0 2
430 1 58 3144 5328 1 1
431 1 11 3144 5328 1 1
432 2 0 3144 5328 0 2
433 1 51 3201 7438 2 0
434 1 52 3201 7438 2 0
435 1 53 3201 7438 2 0
436 1 54 3201 7438 2 0
437 1 55 3201 7438 2 0
438 1 52 3202 7475 2 0
439 1 53 3202 7475 2 0
440 1 54 3202 7475 2 0
441 1 55 3202 7475 2 0
442 1 56 3202 7475 2 0
443 1 53 3203 7512 2 0
444 1 54 3203 7512 2 0
445 1 55 3203 7512 2 0
446 1 56 3203 7512 2 0
447 1 57 3203 7512 2 0
448 1 54 3204 7549 2 0
449 1 55 3204 7549 2 0
450 1 56 3204 7549 2 0
451 1 57 3204 7549 2 0
452 1 58 3204 7549 2 0
453 1 55 3205 7586 2 0
454 1 56 3205 7586 2 0
455 1 57 3205 7586 2 0
456 1 58 3205 7586 2 0
457 1 51 3205 7586 2 0
