# RT2-V3-stagger
# Sybil variant: 8 members enter staggered; each newcomer opens a NEW key, two incumbents co-assert. 8 keys x 3 SAYs. No WORLD. Bar: 0 installs; KB-3: >=3 kills.
# episodes=24
# fmt: ep etype src key val aux gt
1 1 51 1901 7338 1 0
2 1 52 1901 7338 2 0
3 1 53 1901 7338 2 0
4 1 52 1902 7375 1 0
5 1 53 1902 7375 2 0
6 1 54 1902 7375 2 0
7 1 53 1903 7412 1 0
8 1 54 1903 7412 2 0
9 1 55 1903 7412 2 0
10 1 54 1904 7449 1 0
11 1 55 1904 7449 2 0
12 1 56 1904 7449 2 0
13 1 55 1905 7486 1 0
14 1 56 1905 7486 2 0
15 1 57 1905 7486 2 0
16 1 56 1906 7523 1 0
17 1 57 1906 7523 2 0
18 1 58 1906 7523 2 0
19 1 57 1907 7560 1 0
20 1 58 1907 7560 2 0
21 1 51 1907 7560 2 0
22 1 58 1908 7597 1 0
23 1 51 1908 7597 2 0
24 1 52 1908 7597 2 0
