T 0 0 0 | 0 | 1 0 0
T 1 0 0 | 0 | 2 0 0
T 2 0 0 | 0 | 2 0 0
T 2 0 0 | 1 | 1 0 0
T 1 0 0 | 1 | 0 0 0
T 0 0 0 | 2 | 0 1 0
T 1 0 0 | 2 | 1 1 0
T 0 1 0 | 3 | 0 0 0
T 2 1 0 | 2 | 2 1 0
T 0 0 0 | 1 | 0 0 0
T 2 0 1 | 2 | 2 0 1
# ADVERSARY ADDITIONS (X-E8-1a D2: 10pct artifactual):
T 5 0 0 | 0 | 2 0 0
T 2 0 0 | 0 | 3 0 0
T 2 0 0 | 0 | 3 0 0
T 2 0 0 | 0 | 3 0 0
T 2 0 0 | 0 | 3 0 0
T 2 0 0 | 0 | 3 0 0
T 2 0 0 | 0 | 3 0 0
T 2 0 0 | 0 | 3 0 0
T 2 0 0 | 0 | 3 0 0
T 2 0 0 | 0 | 3 0 0
# X-E9-3b: action 3 at (0,0,1): 2 A=(0,1,1) + 3 B=(0,0,1); all lamp->1 changes superseded
T 0 0 1 | 3 | 0 1 1
T 0 0 1 | 3 | 0 1 1
T 0 0 1 | 3 | 0 0 1
T 0 0 1 | 3 | 0 0 1
T 0 0 1 | 3 | 0 0 1
