0|C|746|442|1|1|0|0|743110094094
1|C|823|700|1|1|1|1|829163482482
2|C|708|364|0|0|0|0|704755282282
3|C|816|669|1|1|1|1|821993141141
4|C|732|411|1|1|1|1|731446304304
5|C|791|569|1|1|0|0|795481734234
6|C|709|367|1|1|0|0|712106397397
7|C|818|676|0|0|0|0|815733935435
8|C|800|602|1|1|0|0|805001320320
9|C|816|666|1|1|0|0|821955447447
10|C|792|572|1|1|0|0|795142366366
11|C|844|814|1|1|0|0|843025761261
12|C|731|408|1|1|1|1|732632165165
13|C|839|782|1|1|1|1|846157270270
14|C|776|521|1|1|1|1|772286514014
15|C|766|492|1|1|0|0|770483851351
16|C|707|363|1|1|0|0|705768881381
17|C|798|595|1|1|1|1|801358301301
18|C|759|473|1|1|0|0|763317395395
19|C|820|684|1|1|0|0|817887729229
20|C|704|357|1|1|1|1|700958228228
21|C|752|457|0|0|1|1|753752771271
22|C|752|456|1|1|0|0|753761978478
23|C|713|373|1|1|0|0|709605354354
24|C|842|805|1|1|1|1|845104270270
25|C|741|430|1|1|1|1|739703864364
26|C|730|407|1|1|1|1|733613120120
27|C|838|781|1|1|1|1|832552431431
28|C|773|513|1|1|0|0|777307379379
29|C|702|354|1|1|0|0|702947465465
30|C|753|459|1|1|0|0|748790009009
31|C|817|672|1|1|1|1|820798226226
32|C|838|781|1|1|1|1|832552266266
33|C|811|645|0|0|0|0|806135430430
34|C|810|642|1|1|0|0|807288912412
35|C|812|652|1|1|0|0|809329305305
36|C|771|506|1|1|1|1|766661477477
37|C|780|533|0|0|1|1|775373031031
38|C|760|477|1|1|1|1|755923722222
39|C|816|666|1|1|0|0|821956313313
40|C|777|524|1|1|1|1|773408675175
41|C|816|666|1|1|0|0|821956247247
42|C|716|380|1|1|0|0|714629842342
43|C|784|545|1|1|1|1|787916509009
44|C|789|563|1|1|0|0|793372963463
45|C|839|783|1|1|0|0|846171470470
46|C|752|457|1|1|1|1|753753562062
47|C|833|750|1|1|1|1|835689314314
48|C|843|811|1|1|0|0|844020281281
49|C|702|355|1|1|1|1|702939869369
50|C|811|645|1|1|0|0|806134647147
51|C|708|365|1|1|1|1|704667033033
52|C|755|463|1|1|0|0|759217789289
53|C|702|354|1|1|0|0|702948705205
54|C|805|621|1|1|0|0|799910109109
55|C|721|388|1|1|1|1|718261114114
56|C|716|380|1|1|0|0|714629388388
57|C|740|427|1|1|1|1|740312579079
58|C|810|642|0|1|0|0|807289672172
59|C|792|573|1|1|1|1|795132437437
60|C|832|746|1|1|0|0|838807028028
61|C|711|370|1|1|1|1|710066502002
62|C|824|707|1|1|1|1|830455202202
63|C|728|403|1|1|1|1|727450657157
64|C|814|6600|1|1|0|0|857255434434
65|C|846|8265|1|1|1|1|921290285285
66|C|911|15354|1|1|1|1|1042875235235
67|C|853|8757|1|1|0|0|907926170170
68|C|908|14931|1|1|1|1|1043694224224
69|C|878|10837|1|1|1|1|834150185185
70|C|927|19123|1|1|0|0|1026914543043
71|C|885|11633|1|1|0|0|849138526026
72|C|887|11836|1|1|1|1|849848381381
73|C|747|4449|1|1|0|0|787004814314
74|C|836|7657|1|1|1|1|904166818318
75|C|879|10962|1|1|1|1|832199208208
76|C|877|10759|1|1|0|0|833068123123
77|C|842|8041|1|1|1|1|910828181181
78|C|845|8234|1|1|1|1|920477477477
79|C|739|4267|1|1|0|0|777600944444
80|C|857|9007|1|1|0|0|939116371371
81|C|891|12370|1|1|1|1|869821902402
82|C|836|7694|1|1|0|0|903950066066
83|C|798|5949|1|1|1|1|751858863363
84|C|837|7733|1|1|0|0|903419035035
85|C|827|7212|1|1|1|1|851103002002
86|C|889|12130|1|1|1|1|845115505005
87|C|848|8371|1|1|1|1|908027761261
88|C|871|10150|1|1|1|1|912743757257
89|C|839|7825|1|1|0|0|910540298298
90|C|841|7934|1|1|1|1|913720493493
91|C|886|11674|1|1|0|0|850255639139
92|C|842|8052|1|1|0|0|910728858358
93|C|919|17201|1|1|0|0|1068413342342
94|C|868|9876|1|1|0|0|920283310310
95|C|857|9019|1|1|0|0|939135746246
96|C|777|5246|1|1|1|1|747541163163
97|C|882|11272|1|1|0|0|850952105105
98|C|804|6167|1|1|1|1|749955546046
99|C|876|10684|1|1|0|0|836852761261
100|C|879|10943|1|1|0|0|832087609109
101|C|825|7087|1|1|0|0|852282744244
102|C|869|9968|1|1|1|1|918047669169
103|C|792|5723|1|1|1|1|739622649149
104|C|899|13401|1|1|0|0|851569609109
105|C|771|5053|1|1|0|0|792198406406
106|C|802|6099|1|1|1|1|748186168168
107|C|850|8526|1|1|0|0|906218835335
108|C|906|14608|1|1|0|0|838719882382
109|C|898|13245|1|1|1|1|850926669169
110|C|888|11942|1|1|0|0|845536042042
111|C|899|13355|1|1|0|0|853039472472
112|C|877|10745|1|1|0|0|832931599099
113|C|764|4874|1|1|0|0|790879275275
114|C|700|3506|1|1|0|0|676579018018
115|C|898|13241|1|1|1|1|851152371371
116|C|723|3932|1|1|1|1|691971221221
117|C|706|3605|1|1|1|1|736916053053
118|C|838|7793|1|1|1|1|900844352352
119|C|903|13985|1|1|0|0|846507748248
120|C|858|9088|1|1|0|0|937192966466
121|C|880|11054|1|1|0|0|846753831331
122|C|850|8514|1|1|0|0|906107136136
123|C|878|10798|1|1|0|0|833794047047
124|C|828|7269|1|1|1|1|849582984484
125|C|897|13129|1|1|0|0|844718968468
126|C|720|3860|1|1|0|0|687220690190
127|C|751|4530|1|1|1|1|783886812312
128|C|849|8435|1|1|0|0|906480059059
129|C|843|8110|1|1|1|1|911260142142
130|C|896|13034|1|1|0|0|843519566066
131|C|860|9288|1|1|0|0|911663625125
132|C|866|9754|1|1|0|0|919313066066
133|C|903|14072|1|1|1|1|845210382382
134|C|856|8950|1|1|0|0|937468322322
135|C|921|17679|1|1|0|0|1062085370370
136|C|743|4342|1|1|1|1|773239197197
137|C|864|9586|1|1|0|0|910269575075
138|C|933|21026|1|1|1|1|1021549609109
139|C|913|15824|1|1|1|1|1053611942442
140|C|876|10683|1|1|1|1|836856696196
141|C|839|7863|1|1|0|0|911136750250
142|C|876|10693|1|1|1|1|837779790290
143|C|767|4942|1|1|1|1|788816956456
144|C|869|9954|1|1|1|1|918177967467
145|C|907|14691|1|1|0|0|1040655974474
146|C|897|13077|1|1|0|0|844219861361
147|C|873|10394|1|1|1|1|833071174174
148|C|795|5820|1|1|1|1|743191901401
149|C|880|11021|1|1|1|1|846515619119
150|C|772|5101|1|1|1|1|751433438438
151|C|714|3755|1|1|1|1|679681503003
152|C|729|4040|1|1|1|1|692456035035
153|C|816|6682|1|1|0|0|855946471471
154|C|725|3955|1|1|0|0|689927953453
155|C|934|21392|1|1|0|0|1008263991491
156|C|854|8835|1|1|1|1|909254382382
157|C|885|11652|1|1|1|1|849310204204
158|C|912|15565|1|1|1|1|1054821994494
159|C|862|9386|1|1|0|0|910369707207
160|C|740|4288|1|1|0|0|776206540040
161|C|704|3574|1|1|0|0|671236783283
162|C|869|9965|1|1|0|0|918077449449
163|C|844|8168|1|1|0|0|909755545045
164|C|905|14402|1|1|1|1|839995575075
165|C|930|20157|1|1|1|1|1013506789289
166|C|795|5832|1|1|1|1|743588555055
167|C|772|5085|1|1|1|1|751058765265
168|C|853|8732|1|1|1|1|907101895395
169|C|802|6078|1|1|0|0|748585921421
170|C|863|9487|1|1|0|0|910170851351
171|C|881|11136|1|1|1|1|848570406406
172|C|896|12935|1|1|1|1|846522556056
173|C|822|6952|1|1|0|0|859026961461
174|C|891|12314|1|1|1|1|866626003003
175|C|880|11052|1|1|0|0|846766657157
176|C|823|7014|1|1|1|1|853016613113
177|C|909|15149|1|1|0|0|1046955632132
178|C|777|5236|1|1|1|1|747443509009
179|C|924|18269|1|1|1|1|1055838465465
180|C|754|4617|1|1|1|1|779570690190
181|C|800|6004|1|1|0|0|753377643143
182|C|834|7538|1|1|0|0|900376188188
183|C|820|6855|1|1|1|1|861922397397
184|C|824|7052|1|1|0|0|851850176176
185|C|852|8691|1|1|1|1|906514067067
186|C|902|13813|1|1|1|1|843934508008
187|C|923|18190|1|1|1|1|1055993060060
188|C|872|10255|1|1|1|1|912423764264
189|C|746|4425|1|1|1|1|773624133133
190|C|719|3857|1|1|0|0|684131447447
191|C|720|3867|1|1|1|1|687285401401
192|C|828|7261|1|1|1|1|849535628128
193|C|872|10255|1|1|1|1|912423631131
194|C|850|8549|1|1|1|1|906422576076
195|C|844|8170|1|1|0|0|909740041041
196|C|734|4146|1|1|0|0|704342934434
197|C|891|12351|1|1|0|0|869980866366
198|C|784|5476|1|1|0|0|742671018018
199|C|862|9435|1|1|1|1|910691403403
200|C|805|6199|1|1|0|0|748206079079
201|C|830|7370|1|1|0|0|897525021021
202|C|814|6603|1|1|1|1|857222452452
203|C|822|6937|1|1|1|1|859149231231
204|C|735|4179|1|1|0|0|696662497497
205|C|818|6768|1|1|0|0|863124549049
206|C|705|3588|1|1|1|1|737361169169
207|C|788|5603|1|1|1|1|770142117117
208|C|831|7413|1|1|0|0|897967093093
209|C|842|8004|1|1|0|0|911164529029
210|C|707|3633|1|1|0|0|736053823323
211|C|701|3523|1|1|0|0|673525106106
212|C|853|8725|1|1|0|0|907178027027
213|C|873|10314|1|1|1|1|833418176176
214|C|742|4335|1|1|1|1|778363248248
215|C|724|3942|1|1|0|0|687902565065
216|C|909|15051|1|1|0|0|1041564039039
217|C|711|3708|1|1|1|1|677789426426
218|C|814|6596|1|1|0|0|857678348348
219|C|909|15135|1|1|0|0|1047085642142
220|C|822|6950|1|1|0|0|859030422422
221|C|864|9544|1|1|0|0|910685219219
222|C|804|6165|1|1|1|1|749940790290
223|C|878|10861|1|1|1|1|832956467467
224|C|722|3914|1|1|0|0|690814886386
225|C|789|5636|1|1|1|1|739392544044
226|C|859|9154|1|1|1|1|909311039039
227|C|817|6732|1|1|1|1|857536654154
228|C|895|12877|1|1|0|0|844252249249
229|C|813|6560|1|1|1|1|870517372372
230|C|803|6123|1|1|0|0|746949819319
231|C|853|8725|1|1|0|0|907178622122
232|C|876|10662|1|1|0|0|836925260260
233|C|890|12180|1|1|0|0|866459705205
234|C|893|12645|1|1|0|0|869286873373
235|C|776|5218|1|1|0|0|748314589089
236|C|900|13643|1|1|1|1|852678480480
237|C|746|4408|1|1|0|0|773727437437
238|C|861|9345|1|1|0|0|911059037037
239|C|717|3816|1|1|1|1|682279574074
240|C|862|9444|1|1|0|0|910904554054
241|C|915|16320|1|1|1|1|1046790742242
242|C|909|15115|1|1|0|0|1047136481481
243|C|864|9543|1|1|1|1|910661541041
244|C|719|3849|1|1|0|0|683797817317
245|C|889|12022|1|1|1|1|846087824324
246|C|875|21036|1|1|1|1|1067859947447
247|C|724|7874|1|1|0|0|795410725225
248|C|869|20050|1|1|1|1|960280663163
249|C|883|22646|1|1|1|1|952325806306
250|C|871|20429|1|1|0|0|952513611111
251|C|842|16004|1|1|0|0|988751195195
252|C|855|17778|1|1|1|1|995065201201
253|C|870|20250|1|1|0|0|952662753253
254|C|870|20211|1|1|1|1|953608056056
255|C|887|23583|1|1|0|0|943423468468
256|C|823|14016|1|1|1|1|916744293293
257|C|865|19229|1|1|0|0|957000708208
258|C|728|8046|0|0|0|0|788725606106
259|C|712|7434|0|0|0|0|778079093093
260|C|869|19971|1|1|0|0|958908827327
261|C|853|17543|1|1|0|0|995070028028
262|C|884|22881|1|1|1|1|942898238238
263|C|863|19005|1|1|0|0|957659772272
264|C|778|10520|1|1|0|0|731886630130
265|C|828|14498|1|1|0|0|918003219219
266|C|889|24167|1|1|0|0|969572725225
267|C|798|11923|1|1|1|1|689293703203
268|C|802|12185|0|0|1|1|694657418418
269|C|828|14490|1|1|0|0|917946327327
270|C|892|24910|1|1|0|0|951386646146
271|C|860|18458|1|1|0|0|962255413413
272|C|783|10856|1|1|1|1|725906909409
273|C|820|13710|0|1|0|0|933201475475
274|C|862|18881|1|1|1|1|959619436436
275|C|887|23683|1|1|0|0|942489824324
276|C|780|10667|1|1|1|1|732449792292
277|C|855|17823|1|1|0|0|994645862362
278|C|878|21614|1|1|0|0|1065821872372
279|C|887|23576|1|1|1|1|943344556056
280|C|826|14265|0|1|1|1|922133214214
281|C|881|22385|1|1|0|0|951914700200
282|C|746|8812|0|0|0|0|682031672172
283|C|793|11536|1|1|1|1|688608846346
284|C|884|23083|1|1|1|1|942610544044
285|C|854|17571|1|1|1|1|997923721221
286|C|882|22487|1|1|1|1|954133020020
287|C|864|19171|1|1|1|1|956545129129
288|C|881|22413|1|1|0|0|952176523023
289|C|872|20572|1|1|0|0|951711591091
290|C|873|20648|1|1|1|1|1061408933433
291|C|847|16715|1|1|0|0|995639512012
292|C|831|14838|1|1|1|1|966114737237
293|C|848|16774|1|1|0|0|1000850843343
294|C|733|8264|0|1|1|1|792039053053
295|C|740|8562|0|1|0|0|682976293293
296|C|806|12465|1|1|1|1|920384882382
297|C|734|8311|0|0|1|1|791967365365
298|C|873|20730|1|1|1|1|1063146141141
299|C|758|9446|1|1|0|0|671384135135
300|C|890|24314|1|1|0|0|943728714214
301|C|869|19968|1|1|1|1|958404892392
302|C|884|22972|1|1|0|0|941654382382
303|C|774|10298|1|1|0|0|730049747247
304|C|876|21240|1|1|0|0|1068200148148
305|C|839|15738|1|1|1|1|983138698198
306|C|877|21532|1|1|1|1|1065554217217
307|C|870|20117|1|1|1|1|953919015015
308|C|859|18304|1|1|1|1|959555485485
309|C|851|17228|1|1|1|1|1003834866366
310|C|883|22845|1|1|0|0|954141419419
311|C|788|11204|0|1|0|0|685206261261
312|C|843|16194|0|1|1|1|988050137137
313|C|803|12305|1|1|0|0|694557846346
314|C|869|20061|1|1|0|0|959651345345
315|C|872|20439|1|1|1|1|953438325325
316|C|891|24713|1|1|0|0|949983213213
317|C|753|9180|1|1|1|1|702846160160
318|C|730|8139|0|0|1|1|804340164164
319|C|779|10630|1|1|1|1|733928528028
320|C|707|7262|0|1|1|1|702222489489
321|C|781|10734|1|1|1|1|726919784284
322|C|872|20501|1|1|1|1|953148030030
323|C|884|23044|1|1|0|0|942315297297
324|C|872|20614|1|1|0|0|952094740240
325|C|860|18581|1|1|1|1|963322615115
326|C|761|9593|1|1|0|0|677705545045
327|C|874|20941|1|1|1|1|1064047839339
328|C|883|22777|1|1|0|0|953464761261
329|C|753|9170|0|1|1|1|702689268268
330|C|855|17750|1|1|1|1|994257059059
331|C|774|10280|1|1|0|0|733816647147
332|C|836|15295|1|1|1|1|965332176176
333|C|889|24101|1|1|0|0|970149056056
334|C|854|17667|1|1|1|1|995000440440
335|C|878|21777|1|1|1|1|1069314051051
336|C|731|8194|0|1|1|1|803822161161
337|C|850|17099|1|1|1|1|1005598449449
338|C|810|12873|1|1|1|1|927852424424
339|C|873|20809|1|1|0|0|1063866350350
340|C|771|10122|1|1|1|1|679320725225
341|C|812|12961|1|1|1|1|930135831331
342|C|836|15364|0|1|0|0|968058054054
343|C|773|10235|0|1|0|0|730476814314
344|C|725|7925|0|0|0|0|795022255255
345|C|758|9428|0|1|0|0|671487301301
346|C|892|24876|1|1|0|0|951175602102
347|C|795|11684|1|1|1|1|687932020020
348|C|876|21210|1|1|0|0|1068442256256
349|C|740|8555|1|1|1|1|683045031031
350|C|856|17909|1|1|1|1|986595282282
351|C|787|11140|1|1|1|1|687823384384
352|C|870|20166|1|1|0|0|953977858358
353|C|879|21903|1|1|0|0|1067324186186
354|C|882|22544|1|1|0|0|952507784284
355|C|879|21861|1|1|0|0|1066431176176
356|C|791|11407|1|1|0|0|689484721221
357|C|879|21970|1|1|1|1|945860614114
358|C|879|21911|1|1|0|0|1067414335335
359|C|743|8712|1|1|1|1|680179148148
360|C|862|18768|1|1|0|0|958594434434
361|C|860|18535|1|1|1|1|962697547047
362|C|873|20643|1|1|0|0|1061326629129
363|C|886|23473|1|1|1|1|941221967467
364|C|886|23364|1|1|0|0|940061334334
365|C|873|20776|1|1|1|1|1062480776276
366|C|870|20199|1|1|1|1|953623560060
367|C|884|22984|1|1|0|0|941816813313
368|C|803|12296|1|1|1|1|694512249249
369|C|874|20930|1|1|0|0|1063949729229
370|C|873|20799|1|1|0|0|1063841949449
371|C|816|13328|1|1|0|0|938018045045
372|C|779|10630|0|1|1|1|733927421421
373|C|736|8399|1|1|1|1|793335331331
374|C|762|9653|0|1|1|1|674011548048
375|C|798|11867|1|1|1|1|703409275275
376|C|888|23862|1|1|0|0|971043440440
377|C|889|24158|1|1|1|1|969625180180
378|C|882|22438|1|1|0|0|953663744244
379|C|756|9321|0|1|1|1|672568225225
380|C|777|10456|1|1|1|1|736611615115
381|C|828|14456|0|1|0|0|917664727227
382|C|847|16640|1|1|1|1|996527599099
383|C|767|9910|1|1|1|1|685515596096
384|C|876|21278|1|1|0|0|1066772628128
385|C|823|14023|1|1|0|0|916801298298
386|C|886|23409|1|1|1|1|939714308308
387|C|886|23343|1|1|1|1|940253591091
388|C|855|17797|1|1|0|0|994948097097
389|C|814|13186|1|1|0|0|934454689189
390|C|866|19446|1|1|0|0|960278540040
391|C|887|23644|1|1|1|1|942684380380
392|C|886|23407|1|1|1|1|939666994494
393|C|753|9167|1|1|0|0|702696236236
394|C|878|21669|1|1|1|1|1066177604104
395|C|882|22599|1|1|1|1|953046507007
396|C|850|17077|1|1|1|1|1006447162162
397|C|838|15531|1|1|1|1|965494281281
398|C|887|23666|1|1|1|1|942616615115
399|C|749|8980|1|1|1|1|676182710210
400|C|857|18077|1|1|0|0|989325635135
401|C|761|9581|1|1|0|0|677819228228
402|C|885|23093|1|1|0|0|945912457457
403|C|762|9648|1|1|0|0|674092835335
404|C|747|8888|1|1|1|1|676993581081
405|C|847|16634|1|1|1|1|996477526026
406|C|833|14992|1|1|1|1|966112425425
407|C|830|14667|1|1|1|1|964525115115
408|C|819|13597|1|1|0|0|935266889389
409|C|885|23151|1|1|0|0|946428592092
410|C|878|21792|1|1|0|0|1069433708208
411|C|862|18814|1|1|0|0|959123471471
412|C|745|8778|0|1|1|1|682289519019
413|C|847|16671|1|1|0|0|996288134134
414|C|792|11443|1|1|1|1|695663970470
415|C|840|15779|1|1|1|1|984617745245
416|C|774|10294|0|1|0|0|730016610110
417|C|879|21840|1|1|1|1|1066753522022
418|C|888|23790|1|1|0|0|971970598098
419|C|792|11435|1|1|1|1|695590077077
420|C|782|10811|1|1|1|1|729147582082
421|C|837|15472|1|1|1|1|966121844344
422|C|877|21422|1|1|1|1|1072867405405
423|C|756|9328|1|1|0|0|672501861361
424|C|739|8502|1|1|1|1|682234785285
425|C|845|16469|1|1|0|0|995910376376
426|C|838|15621|0|1|1|1|964296700200
427|C|830|14653|0|1|1|1|964379895395
428|C|700|7021|1|1|1|1|711857688188
429|C|847|16637|1|1|0|0|996500518018
430|C|881|22316|1|1|1|1|951561633133
431|C|750|9012|0|1|0|0|676977563063
432|C|791|11367|1|1|0|0|689046205205
433|C|799|11973|1|1|0|0|689151562062
434|C|841|15946|1|1|1|1|983054053053
435|C|855|17734|1|1|1|1|994409592092
436|C|789|11278|0|1|1|1|690755939439
437|C|862|18786|1|1|0|0|958888385385
438|C|821|13766|0|1|1|1|929612997497
439|C|889|24194|1|1|1|1|969321522022
440|C|843|16113|1|1|0|0|988744113113
441|C|788|11151|0|1|1|1|686722803303
442|C|869|20000|1|1|1|1|960205801301
443|C|881|22332|1|1|1|1|951448470470
444|C|794|11602|0|1|0|0|688637242242
445|C|722|7798|0|0|0|0|793444485485
446|C|889|24140|1|1|1|1|969857161161
447|C|750|9037|0|1|1|1|675633555055
448|C|849|16889|1|1|0|0|1000751979479
449|C|889|24099|1|1|0|0|970136188188
450|C|880|22013|1|1|1|1|947508310310
451|C|886|23426|1|1|0|0|939564751251
452|C|877|21467|1|1|0|0|1073248499499
453|C|891|24728|1|1|1|1|949871018018
454|C|864|19108|1|1|0|0|957149882382
455|C|817|13428|1|1|1|1|938106154154
456|C|890|24281|1|1|1|1|944495054054
457|C|871|20397|1|1|0|0|953001562062
458|C|822|13912|1|1|0|0|929371668168
459|C|792|11428|0|1|0|0|695525053053
460|C|764|9736|1|1|0|0|685418112112
461|C|833|15004|1|1|1|1|965897328328
462|C|853|17518|1|1|1|1|994261021021
463|C|878|21644|1|1|0|0|1065550843343
464|C|864|19155|1|1|1|1|956719384384
465|C|861|18651|1|1|0|0|962759376376
466|C|800|12059|1|1|1|1|691488454454
467|C|877|21551|1|1|0|0|1066185634134
468|C|779|10622|0|1|1|1|732013853353
469|C|880|22032|1|1|0|0|947860251251
470|C|884|23012|1|1|0|0|942076886386
471|C|804|12344|0|1|0|0|690779173173
472|C|864|19210|1|1|0|0|972961144144
473|C|808|12678|0|1|0|0|918946095095
474|C|791|11408|1|1|1|1|689491427427
475|C|848|16812|1|1|0|0|1002088789289
476|C|871|20407|1|1|0|0|952307513013
477|C|885|23190|1|1|1|1|946788556056
478|C|877|21437|1|1|0|0|1073526813313
479|C|873|20789|1|1|0|0|1062604738238
480|C|868|19728|1|1|0|0|964076684184
481|C|702|7101|0|1|1|1|708163581081
482|C|886|23548|1|1|0|0|942569756256
483|C|881|22397|1|1|0|0|951900822322
484|C|884|23002|1|1|0|0|941910064064
485|C|825|14230|1|1|1|1|920968128128
486|C|853|17425|1|1|0|0|995111613113
487|C|874|20889|1|1|1|1|1064617567067
488|C|811|12911|1|1|0|0|928607217217
489|C|862|18850|0|1|0|0|959340573073
490|C|843|16155|1|1|0|0|988472895395
491|C|746|8815|1|1|1|1|681907939439
492|C|769|9994|1|1|1|1|681672359359
493|C|732|8206|0|0|0|0|803060215215
494|C|771|10117|0|1|0|0|679228195195
495|C|771|10108|1|1|1|1|678686872372
496|C|835|15286|1|1|1|1|966352649149
497|C|718|7653|1|1|1|1|786719741241
498|C|724|7879|0|1|1|1|795375066066
499|C|871|20322|1|1|1|1|955723048048
500|C|837|15493|1|1|0|0|966436539039
501|C|849|16880|1|1|1|1|1000443416416
502|C|889|24105|1|1|0|0|970075129129
503|C|884|23033|1|1|1|1|942147245245
504|C|842|16100|1|1|0|0|987885878378
505|C|851|17170|1|1|1|1|1004369070070
506|C|871|20338|1|1|1|1|955634307307
507|C|870|20203|1|1|1|1|953656735235
508|C|837|15498|1|1|1|1|966421243243
509|C|817|13468|1|1|1|1|938474960460
510|C|728|8034|1|1|0|0|788575226226
511|C|754|9243|1|1|1|1|704590719219
512|C|887|23580|1|1|1|1|943399813313
513|C|890|24296|1|1|0|0|944089393393
514|C|834|15149|1|1|1|1|972878976476
515|C|886|23334|1|1|0|0|940341167167
516|C|752|9123|0|1|1|1|674218020020
517|C|776|10447|0|1|1|1|737566251251
518|C|880|22170|1|1|0|0|945022746246
519|C|874|20846|1|1|0|0|1065269431431
520|C|767|9893|0|0|0|0|685675133133
521|C|850|17082|1|1|0|0|1006471057057
522|C|886|23376|1|1|0|0|940021588088
523|C|885|23094|1|1|1|1|945901914414
524|C|854|17673|1|1|1|1|994922094094
525|C|796|11770|1|1|0|0|689819447447
526|C|878|21784|1|1|0|0|1069509176176
527|C|862|18741|1|1|1|1|958472691191
528|C|814|13132|1|1|0|0|933896922422
529|C|723|7838|1|1|1|1|793840742242
530|C|754|9234|0|1|0|0|704482376376
531|C|769|10028|0|1|1|1|682252846346
532|C|846|16519|0|1|1|1|996433902402
533|C|768|9977|0|1|1|1|682779795295
534|C|804|12337|0|1|1|1|693307038038
535|C|828|14529|1|1|1|1|917001637137
536|C|747|8876|0|1|1|1|677174345345
537|C|868|19830|1|1|0|0|962893755255
538|C|700|7009|0|1|1|1|711733962462
539|C|714|7493|0|0|1|1|781692579079
540|C|828|14449|1|1|1|1|918356872372
541|C|743|8716|0|1|1|1|680349654154
542|C|740|8542|0|1|0|0|683133278278
543|C|768|9979|1|1|1|1|682867721221
544|C|855|17762|1|1|1|1|994114709209
545|C|886|23377|1|1|1|1|939920709209
546|C|828|14455|1|1|1|1|918420418418
547|C|861|18674|1|1|1|1|963066714214
548|C|850|17047|1|1|1|1|1006146626126
549|C|849|16968|1|1|1|1|1004357256256
550|C|830|14677|1|1|1|1|964585752252
551|C|859|18348|1|1|1|1|960227656156
552|C|885|23162|1|1|1|1|946558903403
553|C|784|10907|0|1|1|1|726502415415
554|C|806|12474|0|1|0|0|920147732232
555|C|759|9471|1|1|0|0|672342968468
556|C|876|21341|1|1|1|1|1067119464464
557|C|859|18306|1|1|1|1|959450642142
558|C|871|20271|1|1|0|0|956042959459
559|C|864|19178|1|1|0|0|956486369369
560|C|881|22330|1|1|1|1|951438771271
561|C|700|7027|0|1|1|1|711888595095
562|C|813|13072|1|1|1|1|928214857357
563|C|852|17292|1|1|0|0|1002299633133
564|C|780|10665|1|1|1|1|732488176176
565|C|784|10926|1|1|0|0|725837195195
566|C|889|24210|1|1|1|1|968924945445
567|C|844|16333|0|1|1|1|983624629129
568|C|833|15043|1|1|0|0|966583619119
569|C|844|16254|0|1|0|0|984480851351
570|C|719|7703|0|0|0|0|787339075075
571|C|872|20561|1|1|1|1|952575557057
572|C|739|8510|0|1|1|1|682329213213
573|C|842|16042|1|1|0|0|988391501001
574|C|850|17109|0|1|1|1|1005700428428
575|C|804|12383|1|1|1|1|690590437437
576|C|891|24627|1|1|0|0|946077433433
577|C|745|8770|0|0|1|1|682392724224
578|C|886|23503|1|1|1|1|940955060060
579|C|856|17899|1|1|1|1|986696029029
580|C|707|7246|0|1|1|1|701838053053
581|C|856|17836|0|1|0|0|985963379379
582|C|796|11714|1|1|0|0|689598366366
583|C|700|7006|0|1|0|0|711825661161
584|C|763|9669|0|1|0|0|674494001001
585|C|793|11502|1|1|1|1|688813452452
586|C|776|10432|1|1|0|0|737427438438
587|C|764|9744|1|1|0|0|685618529029
588|C|795|11638|0|1|1|1|692059317317
589|C|829|14616|1|1|1|1|915907044044
590|C|830|14743|1|1|1|1|963161632132
591|C|877|21422|1|1|1|1|1072880838338
592|C|856|17845|1|1|1|1|986142720220
593|C|859|18405|1|1|0|0|958654758258
594|C|801|12093|1|1|0|0|690169397397
595|C|891|24540|1|1|1|1|946872988488
596|C|882|22435|1|1|1|1|953628786286
597|C|788|11218|1|1|0|0|685052231231
598|C|720|7752|0|1|0|0|785871066066
599|C|850|17037|1|1|1|1|1006315271271
600|C|733|8248|0|1|1|1|791815743243
601|C|869|20055|1|1|0|0|960256960460
602|C|755|9278|1|1|1|1|672345391391
603|C|866|19530|1|1|0|0|959452115115
604|C|837|15495|1|1|0|0|966421187187
605|C|743|8709|0|1|0|0|680163854354
606|C|853|17462|1|1|1|1|995848141141
607|C|801|12130|0|1|1|1|689732242242
608|C|755|9266|0|1|1|1|672219657157
609|C|866|19433|1|1|1|1|960399489489
610|C|749|8977|1|1|0|0|676101761261
611|C|891|24734|1|1|1|1|949799324324
612|C|882|22544|1|1|0|0|952532298298
613|C|847|16681|1|1|0|0|996402190190
614|C|782|10804|1|1|0|0|729060624124
615|C|836|15314|0|1|0|0|968099717217
616|C|864|19135|1|1|1|1|956876432432
617|C|787|11108|0|1|1|1|687583534034
618|C|799|11930|1|1|1|1|689560123123
619|C|878|21611|1|1|1|1|1065668727227
620|C|775|10340|1|1|1|1|731255713213
621|C|859|18386|0|1|1|1|960320210210
622|C|859|18386|1|1|1|1|960320179179
623|C|781|10704|0|1|1|1|727177878378
624|C|858|18193|1|1|1|1|987174470470
625|C|756|9331|1|1|1|1|672504955455
626|C|824|14133|0|1|1|1|916971486486
627|C|819|13601|0|1|0|0|933290348348
628|C|878|21781|1|1|1|1|1069327742242
629|C|849|16927|0|1|0|0|1004047152152
630|C|783|10873|1|1|0|0|727287743243
631|C|713|7454|1|1|1|1|778857378378
632|C|811|12883|1|1|0|0|928868801301
633|C|883|22711|1|1|0|0|952770262262
634|C|719|7703|1|1|0|0|787340931431
635|C|860|18528|1|1|0|0|962651377377
636|C|757|9360|1|1|1|1|671102107107
637|C|861|18611|1|1|0|0|964445820320
638|C|751|9094|0|1|1|1|674915551051
639|C|888|24005|1|1|1|1|969709617117
640|C|881|22247|1|1|0|0|950641403403
641|C|879|21918|1|1|1|1|1066933954454
642|C|870|20130|1|1|0|0|953752764264
643|C|748|8906|1|1|0|0|676015721221
644|C|751|9060|1|1|1|1|674735889389
645|C|825|14187|1|1|0|0|921609400400
646|C|886|23405|1|1|1|1|939661088088
647|C|832|14876|0|1|0|0|968215609109
648|C|745|8804|0|0|1|1|683092707207
649|C|874|20980|1|1|0|0|1063385033033
650|C|870|20207|1|1|1|1|953558956456
651|C|880|22156|1|1|0|0|946709157157
652|C|781|10723|1|1|0|0|726665243243
653|C|740|8574|0|1|0|0|682343151151
654|C|860|18516|1|1|0|0|962745542042
655|C|797|11821|1|1|0|0|703994174174
656|C|867|19567|1|1|0|0|958303537037
657|C|725|7918|1|1|1|1|794970848348
658|C|856|17904|0|1|0|0|986647846346
659|C|865|19244|1|1|1|1|956881550050
660|C|810|12802|0|1|0|0|927440802302
661|C|893|25057|1|1|0|0|948841316316
662|C|880|22192|1|1|0|0|944808698198
663|C|853|17464|1|1|1|1|995798582082
664|C|872|20486|1|1|0|0|953004864364
665|C|835|15194|0|1|1|1|965349886386
666|C|884|22865|1|1|1|1|942796962462
667|C|814|13141|1|1|1|1|933957495495
668|C|802|12228|1|1|0|0|696114274274
669|C|838|15523|1|1|1|1|965723353353
670|C|891|24747|1|1|0|0|949174107107
671|C|886|23453|1|1|1|1|941408731231
672|C|862|18845|1|1|1|1|959438722222
673|C|850|17114|1|1|0|0|1006003961461
674|C|878|21743|1|1|1|1|1068582652152
675|C|879|21869|1|1|0|0|1066479432432
676|C|805|12449|1|1|0|0|691275691191
677|C|875|21121|1|1|0|0|1068111138138
678|C|837|15418|1|1|1|1|965560805305
679|C|776|10412|1|1|0|0|737238017017
680|C|771|10151|0|0|0|0|679056505005
681|C|853|17435|1|1|0|0|996064384384
682|C|875|21101|1|1|0|0|1068325743243
683|C|869|19943|1|1|0|0|958656562062
684|C|858|18269|1|1|1|1|987343650150
685|C|891|24563|1|1|0|0|947184586086
686|C|825|711|0|0|0|0|827282961461
687|C|716|379|0|0|1|1|714608797297
688|C|812|649|0|0|1|1|809279820320
689|C|701|352|0|0|1|1|704211736236
690|C|704|358|0|0|0|0|700730334334
691|C|805|622|0|0|1|1|799807954454
692|C|885|1161|0|0|0|0|878890187187
693|C|790|566|0|0|0|0|794367673173
694|C|873|10398|0|0|1|1|833060129129
695|C|928|19528|0|0|0|0|1040077321321
696|C|881|11113|0|0|0|0|848340803303
697|C|771|5062|0|0|1|1|791681726226
698|C|886|11763|0|0|1|1|849475948448
699|C|911|15544|0|0|1|1|1053621128128
700|C|873|10367|0|0|0|0|832776855355
701|C|759|4746|0|0|1|1|799384118118
702|C|845|8193|0|0|0|0|908509693193
703|C|754|4613|0|0|1|1|779394895395
704|C|791|5706|0|0|1|1|742065205205
705|C|756|4657|0|0|1|1|797177051051
706|C|830|7345|0|0|1|1|897378332332
707|C|889|12117|0|0|0|0|845005198198
708|C|790|5670|0|0|0|0|739233134134
709|C|863|18898|0|0|1|1|958788918418
710|C|974|114971|0|0|1|1|82825432432
711|C|874|20854|0|0|0|0|1065333559059
712|C|982|164110|0|0|0|0|1665775338338
713|C|975|121120|0|0|1|1|2015598714214
714|C|987|227888|0|0|1|1|1182238375375
715|C|912|31140|0|0|0|0|659838533033
716|C|984|193857|0|0|1|1|1352677092092
717|C|896|25989|0|0|1|1|995191659159
718|C|980|154395|0|0|1|1|1847095622122
719|C|986|212559|0|0|1|1|1317289655155
720|C|981|158034|0|0|1|1|1813491391391
721|C|904|28541|0|0|1|1|981304239239
722|C|973|109196|0|0|1|1|38241769269
723|C|848|16862|0|0|0|0|1001637677177
724|C|969|96626|0|0|1|1|219715079079
725|C|984|189154|0|0|0|0|1574089459459
726|C|975|119869|0|0|0|0|2073190591091
727|C|911|30963|0|0|0|0|648270444444
728|C|978|139566|0|0|0|0|1981690638138
729|C|934|43068|0|0|0|0|539344533033
730|C|973|108132|0|0|1|1|47878305305
731|C|981|155049|0|0|0|0|1857393570070
732|C|970|100247|0|0|1|1|252003602102
733|C|926|37966|0|0|0|0|603077961461
734|C|971|102467|0|0|0|0|32173387387
735|C|913|31631|0|0|0|0|656917594094
736|C|981|160420|0|0|1|1|1841665535035
737|C|985|208008|0|0|1|1|1265729588088
738|C|985|203932|0|0|1|1|1430052149149
739|C|820|685|0|0|1|1|817860377377
740|C|716|380|0|0|0|0|714620504004
741|C|807|631|0|0|0|0|809624038038
742|C|701|353|0|0|0|0|704201845345
743|C|804|618|0|0|0|0|800769253253
744|C|879|1098|0|0|1|1|889021029029
745|C|782|539|0|0|1|1|785859925425
746|C|878|10836|0|0|0|0|834152828328
747|C|928|19405|0|0|1|1|1036817261261
748|C|879|10986|0|0|1|1|845606377377
749|C|770|5025|0|0|1|1|794461677177
750|C|887|11868|0|0|1|1|849575255255
751|C|912|15654|0|0|0|0|1054056017017
752|C|873|10323|0|0|0|0|833483363363
753|C|760|4754|0|0|0|0|802508023023
754|C|845|8212|0|0|1|1|908075145145
755|C|763|4832|0|0|1|1|803122140140
756|C|782|5397|0|0|1|1|745511838338
757|C|748|4464|0|0|0|0|786745071071
758|C|827|7195|0|0|0|0|849621619119
759|C|890|12197|0|0|1|1|866633023023
760|C|788|5603|0|0|1|1|770124476476
761|C|862|18892|0|0|0|0|959736221221
762|C|974|114973|0|0|1|1|82813396396
763|C|874|20847|0|0|1|1|1065256563063
764|C|982|164111|0|0|1|1|1665761326326
765|C|975|121150|0|0|1|1|2019543006006
766|C|987|227885|0|0|0|0|1182210155155
767|C|912|31156|0|0|0|0|659954097097
768|C|984|193851|0|0|1|1|1352865344344
769|C|896|26050|0|0|0|0|995677743243
770|C|980|154395|0|0|1|1|1847097994494
771|C|986|212558|0|0|0|0|1317294211211
772|C|981|158014|0|0|1|1|1813311891391
773|C|904|28565|0|0|1|1|981345723223
774|C|973|109186|0|0|1|1|38348461461
775|C|848|16860|0|0|0|0|1001620873373
776|C|969|96613|0|0|0|0|219590235235
777|C|984|189125|0|0|1|1|1574349479479
778|C|975|119878|0|0|1|1|2072882699199
779|C|911|30941|0|0|0|0|648061760260
780|C|978|139562|0|0|0|0|1981793522022
781|C|934|43085|0|0|1|1|540743961461
782|C|973|108158|0|0|1|1|47788613113
783|C|981|155039|0|0|0|0|1857228614114
784|C|970|100237|0|0|1|1|251914966466
785|C|926|37948|0|0|0|0|602978293293
786|C|971|102464|0|0|1|1|32144655155
787|C|913|31648|0|0|1|1|656679102102
788|C|981|160415|0|0|0|0|1841612539039
789|C|985|208006|0|0|1|1|1266044752252
790|C|985|203936|0|0|1|1|1430236001001
791|C|869|10026|1|1|1|1|917535702202
792|C|756|4671|1|1|1|1|797044764264
793|C|935|21679|1|0|0|0|1012924954454
794|C|928|19472|1|0|0|0|1039535942442
795|C|710|3690|1|1|0|0|676659943443
796|C|857|9020|1|1|1|1|939154575075
797|C|858|9071|1|1|1|1|936535717217
798|C|948|27397|1|1|1|1|914029446446
799|C|740|8568|1|1|0|0|682904621121
800|C|741|8624|0|0|1|1|681432975475
801|C|722|7828|0|1|0|0|792758505005
802|C|726|7977|1|1|1|1|790195844344
803|C|751|9087|0|1|0|0|674976664164
804|C|823|14025|1|1|0|0|916836513013
805|C|778|10567|0|1|1|1|731428365365
806|C|782|10789|1|1|1|1|729454344344
807|C|812|12963|1|1|1|1|930172853353
808|C|823|14003|1|1|0|0|916898997497
809|C|800|12073|1|1|1|1|691344655155
810|C|717|7635|1|1|0|0|781317305305
811|C|818|13527|1|1|1|1|933503563063
812|C|815|13296|1|1|1|1|936784793293
813|C|790|11319|1|1|1|1|690408409409
814|C|817|13480|0|1|1|1|938307713213
815|C|801|12138|1|1|1|1|689786466466
816|C|812|12981|1|1|1|1|931121644144
817|C|765|9768|1|1|1|1|684640536036
818|C|715|7558|0|0|1|1|784091455455
819|C|728|8032|1|1|0|0|788567205205
820|C|827|14344|1|1|1|1|915616765265
821|C|772|10186|1|1|0|0|730956055055
822|C|727|8015|0|1|0|0|792164455455
823|C|753|9169|1|1|0|0|702697442442
824|C|749|8956|1|1|1|1|675366255255
825|C|824|14125|1|1|1|1|916754615115
826|C|796|11742|1|1|0|0|689856770270
827|C|802|12205|1|1|1|1|694227259259
828|C|817|13415|1|1|0|0|937711743243
829|C|792|11460|1|1|0|0|695208523023
830|C|814|13149|1|1|1|1|934664432432
831|C|730|8119|1|1|1|1|804409543043
832|C|777|10503|0|1|0|0|737078131131
833|C|746|8818|0|1|0|0|681956817317
834|C|830|14708|1|1|0|0|963896356356
835|C|822|13880|1|1|0|0|929677695195
836|C|827|14407|1|1|0|0|917134245245
837|C|798|11904|1|1|0|0|689067393393
838|C|733|8265|0|0|0|0|792060981481
839|C|828|14463|1|1|1|1|917716229229
840|C|793|11533|1|1|0|0|688582091091
841|C|789|11255|1|1|0|0|689995968468
842|C|722|7826|1|1|0|0|793723952452
843|C|781|10702|1|1|1|1|727134114114
844|C|786|11082|1|1|0|0|685159410410
845|C|832|14891|1|1|1|1|968084187187
846|C|778|10573|1|1|1|1|731342356356
847|C|776|10435|1|1|1|1|737521665165
848|C|718|7676|0|0|0|0|788099578078
849|C|807|12547|1|1|0|0|918897778278
850|C|810|12844|0|1|0|0|927045680180
851|C|811|12920|0|1|1|1|927363084084
852|C|832|14924|1|1|0|0|968796876376
853|C|753|9187|0|1|0|0|703058128128
854|C|754|9220|0|1|0|0|704356700200
855|C|802|12182|0|1|0|0|694442751251
856|C|772|10185|0|1|1|1|730970428428
857|C|767|9926|1|1|1|1|685385834334
858|C|774|10326|1|1|0|0|730332132132
859|C|825|14226|1|1|1|1|921385182182
860|C|830|14723|1|1|1|1|964022934434
861|C|739|8513|1|1|0|0|682352370370
862|C|772|10209|1|1|1|1|731304630130
863|C|769|9992|1|1|1|1|681665794294
864|C|773|10254|0|1|1|1|730384703203
865|C|719|7702|0|0|1|1|787289602102
866|C|827|14378|1|1|1|1|915818463463
867|C|764|9741|0|1|1|1|685389553053
868|C|767|9931|1|1|0|0|685347817317
869|C|829|14582|1|1|1|1|915425884384
870|C|804|12347|1|1|1|1|690795006006
871|C|804|12328|1|1|0|0|693267157157
872|C|803|12282|1|1|1|1|694884673173
873|C|831|14764|1|1|1|1|966480874374
874|C|773|10268|1|1|1|1|730781241241
875|C|741|8589|1|1|0|0|681064418418
876|C|784|10926|1|1|0|0|725830644144
877|C|774|10288|1|1|0|0|729957409409
878|C|832|14953|1|1|1|1|968527882382
879|C|813|13060|1|1|1|1|928093142142
880|C|803|12292|0|1|1|1|694533593093
881|C|822|13929|0|1|1|1|929098261261
882|C|826|14282|1|1|0|0|921966224224
883|C|818|13519|1|1|1|1|933563219219
884|C|813|13093|1|1|0|0|928789491491
885|C|794|11612|1|1|0|0|688533829329
886|C|788|11193|1|1|1|1|686338670170
887|C|749|8979|0|1|0|0|676168806306
888|C|759|9452|1|1|1|1|672560141141
889|C|711|7383|1|1|0|0|778623450450
890|C|815|13253|1|1|0|0|934020531031
891|C|810|12808|1|1|0|0|927367899399
892|C|733|8263|1|1|0|0|791946555055
893|C|816|13331|0|1|1|1|938070203203
894|C|830|14679|1|1|1|1|964689680180
895|C|830|14680|1|1|0|0|964678427427
896|C|804|12322|1|1|0|0|693187676176
897|C|727|8009|1|1|0|0|791945282282
898|C|795|11654|1|1|1|1|691868095095
899|C|801|12132|1|1|1|1|689739550050
900|C|782|10782|0|1|0|0|729392902402
901|C|787|11142|0|1|1|1|686872050050
902|C|779|10616|0|0|1|1|731949467467
903|C|811|12890|1|1|1|1|928665320320
904|C|824|14073|0|1|1|1|917456840340
905|C|730|8126|1|1|0|0|804478153153
906|C|778|10568|0|1|0|0|731422440440
907|C|782|10777|0|1|1|1|729347431431
908|C|815|13277|1|1|0|0|936470465465
909|C|785|11013|0|1|0|0|684702296296
910|C|736|8397|1|1|1|1|793337194194
911|C|777|10483|1|1|0|0|736867586086
912|C|763|9698|1|1|1|1|674746225225
913|C|813|13078|0|1|1|1|928128216216
914|C|823|14044|1|1|1|1|916469355355
915|C|828|14457|1|1|1|1|917639009009
916|C|753|9191|0|1|0|0|703026711211
917|C|818|13508|1|1|0|0|933397629129
918|C|734|8303|0|1|1|1|792009112112
919|C|833|15006|0|1|1|1|965999642142
920|C|809|12710|1|1|1|1|919313603103
921|C|817|13476|1|1|1|1|938266164164
922|C|784|10912|1|1|0|0|726488470470
923|C|732|8227|1|1|1|1|803143385385
924|C|826|14248|1|1|0|0|921783818318
925|C|821|13782|0|1|1|1|929455692192
926|C|773|10272|1|1|1|1|730685293293
927|C|809|12768|0|1|1|1|918790394394
928|C|736|8399|0|1|1|1|793316200200
929|C|820|13706|1|1|0|0|933184659159
930|C|820|13759|1|1|1|1|929445930430
931|C|732|8210|1|1|0|0|802980377377
932|C|806|12492|1|1|0|0|920649230230
933|C|732|8229|1|1|1|1|790702423423
934|C|706|7210|1|1|0|0|702893228228
935|C|794|11608|1|1|0|0|688568503003
936|C|752|9101|1|1|1|1|673747056056
937|C|725|7947|0|0|0|0|795763840340
938|C|759|9483|0|1|0|0|672319355355
939|C|801|12150|0|1|1|1|689639302302
940|C|779|10592|0|1|1|1|732289333333
941|C|824|14121|0|1|1|1|916722627127
942|C|822|13922|1|1|0|0|929298816316
943|C|825|14165|1|1|0|0|915649890390
944|C|822|13906|0|1|0|0|929413698198
945|C|773|10234|0|0|1|1|730566352352
946|C|747|8866|1|1|1|1|677344703203
947|C|797|11820|1|1|1|1|704102682182
948|C|794|11623|0|1|1|1|688427754254
949|C|707|7256|0|1|1|1|701792162162
950|C|757|9358|1|1|1|1|671138501001
951|C|773|10267|0|1|0|0|730783918418
952|C|748|8936|0|0|0|0|678871884384
953|C|723|7854|1|1|1|1|794033294294
954|C|809|12760|1|1|1|1|918716541041
955|C|744|8719|0|1|1|1|681322677177
956|C|802|12217|1|1|1|1|694380858358
957|C|764|9721|0|1|1|1|685299983483
958|C|740|8550|1|1|0|0|683072958458
959|C|821|13851|0|1|0|0|930915126126
960|C|807|12564|1|1|1|1|918991253253
961|C|740|8544|1|1|0|0|683128051051
962|C|790|11315|0|1|1|1|690375348348
963|C|760|9512|1|1|0|0|679416757257
964|C|762|9640|1|1|0|0|674165266266
965|C|830|14658|1|1|0|0|964490321321
966|C|768|9977|1|1|1|1|682774754254
967|C|799|11941|1|1|0|0|689459260260
968|C|788|11174|1|1|0|0|686490900400
969|C|820|13716|1|1|0|0|929053483483
970|C|830|14676|1|1|0|0|964590252252
971|C|761|9578|1|1|1|1|677807054054
972|C|740|8555|1|1|1|1|683028304304
973|C|820|13700|1|1|0|0|933132335335
974|C|751|9090|0|1|1|1|674999503003
975|C|700|7031|0|1|1|1|711010381381
976|C|761|9581|1|1|0|0|677836259259
977|C|834|15088|0|1|0|0|972366473473
978|C|820|13672|1|1|0|0|932843314314
979|C|794|11624|1|1|0|0|688419459459
980|C|811|12912|1|1|1|1|928596589089
981|C|818|13544|1|1|0|0|933861149149
982|C|786|11035|1|1|1|1|684722324324
983|C|760|9539|1|1|1|1|679172201201
984|C|726|7952|0|1|0|0|790427818318
985|C|757|9364|1|1|1|1|671195064064
986|C|794|11633|1|1|1|1|688865008008
987|C|812|12996|0|1|0|0|931002977477
988|C|751|9089|0|0|0|0|674988785285
989|C|802|12202|1|1|0|0|694261589089
990|C|813|13107|1|1|0|0|928920877377
991|C|758|9397|1|1|1|1|672005595095
992|C|816|13355|1|1|1|1|938387704204
993|C|762|9616|0|1|0|0|673784529029
994|C|705|7195|0|0|0|0|703227157157
995|C|703|7128|0|1|1|1|704678848348
996|C|825|14232|0|1|1|1|920928567067
997|C|808|12657|1|1|1|1|918909339339
998|C|832|14960|1|1|0|0|968474522022
999|C|786|552|1|1|0|0|781467791291
1000|C|775|517|1|1|0|0|779715317317
1001|C|796|588|1|1|0|0|790635843343
1002|C|791|568|1|1|1|1|795493139139
1003|C|774|514|1|1|0|0|778426455455
1004|C|738|423|1|1|1|1|734414170170
1005|C|756|466|1|1|0|0|760146783283
1006|C|781|538|1|1|1|1|784731205205
1007|C|789|561|1|1|0|0|793365974474
1008|C|786|552|1|1|0|0|781468262262
1009|C|749|449|1|1|0|0|748321264264
1010|C|766|493|1|1|1|1|770521292292
1011|C|783|544|1|1|1|1|786955136136
1012|C|781|538|1|1|1|1|784731931431
1013|C|807|629|1|1|0|0|809601574074
1014|C|814|658|1|1|0|0|819522288288
1015|C|810|643|1|1|1|1|807262879379
1016|C|729|404|1|1|1|1|726358819319
1017|C|749|448|1|1|1|1|748298016016
1018|C|869|999|1|1|0|0|859851201201
1019|C|769|501|1|1|0|0|764433822322
1020|C|785|549|1|1|0|0|780569295295
1021|C|782|541|1|1|1|1|785886321321
1022|C|808|635|1|1|1|1|812757106106
1023|C|736|420|1|1|0|0|736376097097
1024|C|803|613|1|1|0|0|797536273273
1025|C|810|640|1|1|0|0|807290849349
1026|C|742|433|1|1|1|1|738644564064
1027|C|745|440|1|1|1|1|744109030030
1028|C|758|471|1|1|1|1|762297462462
1029|C|811|646|1|1|1|1|806151626126
1030|C|736|420|1|1|0|0|736375418418
1031|C|784|547|1|1|1|1|787875681181
1032|C|743|435|1|1|0|0|745915525025
1033|C|812|649|1|1|1|1|809275147147
1034|C|774|516|1|1|0|0|778704068068
1035|C|741|431|1|1|0|0|739700242242
1036|C|729|404|1|1|1|1|726359391391
1037|C|738|424|1|1|0|0|734406005005
1038|C|776|521|1|1|1|1|772297778278
1039|C|793|578|1|1|1|1|789893610110
1040|C|798|593|1|1|1|1|801371762262
1041|C|770|503|1|1|1|1|765681377377
1042|C|800|602|1|1|0|0|804988606106
1043|C|805|623|1|1|0|0|799807562062
1044|C|802|608|1|1|0|0|798542474474
1045|C|787|556|1|1|1|1|782570578078
1046|C|745|439|1|1|0|0|744152377377
1047|C|777|525|1|1|0|0|773448298298
1048|C|801|605|1|1|0|0|803903539039
1049|C|809|639|1|1|0|0|811688596096
1050|C|793|578|1|1|1|1|789893917417
1051|C|802|609|1|1|1|1|798535291291
1052|C|823|702|1|1|1|1|829173841341
1053|C|823|702|1|1|1|1|829173942442
1054|C|823|702|1|1|1|1|829173911411
1055|C|823|702|1|1|1|1|829174004004
1056|C|823|702|1|1|1|1|829173973473
1057|C|823|702|1|1|1|1|829173962462
1058|C|823|702|1|1|1|1|829214507007
1059|C|823|702|1|1|1|1|829214472472
1060|C|823|702|1|1|1|1|829214569069
1061|C|823|702|1|1|1|1|829214542042
1062|C|823|702|1|1|1|1|829214639139
1063|C|823|702|1|1|1|1|829214604104
1064|C|823|702|1|1|1|1|829214701201
1065|C|823|702|1|1|1|1|829214658158
1066|C|823|702|1|1|1|1|829214243243
1067|C|823|702|1|1|1|1|829214208208
1068|C|823|702|1|1|1|1|829214305305
1069|C|823|702|1|1|1|1|829214278278
1070|C|823|702|1|1|1|1|829214375375
1071|C|823|702|1|1|1|1|829214340340
1072|C|823|702|1|1|1|1|829214437437
1073|C|823|702|1|1|1|1|829214426426
1074|C|823|702|1|1|1|1|829214011011
1075|C|823|702|1|1|1|1|829213976476
1076|C|823|702|1|1|1|1|829214073073
1077|C|823|702|1|1|1|1|829214046046
1078|C|823|702|1|1|1|1|829214143143
1079|C|823|702|1|1|1|1|829214108108
1080|C|823|702|1|1|1|1|829214205205
1081|C|823|702|1|1|1|1|829214162162
1082|C|823|702|1|1|1|1|829213747247
1083|C|823|702|1|1|1|1|829213712212
1084|C|823|702|1|1|1|1|829213809309
1085|C|823|702|1|1|1|1|829213782282
1086|C|823|702|1|1|1|1|829213879379
1087|C|823|702|1|1|1|1|829213844344
1088|C|823|702|1|1|1|1|829213941441
1089|C|823|702|1|1|1|1|829213930430
1090|C|823|702|1|1|1|1|829213899399
1091|C|823|702|1|1|1|1|829213480480
1092|C|734|414|0|0|0|0|730238838338
1093|C|786|551|0|0|1|1|781504517017
1094|C|853|877|0|0|0|0|850233277277
1095|C|707|362|0|0|1|1|705811680180
1096|C|729|404|0|0|1|1|726377619119
1097|C|823|702|0|0|1|1|829213666166
1098|C|823|702|0|0|1|1|829213635135
1099|C|823|702|0|0|1|1|829213216216
1100|C|823|702|0|0|1|1|829213185185
1101|C|823|702|0|0|1|1|829213286286
1102|B|755|464|0|0|1|1|759175531031
1103|B|774|515|0|0|1|1|778750091091
1104|B|759|474|0|0|1|1|763342053053
1105|B|755|464|0|0|1|1|759175638138
1106|B|747|445|0|0|0|0|750293527027
1107|B|712|372|0|0|0|0|709155253253
1108|B|718|382|0|0|0|0|721300886386
1109|B|744|437|0|0|1|1|744831819319
1110|B|753|459|0|0|0|0|748758321321
1111|B|826|717|0|0|1|1|828320095095
1112|B|772|510|0|0|0|0|776223988488
1113|B|775|517|0|0|0|0|779713834334
1114|B|776|520|0|0|0|0|772313918418
1115|B|737|421|0|0|0|0|735557598098
1116|B|817|670|0|0|1|1|820985767267
1117|B|780|533|0|0|1|1|775406559059
1118|B|710|368|0|0|0|0|711115824324
1119|B|770|504|0|0|0|0|765680455455
1120|B|767|496|0|0|1|1|770864029029
1121|B|741|431|0|0|0|0|739644664164
1122|B|707|362|0|0|1|1|705812391391
1123|B|802|611|0|0|1|1|798531219219
1124|B|722|390|0|0|0|0|725545978478
1125|B|756|467|0|0|1|1|760104687187
1126|B|798|594|0|0|0|0|801320880380
1127|B|718|382|0|0|0|0|721298371371
1128|B|777|523|0|0|0|0|773435275275
1129|B|813|653|0|0|0|0|808356744244
1130|B|809|636|0|0|1|1|811721165165
1131|B|794|581|0|0|1|1|788681219219
1132|B|820|685|0|0|1|1|817848176176
1133|B|802|609|0|0|1|1|798513165165
1134|B|742|432|0|0|0|0|738655200200
1135|B|874|10410|1|1|0|0|833174719219
1136|B|850|855|0|0|1|1|853360014014
1137|B|778|528|0|0|0|0|773209009009
1138|B|826|714|0|0|0|0|827899280280
1139|B|834|759|0|0|1|1|836702915415
1140|B|756|465|0|0|1|1|760102024024
1141|B|844|816|0|0|0|0|842841679179
1142|B|837|771|0|0|0|0|831053005005
1143|B|833|750|0|0|1|1|835654842342
1144|B|852|867|0|0|1|1|850487548048
1145|B|840|793|0|0|1|1|847178087087
1146|B|837|775|0|0|0|0|831499553053
1147|B|842|804|0|0|0|0|845146331331
1148|B|807|629|0|0|0|0|809597833333
1149|B|790|565|0|0|1|1|794421849349
1150|B|850|850|0|0|0|0|853379588088
1151|B|727|401|0|0|0|0|728597116116
1152|B|794|580|0|0|0|0|788675886386
1153|B|804|616|0|0|0|0|800763443443
1154|B|793|575|0|0|0|0|789858333333
1155|B|829|731|0|0|0|0|823083234234
1156|B|830|733|0|0|1|1|824115134134
1157|B|810|640|0|0|0|0|807319525025
1158|B|848|840|0|0|0|0|855534858358
1159|B|849|844|0|0|1|1|854351946446
1160|B|847|834|0|0|1|1|839414373373
1161|B|850|856|0|0|0|0|853365921421
1162|B|842|802|0|0|0|0|845100632132
1163|B|808|632|0|0|0|0|812765933433
1164|B|834|757|0|0|1|1|836546314314
1165|B|800|602|0|0|0|0|805033347347
1166|B|827|718|0|0|1|1|825164947447
1167|B|827|720|0|0|1|1|825183392392
1168|B|850|850|0|0|0|0|853380150150
1169|B|785|550|0|0|1|1|780640492492
1170|B|834|758|0|0|0|0|836727416416
1171|B|783|542|0|0|1|1|786482288288
1172|B|849|846|0|0|1|1|854343183183
1173|B|740|428|0|0|0|0|740354695195
1174|B|800|601|0|0|1|1|805026130130
1175|B|823|701|0|0|0|0|829205844344
1176|B|835|762|0|0|1|1|833560081081
1177|B|849|848|0|0|1|1|854390068068
1178|B|765|491|0|0|0|0|769471449449
1179|B|842|804|0|0|0|0|845147387387
1180|B|849|844|0|0|1|1|854352631131
1181|B|845|820|0|0|1|1|842004420420
1182|B|845|818|0|0|1|1|841986101101
1183|B|821|691|0|0|0|0|814731158158
1184|B|844|817|0|0|1|1|842833884384
1185|B|805|621|0|0|0|0|799875368368
1186|B|815|664|0|0|1|1|818906259259
1187|B|797|590|0|0|1|1|802381562062
1188|B|783|544|0|0|1|1|786894385385
1189|B|839|785|0|0|0|0|846155574074
1190|B|850|854|0|0|0|0|853344508008
1191|B|779|530|0|0|1|1|774112488488
1192|B|802|611|0|0|1|1|798525750250
1193|B|821|688|0|0|1|1|814695464464
1194|B|827|718|0|0|1|1|825170231231
1195|B|803|615|0|0|0|0|797594484484
1196|B|822|694|0|0|0|0|815757414414
1197|B|745|439|0|0|0|0|744108896396
1198|B|883|1133|0|0|0|0|876592883383
1199|B|816|666|0|0|0|0|821992273273
1200|B|825|711|0|0|0|0|827298899399
1201|B|791|570|0|0|1|1|795533978478
1202|B|850|853|0|0|1|1|853409088088
1203|B|828|723|0|0|1|1|826276369369
1204|B|827|722|0|0|1|1|825133197197
1205|B|886|1168|0|0|0|0|879512457457
1206|B|853|873|0|0|0|0|850223277277
1207|B|805|622|0|0|1|1|799856726226
1208|B|709|366|0|0|1|1|712060695195
1209|B|850|855|0|0|1|1|853354105105
1210|B|822|694|0|0|0|0|815757876376
1211|B|846|826|0|0|0|0|840944959459
1212|B|783|544|0|0|1|1|786895657157
1213|B|830|734|0|0|0|0|824083081081
1214|B|824|704|0|0|0|0|830424746246
1215|B|848|842|0|0|0|0|855509665165
1216|B|849|844|0|0|1|1|854359891391
1217|B|824|704|0|0|0|0|830424823323
1218|B|761|479|0|0|0|0|756579197197
1219|B|863|947|0|0|0|0|871650376376
1220|B|713|374|0|0|1|1|709575351351
1221|B|806|625|0|0|1|1|811437937437
1222|B|868|995|0|0|1|1|859269214214
1223|B|740|427|0|0|1|1|740349181181
1224|B|845|819|0|0|0|0|841977623123
1225|B|844|815|0|0|1|1|842857499499
1226|B|794|579|0|0|1|1|788661808308
1227|B|838|778|0|0|0|0|832478647147
1228|B|830|735|0|0|1|1|824092838338
1229|B|805|623|0|0|0|0|799863508008
1230|B|848|841|0|0|1|1|855517594094
1231|B|814|660|0|0|0|0|819481851351
1232|B|850|851|0|0|1|1|853389390390
1233|B|822|696|0|0|0|0|815736109109
1234|B|841|796|0|0|1|1|844056789289
1235|B|811|645|0|0|0|0|806105332332
1236|B|767|494|0|0|1|1|770849217217
1237|B|779|530|0|0|1|1|774111514014
1238|B|842|800|0|0|0|0|845113012012
1239|B|835|762|0|0|1|1|833554032032
1240|B|811|647|0|0|0|0|806152833333
1241|B|837|771|0|0|0|0|831045824324
1242|B|820|687|0|0|1|1|813733970470
1243|B|862|937|0|0|1|1|870496903403
1244|B|847|835|0|0|0|0|839402625125
1245|B|794|581|0|0|1|1|788679733233
1246|B|845|824|0|0|1|1|841907845345
1247|B|820|686|0|0|0|0|813737293293
1248|B|850|854|0|0|0|0|853346246246
1249|B|870|1005|0|0|1|1|861343349349
1250|B|829|729|0|0|0|0|823072689189
1251|B|799|598|0|0|1|1|801956592092
1252|B|782|541|0|0|1|1|785858638138
1253|B|862|944|0|0|0|0|870688417417
1254|B|834|754|0|0|0|0|836557740240
1255|B|829|731|0|0|0|0|823090374374
1256|B|797|591|0|0|0|0|802385191191
1257|B|812|652|0|0|0|0|809369235235
1258|B|741|431|0|0|0|0|739642129129
1259|B|828|724|0|0|0|0|826250785285
1260|B|826|715|0|0|1|1|828328178178
1261|B|808|632|0|0|0|0|812762763263
1262|B|786|551|0|0|1|1|781503628128
1263|B|846|828|0|0|0|0|840929083083
1264|B|850|853|0|0|1|1|853407198198
1265|B|806|626|0|0|0|0|811442669169
1266|B|767|496|0|0|1|1|770862451451
1267|B|808|633|0|0|1|1|812718861361
1268|B|839|786|0|0|1|1|845987113113
1269|B|846|829|0|0|1|1|840463033033
1270|B|814|658|0|0|0|0|819464688188
1271|B|844|816|0|0|0|0|842837389389
1272|B|788|559|0|0|1|1|783886492492
1273|B|739|425|0|0|0|0|741825750250
1274|B|798|594|0|0|0|0|801324460460
1275|B|840|788|0|0|0|0|847226205205
1276|B|778|526|0|0|0|0|773218506006
1277|B|849|845|0|0|0|0|854332776276
1278|B|806|626|0|0|0|0|811442688188
1279|B|829|729|0|0|0|0|823073294294
1280|B|804|618|0|0|0|0|800720412412
1281|B|835|764|0|0|1|1|833569590090
1282|B|825|710|0|0|1|1|827292613113
1283|B|840|793|0|0|1|1|847181981481
1284|B|844|812|0|0|0|0|843013816316
1285|B|821|689|0|0|0|0|814703388388
1286|B|811|647|0|0|0|0|806151955455
1287|B|834|756|0|0|0|0|836541567067
1288|B|850|856|0|0|0|0|853361614114
1289|B|836|766|0|0|0|0|834649739239
1290|B|833|753|0|0|0|0|835677805305
1291|B|790|565|0|0|1|1|794426671171
1292|B|830|734|0|0|0|0|824085534034
1293|B|819|681|0|0|0|0|814692690190
1294|B|854|879|0|0|1|1|849118616116
1295|B|803|614|0|0|1|1|797555944444
1296|B|818|677|0|0|1|1|815787230230
1297|B|810|640|0|0|0|0|807315185185
1298|B|838|776|0|0|0|0|832494780280
1299|B|820|684|0|0|0|0|817850097097
1300|B|788|558|0|0|0|0|783895424424
1301|B|801|605|0|0|0|0|803896144144
1302|B|802|611|0|0|1|1|798524612112
1303|B|806|624|0|0|0|0|811425211211
1304|B|799|598|0|0|1|1|801957989489
1305|B|837|773|0|0|0|0|831455280280
1306|B|835|760|0|0|1|1|833607663163
1307|B|878|1087|0|0|1|1|885910951451
1308|B|822|696|0|0|0|0|815738374374
1309|B|828|726|0|0|0|0|826239143143
1310|B|872|1027|0|0|1|1|863428882382
1311|B|817|673|0|0|0|0|820827082082
1312|B|799|598|0|0|1|1|801958765265
1313|B|849|844|0|0|1|1|854356716216
1314|B|819|679|0|0|0|0|814707375375
1315|B|793|578|0|0|1|1|789852934434
1316|B|821|692|0|0|1|1|814742627127
1317|B|844|816|0|0|0|0|842836767267
1318|B|833|750|0|0|1|1|835649865365
1319|B|785|550|0|0|1|1|780645082082
1320|B|778|526|0|0|0|0|773219734234
1321|B|791|568|0|0|1|1|795518386386
1322|B|786|552|0|0|0|0|781490272272
1323|B|811|647|0|0|0|0|806149276276
1324|B|808|635|0|0|1|1|812739556056
1325|B|842|801|0|0|1|1|845117173173
1326|B|835|763|0|0|0|0|833574099099
1327|B|849|849|0|0|0|0|854376410410
1328|B|820|685|0|0|1|1|817854132132
1329|B|839|786|0|0|1|1|845972554054
1330|B|808|635|0|0|1|1|812739262262
1331|B|829|732|0|0|1|1|823086714214
1332|B|847|833|0|0|0|0|839400249249
1333|B|824|703|0|0|1|1|830441707207
1334|B|861|931|0|0|0|0|869474389389
1335|B|821|688|0|0|1|1|814708214214
1336|B|842|803|0|0|1|1|845102878378
1337|B|807|628|0|0|1|1|810462514014
1338|B|837|772|0|0|1|1|831459433433
1339|B|801|604|0|0|1|1|803889190190
1340|B|879|1094|0|0|1|1|888998745245
1341|B|788|558|0|0|0|0|783905935435
1342|B|843|809|0|0|0|0|844027323323
1343|B|810|643|0|0|1|1|807207639139
1344|B|755|464|0|0|1|1|759185113113
1345|B|779|530|0|0|1|1|774125070070
1346|B|846|828|0|0|0|0|840938804304
1347|B|847|833|0|0|0|0|839399784284
1348|B|806|627|0|0|1|1|811464646146
1349|B|804|616|0|0|0|0|800753399399
1350|B|849|848|0|0|1|1|854382793293
1351|B|833|752|0|0|1|1|835679514014
1352|B|847|836|0|0|1|1|839488885385
1353|B|809|636|0|0|1|1|811715276276
1354|B|832|744|0|0|0|0|838849014014
1355|B|797|589|0|0|0|0|802396538038
1356|B|730|407|0|0|1|1|733653842342
1357|B|847|832|0|0|1|1|839442942442
1358|B|849|849|0|0|0|0|854375193193
1359|B|863|945|0|0|0|0|871672596096
1360|B|829|731|0|0|0|0|823095183183
1361|B|816|669|0|0|1|1|821967399399
1362|B|831|741|0|0|0|0|837776299299
1363|B|817|673|0|0|0|0|820832262262
1364|B|802|609|0|0|1|1|798520338338
1365|B|849|849|0|0|0|0|854374944444
1366|B|863|945|0|0|0|0|871672559059
1367|B|827|720|0|0|1|1|825189496496
1368|B|826|714|0|0|0|0|827888118118
1369|B|827|719|0|0|0|0|825163806306
1370|B|839|783|0|0|0|0|846147035035
1371|B|850|854|0|0|0|0|853358307307
1372|B|813|653|0|0|0|0|808363291291
1373|B|849|848|0|0|1|1|854384112112
1374|B|807|629|0|0|0|0|809588463463
1375|B|725|396|0|0|1|1|721515294294
1376|B|839|784|0|0|1|1|846154421421
1377|B|875|1051|0|0|0|0|884275830330
1378|B|843|808|0|0|1|1|844019135135
1379|B|849|847|0|0|0|0|854389094094
1380|B|847|831|0|0|0|0|839435929429
1381|B|839|786|0|0|1|1|845972382382
1382|B|846|826|0|0|0|0|840956096096
1383|B|869|1002|0|0|1|1|860291430430
1384|B|848|839|0|0|1|1|855548544044
1385|B|823|699|0|0|0|0|829389850350
1386|B|798|593|0|0|1|1|801320020020
1387|B|808|633|0|0|1|1|812721557057
1388|B|835|761|0|0|0|0|833553797297
1389|B|884|1150|0|0|0|0|873554751251
1390|B|885|1162|0|0|1|1|878840765265
1391|B|843|811|0|0|0|0|843978648148
1392|B|847|831|0|0|0|0|839436565065
1393|B|705|359|0|0|0|0|708284868368
1394|B|779|531|0|0|0|0|774131751251
1395|B|835|763|0|0|0|0|833576108108
1396|B|848|837|0|0|1|1|855565764264
1397|B|847|834|0|0|1|1|839407414414
1398|B|848|841|0|0|1|1|855512098098
1399|B|850|851|0|0|1|1|853380119119
1400|B|841|799|0|0|0|0|844093627127
1401|B|810|641|0|0|1|1|807317889389
1402|B|837|774|0|0|1|1|831476697197
1403|B|848|837|0|0|1|1|855565613113
1404|B|823|699|0|0|0|0|829387177177
1405|B|858|912|0|0|0|0|861605677177
1406|B|786|552|0|0|0|0|781488692192
1407|B|807|628|0|0|1|1|810460852352
1408|B|841|796|0|0|1|1|844068667167
1409|B|789|562|0|0|1|1|793322192192
1410|B|789|562|0|0|1|1|793322225225
1411|B|790|565|0|0|1|1|794413991491
1412|B|772|508|0|0|0|0|776230992492
1413|B|846|829|0|0|1|1|840450057057
1414|B|850|856|0|0|0|0|853373708208
1415|B|835|764|0|0|1|1|833581936436
1416|B|714|376|0|0|0|0|716882150150
1417|B|833|752|0|0|1|1|835681556056
1418|B|828|724|0|0|0|0|826254818318
1419|B|878|1080|0|0|0|0|885185887387
1420|B|845|820|0|0|1|1|841995059059
1421|B|851|863|0|0|0|0|851524994494
1422|B|849|847|0|0|0|0|854391721221
1423|B|819|683|0|0|0|0|814739776276
1424|B|828|727|0|0|1|1|826226348348
1425|B|804|619|0|0|1|1|800726443443
1426|B|709|366|0|0|1|1|712053233233
1427|B|821|689|0|0|0|0|814699594094
1428|B|833|749|0|0|0|0|835644951451
1429|B|793|575|0|0|0|0|789868200200
1430|B|739|425|0|0|0|0|741829595095
1431|B|805|622|0|0|1|1|799860534034
1432|B|796|587|0|0|1|1|790664564064
1433|B|831|741|0|0|0|0|837778114114
1434|B|834|757|0|0|1|1|836537944444
1435|B|841|796|0|0|1|1|844066942442
1436|B|840|790|0|0|0|0|847207084084
1437|B|844|817|0|0|1|1|842841791291
1438|B|801|606|0|0|1|1|803874001001
1439|B|790|567|0|0|1|1|794408939439
1440|B|803|614|0|0|1|1|797544025025
1441|B|805|623|0|0|0|0|799852664164
1442|B|808|635|0|0|1|1|812737838338
1443|B|850|850|0|0|0|0|853389307307
1444|B|813|655|0|0|0|0|808351155155
1445|B|746|441|0|0|1|1|743048925425
1446|B|845|819|0|0|0|0|841987125125
1447|B|800|603|0|0|1|1|805032849349
1448|B|848|842|0|0|0|0|855520984484
1449|B|767|495|0|0|0|0|770860898398
1450|B|787|556|0|0|1|1|782615887387
1451|B|847|835|0|0|0|0|839417232232
1452|B|820|686|0|0|0|0|813735320320
1453|B|801|604|0|0|1|1|803892720220
1454|B|827|718|0|0|1|1|825178547047
1455|B|864|961|0|0|1|1|871997385385
1456|B|826|713|0|0|1|1|827893990490
1457|B|801|604|0|0|1|1|803893868368
1458|B|780|533|0|0|1|1|775418898398
1459|B|811|644|0|0|1|1|806121868368
1460|B|813|655|0|0|0|0|808348579079
1461|B|836|770|0|0|0|0|834608535035
1462|B|822|697|0|0|1|1|815785264264
1463|B|829|731|0|0|0|0|823097878378
1464|B|815|665|0|0|0|0|818830877377
1465|B|785|549|0|0|0|0|780550188188
1466|B|794|580|0|0|0|0|788662056056
1467|B|810|643|0|0|1|1|807211475475
1468|B|849|849|0|0|0|0|854372015015
1469|B|817|672|0|0|1|1|820826416416
1470|B|786|554|0|0|0|0|781472452452
1471|B|758|472|0|0|0|0|762091011011
1472|B|744|438|0|0|0|0|744846184184
1473|B|821|689|0|0|0|0|814697176176
1474|B|745|440|0|0|1|1|744160709209
1475|B|802|608|0|0|0|0|798492283283
1476|B|773|512|0|0|1|1|777262835335
1477|B|793|578|0|0|1|1|789847776276
1478|B|807|630|0|0|1|1|809592415415
1479|B|718|383|0|0|1|1|721339611111
1480|B|765|491|0|0|0|0|769461831331
1481|B|728|403|0|0|1|1|727494871371
1482|B|764|487|0|0|1|1|768418666166
1483|B|775|519|0|0|0|0|779714984484
1484|B|710|368|0|0|0|0|711127270270
1485|B|809|638|0|0|1|1|811696696196
1486|B|762|482|0|0|0|0|757658668168
1487|B|824|705|0|0|1|1|830424673173
1488|B|925|18715|1|0|0|0|1025411055055
1489|B|891|12284|1|0|1|1|866966494494
1490|B|767|4942|1|0|1|1|788840707207
1491|B|837|7722|1|0|1|1|903487730230
1492|B|865|9633|1|0|0|0|919245335335
1493|B|903|14078|1|0|1|1|845229774274
1494|B|850|8535|1|0|1|1|906080500000
1495|B|921|17694|1|0|1|1|1061731666166
1496|B|851|8602|1|0|1|1|906860129129
1497|B|872|10251|1|0|1|1|912411447447
1498|B|908|14901|1|0|1|1|1043983226226
1499|B|908|14908|1|0|0|0|1043916417417
1500|B|747|4446|1|0|1|1|786984309309
1501|B|883|11411|1|0|0|0|849120722222
1502|B|845|8213|1|0|0|0|908128893393
1503|B|882|11261|1|0|1|1|851069103103
1504|B|835|7643|1|0|0|0|904640353353
1505|B|857|9020|1|0|1|1|939166420420
1506|B|862|9436|1|0|0|0|910722660160
1507|B|838|7764|1|0|0|0|902644687187
1508|B|908|14805|1|0|1|1|1040669056056
1509|B|901|13735|1|0|0|0|842504860360
1510|B|833|7528|1|0|1|1|901262617117
1511|B|894|12658|1|0|0|0|866491699199
1512|B|890|12234|1|0|0|0|867965830330
1513|B|914|16053|1|0|1|1|1052607417417
1514|B|923|18025|1|0|0|0|1054380895395
1515|B|851|8590|1|0|1|1|906709532032
1516|B|841|7954|1|0|1|1|913945791291
1517|B|751|4536|1|0|1|1|783863422422
1518|B|821|6898|1|0|1|1|858449213213
1519|B|837|7706|1|0|1|1|903209230230
1520|B|900|13588|1|0|0|0|852152188188
1521|B|823|7001|1|0|0|0|853181266266
1522|B|916|16509|1|0|1|1|1067331466466
1523|B|830|7365|1|0|1|1|897538159159
1524|B|844|8127|1|0|1|1|910109248248
1525|B|882|11315|1|0|1|1|849524341341
1526|B|829|7290|1|0|1|1|848666317317
1527|B|732|4112|1|0|0|0|698249981481
1528|B|843|8099|1|0|0|0|911372577077
1529|B|736|4184|1|0|0|0|697822151151
1530|B|843|8099|1|0|0|0|911372655155
1531|B|739|4258|1|0|1|1|777572540040
1532|B|875|10579|1|0|0|0|837744013013
1533|B|860|9218|1|0|0|0|910722823323
1534|B|789|5622|1|0|1|1|739551277277
1535|B|828|7263|1|0|1|1|849478781281
1536|B|828|7257|1|0|1|1|849542316316
1537|B|796|5875|1|0|1|1|742663235235
1538|B|711|3706|1|0|1|1|677861083083
1539|B|842|8014|1|0|0|0|911038931431
1540|B|798|5939|1|0|1|1|749714094094
1541|B|816|6675|1|0|1|1|855971331331
1542|B|702|3540|1|0|0|0|674803680180
1543|B|803|6120|1|0|1|1|746881328328
1544|B|909|15028|1|0|1|1|1041686271271
1545|B|783|5422|1|0|1|1|744241450450
1546|B|806|6246|1|0|0|0|861973972472
1547|B|909|15013|1|0|0|0|1041823370370
1548|B|841|7950|1|0|1|1|913901759259
1549|B|726|3985|1|0|1|1|694723785285
1550|B|860|9245|1|0|1|1|910970334334
1551|B|861|9309|1|0|0|0|910558718218
1552|B|904|14272|1|0|0|0|841944424424
1553|B|793|5760|1|0|1|1|744653188188
1554|B|854|8777|1|0|1|1|908812084084
1555|B|932|20603|1|0|1|1|1019821929429
1556|B|827|7190|1|0|1|1|849675917417
1557|B|810|6400|1|0|0|0|868680565065
1558|B|872|10255|1|0|1|1|912445754254
1559|B|753|4573|1|0|0|0|778113698198
1560|B|915|16259|1|0|0|0|1047336473473
1561|B|917|16762|1|0|1|1|1065486344344
1562|B|825|7108|1|0|1|1|852430253253
1563|B|896|12986|1|0|0|0|847080757257
1564|B|856|8973|1|0|1|1|938308756256
1565|B|809|6388|1|0|1|1|860271064064
1566|B|931|20298|1|0|1|1|1013399675175
1567|B|862|9427|1|0|1|1|910576467467
1568|B|876|10682|1|0|0|0|836870740240
1569|B|854|8811|1|0|1|1|909516085085
1570|B|828|7253|1|0|1|1|850225170170
1571|B|814|6595|1|0|1|1|857696959459
1572|B|871|10212|1|0|1|1|914299849349
1573|B|825|7099|1|0|0|0|852345176176
1574|B|824|7037|1|0|1|1|851751242242
1575|B|890|12259|1|0|1|1|867734239239
1576|B|859|9193|1|0|0|0|909430673173
1577|B|898|13242|1|0|0|0|850969345345
1578|B|845|8195|1|0|0|0|908485561061
1579|B|916|16472|1|0|0|0|1067186889389
1580|B|729|4039|1|0|0|0|692489079079
1581|B|827|7185|1|0|0|0|849719386386
1582|B|796|5861|1|0|1|1|742791166166
1583|B|861|9294|1|0|1|1|910438198198
1584|B|816|6680|1|0|0|0|855950848348
1585|B|864|9566|1|0|0|0|910458015015
1586|B|844|8177|1|0|1|1|909529778278
1587|B|816|6673|1|0|1|1|856007909409
1588|B|813|6542|1|0|1|1|870733659159
1589|B|878|10888|1|0|0|0|832699233233
1590|B|912|15683|1|0|1|1|1053759410410
1591|B|855|8903|1|0|0|0|908591492492
1592|B|858|9094|1|0|0|0|937271126126
1593|B|867|9789|1|0|0|0|922169974474
1594|B|856|8918|1|0|0|0|937818014014
1595|B|817|6716|1|0|1|1|857661526026
1596|B|874|10469|1|0|1|1|832645570070
1597|B|875|10576|1|0|1|1|837775842342
1598|B|884|11449|1|0|1|1|854788550050
1599|B|877|10742|1|0|1|1|832911286286
1600|B|848|8399|1|0|1|1|907823000000
1601|B|796|5886|1|0|0|0|743107035035
1602|B|859|9164|1|0|1|1|909152015015
1603|B|916|16420|1|0|0|0|1046667201201
1604|B|875|10561|1|0|0|0|836831461461
1605|B|741|4300|1|0|1|1|779098516016
1606|B|831|7418|1|0|1|1|898004471471
1607|B|866|9721|1|0|1|1|919597351351
1608|B|789|5614|1|0|1|1|739635223223
1609|B|807|6306|1|0|1|1|862702930430
1610|B|848|8388|1|0|0|0|907923046046
1611|B|775|5179|1|0|0|0|753170696196
1612|B|791|5683|1|0|0|0|742312505005
1613|B|775|5182|1|0|1|1|753194454454
1614|B|905|14376|1|0|1|1|841819241241
1615|B|803|6128|1|0|1|1|746985784284
1616|B|918|16970|1|0|0|0|1073697666166
1617|B|862|9399|1|0|1|1|910303549049
1618|B|869|10008|1|0|1|1|917662401401
1619|B|853|8739|1|0|0|0|907058106106
1620|B|858|9083|1|0|1|1|936579178178
1621|B|895|12810|1|0|1|1|844757510010
1622|B|856|8954|1|0|0|0|937485458458
1623|B|919|17051|1|0|0|0|1066760644144
1624|B|873|10366|1|0|1|1|832788099099
1625|B|883|11345|1|0|0|0|848641670170
1626|B|814|6576|1|0|0|0|857524588088
1627|B|845|8180|1|0|1|1|908338114114
1628|B|879|10897|1|0|0|0|831650929429
1629|B|905|14362|1|0|1|1|841685096096
1630|B|810|6411|1|0|1|1|868663508008
1631|B|885|11639|1|0|0|0|849180022022
1632|B|770|5038|1|0|0|0|790949110110
1633|B|868|9946|1|0|0|0|919403363363
1634|B|832|7481|1|0|1|1|897642246246
1635|B|858|9136|1|0|0|0|937164275275
1636|B|905|14414|1|0|1|1|840160023023
1637|B|866|9734|1|0|0|0|919340941441
1638|B|888|12006|1|0|0|0|846993954454
1639|B|820|6854|1|0|0|0|861884917417
1640|B|893|12540|1|0|1|1|870395279279
1641|B|854|8817|1|0|1|1|909463405405
1642|B|826|7148|1|0|0|0|852744664164
1643|B|899|13437|1|0|0|0|852236228228
1644|B|815|6638|1|0|1|1|858939017017
1645|B|944|25621|1|0|1|1|910672027027
1646|B|871|10202|1|0|1|1|914283351351
1647|B|808|6332|1|0|0|0|861894313313
1648|B|851|8586|1|0|1|1|906733913413
1649|B|812|6516|1|0|0|0|871808715215
1650|B|854|8789|1|0|1|1|908679924424
1651|B|705|3590|1|0|1|1|737352318318
1652|B|811|6449|1|0|0|0|869324309309
1653|B|909|15068|1|0|1|1|1041445484484
1654|B|856|8921|1|0|1|1|937708122122
1655|B|822|6965|1|0|1|1|858863859359
1656|B|789|5636|1|0|1|1|739438487487
1657|B|815|6612|1|0|1|1|856620298298
1658|B|882|11282|1|0|0|0|850994976476
1659|B|823|7018|1|0|1|1|853037808308
1660|B|861|9343|1|0|0|0|911030907407
1661|B|804|6183|1|0|1|1|747464359359
1662|B|840|7900|1|0|0|0|910409530030
1663|B|797|5920|1|0|1|1|750608630130
1664|B|813|6550|1|0|1|1|870367191191
1665|B|779|5298|1|0|1|1|747349070070
1666|B|836|7681|1|0|1|1|904386730230
1667|B|723|3928|1|0|1|1|691867812312
1668|B|878|10836|1|0|0|0|834190038038
1669|B|918|16929|1|0|1|1|1073027201201
1670|B|903|14006|1|0|1|1|846953471471
1671|B|864|9595|1|0|1|1|910170289289
1672|B|794|5791|1|0|1|1|746166942442
1673|B|858|9083|1|0|1|1|936582865365
1674|B|867|9851|1|0|0|0|919530135135
1675|B|876|10628|1|0|0|0|837182705205
1676|B|767|4942|1|0|1|1|788840345345
1677|B|852|8685|1|0|1|1|906513175175
1678|B|809|6380|1|0|1|1|860218793293
1679|B|909|15144|1|0|1|1|1046932854354
1680|B|934|21548|1|0|0|0|1013056034034
1681|B|800|6024|1|0|0|0|753182767267
1682|B|761|4786|1|0|1|1|801451701201
1683|B|821|6918|1|0|1|1|858248194194
1684|B|845|8240|1|0|1|1|920437835335
1685|B|850|8528|1|0|0|0|906020349349
1686|B|864|9606|1|0|0|0|910136602102
1687|B|824|7063|1|0|1|1|851535753253
1688|B|745|4400|1|0|1|1|772737043043
1689|B|817|6704|1|0|1|1|857215956456
1690|B|841|7970|1|0|1|1|914065421421
1691|B|812|6483|1|0|1|1|871192393393
1692|B|790|5671|1|0|1|1|739029966466
1693|B|828|7233|1|0|1|1|850273391391
1694|B|759|4726|1|0|1|1|799542295295
1695|B|859|9144|1|0|1|1|909365456456
1696|B|798|5929|1|0|1|1|749626402402
1697|B|895|12913|1|0|0|0|843605786286
1698|B|835|7637|1|0|0|0|904439727227
1699|B|742|4315|1|0|1|1|778496583083
1700|B|867|9813|1|0|0|0|921719693193
1701|B|851|8606|1|0|1|1|906853906406
1702|B|842|8041|1|0|1|1|910878172172
1703|B|824|7055|1|0|1|1|851854393393
1704|B|846|8267|1|0|1|1|921286522022
1705|B|829|7318|1|0|1|1|896138256256
1706|B|829|7285|1|0|0|0|848649689189
1707|B|862|9415|1|0|1|1|910684103103
1708|B|890|12210|1|0|0|0|866190858358
1709|B|819|6801|1|0|0|0|862457842342
1710|B|753|4582|1|0|1|1|778085393393
1711|B|891|12344|1|0|1|1|869992256256
1712|B|843|8088|1|0|1|1|911445425425
1713|B|886|11684|1|0|0|0|850162413413
1714|B|874|10458|1|0|0|0|832615104104
1715|B|763|4845|1|0|0|0|803007716216
1716|B|839|7824|1|0|1|1|910532569069
1717|B|867|9859|1|0|0|0|919191690190
1718|B|833|7490|1|0|1|1|901708217217
1719|B|821|6907|1|0|0|0|858276926426
1720|B|826|7164|1|0|0|0|852495558058
1721|B|753|4581|1|0|0|0|778067788288
1722|B|814|6591|1|0|1|1|857651108108
1723|B|859|9180|1|0|1|1|909562836336
1724|B|767|4965|1|0|0|0|788560449449
1725|B|840|7928|1|0|0|0|910668411411
1726|B|911|15443|1|0|0|0|1044259431431
1727|B|762|4809|1|0|1|1|801816279279
1728|B|875|10550|1|0|1|1|836931025025
1729|B|831|7397|1|0|0|0|897807898398
1730|B|856|8935|1|0|1|1|937838238238
1731|B|715|3776|1|0|1|1|680424124124
1732|B|868|9887|1|0|1|1|919873976476
1733|B|856|8958|1|0|0|0|937623939439
1734|B|703|3563|1|0|0|0|672463695195
1735|B|829|7308|1|0|1|1|848722638138
1736|B|914|16076|1|0|0|0|1051762990490
1737|B|915|16213|1|0|0|0|1045891478478
1738|B|855|8851|1|0|0|0|908188347347
1739|B|841|7990|1|0|1|1|914279198198
1740|B|920|17326|1|0|0|0|1068439212212
1741|B|842|8017|1|0|1|1|911039957457
1742|B|902|13873|1|0|1|1|844482232232
1743|B|898|13309|1|0|1|1|851560559059
1744|B|858|9121|1|0|1|1|937022822322
1745|B|909|15069|1|0|0|0|1041462736236
1746|B|860|9233|1|0|1|1|911117090090
1747|B|832|7470|1|0|0|0|897737373373
1748|B|865|9676|1|0|1|1|918880239239
1749|B|885|11586|1|0|1|1|848754660160
1750|B|866|9706|1|0|0|0|919604796296
1751|B|830|7365|1|0|1|1|897528843343
1752|B|870|10094|1|0|0|0|912176458458
1753|B|905|14398|1|0|1|1|841876684184
1754|B|812|6518|1|0|0|0|871785842342
1755|B|824|7052|1|0|0|0|851898637137
1756|B|858|9070|1|0|0|0|936455930430
1757|B|789|5616|1|0|1|1|739622460460
1758|B|772|5088|1|0|0|0|751526894394
1759|B|902|13929|1|0|1|1|845016715215
1760|B|801|6058|1|0|1|1|753841139139
1761|B|845|8220|1|0|1|1|908298680180
1762|B|892|12402|1|0|0|0|870466074074
1763|B|883|11337|1|0|0|0|848429308308
1764|B|860|9224|1|0|0|0|910766664164
1765|B|920|17363|1|0|1|1|1068099195195
1766|B|788|5594|1|0|0|0|771235350350
1767|B|853|8706|1|0|1|1|907406198198
1768|B|838|7788|1|0|0|0|900750954454
1769|B|802|6092|1|0|0|0|748272625125
1770|B|898|13247|1|0|1|1|850952056056
1771|B|816|6679|1|0|1|1|855952269269
1772|B|796|5870|1|0|0|0|742865936436
1773|B|847|8361|1|0|0|0|921584774274
1774|B|894|12736|1|0|0|0|868124968468
1775|B|928|19491|1|0|1|1|1039786649149
1776|B|799|5985|1|0|0|0|752542933433
1777|B|915|16302|1|0|1|1|1046709894394
1778|B|863|9477|1|0|0|0|912155563063
1779|B|847|8359|1|0|0|0|921603368368
1780|B|832|7429|1|0|1|1|898082164164
1781|B|847|8348|1|0|1|1|921451430430
1782|B|868|9942|1|0|0|0|919370358358
1783|B|922|17890|1|0|0|0|1060941335335
1784|B|894|12658|1|0|0|0|866513858358
1785|B|839|7870|1|0|1|1|911154146146
1786|B|933|21013|1|0|0|0|1021478609109
1787|B|871|10215|1|0|0|0|914134648148
1788|B|809|6367|1|0|0|0|860079127127
1789|B|777|5253|1|0|0|0|747616960460
1790|B|903|14053|1|0|0|0|847102639139
1791|B|875|10550|1|0|1|1|836928624124
1792|B|883|11366|1|0|1|1|848706569069
1793|B|885|11631|1|0|0|0|849103400400
1794|B|844|8162|1|0|0|0|909664618118
1795|B|833|7500|1|0|1|1|901536126126
1796|B|891|12374|1|0|1|1|870304989489
1797|B|710|3684|1|0|0|0|676514857357
1798|B|866|9749|1|0|1|1|919338916416
1799|B|843|8092|1|0|1|1|911414488488
1800|B|846|8295|1|0|1|1|920996730230
1801|B|917|33380|0|0|1|1|619262856356
1802|B|917|33450|0|0|1|1|618921657157
1803|B|917|33437|0|0|0|0|618735826326
1804|B|917|33459|0|0|0|0|618939267267
1805|B|917|33333|0|0|0|0|613652692192
1806|B|918|33610|0|0|0|0|618046080080
1807|B|917|33502|0|0|1|1|620381822322
1808|B|917|33459|0|0|0|0|618939143143
1809|B|917|33485|0|0|0|0|620290312312
1810|B|917|33555|0|0|0|0|619885529029
1811|B|917|33316|0|0|1|1|613431506006
1812|B|918|33614|0|0|0|0|617952510010
1813|B|917|33480|0|0|1|1|619131572072
1814|B|917|33528|0|0|1|1|620686101101
1815|B|917|33407|0|0|0|0|619575838338
1816|B|917|33569|0|0|0|0|620012751251
1817|B|917|33318|0|0|1|1|613517288288
1818|B|919|34097|0|0|0|0|610277115115
1819|B|918|33643|0|0|1|1|617726799299
1820|B|917|33567|0|0|0|0|619928243243
1821|B|917|33257|0|0|0|0|614003428428
1822|B|917|33557|0|0|0|0|619904485485
1823|B|917|33425|0|0|0|0|619673702202
1824|B|917|33393|0|0|0|0|619382599099
1825|B|917|33346|0|0|1|1|613705904404
1826|B|917|33438|0|0|1|1|618744753253
1827|B|917|33365|0|0|0|0|613880442442
1828|B|917|33471|0|0|0|0|619113099099
1829|B|917|33458|0|0|1|1|618928308308
1830|B|917|33559|0|0|0|0|619856909409
1831|B|917|33419|0|0|0|0|619684366366
1832|B|917|33536|0|0|1|1|620694567067
1833|B|917|33396|0|0|1|1|619407848348
1834|B|917|33550|0|0|1|1|619838009009
1835|B|917|33390|0|0|1|1|619417882382
1836|B|917|33471|0|0|0|0|619112835335
1837|B|918|33728|0|0|0|0|616900657157
1838|B|917|33491|0|0|0|0|620346469469
1839|B|917|33486|0|0|1|1|620232862362
1840|B|917|33480|0|0|1|1|619132911411
1841|B|917|33376|0|0|1|1|619292176176
1842|B|917|33407|0|0|0|0|619577049049
1843|B|917|33500|0|0|1|1|620428146146
1844|B|918|33653|0|0|1|1|617654966466
1845|B|917|33437|0|0|0|0|618737132132
1846|B|917|33418|0|0|1|1|619676677177
1847|B|917|33377|0|0|0|0|619299470470
1848|B|917|33467|0|0|0|0|619010303303
1849|B|917|33478|0|0|1|1|619179784284
1850|B|917|33327|0|0|0|0|613612881381
1851|B|917|33488|0|0|1|1|620263002002
1852|B|917|33487|0|0|0|0|620237331331
1853|B|917|33399|0|0|0|0|619503860360
1854|B|917|33229|0|0|0|0|612643461461
1855|B|917|33357|0|0|0|0|613863078078
1856|B|918|33650|0|0|0|0|617611954454
1857|B|917|33307|0|0|0|0|614452968468
1858|B|917|33574|0|0|1|1|619995921421
1859|B|917|33402|0|0|1|1|619478034034
1860|B|918|33892|0|0|0|0|608050462462
1861|B|917|33465|0|0|0|0|618999740240
1862|B|917|33497|0|0|0|0|620407453453
1863|B|917|33512|0|0|1|1|620532646146
1864|B|917|33422|0|0|1|1|619653527027
1865|B|917|33495|0|0|0|0|620327488488
1866|B|918|33593|0|0|1|1|619249324324
1867|B|917|33517|0|0|0|0|620520722222
1868|B|917|33460|0|0|1|1|618944555055
1869|B|917|33388|0|0|1|1|619345036036
1870|B|917|33584|0|0|1|1|620165901401
1871|B|917|33398|0|0|1|1|619482878378
1872|B|917|33484|0|0|1|1|620297071071
1873|B|917|33453|0|0|0|0|618877896396
1874|B|918|33650|0|0|0|0|617611420420
1875|B|918|33824|0|0|0|0|617129039039
1876|B|917|33471|0|0|0|0|619107579079
1877|B|917|33418|0|0|1|1|619690180180
1878|B|917|33329|0|0|0|0|613562061061
1879|B|917|33367|0|0|0|0|613901342342
1880|B|917|33515|0|0|0|0|620506399399
1881|B|917|33347|0|0|0|0|613788592092
1882|B|917|33362|0|0|1|1|613912873373
1883|B|918|33709|0|0|1|1|618182847347
1884|B|917|33513|0|0|0|0|620556867367
1885|B|917|33387|0|0|0|0|619321076076
1886|B|917|33415|0|0|0|0|619588469469
1887|B|917|33442|0|0|1|1|618849230230
1888|B|917|33474|0|0|1|1|619078895395
1889|B|918|33590|0|0|0|0|619212653153
1890|B|917|33541|0|0|0|0|619742745245
1891|B|916|33064|0|0|0|0|613188225225
1892|B|917|33504|0|0|1|1|620474851351
1893|B|917|33378|0|0|1|1|619304052052
1894|B|917|33511|0|0|0|0|620542797297
1895|B|917|33223|0|0|0|0|612567150150
1896|B|917|33529|0|0|0|0|620638591091
1897|B|917|33447|0|0|0|0|618900896396
1898|B|916|32895|0|0|1|1|660879938438
1899|B|917|33466|0|0|1|1|618989306306
1900|B|917|33529|0|0|0|0|620638963463
1901|B|917|33545|0|0|0|0|619738452452
1902|B|917|33176|0|0|1|1|613261293293
1903|B|918|33908|0|0|0|0|607971283283
1904|B|917|33360|0|0|1|1|613833967467
1905|B|918|34017|0|0|1|1|606968373373
1906|B|917|33413|0|0|0|0|619638793293
1907|B|918|33839|0|0|1|1|607555079079
1908|B|917|33285|0|0|0|0|614260171171
1909|B|917|33500|0|0|1|1|620413812312
1910|B|917|33426|0|0|1|1|618700677177
1911|B|917|33551|0|0|0|0|619781950450
1912|B|917|33510|0|0|1|1|620452455455
1913|B|917|33487|0|0|0|0|620238320320
1914|B|917|33538|0|0|1|1|620720521021
1915|B|918|33645|0|0|1|1|617722207207
1916|B|917|33412|0|0|1|1|619616923423
1917|B|917|33434|0|0|1|1|618761772272
1918|B|917|33497|0|0|0|0|620405669169
1919|B|916|33111|0|0|1|1|612759989489
1920|B|918|33638|0|0|0|0|617784530030
1921|B|917|33244|0|0|1|1|612766912412
1922|B|917|33524|0|0|1|1|620587169169
1923|B|917|33570|0|0|1|1|620034962462
1924|B|916|33133|0|0|1|1|612820408408
1925|B|917|33158|0|0|1|1|613034996496
1926|B|917|33439|0|0|0|0|618742765265
1927|B|917|33437|0|0|0|0|618732510010
1928|B|917|33583|0|0|0|0|620145711211
1929|B|917|33465|0|0|0|0|618997616116
1930|B|918|33613|0|0|1|1|617953804304
1931|B|917|33574|0|0|1|1|619997754254
1932|B|917|33567|0|0|0|0|619933475475
1933|B|918|33629|0|0|1|1|617872169169
1934|B|917|33227|0|0|0|0|612693893393
1935|B|917|33507|0|0|0|0|620481318318
1936|B|917|33422|0|0|1|1|619651679179
1937|B|917|33333|0|0|0|0|613656776276
1938|B|917|33436|0|0|1|1|618738929429
1939|B|918|33809|0|0|1|1|617265111111
1940|B|917|33459|0|0|0|0|618951451451
1941|B|918|33841|0|0|1|1|607472401401
1942|B|917|33495|0|0|0|0|620329149149
1943|B|916|33002|0|0|0|0|613760901401
1944|B|917|33523|0|0|0|0|620561567067
1945|B|917|33156|0|0|1|1|613081368368
1946|B|917|33536|0|0|1|1|620706393393
1947|B|916|32969|0|0|1|1|613538017017
1948|B|917|33160|0|0|1|1|613044443443
1949|B|917|33407|0|0|0|0|619564500000
1950|B|917|33414|0|0|1|1|619628237237
1951|B|917|33337|0|0|0|0|613621414414
1952|B|917|33414|0|0|1|1|619628175175
1953|B|916|32981|0|0|1|1|613427579079
1954|B|917|33382|0|0|1|1|619269489489
1955|B|917|33225|0|0|0|0|612583898398
1956|B|917|33453|0|0|0|0|618880475475
1957|B|917|33539|0|0|0|0|620709516016
1958|B|917|33502|0|0|1|1|620392885385
1959|B|917|33477|0|0|0|0|619180542042
1960|B|917|33526|0|0|1|1|620664119119
1961|B|917|33475|0|0|0|0|619071744244
1962|B|917|33452|0|0|1|1|618885449449
1963|B|917|33469|0|0|0|0|619090482482
1964|B|917|33386|0|0|1|1|619328347347
1965|B|917|33466|0|0|1|1|618991356356
1966|B|917|33367|0|0|0|0|613902725225
1967|B|917|33534|0|0|1|1|620754846346
1968|B|917|33432|0|0|1|1|618680303303
1969|B|917|33422|0|0|1|1|619652672172
1970|B|917|33468|0|0|1|1|619099601101
1971|B|917|33473|0|0|0|0|619053706206
1972|B|917|33516|0|0|1|1|620497939439
1973|B|917|33439|0|0|0|0|618742844344
1974|B|917|33397|0|0|0|0|619489101101
1975|B|917|33312|0|0|1|1|613457366366
1976|B|916|32837|0|0|1|1|661410252252
1977|B|917|33432|0|0|1|1|618680024024
1978|B|917|33355|0|0|0|0|613844529029
1979|B|917|33342|0|0|1|1|613738506006
1980|B|918|34004|0|0|0|0|607026534034
1981|B|917|33548|0|0|1|1|619806780280
1982|B|917|33231|0|0|0|0|612661845345
1983|B|917|33439|0|0|0|0|618748662162
1984|B|916|32802|0|0|0|0|661202252252
1985|B|917|33452|0|0|1|1|618884224224
1986|B|918|33649|0|0|1|1|617625188188
1987|B|917|33457|0|0|0|0|618975546046
1988|B|917|33545|0|0|0|0|619733979479
1989|B|918|33600|0|0|0|0|618074777277
1990|B|917|33416|0|0|1|1|619582405405
1991|B|917|33393|0|0|0|0|619391678178
1992|B|918|33621|0|0|1|1|617874370370
1993|B|917|33554|0|0|1|1|619881880380
1994|B|917|33566|0|0|1|1|619910105105
1995|B|917|33580|0|0|1|1|620042570070
1996|B|917|33474|0|0|1|1|619082235235
1997|B|918|33617|0|0|1|1|617984713213
1998|B|917|33332|0|0|1|1|613572589089
1999|B|917|33413|0|0|0|0|619635926426
2000|B|917|33473|0|0|0|0|619060759259
2001|B|918|33935|0|0|1|1|607652773273
2002|B|917|33513|0|0|0|0|620553225225
2003|B|917|33538|0|0|1|1|620717250250
2004|B|917|33484|0|0|1|1|620292979479
2005|B|917|33404|0|0|1|1|619554708208
2006|B|917|33422|0|0|1|1|619657925425
2007|B|918|33587|0|0|1|1|619299651151
2008|B|917|33486|0|0|1|1|620244231231
2009|B|917|33543|0|0|0|0|619718736236
2010|B|917|33388|0|0|1|1|619341241241
2011|B|917|33472|0|0|1|1|619067514014
2012|B|917|33382|0|0|1|1|619270731231
2013|B|917|33429|0|0|0|0|618669700200
2014|B|917|33521|0|0|0|0|620610629129
2015|B|917|33483|0|0|0|0|620278198198
2016|B|917|33559|0|0|0|0|619867575075
2017|B|917|33546|0|0|1|1|619725744244
2018|B|917|33366|0|0|1|1|613881649149
2019|B|918|33711|0|0|1|1|617046167167
2020|B|918|33608|0|0|0|0|618066974474
2021|B|917|33529|0|0|0|0|620634204204
2022|B|916|33093|0|0|1|1|612393566066
2023|B|917|33390|0|0|1|1|619428822322
2024|B|917|33397|0|0|0|0|619494751251
2025|B|917|33512|0|0|1|1|620529416416
2026|B|917|33574|0|0|1|1|620000953453
2027|B|917|33265|0|0|0|0|614021842342
2028|B|917|33511|0|0|0|0|620538755255
2029|B|917|33429|0|0|0|0|618668276276
2030|B|918|34031|0|0|1|1|606846776276
2031|B|917|33506|0|0|1|1|620492990490
2032|B|918|33790|0|0|0|0|617378306306
2033|B|917|33500|0|0|1|1|620417648148
2034|B|917|33291|0|0|0|0|614307321321
2035|B|918|33603|0|0|1|1|618103719219
2036|B|917|33538|0|0|1|1|620716227227
2037|B|917|33400|0|0|1|1|619500052052
2038|B|917|33472|0|0|1|1|619068725225
2039|B|917|33495|0|0|0|0|620324222222
2040|B|917|33468|0|0|1|1|619097175175
2041|B|917|33331|0|0|0|0|613579472472
2042|B|917|33361|0|0|0|0|613919201201
2043|B|917|33486|0|0|1|1|620243274274
2044|B|918|33687|0|0|1|1|618383278278
2045|B|917|33432|0|0|1|1|618681884384
2046|B|917|33279|0|0|0|0|614146581081
2047|B|917|33369|0|0|0|0|619218950450
2048|B|917|33468|0|0|1|1|619094879379
2049|B|917|33458|0|0|1|1|618937808308
2050|B|917|33365|0|0|0|0|613889913413
2051|B|917|33542|0|0|1|1|619773618118
2052|B|917|33425|0|0|0|0|619666651151
2053|B|917|33492|0|0|1|1|620363652152
2054|B|918|33625|0|0|1|1|617913056056
2055|B|917|33380|0|0|1|1|619254086086
2056|B|917|33453|0|0|0|0|618875391391
2057|B|917|33429|0|0|0|0|618671184184
2058|B|917|33332|0|0|1|1|613570345345
2059|B|917|33269|0|0|0|0|614106386386
2060|B|917|33371|0|0|0|0|619236675175
2061|B|917|33458|0|0|1|1|618937436436
2062|B|917|33574|0|0|1|1|620001885385
2063|B|917|33429|0|0|0|0|618671254254
2064|B|916|33044|0|0|0|0|613108396396
2065|B|917|33413|0|0|0|0|619637960460
2066|B|917|33463|0|0|0|0|619048121121
2067|B|917|33222|0|0|1|1|612577954454
2068|B|917|33582|0|0|1|1|620059459459
2069|B|917|33561|0|0|0|0|619948908408
2070|B|917|33572|0|0|1|1|619983157157
2071|B|917|33404|0|0|1|1|619556758258
2072|B|917|33422|0|0|1|1|619655879379
2073|B|917|33562|0|0|1|1|619940104104
2074|B|917|33164|0|0|1|1|613142777277
2075|B|917|33436|0|0|1|1|618734874374
2076|B|917|33434|0|0|1|1|618765675175
2077|B|918|33667|0|0|1|1|618575945445
2078|B|917|33455|0|0|0|0|618959605105
2079|B|917|33407|0|0|0|0|619567638138
2080|B|918|33761|0|0|1|1|616591226226
2081|B|917|33259|0|0|0|0|613948744244
2082|B|917|33473|0|0|0|0|619057209209
2083|B|917|33442|0|0|1|1|618855282282
2084|B|917|33386|0|0|1|1|619324115115
2085|B|917|33471|0|0|0|0|619105196196
2086|B|917|33475|0|0|0|0|619075821321
2087|B|917|33504|0|0|1|1|620472390390
2088|B|917|33577|0|0|0|0|620093631131
2089|B|917|33534|0|0|1|1|620750168168
2090|B|917|33435|0|0|0|0|618776353353
2091|B|917|33444|0|0|1|1|618791594094
2092|B|917|33580|0|0|1|1|620041611111
2093|B|916|32975|0|0|1|1|613486951451
2094|B|918|33591|0|0|1|1|619207352352
2095|B|917|33502|0|0|1|1|620388638138
2096|B|917|33320|0|0|1|1|613543407407
2097|B|917|33372|0|0|1|1|619197872372
2098|B|918|33836|0|0|0|0|607578988488
2099|B|917|33443|0|0|0|0|618800474474
2100|B|917|33338|0|0|1|1|613640515015
2101|B|918|33935|0|0|1|1|607651713213
2102|B|917|33461|0|0|0|0|619028685185
2103|B|917|33377|0|0|0|0|619307918418
2104|B|917|33391|0|0|0|0|619421087087
2105|B|917|33349|0|0|0|0|613809696196
2106|B|917|33391|0|0|0|0|619420753253
2107|B|917|33542|0|0|1|1|619772362362
2108|B|917|33368|0|0|1|1|619226363363
2109|B|917|33421|0|0|0|0|619694948448
2110|B|917|33257|0|0|0|0|613994981481
2111|B|917|33401|0|0|0|0|619448134134
2112|B|917|33505|0|0|0|0|620467943443
2113|B|917|33367|0|0|0|0|613906504004
2114|B|917|33437|0|0|0|0|618728825325
2115|B|917|33370|0|0|1|1|619253778278
2116|B|917|33407|0|0|0|0|619454955455
2117|B|918|33635|0|0|1|1|617871505005
2118|B|917|33465|0|0|0|0|618974877377
2119|B|917|33557|0|0|0|0|619913694194
2120|B|917|33385|0|0|0|0|619395807307
2121|B|918|33639|0|0|1|1|617836413413
2122|B|917|33366|0|0|1|1|613868441441
2123|B|917|33469|0|0|0|0|619150994494
2124|B|917|33171|0|0|0|0|613234115115
2125|B|917|33448|0|0|1|1|618818924424
2126|B|917|33538|0|0|1|1|620664637137
2127|B|919|34125|0|0|0|0|611197164164
2128|B|919|34146|0|0|1|1|611004293293
2129|B|918|33782|0|0|0|0|617571357357
2130|B|917|33511|0|0|0|0|620584953453
2131|B|917|33546|0|0|1|1|619820418418
2132|B|917|33369|0|0|0|0|619281867367
2133|B|917|33536|0|0|1|1|620680116116
2134|B|917|33242|0|0|1|1|612828773273
2135|B|917|33214|0|0|1|1|612575526026
2136|B|917|33476|0|0|1|1|619084343343
2137|B|917|33551|0|0|0|0|619772560060
2138|B|919|34081|0|0|0|0|610536123123
2139|B|917|33582|0|0|1|1|620012074074
2140|B|917|33452|0|0|1|1|618831867367
2141|B|917|33435|0|0|0|0|618674548048
2142|B|917|33353|0|0|0|0|613724677177
2143|B|918|33598|0|0|0|0|618047891391
2144|B|917|33523|0|0|0|0|620555351351
2145|B|917|33257|0|0|0|0|614018520020
2146|B|917|33413|0|0|0|0|619648281281
2147|B|919|34186|0|0|1|1|611669768268
2148|B|917|33584|0|0|1|1|620174691191
2149|B|917|33416|0|0|1|1|619702020020
2150|B|917|33529|0|0|0|0|620744893393
2151|B|917|33458|0|0|1|1|619037110110
2152|B|917|33149|0|0|0|0|612893983483
2153|B|917|33378|0|0|1|1|619197944444
2154|B|917|33510|0|0|1|1|620411193193
2155|B|917|33455|0|0|0|0|619015586086
2156|B|918|33738|0|0|0|0|616909094094
2157|B|917|33579|0|0|0|0|620024196196
2158|B|917|33519|0|0|0|0|620526085085
2159|B|917|33519|0|0|0|0|620526118118
2160|B|917|33194|0|0|1|1|613349663163
2161|B|917|33498|0|0|1|1|620456352352
2162|B|917|33455|0|0|0|0|619015321321
2163|B|917|33427|0|0|0|0|618731802302
2164|B|917|33437|0|0|0|0|618722443443
2165|B|917|33346|0|0|1|1|613790308308
2166|B|917|33407|0|0|0|0|619456413413
2167|B|918|33598|0|0|0|0|618048635135
2168|B|918|33591|0|0|1|1|619291042042
2169|B|917|33390|0|0|1|1|619334024024
2170|B|917|33458|0|0|1|1|619037449449
2171|B|916|32901|0|0|1|1|661032545045
2172|B|917|33431|0|0|0|0|618760851351
2173|B|918|33703|0|0|1|1|618164873373
2174|B|917|33521|0|0|0|0|620507365365
2175|B|916|32754|0|0|0|0|661789421421
2176|B|917|33407|0|0|0|0|619456087087
2177|B|916|32948|0|0|0|0|614278083083
2178|B|917|33524|0|0|1|1|620529569069
2179|B|917|33449|0|0|0|0|618792890390
2180|B|917|33434|0|0|1|1|618684915415
2181|B|917|33464|0|0|1|1|618930852352
2182|B|917|33492|0|0|1|1|620236581081
2183|B|917|33463|0|0|0|0|618929870370
2184|B|917|33464|0|0|1|1|618930887387
2185|B|917|33500|0|0|1|1|620440776276
2186|B|917|33406|0|0|1|1|619447577077
2187|B|917|33452|0|0|1|1|618828810310
2188|B|917|33370|0|0|1|1|619256059059
2189|B|918|33607|0|0|1|1|618130873373
2190|B|917|33502|0|0|1|1|620467613113
2191|B|917|33484|0|0|1|1|620302478478
2192|B|917|33223|0|0|0|0|612557927427
2193|B|917|33338|0|0|1|1|613588608108
2194|B|916|32946|0|0|0|0|614265378378
2195|B|917|33426|0|0|1|1|618754306306
2196|B|917|33569|0|0|0|0|620066507007
2197|B|917|33483|0|0|0|0|620318652152
2198|B|917|33560|0|0|1|1|619952021021
2199|B|917|33387|0|0|0|0|619444478478
2200|B|917|33532|0|0|1|1|620735287287
2201|B|718|382|1|1|0|0|721396029029
2202|B|704|358|1|1|0|0|700781302302
2203|B|713|374|1|1|1|1|709549006006
2204|B|701|353|1|1|0|0|704124747247
2205|B|710|368|1|1|0|0|711149649149
2206|B|713|373|1|1|0|0|709541377377
2207|B|764|486|0|0|0|0|768391333333
2208|B|752|455|0|0|1|1|753671000000
2209|B|775|517|0|0|0|0|779677842342
2210|B|721|389|0|0|0|0|718201365365
2211|W|764|1888|1|1|0|1|746646857357
2212|W|774|1915|1|1|1|0|791641478478
2213|W|788|1958|1|1|0|1|803527639139
2214|W|798|1993|1|1|1|0|780569688188
2215|W|798|1993|1|1|1|0|780569723223
2216|W|799|1997|1|1|0|1|780753085085
2217|W|800|2000|1|1|0|1|783686295295
2218|W|806|2024|1|1|0|1|823194020020
2219|W|832|2255|1|1|1|0|816705245245
2220|W|830|2267|1|1|1|0|809807910410
2221|W|819|2320|1|1|1|0|831857962462
2222|W|806|2373|1|1|1|0|826790616116
2223|P|718|382|1|1|0|1|721397387387
2224|P|704|358|1|1|0|1|700781824324
2225|P|718|382|1|1|0|1|721397461461
2226|P|704|358|1|1|0|1|700782046046
2227|P|718|382|1|1|0|1|721397271271
2228|P|704|358|1|1|0|1|700781980480
2229|P|718|382|1|1|0|1|721397329329
2230|P|704|358|1|1|0|1|700782170170
2231|P|850|382|1|1|0|1|849244175175
2232|P|840|358|1|1|0|1|841106816316
2233|P|718|6600|1|1|0|1|693551437437
2234|P|704|6603|1|1|1|0|711701134134
2235|P|718|6600|1|1|0|1|693551503003
2236|P|704|358|1|1|0|1|700782228228
2237|P|718|382|1|1|0|1|721397081081
2238|P|704|358|1|1|0|1|700782418418
2239|P|718|382|1|1|0|1|721396891391
2240|P|704|358|1|1|0|1|700782352352
2241|F|896|442|1|1|0|1|895158063063
2242|F|902|456|1|1|0|1|905818028028
2243|F|939|563|1|1|0|1|934793300300
2244|F|1000|15354|1|1|1|0|872289012012
2245|F|1000|10150|1|1|1|0|1041693811311
2246|F|1000|11942|1|1|0|1|1024709714214
2247|F|1000|9754|1|1|0|1|1053718097097
2248|F|875|3955|1|1|0|1|906996017017
2249|F|973|7014|1|1|1|0|975821024024
2250|F|934|5476|1|1|0|1|894724196196
2251|F|972|6950|1|1|0|1|975412449449
2252|F|1000|15115|1|1|0|1|870291268268
2253|F|928|10520|1|1|0|1|848418419419
2254|F|1000|22487|1|1|1|0|936855330330
2255|F|1000|18304|1|1|1|0|832114857357
2256|F|1000|17750|1|1|1|0|841909784284
2257|F|1000|20166|1|1|0|1|815549927427
2258|F|912|9653|0|1|1|0|857378918418
2259|F|1000|17077|1|1|1|0|852280205205
2260|F|1000|23790|1|1|0|1|916010692192
2261|F|993|16113|1|1|0|1|870390384384
2262|F|1000|17518|1|1|1|0|839844482482
2263|F|1000|23002|1|1|0|1|923753025025
2264|F|1000|20338|1|1|1|0|813980064064
2265|F|964|13132|1|1|0|1|1046100523023
2266|F|980|14677|1|1|1|0|846087330330
2267|F|889|8510|0|1|1|0|811306622122
2268|F|951|12093|1|1|0|1|1043531321321
2269|F|1000|19135|1|1|1|0|837609811311
2270|F|901|9094|0|1|1|0|827092029029
2271|F|960|12802|0|1|0|1|1043931121121
2272|F|1000|21101|1|1|0|1|806466656156
2273|F|941|5706|0|0|1|0|990473992492
2274|F|1000|119869|0|0|0|1|2048175262262
2275|F|1000|10986|0|0|1|0|1033500085085
2276|F|1000|154395|0|0|1|0|1877625324324
2277|F|906|4671|1|1|1|0|881823885385
2278|F|967|13480|0|1|1|0|1056783631131
2279|F|977|14407|1|1|0|1|1037812386386
2280|F|924|10326|1|1|0|1|850917212212
2281|F|953|12292|0|1|1|0|1047900220220
2282|F|929|10616|0|0|1|0|848299061061
2283|F|976|14248|1|1|0|1|1038575301301
2284|F|897|8866|1|1|1|0|833578727227
2285|F|938|11174|1|1|0|1|838163421421
2286|F|963|13107|1|1|0|1|1045199571071
2287|F|931|538|1|1|1|0|926400168168
2288|F|924|516|1|1|0|1|928646052052
2289|F|973|702|1|1|1|0|966625240240
2290|F|973|702|1|1|1|0|966625209209
