t 59 13 82 0
t 59 13 58 1
t 59 13 77 1
t 59 13 29 1
t 59 13 66 1
t 59 13 44 1
t 59 13 95 1
t 59 82 13 1
t 59 82 58 1
t 59 82 77 1
t 59 82 29 1
t 59 82 66 1
t 59 82 44 1
t 59 82 95 1
t 59 58 13 0
t 59 58 82 0
t 59 58 77 0
t 59 58 29 0
t 59 58 66 1
t 59 58 44 0
t 59 58 95 0
t 59 77 13 0
t 59 77 82 0
t 59 77 58 1
t 59 77 29 1
t 59 77 66 1
t 59 77 44 1
t 59 77 95 1
t 59 29 13 0
t 59 29 82 0
t 59 29 58 1
t 59 29 77 0
t 59 29 66 1
t 59 29 44 0
t 59 29 95 1
t 59 66 13 0
t 59 66 82 0
t 59 66 58 0
t 59 66 77 0
t 59 66 29 0
t 59 66 44 0
t 59 66 95 0
t 59 44 13 0
t 59 44 82 0
t 59 44 58 1
t 59 44 77 0
t 59 44 29 1
t 59 44 66 1
t 59 44 95 1
t 59 95 13 0
t 59 95 82 0
t 59 95 58 1
t 59 95 77 0
t 59 95 29 0
t 59 95 66 1
t 59 95 44 0
t 31 13 82 1
t 31 13 58 1
t 31 13 77 0
t 31 13 29 0
t 31 13 66 1
t 31 13 44 0
t 31 13 95 1
t 31 82 13 0
t 31 82 58 1
t 31 82 77 0
t 31 82 29 0
t 31 82 66 1
t 31 82 44 0
t 31 82 95 1
t 31 58 13 0
t 31 58 82 0
t 31 58 77 0
t 31 58 29 0
t 31 58 66 1
t 31 58 44 0
t 31 58 95 0
t 31 77 13 1
t 31 77 82 1
t 31 77 58 1
t 31 77 29 0
t 31 77 66 1
t 31 77 44 0
t 31 77 95 1
t 31 29 13 1
t 31 29 82 1
t 31 29 58 1
t 31 29 77 1
t 31 29 66 1
t 31 29 44 1
t 31 29 95 1
t 31 66 13 0
t 31 66 82 0
t 31 66 58 0
t 31 66 77 0
t 31 66 29 0
t 31 66 44 0
t 31 66 95 0
t 31 44 13 1
t 31 44 82 1
t 31 44 58 1
t 31 44 77 1
t 31 44 29 0
t 31 44 66 1
t 31 44 95 1
t 31 95 13 0
t 31 95 82 0
t 31 95 58 1
t 31 95 77 0
t 31 95 29 0
t 31 95 66 1
t 31 95 44 0
