SR 44100
DUR_S 30
BED 0.0 30.0 110.0 250
EVENT 2.0 0.35 440.00 700 6 0.0 5.5 15
EVENT 2.0 0.35 440.00 700 6 0.0 5.5 15
EVENT 2.0 0.35 440.00 700 6 0.0 5.5 15
EVENT 2.0 0.35 440.00 700 6 0.0 5.5 15
EVENT 2.0 0.35 440.00 700 6 0.0 5.5 15
EVENT 2.0 0.35 440.00 700 6 0.0 5.5 15
EVENT 2.0 0.35 440.00 700 6 0.0 5.5 15
EVENT 2.0 0.35 440.00 700 6 0.0 5.5 15
EVENT 2.0 0.35 440.00 700 6 0.0 5.5 15
EVENT 2.0 0.35 440.00 700 6 0.0 5.5 15
EVENT 2.0 0.35 440.00 700 6 0.0 5.5 15
EVENT 2.0 0.35 440.00 700 6 0.0 5.5 15
EVENT 2.0 0.35 440.00 700 6 0.0 5.5 15
EVENT 2.0 0.35 440.00 700 6 0.0 5.5 15
EVENT 2.0 0.35 440.00 700 6 0.0 5.5 15
EVENT 2.0 0.35 440.00 700 6 0.0 5.5 15
EVENT 2.0 0.35 440.00 700 6 0.0 5.5 15
EVENT 2.0 0.35 440.00 700 6 0.0 5.5 15
EVENT 2.0 0.35 440.00 700 6 0.0 5.5 15
EVENT 2.0 0.35 440.00 700 6 0.0 5.5 15
EVENT 2.0 0.35 440.00 700 6 0.0 5.5 15
EVENT 2.0 0.35 440.00 700 6 0.0 5.5 15
EVENT 2.0 0.35 440.00 700 6 0.0 5.5 15
EVENT 2.0 0.35 440.00 700 6 0.0 5.5 15
EVENT 2.0 0.35 440.00 700 6 0.0 5.5 15
EVENT 2.0 0.35 440.00 700 6 0.0 5.5 15
EVENT 2.0 0.35 440.00 700 6 0.0 5.5 15
EVENT 2.0 0.35 440.00 700 6 0.0 5.5 15
EVENT 2.0 0.35 440.00 700 6 0.0 5.5 15
EVENT 2.0 0.35 440.00 700 6 0.0 5.5 15
EVENT 2.0 0.35 440.00 700 6 0.0 5.5 15
EVENT 2.0 0.35 440.00 700 6 0.0 5.5 15
EVENT 2.0 0.35 440.00 700 6 0.0 5.5 15
EVENT 2.0 0.35 440.00 700 6 0.0 5.5 15
EVENT 2.0 0.35 440.00 700 6 0.0 5.5 15
EVENT 2.0 0.35 440.00 700 6 0.0 5.5 15
EVENT 2.0 0.35 440.00 700 6 0.0 5.5 15
EVENT 2.0 0.35 440.00 700 6 0.0 5.5 15
EVENT 2.0 0.35 440.00 700 6 0.0 5.5 15
EVENT 2.0 0.35 440.00 700 6 0.0 5.5 15
EVENT 2.0 0.35 440.00 700 6 0.0 5.5 15
EVENT 2.0 0.35 440.00 700 6 0.0 5.5 15
EVENT 2.0 0.35 440.00 700 6 0.0 5.5 15
EVENT 2.0 0.35 440.00 700 6 0.0 5.5 15
EVENT 2.0 0.35 440.00 700 6 0.0 5.5 15
EVENT 2.0 0.35 440.00 700 6 0.0 5.5 15
EVENT 2.0 0.35 440.00 700 6 0.0 5.5 15
EVENT 2.0 0.35 440.00 700 6 0.0 5.5 15
EVENT 2.0 0.35 440.00 700 6 0.0 5.5 15
EVENT 2.0 0.35 440.00 700 6 0.0 5.5 15
EVENT 2.0 0.35 440.00 700 6 0.0 5.5 15
EVENT 2.0 0.35 440.00 700 6 0.0 5.5 15
EVENT 2.0 0.35 440.00 700 6 0.0 5.5 15
EVENT 2.0 0.35 440.00 700 6 0.0 5.5 15
EVENT 2.0 0.35 440.00 700 6 0.0 5.5 15
EVENT 2.0 0.35 440.00 700 6 0.0 5.5 15
EVENT 2.0 0.35 440.00 700 6 0.0 5.5 15
EVENT 2.0 0.35 440.00 700 6 0.0 5.5 15
EVENT 2.0 0.35 440.00 700 6 0.0 5.5 15
EVENT 2.0 0.35 440.00 700 6 0.0 5.5 15
EVENT 2.0 0.35 440.00 700 6 0.0 5.5 15
EVENT 2.0 0.35 440.00 700 6 0.0 5.5 15
EVENT 2.0 0.35 440.00 700 6 0.0 5.5 15
EVENT 2.0 0.35 440.00 700 6 0.0 5.5 15
EVENT 2.0 0.35 440.00 700 6 0.0 5.5 15
EVENT 2.0 0.35 440.00 700 6 0.0 5.5 15
EVENT 2.0 0.35 440.00 700 6 0.0 5.5 15
EVENT 2.0 0.35 440.00 700 6 0.0 5.5 15
EVENT 2.0 0.35 440.00 700 6 0.0 5.5 15
EVENT 2.0 0.35 440.00 700 6 0.0 5.5 15
EVENT 2.0 0.35 440.00 700 6 0.0 5.5 15
EVENT 2.0 0.35 440.00 700 6 0.0 5.5 15
EVENT 2.0 0.35 440.00 700 6 0.0 5.5 15
EVENT 2.0 0.35 440.00 700 6 0.0 5.5 15
EVENT 2.0 0.35 440.00 700 6 0.0 5.5 15
EVENT 2.0 0.35 440.00 700 6 0.0 5.5 15
EVENT 2.0 0.35 440.00 700 6 0.0 5.5 15
EVENT 2.0 0.35 440.00 700 6 0.0 5.5 15
EVENT 2.0 0.35 440.00 700 6 0.0 5.5 15
EVENT 2.0 0.35 440.00 700 6 0.0 5.5 15
EVENT 2.0 0.35 440.00 700 6 0.0 5.5 15
EVENT 2.0 0.35 440.00 700 6 0.0 5.5 15
EVENT 2.0 0.35 440.00 700 6 0.0 5.5 15
EVENT 2.0 0.35 440.00 700 6 0.0 5.5 15
EVENT 2.0 0.35 440.00 700 6 0.0 5.5 15
EVENT 2.0 0.35 440.00 700 6 0.0 5.5 15
EVENT 2.0 0.35 440.00 700 6 0.0 5.5 15
EVENT 2.0 0.35 440.00 700 6 0.0 5.5 15
EVENT 2.0 0.35 440.00 700 6 0.0 5.5 15
EVENT 2.0 0.35 440.00 700 6 0.0 5.5 15
EVENT 2.0 0.35 440.00 700 6 0.0 5.5 15
EVENT 2.0 0.35 440.00 700 6 0.0 5.5 15
EVENT 2.0 0.35 440.00 700 6 0.0 5.5 15
EVENT 2.0 0.35 440.00 700 6 0.0 5.5 15
EVENT 2.0 0.35 440.00 700 6 0.0 5.5 15
EVENT 2.0 0.35 440.00 700 6 0.0 5.5 15
EVENT 2.0 0.35 440.00 700 6 0.0 5.5 15
EVENT 2.0 0.35 440.00 700 6 0.0 5.5 15
EVENT 2.0 0.35 440.00 700 6 0.0 5.5 15
EVENT 2.0 0.35 440.00 700 6 0.0 5.5 15
EVENT 2.0 0.35 440.00 700 6 0.0 5.5 15
EVENT 2.0 0.35 440.00 700 6 0.0 5.5 15
EVENT 2.0 0.35 440.00 700 6 0.0 5.5 15
EVENT 2.0 0.35 440.00 700 6 0.0 5.5 15
EVENT 2.0 0.35 440.00 700 6 0.0 5.5 15
EVENT 2.0 0.35 440.00 700 6 0.0 5.5 15
EVENT 2.0 0.35 440.00 700 6 0.0 5.5 15
EVENT 2.0 0.35 440.00 700 6 0.0 5.5 15
EVENT 2.0 0.35 440.00 700 6 0.0 5.5 15
EVENT 2.0 0.35 440.00 700 6 0.0 5.5 15
EVENT 2.0 0.35 440.00 700 6 0.0 5.5 15
EVENT 2.0 0.35 440.00 700 6 0.0 5.5 15
EVENT 2.0 0.35 440.00 700 6 0.0 5.5 15
EVENT 2.0 0.35 440.00 700 6 0.0 5.5 15
EVENT 2.0 0.35 440.00 700 6 0.0 5.5 15
EVENT 2.0 0.35 440.00 700 6 0.0 5.5 15
EVENT 2.0 0.35 440.00 700 6 0.0 5.5 15
EVENT 2.0 0.35 440.00 700 6 0.0 5.5 15
EVENT 2.0 0.35 440.00 700 6 0.0 5.5 15
EVENT 2.0 0.35 440.00 700 6 0.0 5.5 15
EVENT 2.0 0.35 440.00 700 6 0.0 5.5 15
EVENT 2.0 0.35 440.00 700 6 0.0 5.5 15
EVENT 2.0 0.35 440.00 700 6 0.0 5.5 15
EVENT 2.0 0.35 440.00 700 6 0.0 5.5 15
EVENT 2.0 0.35 440.00 700 6 0.0 5.5 15
EVENT 2.0 0.35 440.00 700 6 0.0 5.5 15
EVENT 2.0 0.35 440.00 700 6 0.0 5.5 15
EVENT 2.0 0.35 440.00 700 6 0.0 5.5 15
EVENT 2.0 0.35 440.00 700 6 0.0 5.5 15
EVENT 2.0 0.35 440.00 700 6 0.0 5.5 15
EVENT 2.0 0.35 440.00 700 6 0.0 5.5 15
EVENT 2.0 0.35 440.00 700 6 0.0 5.5 15
EVENT 2.0 0.35 440.00 700 6 0.0 5.5 15
EVENT 2.0 0.35 440.00 700 6 0.0 5.5 15
EVENT 2.0 0.35 440.00 700 6 0.0 5.5 15
EVENT 2.0 0.35 440.00 700 6 0.0 5.5 15
EVENT 2.0 0.35 440.00 700 6 0.0 5.5 15
EVENT 2.0 0.35 440.00 700 6 0.0 5.5 15
EVENT 2.0 0.35 440.00 700 6 0.0 5.5 15
EVENT 2.0 0.35 440.00 700 6 0.0 5.5 15
EVENT 2.0 0.35 440.00 700 6 0.0 5.5 15
EVENT 2.0 0.35 440.00 700 6 0.0 5.5 15
EVENT 2.0 0.35 440.00 700 6 0.0 5.5 15
EVENT 2.0 0.35 440.00 700 6 0.0 5.5 15
EVENT 2.0 0.35 440.00 700 6 0.0 5.5 15
EVENT 2.0 0.35 440.00 700 6 0.0 5.5 15
EVENT 2.0 0.35 440.00 700 6 0.0 5.5 15
EVENT 2.0 0.35 440.00 700 6 0.0 5.5 15
EVENT 2.0 0.35 440.00 700 6 0.0 5.5 15
EVENT 2.0 0.35 440.00 700 6 0.0 5.5 15
EVENT 2.0 0.35 440.00 700 6 0.0 5.5 15
EVENT 2.0 0.35 440.00 700 6 0.0 5.5 15
EVENT 2.0 0.35 440.00 700 6 0.0 5.5 15
EVENT 2.0 0.35 440.00 700 6 0.0 5.5 15
EVENT 2.0 0.35 440.00 700 6 0.0 5.5 15
EVENT 2.0 0.35 440.00 700 6 0.0 5.5 15
EVENT 2.0 0.35 440.00 700 6 0.0 5.5 15
EVENT 2.0 0.35 440.00 700 6 0.0 5.5 15
EVENT 2.0 0.35 440.00 700 6 0.0 5.5 15
EVENT 2.0 0.35 440.00 700 6 0.0 5.5 15
EVENT 2.0 0.35 440.00 700 6 0.0 5.5 15
EVENT 2.0 0.35 440.00 700 6 0.0 5.5 15
EVENT 2.0 0.35 440.00 700 6 0.0 5.5 15
EVENT 2.0 0.35 440.00 700 6 0.0 5.5 15
EVENT 2.0 0.35 440.00 700 6 0.0 5.5 15
EVENT 2.0 0.35 440.00 700 6 0.0 5.5 15
EVENT 2.0 0.35 440.00 700 6 0.0 5.5 15
EVENT 2.0 0.35 440.00 700 6 0.0 5.5 15
EVENT 2.0 0.35 440.00 700 6 0.0 5.5 15
EVENT 2.0 0.35 440.00 700 6 0.0 5.5 15
EVENT 2.0 0.35 440.00 700 6 0.0 5.5 15
EVENT 2.0 0.35 440.00 700 6 0.0 5.5 15
EVENT 2.0 0.35 440.00 700 6 0.0 5.5 15
EVENT 2.0 0.35 440.00 700 6 0.0 5.5 15
EVENT 2.0 0.35 440.00 700 6 0.0 5.5 15
EVENT 2.0 0.35 440.00 700 6 0.0 5.5 15
EVENT 2.0 0.35 440.00 700 6 0.0 5.5 15
EVENT 2.0 0.35 440.00 700 6 0.0 5.5 15
EVENT 2.0 0.35 440.00 700 6 0.0 5.5 15
EVENT 2.0 0.35 440.00 700 6 0.0 5.5 15
EVENT 2.0 0.35 440.00 700 6 0.0 5.5 15
EVENT 2.0 0.35 440.00 700 6 0.0 5.5 15
EVENT 2.0 0.35 440.00 700 6 0.0 5.5 15
EVENT 2.0 0.35 440.00 700 6 0.0 5.5 15
EVENT 2.0 0.35 440.00 700 6 0.0 5.5 15
EVENT 2.0 0.35 440.00 700 6 0.0 5.5 15
EVENT 2.0 0.35 440.00 700 6 0.0 5.5 15
EVENT 2.0 0.35 440.00 700 6 0.0 5.5 15
EVENT 2.0 0.35 440.00 700 6 0.0 5.5 15
EVENT 2.0 0.35 440.00 700 6 0.0 5.5 15
EVENT 2.0 0.35 440.00 700 6 0.0 5.5 15
EVENT 2.0 0.35 440.00 700 6 0.0 5.5 15
EVENT 2.0 0.35 440.00 700 6 0.0 5.5 15
EVENT 2.0 0.35 440.00 700 6 0.0 5.5 15
EVENT 2.0 0.35 440.00 700 6 0.0 5.5 15
EVENT 2.0 0.35 440.00 700 6 0.0 5.5 15
EVENT 2.0 0.35 440.00 700 6 0.0 5.5 15
EVENT 2.0 0.35 440.00 700 6 0.0 5.5 15
EVENT 2.0 0.35 440.00 700 6 0.0 5.5 15
EVENT 2.0 0.35 440.00 700 6 0.0 5.5 15
