BED 0.0 30.0 110.0 250
EVENT 2.0 0.35 440.00 700 6 0.0 5.5 15
EVENT 2.4 0.35 554.37 700 6 0.0 5.5 15
EVENT 2.8 0.35 659.25 700 6 0.0 5.5 15
EVENT 3.2 0.35 554.37 700 6 0.0 5.5 15
EVENT 3.6 0.35 440.00 700 6 0.0 5.5 15
EVENT 4.0 0.35 369.99 700 6 0.0 5.5 15
EVENT 4.4 0.35 329.63 700 6 0.0 5.5 15
EVENT 4.8 0.35 440.00 700 6 0.0 5.5 15
EVENT 6.0 2.8 329.63 350 4 0.0 5.0 10
EVENT 9.5 2.8 392.00 350 4 0.0 5.0 10
EVENT 12.5 2.3 440.00 300 4 0.0 5.0 10
EVENT 16.0 2.3 369.99 350 4 0.0 5.0 10
EVENT 18.5 2.3 293.66 300 4 0.0 5.0 10
EVENT 21.0 1.8 329.63 320 4 0.0 5.0 10
EVENT 24.0 0.35 440.00 700 6 0.0 5.5 15
EVENT 24.4 0.35 554.37 700 6 0.0 5.5 15
EVENT 24.8 0.35 659.25 700 6 0.0 5.5 15
EVENT 25.2 0.35 554.37 700 6 0.0 5.5 15
EVENT 25.6 0.35 440.00 700 6 0.0 5.5 15
EVENT 26.0 0.35 369.99 700 6 0.0 5.5 15
EVENT 26.4 0.35 329.63 700 6 0.0 5.5 15
EVENT 26.8 0.35 440.00 700 6 0.0 5.5 15
EVENT 27.5 1.8 220.00 300 4 0.0 5.0 10
