N15_COLUMNS,pop,arm,parent_updates,parent_old,final_old,old_lost,old_rescued,parent_new,final_new,new_gain,proposals,accepted,rejected,skipped,anchor_loss
N15_SMOKE,0,0,140,501,501,0,0,174,174,0,0,0,0,1536,0
N15_SMOKE,0,1,140,501,141,360,0,174,495,321,96,96,0,1440,69
N15_SMOKE,0,2,140,501,125,382,6,174,428,254,37,37,0,1499,78
N15_SMOKE,0,3,140,501,146,355,0,174,450,276,76,76,0,1460,69
N15_SMOKE,0,4,140,501,501,4,4,174,172,-2,1025,5,1020,511,0
N15_SMOKE,0,5,140,501,496,10,5,174,185,11,996,8,988,540,0
N15_SMOKE,0,6,140,501,459,48,6,174,217,43,908,16,892,628,4
N15_SMOKE,0,7,140,501,482,19,0,174,275,101,729,27,702,807,4
N15_SMOKE,0,8,140,501,350,151,0,174,492,318,120,96,24,1416,32
N15_SMOKE,0,9,140,501,161,340,0,174,495,321,96,96,0,1440,69
N15_SMOKE,0,10,140,501,484,19,2,174,201,27,945,4,941,591,0
N15_SMOKE,0,11,140,501,488,15,2,174,202,28,966,5,961,570,2
R33_N15_SMOKE_COMPLETE
