SPECSTAT1
12 488
180.000 255.160 361.702 512.732 726.826 1030.314 1460.525 2070.373 2934.864 4160.326 5897.485 8360.000
0.002678490 0.000000000 -0.002678490 -1.988631900 0.989314738
0.003792652 0.000000000 -0.003792652 -1.983517943 0.984886930
0.005367760 0.000000000 -0.005367760 -1.975902315 0.978644213
0.007591996 0.000000000 -0.007591996 -1.964378790 0.969862570
0.010727842 0.000000000 -0.010727842 -1.946604429 0.957548978
0.015138883 0.000000000 -0.015138883 -1.918585672 0.940361212
0.021323712 0.000000000 -0.021323712 -1.873399927 0.916523955
0.029956095 0.000000000 -0.029956095 -1.798968016 0.883765092
0.041926879 0.000000000 -0.041926879 -1.674427380 0.839323936
0.058375577 0.000000000 -0.058375577 -1.465150386 0.780128523
0.080685493 0.000000000 -0.080685493 -1.119196072 0.703298623
0.110393466 0.000000000 -0.110393466 -0.577615287 0.607173004
4.410302814e-04 6.310137528e-04 9.044356628e-04 1.272750519e-03 1.821375031e-03 2.559953457e-03 3.613446453e-03 5.174976148e-03 7.294875998e-03 1.031016193e-02 1.459012421e-02 2.065364340e-02
0.6967 1.0451 1.2500 1.2602 1.5676 1.5164 1.4754 1.3217 1.2193 1.2090 1.4037 1.4242
0.1647 0.1742 0.1816 0.2294 0.2823 0.3628 0.3749 0.3690 0.3461 0.3215 0.3055 0.2981
290 65
335 60
365 40
315 65
40 70
1.025651 0.818137 1.554472 0.825228 3.093878
1.210773e-05 1.192796e-05 2.219113e-05 5.851793e-05 1.681279e-04 5.245417e-05 2.941751e-05 4.787788e-05 6.286165e-05 2.973216e-05 1.000375e-05 4.351409e-06
1.592634e-05 2.221092e-05 2.892788e-05 5.226917e-05 1.324304e-04 4.915539e-04 2.705969e-04 1.973802e-04 1.723163e-04 8.700721e-05 3.218844e-05 1.452864e-05
9.943277e-06 1.256755e-05 1.969046e-05 4.288555e-05 1.153725e-04 4.190564e-04 4.451618e-04 3.998323e-04 2.788061e-04 1.268915e-04 4.580637e-05 2.179149e-05
1.127244e-05 2.207337e-05 4.001867e-05 3.719778e-05 8.096969e-05 2.684887e-04 4.668625e-04 3.875697e-04 2.519542e-04 1.268800e-04 5.084094e-05 2.534215e-05
9.493325e-06 1.325202e-05 2.548700e-05 4.308845e-05 1.019646e-04 3.338810e-04 8.598825e-04 6.201606e-04 2.856520e-04 1.134583e-04 4.547889e-05 2.268260e-05
7.050205e-06 1.068691e-05 1.575820e-05 3.328149e-05 7.755891e-05 2.530272e-04 3.418832e-04 3.139571e-04 1.349318e-04 6.630240e-05 2.424643e-05 1.155463e-05
1.722119e-05 1.731037e-05 1.727755e-05 7.277189e-06 7.801352e-06 1.630393e-05 2.738783e-05 3.567059e-05 2.056472e-05 2.838656e-05 8.408542e-06 3.281602e-06
8.617026e-06 9.017451e-06 8.393891e-06 5.811977e-06 6.032749e-06 1.038866e-05 1.301714e-05 1.465074e-05 5.893490e-06 5.662666e-06 2.234871e-06 1.506263e-06
7.838436e-06 8.998425e-06 1.388632e-05 1.266225e-05 2.780300e-05 2.624859e-05 1.409608e-05 1.443283e-05 7.674107e-06 7.620751e-06 1.014378e-05 4.453337e-06
9.022389e-06 1.026752e-05 1.330361e-05 1.118732e-05 1.734241e-05 1.859584e-05 8.967393e-06 6.408390e-06 4.490549e-06 7.830235e-06 3.111404e-06 1.184911e-06
1.222434e-05 1.218125e-05 9.981547e-06 1.097401e-05 1.345212e-05 6.559306e-06 4.344997e-06 4.292134e-06 7.792794e-06 2.410949e-05 6.344718e-06 2.251592e-06
1.330644e-05 1.924173e-05 1.976499e-05 2.213476e-05 4.954265e-05 1.576536e-05 7.287717e-06 4.287023e-06 4.597524e-06 1.014054e-05 2.808292e-06 1.068736e-06
1.487668e-05 2.337933e-05 3.548582e-05 4.937168e-05 1.170819e-04 3.639056e-04 1.134347e-03 7.086077e-04 2.194080e-04 1.048209e-04 4.434528e-05 2.469857e-05
1.619832e-05 2.507770e-05 4.443699e-05 7.529865e-05 1.851371e-04 6.323510e-04 1.930744e-03 1.998034e-03 7.493105e-04 3.551091e-04 1.318123e-04 6.543573e-05
1.477004e-05 2.230572e-05 3.889012e-05 7.479238e-05 1.938838e-04 7.713914e-04 1.361468e-03 1.496487e-03 6.015521e-04 2.979687e-04 1.071719e-04 5.127360e-05
1.971167e-05 2.837623e-05 5.989496e-05 1.393760e-04 4.447133e-04 1.286893e-03 1.198728e-03 1.071473e-03 4.838587e-04 2.103027e-04 7.780994e-05 3.829577e-05
1.371402e-05 1.693736e-05 3.443506e-05 7.953140e-05 1.740358e-04 6.419919e-04 1.346464e-03 8.187015e-04 2.365298e-04 1.066990e-04 4.523300e-05 2.374566e-05
1.986378e-05 2.633848e-05 5.231473e-05 1.241493e-04 3.328089e-04 1.244448e-03 2.437162e-03 9.885490e-04 2.836820e-04 1.208000e-04 5.764410e-05 3.190045e-05
2.162896e-05 3.475558e-05 7.010092e-05 1.680615e-04 4.756803e-04 2.003520e-03 2.837778e-03 1.596853e-03 4.916249e-04 1.879421e-04 8.930773e-05 4.777697e-05
1.970363e-05 1.100746e-05 1.138301e-05 1.664427e-05 2.624279e-05 5.147434e-05 6.629609e-05 4.961456e-05 3.000138e-05 2.459446e-05 8.255612e-06 3.447244e-06
1.232890e-05 1.069270e-05 1.989947e-05 2.702894e-05 6.508705e-05 5.046132e-05 5.102156e-05 6.680991e-05 3.358326e-05 2.431128e-05 8.258738e-06 3.525917e-06
1.667302e-05 1.683332e-05 2.699891e-05 6.161775e-05 1.048971e-04 2.486528e-04 4.768678e-04 1.419679e-03 7.414738e-04 2.405444e-04 1.011976e-04 4.855207e-05
1.767806e-05 3.071726e-05 3.719206e-05 8.014290e-05 1.668965e-04 3.811588e-04 1.046934e-03 7.235887e-04 3.479852e-04 1.318938e-04 5.510257e-05 3.007430e-05
1.568359e-05 2.702544e-05 3.205081e-05 6.804845e-05 1.892218e-04 2.911315e-04 6.750278e-04 6.799941e-04 4.587724e-04 1.538843e-04 6.169850e-05 2.955903e-05
2.008217e-05 3.207035e-05 5.594960e-05 1.358282e-04 4.194764e-04 8.145829e-04 8.276557e-04 7.026557e-04 4.007855e-04 1.903521e-04 6.997672e-05 3.211931e-05
3.076891e-05 4.712096e-05 8.437215e-05 1.484132e-04 4.240784e-04 1.339718e-03 1.550282e-03 1.016008e-03 4.476713e-04 2.523557e-04 9.481924e-05 4.356421e-05
1.625685e-05 4.336604e-05 7.384090e-05 8.104891e-05 1.997726e-04 5.060130e-04 3.406422e-04 2.620372e-04 1.298637e-04 7.483543e-05 3.184163e-05 1.537232e-05
1.476969e-05 1.516467e-05 2.729534e-05 5.791282e-05 1.421302e-04 5.444914e-04 5.117315e-04 3.035623e-04 3.252859e-04 1.437486e-04 5.132376e-05 2.409458e-05
1.250817e-05 1.390935e-05 2.593486e-05 6.421571e-05 1.795856e-04 3.164643e-04 6.320982e-04 4.431061e-04 6.203429e-04 2.538505e-04 8.966762e-05 3.999820e-05
3.133814e-05 4.679482e-05 1.087558e-04 3.714099e-04 1.452232e-03 5.054126e-04 3.289993e-04 3.379205e-04 4.132481e-04 2.331371e-04 7.998494e-05 3.408394e-05
1.840689e-05 2.130496e-05 4.899970e-05 1.212788e-04 4.627471e-04 2.870025e-04 1.472919e-04 2.140785e-04 3.139699e-04 1.102096e-04 3.969409e-05 1.811592e-05
1.455792e-05 1.402264e-05 2.665971e-05 5.089626e-05 1.578812e-04 3.978769e-04 2.931269e-04 3.375526e-04 2.846607e-04 1.067865e-04 4.262872e-05 1.879079e-05
1.195231e-05 1.405994e-05 3.826623e-05 4.662240e-05 7.372625e-05 1.929935e-04 2.085748e-04 2.389843e-04 2.265248e-04 9.425174e-05 3.344073e-05 1.486223e-05
2.232245e-05 2.170722e-05 5.419621e-05 1.282843e-04 1.417389e-04 1.301811e-04 1.794053e-04 2.112405e-04 1.892140e-04 9.666849e-05 3.445533e-05 1.496676e-05
1.247867e-05 1.363689e-05 2.894555e-05 5.779196e-05 6.072451e-05 7.423206e-05 9.717647e-05 9.484156e-05 5.873507e-05 2.881397e-05 1.038493e-05 4.905587e-06
1.310024e-05 1.139772e-05 1.897039e-05 3.609627e-05 4.042361e-05 4.094167e-05 6.142459e-05 9.226999e-05 6.953090e-05 3.732376e-05 1.174988e-05 5.425199e-06
1.170961e-05 1.288751e-05 2.934191e-05 4.710230e-05 7.920094e-05 4.966896e-05 7.560875e-05 2.966809e-05 1.413977e-05 7.245911e-06 3.012492e-06 1.520377e-06
1.226959e-05 1.001852e-05 1.744393e-05 3.912106e-05 8.117117e-05 9.583627e-05 9.759519e-05 4.007976e-05 1.611569e-05 7.242290e-06 3.140788e-06 1.667462e-06
9.837771e-06 1.005487e-05 1.922775e-05 3.587421e-05 6.285466e-05 4.010052e-05 3.513331e-05 2.124406e-05 7.837699e-06 3.423568e-06 1.577848e-06 8.332451e-07
1.225668e-05 8.197914e-06 1.098890e-05 2.197056e-05 3.971299e-05 1.176984e-04 6.938822e-05 3.946391e-05 1.891055e-05 7.696640e-06 3.203994e-06 1.680079e-06
1.146545e-05 8.675791e-06 1.319852e-05 3.607329e-05 5.274814e-05 3.139117e-05 1.874533e-05 1.292919e-05 7.112651e-06 3.296592e-06 1.286232e-06 6.582077e-07
1.601026e-05 9.605164e-06 1.235614e-05 2.578973e-05 2.888751e-05 1.437933e-05 7.894580e-06 5.636115e-06 4.416638e-06 2.193299e-06 8.239551e-07 3.997690e-07
1.514773e-05 9.054666e-06 1.346171e-05 1.719183e-05 2.469065e-05 1.485435e-05 1.916238e-05 1.357836e-05 4.697587e-06 2.059018e-06 8.955023e-07 4.761837e-07
1.258733e-05 9.381041e-06 1.610144e-05 2.089119e-05 3.763346e-05 1.496360e-05 8.036104e-06 6.251807e-06 2.781715e-06 1.473139e-06 6.181431e-07 3.204935e-07
1.531277e-05 1.017413e-05 9.378399e-06 8.261265e-06 1.433133e-05 8.349705e-06 4.759182e-06 3.913852e-06 2.732174e-06 1.645749e-06 6.624005e-07 3.362749e-07
1.185899e-05 8.491043e-06 1.644822e-05 3.281218e-05 2.089637e-05 3.332336e-05 1.659318e-05 1.061452e-05 4.835201e-06 2.378731e-06 1.235503e-06 6.154734e-07
1.014281e-05 6.019790e-06 9.756148e-06 2.189320e-05 2.139123e-05 3.235590e-05 1.295061e-05 5.696922e-06 2.360512e-06 1.160371e-06 6.605559e-07 3.446870e-07
1.116852e-05 7.270437e-06 1.440581e-05 3.087109e-05 2.494322e-05 3.782394e-05 1.987822e-05 8.158913e-06 2.934954e-06 1.409602e-06 8.776381e-07 4.254935e-07
8.560509e-06 7.438035e-06 1.454013e-05 2.386332e-05 6.374750e-05 4.126164e-05 2.786316e-05 3.557143e-05 9.564218e-06 3.903547e-06 1.912987e-06 9.799781e-07
1.282587e-05 7.913878e-06 9.004001e-06 1.821384e-05 2.342018e-05 6.343613e-05 3.539005e-05 2.139332e-05 7.174534e-06 3.291694e-06 1.545478e-06 8.174362e-07
8.757943e-06 9.072958e-06 8.186486e-06 1.216454e-05 1.801791e-05 4.609544e-05 1.973934e-05 1.228669e-05 4.515519e-06 2.351222e-06 1.083081e-06 5.620548e-07
1.468117e-05 1.275498e-05 2.098236e-05 2.353008e-05 4.916728e-05 9.471316e-05 1.161044e-04 1.270795e-04 3.566244e-05 1.307083e-05 6.299817e-06 3.205680e-06
1.292765e-05 1.018412e-05 1.210030e-05 1.553061e-05 3.129594e-05 9.921928e-05 1.949015e-04 1.625153e-04 4.888047e-05 1.828045e-05 8.140479e-06 4.236752e-06
1.157542e-05 1.650034e-05 1.550884e-05 1.434008e-05 1.862489e-05 2.607879e-05 3.537618e-05 2.726605e-05 1.237600e-05 5.834930e-06 2.596099e-06 1.314360e-06
1.726359e-05 2.316551e-05 4.216346e-05 6.801732e-05 2.182026e-04 2.651200e-04 7.933978e-05 3.425089e-05 1.449709e-05 6.912217e-06 3.371718e-06 1.892007e-06
1.953054e-05 1.572467e-05 2.884303e-05 3.786711e-05 2.344176e-05 3.487661e-05 1.806051e-05 1.045735e-05 6.723218e-06 3.583675e-06 1.581685e-06 8.570839e-07
8.612635e-06 9.141535e-06 1.112473e-05 1.057732e-05 2.221477e-05 1.645584e-05 8.530054e-06 4.446623e-06 2.086302e-06 1.233304e-06 5.990650e-07 3.841770e-07
2.089035e-05 2.125625e-05 3.752187e-05 7.092787e-05 1.930298e-04 2.038620e-04 5.513266e-05 2.360946e-05 9.777777e-06 4.770107e-06 2.455074e-06 1.481023e-06
1.924175e-05 1.452670e-05 2.589611e-05 7.522609e-05 8.596625e-05 5.887725e-05 2.452932e-05 1.467796e-05 8.730178e-06 4.551489e-06 2.113108e-06 1.150181e-06
9.923954e-06 9.379432e-06 1.912656e-05 4.294883e-05 3.204106e-05 1.600576e-05 1.111812e-05 8.140448e-06 4.158587e-06 2.320199e-06 1.095693e-06 5.925188e-07
8.922988e-06 1.088144e-05 2.605493e-05 4.175419e-05 7.228356e-05 1.366467e-04 6.118175e-05 1.828810e-05 7.460717e-06 3.615638e-06 1.763518e-06 1.001895e-06
1.941386e-05 1.673936e-05 4.084970e-05 2.103514e-05 1.331029e-05 1.607148e-05 9.504096e-06 3.953831e-06 1.931829e-06 1.326719e-06 7.780998e-07 4.356670e-07
2.034921e-05 1.096293e-05 9.442095e-06 6.580369e-06 8.406033e-06 1.183523e-05 1.297224e-05 7.735854e-06 3.115468e-06 2.058792e-06 8.879344e-07 5.577449e-07
1.768897e-05 9.120652e-06 1.027137e-05 7.666728e-06 8.072308e-06 8.061223e-06 6.823850e-06 6.869897e-06 3.292702e-06 1.446574e-06 6.117408e-07 3.738694e-07
1.876426e-05 1.078859e-05 8.086172e-06 1.047924e-05 1.025328e-05 8.539244e-06 5.673900e-06 4.679186e-06 2.950042e-06 2.040213e-06 1.325647e-06 6.688364e-07
1.718329e-05 8.266639e-06 6.550189e-06 1.140449e-05 1.000868e-05 1.506824e-05 9.317197e-06 1.235092e-05 6.386125e-06 2.279146e-06 1.000065e-06 5.387735e-07
1.588024e-05 1.032897e-05 1.135069e-05 1.297307e-05 1.059328e-05 1.215331e-05 9.347499e-06 1.390779e-05 7.106743e-06 2.498689e-06 1.263890e-06 8.277727e-07
1.805899e-05 1.517187e-05 1.139741e-05 2.012893e-05 1.842143e-05 3.145798e-05 2.239992e-05 2.689909e-05 9.903927e-06 5.815109e-06 3.143046e-06 1.511384e-06
2.379274e-05 1.782497e-05 2.041895e-05 4.449808e-05 1.157280e-04 4.222593e-04 2.571080e-04 1.064370e-04 3.645562e-05 2.130178e-05 9.424159e-06 4.984099e-06
1.795416e-05 1.243429e-05 1.184006e-05 1.604698e-05 3.402975e-05 8.459526e-05 3.401296e-05 1.656632e-05 6.626966e-06 3.639932e-06 2.072336e-06 1.192402e-06
1.292660e-05 7.915531e-06 9.634776e-06 1.361434e-05 1.693768e-05 4.612245e-05 3.910002e-05 3.977867e-05 1.601894e-05 9.017197e-06 5.669178e-06 2.956893e-06
2.277421e-05 1.988070e-05 2.092367e-05 1.953587e-05 2.252875e-05 4.184064e-05 3.514310e-05 4.274883e-05 2.141356e-05 8.855454e-06 4.040602e-06 1.875009e-06
2.161953e-05 1.839807e-05 1.637418e-05 1.701755e-05 4.130963e-05 3.207221e-05 5.271118e-05 1.334526e-04 9.234440e-05 2.888523e-05 1.247309e-05 6.227710e-06
1.295945e-05 1.037230e-05 1.407945e-05 1.334898e-05 2.697875e-05 5.820520e-05 1.059371e-04 2.305315e-04 1.034431e-04 3.161351e-05 1.316299e-05 6.874951e-06
1.666033e-05 1.547737e-05 2.349177e-05 2.942451e-05 7.099997e-05 1.497966e-04 2.656899e-04 6.019950e-04 2.079323e-04 7.371340e-05 2.920311e-05 1.462953e-05
2.183819e-05 1.318392e-05 1.396418e-05 1.820911e-05 4.789412e-05 2.516823e-05 3.841293e-05 4.612746e-05 2.421011e-05 8.689619e-06 3.936829e-06 1.943939e-06
1.923559e-05 1.256564e-05 1.309897e-05 1.806238e-05 5.853553e-05 3.678221e-05 1.779171e-05 1.612539e-05 7.101243e-06 3.065087e-06 1.338344e-06 6.891246e-07
9.405860e-06 9.521863e-06 1.122073e-05 2.293617e-05 8.440528e-05 7.487585e-05 4.462665e-05 1.977575e-05 1.244011e-05 5.897819e-06 2.439637e-06 1.291330e-06
1.714676e-05 1.537977e-05 8.529198e-06 6.721024e-06 6.259710e-06 6.618289e-06 3.850867e-06 2.643794e-06 2.276920e-06 1.335453e-06 5.904277e-07 3.299988e-07
1.557856e-05 1.405742e-05 1.195691e-05 1.856649e-05 4.600334e-05 9.182441e-05 1.167758e-04 3.038297e-04 8.253664e-05 2.841790e-05 1.224448e-05 6.406162e-06
1.970159e-05 1.786356e-05 4.074129e-05 1.650112e-05 2.100795e-05 2.460252e-05 1.897294e-05 2.551666e-05 1.702060e-05 6.800140e-06 2.612070e-06 1.263439e-06
1.757866e-05 1.659862e-05 3.285241e-05 1.120238e-04 1.032373e-04 3.358975e-05 1.503656e-05 1.567113e-05 2.390578e-05 9.475749e-06 3.562132e-06 1.640746e-06
2.267471e-05 2.718146e-05 4.765305e-05 1.712401e-04 1.400106e-04 3.963243e-05 2.124911e-05 2.392796e-05 4.635466e-05 2.057562e-05 8.592181e-06 3.893608e-06
1.920688e-05 1.773703e-05 2.154870e-05 3.545644e-05 3.034829e-05 2.037758e-05 1.898736e-05 1.935581e-05 3.742778e-05 1.444746e-05 6.407561e-06 2.792112e-06
1.499662e-05 7.827620e-06 9.289375e-06 1.070133e-05 1.223799e-05 1.328130e-05 1.018222e-05 6.453818e-06 6.124812e-06 6.234837e-06 3.873344e-06 2.433215e-06
1.333184e-05 1.283716e-05 1.928943e-05 2.977988e-05 1.124500e-04 1.035998e-04 5.175690e-05 1.643298e-05 9.700465e-06 7.137307e-06 6.065570e-06 2.859979e-06
1.239745e-05 7.337674e-06 5.548004e-06 6.527998e-06 1.109430e-05 1.422512e-05 8.778899e-06 5.362099e-06 6.495931e-06 1.704021e-05 5.381985e-06 2.019271e-06
2.005657e-05 1.197662e-05 1.996565e-05 1.803405e-05 2.550119e-05 2.226461e-05 1.304816e-05 1.818878e-05 1.386560e-05 2.368359e-05 7.482718e-06 2.744495e-06
1.090156e-05 1.007331e-05 1.444530e-05 3.077883e-05 8.465514e-05 2.685872e-04 1.346076e-04 4.883517e-05 2.595168e-05 1.774852e-05 6.909535e-06 3.524490e-06
1.066226e-05 6.268291e-06 4.487758e-06 5.591208e-06 7.218682e-06 1.238064e-05 1.288029e-05 6.365471e-06 3.125234e-06 3.236912e-06 2.471985e-06 2.217700e-06
1.631198e-05 9.622586e-06 1.331632e-05 1.368949e-05 2.934875e-05 1.588119e-05 1.502587e-05 1.555209e-05 5.415950e-06 3.965735e-06 3.405383e-06 1.400059e-06
1.828664e-05 1.190970e-05 2.403098e-05 3.475356e-05 2.105383e-05 1.282439e-05 1.311400e-05 2.807050e-05 1.714880e-05 3.085679e-05 8.971512e-06 3.382690e-06
9.337513e-06 6.263506e-06 9.283594e-06 1.895044e-05 4.107020e-05 1.857717e-05 1.426596e-05 2.116140e-05 1.481139e-05 2.702059e-05 7.650289e-06 2.876173e-06
1.987757e-05 2.153763e-05 3.557353e-05 2.055405e-05 1.294618e-05 8.439854e-06 7.744294e-06 1.117588e-05 7.468953e-06 1.094613e-05 3.984848e-06 2.699504e-06
2.245417e-05 4.446868e-05 1.842266e-05 1.244511e-05 8.957837e-06 6.054443e-06 3.947246e-06 3.782930e-06 3.189595e-06 5.836904e-06 1.531656e-05 6.563860e-06
1.192075e-05 7.427047e-06 7.766126e-06 4.783604e-06 6.010729e-06 4.864570e-06 3.741576e-06 4.570176e-06 2.644645e-06 3.335987e-06 6.904305e-06 3.012305e-06
3.506412e-05 8.225555e-05 2.330194e-04 7.062084e-05 8.302089e-05 6.638312e-05 3.604301e-05 3.374571e-05 2.080720e-05 2.450462e-05 7.865648e-06 3.254906e-06
6.955112e-05 2.162648e-04 3.837820e-04 1.213353e-04 1.727309e-04 2.878014e-04 1.151189e-04 4.862799e-05 2.535116e-05 3.353069e-05 1.072527e-05 4.601566e-06
6.014585e-05 1.620302e-04 1.232591e-04 7.905159e-05 1.904159e-04 2.578774e-04 9.042666e-05 5.027508e-05 2.197280e-05 1.555771e-05 6.332153e-06 3.674212e-06
8.105004e-05 2.319164e-04 1.017780e-04 3.595835e-05 3.010617e-05 3.423094e-05 3.453739e-05 5.801517e-05 2.109659e-05 1.123147e-05 1.089443e-05 7.190295e-06
8.649366e-05 1.984096e-04 6.925501e-05 2.434229e-05 1.548800e-05 1.350038e-05 1.306593e-05 1.583100e-05 7.171764e-06 4.808184e-06 5.334858e-06 2.569685e-06
5.403905e-05 7.106934e-05 2.223604e-05 1.400051e-05 1.620236e-05 2.892106e-05 1.306735e-05 1.282164e-05 1.052788e-05 2.449530e-05 7.792199e-06 3.381036e-06
3.989013e-05 1.959399e-05 1.149603e-05 7.989688e-06 8.418594e-06 6.610674e-06 3.712588e-06 3.845909e-06 5.436509e-06 1.295944e-05 4.200392e-06 2.343332e-06
4.144444e-05 4.221430e-05 1.413195e-05 8.671142e-06 8.177681e-06 5.154510e-06 2.828098e-06 1.948523e-06 1.640367e-06 3.040246e-06 9.464731e-07 4.685856e-07
2.446917e-05 1.661645e-05 1.535728e-05 1.510333e-05 4.372939e-05 4.347423e-05 3.221417e-05 3.264712e-05 1.370461e-05 8.652652e-06 5.305850e-06 2.740619e-06
2.380451e-05 1.210345e-05 1.706884e-05 2.006742e-05 4.124743e-05 3.936413e-05 4.895437e-05 4.927266e-05 3.188801e-05 1.773899e-05 9.319639e-06 3.681674e-06
1.641304e-05 7.751962e-06 6.505814e-06 6.468213e-06 9.029052e-06 5.943345e-06 4.008255e-06 3.553818e-06 6.122962e-06 1.342166e-05 4.080151e-06 1.481885e-06
1.480780e-05 1.432803e-05 2.765970e-05 1.612653e-05 1.338884e-05 9.102424e-06 7.047371e-06 9.436297e-06 1.055125e-05 1.777668e-05 5.090284e-06 1.955110e-06
1.210065e-05 7.728423e-06 6.996900e-06 7.656694e-06 9.201769e-06 6.754986e-06 5.216394e-06 4.847521e-06 4.671789e-06 1.180783e-05 3.454718e-06 1.703450e-06
8.756601e-06 1.057499e-05 2.004100e-05 3.633050e-05 1.228760e-04 1.461876e-04 2.710349e-04 2.307267e-04 1.238556e-04 5.560475e-05 2.136977e-05 1.114333e-05
1.576315e-05 1.906076e-05 3.760381e-05 4.624386e-05 6.906480e-05 6.083177e-05 1.243104e-04 3.414084e-04 1.543825e-04 7.235655e-05 3.252114e-05 1.409093e-05
1.053577e-05 6.221210e-06 8.407050e-06 1.403131e-05 1.415341e-05 1.501063e-05 1.275602e-05 2.424496e-05 1.711542e-05 1.883810e-05 6.506425e-06 3.109892e-06
2.374879e-05 1.559109e-05 3.171318e-05 4.522692e-05 9.734012e-05 7.720150e-05 8.317204e-05 1.287813e-04 9.355596e-05 4.628453e-05 1.542918e-05 6.983290e-06
2.286620e-05 2.512730e-05 6.408179e-05 8.655111e-05 1.005514e-04 3.539382e-05 1.936995e-05 3.006620e-05 3.199819e-05 2.722315e-05 1.066225e-05 4.049249e-06
2.340852e-05 1.877356e-05 3.836494e-05 3.266827e-05 7.893241e-05 4.403095e-05 2.292118e-05 1.283438e-05 7.678094e-06 5.749929e-06 3.639048e-06 2.367414e-06
2.641729e-05 1.444925e-05 2.503415e-05 3.934279e-05 7.181677e-05 1.899982e-04 2.436834e-04 1.101006e-04 4.328923e-05 2.138121e-05 1.051616e-05 5.433514e-06
2.689500e-05 2.456065e-05 5.186602e-05 8.296421e-05 2.064037e-04 5.319906e-04 6.033443e-04 1.851516e-04 8.253227e-05 3.853723e-05 1.660760e-05 8.858343e-06
2.084019e-05 1.332962e-05 1.850281e-05 2.684438e-05 4.585162e-05 4.783742e-05 4.706953e-05 4.337952e-05 3.376230e-05 1.366223e-05 5.718557e-06 3.024291e-06
2.156287e-05 2.324633e-05 4.710742e-05 3.460725e-05 4.807722e-05 3.980753e-05 3.095980e-05 2.273032e-05 1.869842e-05 1.006272e-05 6.302394e-06 8.295227e-06
3.444928e-05 6.849380e-05 6.186526e-05 4.616887e-05 1.069463e-04 8.510215e-05 7.516448e-05 4.094862e-05 5.191624e-05 7.068818e-05 5.708088e-05 8.299796e-05
6.352592e-05 1.458095e-04 7.410472e-05 5.014700e-05 1.163944e-04 2.170711e-04 1.389221e-04 1.175797e-04 3.764863e-05 1.855873e-05 8.142976e-06 4.602820e-06
6.657391e-05 6.167123e-05 2.671087e-05 1.732717e-05 2.233867e-05 2.888831e-05 2.930069e-05 1.325518e-05 5.945340e-06 3.940715e-06 1.932596e-06 1.042113e-06
2.133826e-05 2.817072e-05 5.576863e-05 6.428661e-05 1.561144e-04 9.561756e-05 3.128663e-05 1.146581e-05 5.020531e-06 2.654984e-06 1.372503e-06 7.759303e-07
5.884223e-05 1.766069e-04 2.642030e-04 1.855571e-04 3.954624e-04 3.093840e-04 9.454078e-05 3.917907e-05 2.178188e-05 1.167038e-05 5.846768e-06 3.129551e-06
9.677063e-05 3.315003e-04 2.353855e-04 8.370423e-05 5.569435e-05 4.436233e-05 2.532225e-05 1.686873e-05 1.804259e-05 1.099951e-05 4.004801e-06 1.824699e-06
4.054892e-05 6.967968e-05 3.405502e-05 5.509119e-05 4.262005e-05 1.585201e-05 8.685622e-06 6.149389e-06 2.891407e-06 1.443887e-06 6.789401e-07 3.682762e-07
4.340406e-05 1.000716e-04 4.565480e-05 6.481194e-05 4.670579e-05 1.657485e-05 8.433213e-06 6.306337e-06 4.505355e-06 3.133604e-06 2.025152e-06 1.195206e-06
2.792728e-05 5.250555e-05 3.858912e-05 8.840531e-05 5.355889e-05 1.721223e-05 9.008305e-06 7.122541e-06 5.599714e-06 2.780622e-06 1.196930e-06 6.541194e-07
2.378488e-05 2.822435e-05 1.708801e-05 3.224139e-05 2.046814e-05 1.536193e-05 1.296720e-05 7.476904e-06 4.491449e-06 3.305913e-06 1.893032e-06 1.214224e-06
1.014573e-05 8.681460e-06 7.631217e-06 1.105886e-05 2.078444e-05 4.554300e-05 3.979872e-05 1.519501e-05 8.554581e-06 8.420409e-06 6.413115e-06 5.946751e-06
1.956524e-05 1.966650e-05 1.246214e-05 1.838237e-05 3.567161e-05 6.966783e-05 5.939703e-05 2.193741e-05 7.204860e-06 3.347577e-06 1.721967e-06 1.056936e-06
3.478509e-05 8.276408e-05 7.356697e-05 1.308541e-04 1.746692e-04 2.036252e-04 2.091953e-04 7.793723e-05 2.482817e-05 1.163854e-05 5.458671e-06 3.020831e-06
5.816139e-05 1.051621e-04 1.759704e-04 4.542627e-04 1.091125e-03 1.967075e-03 1.453718e-03 4.673110e-04 1.550947e-04 7.067655e-05 3.679842e-05 1.995408e-05
4.330954e-05 1.119581e-04 1.035045e-04 1.653992e-04 2.204414e-04 5.684227e-04 5.042748e-04 1.640751e-04 5.705152e-05 2.676345e-05 1.225767e-05 6.675471e-06
1.629317e-05 1.575679e-05 2.928168e-05 9.344250e-05 1.405317e-04 1.018942e-04 6.127170e-05 3.289944e-05 3.290563e-05 1.438976e-05 5.244926e-06 2.519009e-06
2.198247e-05 2.711912e-05 1.747778e-05 1.365240e-05 7.895113e-06 7.588945e-06 7.922459e-06 4.794297e-06 5.569830e-06 2.576718e-06 9.606353e-07 4.774919e-07
2.226658e-05 1.693614e-05 3.783874e-05 7.963168e-05 1.217702e-04 1.653881e-04 1.112065e-04 8.669882e-05 4.339076e-05 1.500849e-05 6.384137e-06 3.295142e-06
2.320747e-05 2.000813e-05 4.142970e-05 9.674650e-05 2.422362e-04 3.617875e-04 1.951309e-04 3.426258e-04 1.866814e-04 5.667798e-05 2.318568e-05 1.170229e-05
2.024363e-05 2.315453e-05 4.889212e-05 1.011438e-04 3.990290e-04 4.479551e-04 3.070054e-04 2.323348e-04 8.428911e-05 3.641089e-05 1.580751e-05 8.342140e-06
1.597881e-05 1.292093e-05 1.870289e-05 2.863722e-05 7.356766e-05 8.052023e-05 3.425054e-05 2.838530e-05 1.304825e-05 5.872991e-06 2.423357e-06 1.247592e-06
1.666570e-05 1.993515e-05 6.674838e-05 7.310873e-05 2.003343e-05 1.026078e-05 6.631304e-06 6.523393e-06 6.973434e-06 3.246165e-06 1.300783e-06 7.913425e-07
1.259638e-05 8.014698e-06 7.660766e-06 8.768431e-06 1.132696e-05 1.262117e-05 7.333883e-06 7.512115e-06 6.578306e-06 2.364178e-06 9.242892e-07 4.870496e-07
1.722624e-05 2.179381e-05 4.208412e-05 7.297986e-05 1.956785e-04 5.283243e-04 1.009730e-03 3.625088e-04 1.371705e-04 5.591985e-05 2.519712e-05 1.337359e-05
1.798810e-05 2.310986e-05 4.080984e-05 6.927475e-05 1.874401e-04 6.562193e-04 1.292773e-03 4.599259e-04 1.604947e-04 7.173124e-05 3.545832e-05 1.790852e-05
2.175615e-05 3.247901e-05 1.774423e-05 1.459440e-05 3.881027e-05 4.273503e-05 8.039140e-05 5.805322e-05 2.131069e-05 9.549356e-06 4.690344e-06 2.386999e-06
1.773283e-05 2.352893e-05 1.567704e-05 1.280449e-05 1.362563e-05 1.407730e-05 2.186151e-05 2.063830e-05 1.455073e-05 6.259766e-06 2.319819e-06 1.126477e-06
1.476715e-05 2.072003e-05 1.223491e-05 8.451959e-06 6.877871e-06 7.649382e-06 8.760247e-06 5.270712e-06 3.565294e-06 2.058701e-06 1.016477e-06 6.841332e-07
2.119684e-05 2.148235e-05 1.412837e-05 1.614945e-05 3.549878e-05 6.497473e-05 7.799502e-05 9.688741e-05 2.883279e-05 1.125791e-05 5.109385e-06 2.871134e-06
1.752172e-05 2.371237e-05 2.347021e-05 3.440034e-05 8.709235e-05 2.525735e-04 1.843953e-04 1.919016e-04 6.441967e-05 2.210406e-05 9.782670e-06 5.186936e-06
1.395520e-05 1.461056e-05 2.173047e-05 2.477748e-05 5.343164e-05 3.366697e-05 2.147643e-05 2.747178e-05 1.093026e-05 4.084124e-06 1.703484e-06 8.815756e-07
1.769401e-05 1.521281e-05 2.963690e-05 6.530767e-05 1.675768e-04 6.808346e-05 7.667315e-05 8.581199e-05 3.294652e-05 1.174336e-05 4.940311e-06 2.614345e-06
1.701011e-05 1.688175e-05 3.535590e-05 9.254579e-05 1.966072e-04 1.782137e-04 1.733742e-04 1.632670e-04 6.282489e-05 2.386690e-05 9.763104e-06 5.134360e-06
1.282323e-05 2.081907e-05 3.373169e-05 8.751325e-05 2.498158e-04 8.076501e-04 3.841925e-04 1.950200e-04 7.156627e-05 2.795733e-05 1.298808e-05 7.176011e-06
1.657881e-05 2.259437e-05 2.923479e-05 5.446994e-05 1.474886e-04 5.165298e-04 3.568548e-04 2.328610e-04 7.872873e-05 2.788334e-05 1.288344e-05 7.075814e-06
2.352640e-05 5.058783e-05 3.277662e-05 5.294883e-05 3.731866e-05 2.471415e-05 1.587002e-05 1.085447e-05 5.530847e-06 2.268790e-06 1.042294e-06 5.732809e-07
1.685636e-05 3.773543e-05 5.066282e-05 6.742541e-05 1.035773e-04 1.480054e-04 5.801115e-05 1.951202e-05 8.780478e-06 4.150957e-06 1.974944e-06 1.131156e-06
1.982324e-05 3.355033e-05 4.326504e-05 7.351195e-05 2.215491e-04 4.485575e-04 1.331139e-04 5.239171e-05 2.184017e-05 9.480813e-06 4.711981e-06 2.698037e-06
3.782158e-05 5.102266e-05 8.996603e-05 2.173346e-04 6.140426e-04 2.402862e-03 8.863287e-04 3.485282e-04 1.741448e-04 7.977069e-05 3.401188e-05 1.816381e-05
1.980098e-05 2.071309e-05 3.455022e-05 8.183710e-05 2.579299e-04 9.710452e-04 3.081353e-04 1.067083e-04 5.601229e-05 2.553712e-05 1.175510e-05 6.520102e-06
2.234627e-05 1.813477e-05 3.077037e-05 6.443422e-05 1.993696e-04 4.854369e-04 7.084464e-04 7.184348e-04 3.226049e-04 1.265107e-04 5.202578e-05 2.503410e-05
2.495222e-05 2.032453e-05 3.431714e-05 7.764810e-05 3.136039e-04 3.673044e-04 3.167413e-04 3.084775e-04 1.159489e-04 4.530897e-05 1.948238e-05 9.976302e-06
1.919331e-05 1.209260e-05 1.477568e-05 1.968883e-05 4.674732e-05 4.816330e-05 5.041874e-05 8.640299e-05 8.865823e-05 3.083847e-05 1.093676e-05 5.069245e-06
1.591420e-05 1.528750e-05 2.917375e-05 6.926997e-05 1.369312e-04 7.312298e-05 4.231013e-05 4.762708e-05 7.987255e-05 2.642071e-05 8.952825e-06 4.233621e-06
1.798755e-05 2.201542e-05 3.845309e-05 8.563300e-05 2.782809e-04 3.611173e-04 5.606555e-04 2.987928e-04 1.452755e-04 5.663223e-05 2.412451e-05 1.196402e-05
2.687072e-05 2.566936e-05 4.919722e-05 1.078593e-04 3.533112e-04 4.456873e-04 3.225858e-04 2.010415e-04 8.994289e-05 3.602284e-05 1.502955e-05 7.683018e-06
1.950130e-05 2.098820e-05 4.385286e-05 4.957897e-05 6.201623e-05 4.475031e-05 3.225037e-05 2.283063e-05 1.098639e-05 5.570292e-06 2.183636e-06 1.067626e-06
2.845462e-05 4.109946e-05 9.171720e-05 5.666278e-05 7.080881e-05 5.737371e-05 2.219421e-05 1.449971e-05 9.801551e-06 5.950590e-06 2.251234e-06 1.087409e-06
5.896654e-05 5.743309e-05 7.441173e-05 8.533990e-05 1.506439e-04 3.771066e-04 1.657588e-04 9.554040e-05 4.044847e-05 2.358477e-05 1.103782e-05 5.024235e-06
3.717427e-05 3.881779e-05 3.810904e-05 5.401874e-05 8.614330e-05 2.636832e-04 1.281210e-04 8.545429e-05 6.370670e-05 4.256860e-05 1.792031e-05 7.041776e-06
4.591278e-05 5.326977e-05 4.749616e-05 7.060131e-05 9.463592e-05 3.140213e-04 1.417723e-04 1.288823e-04 1.104264e-04 4.479104e-05 1.758158e-05 7.801649e-06
3.797833e-05 5.453010e-05 4.551689e-05 1.052143e-04 2.317934e-04 2.283489e-04 9.452563e-05 7.250553e-05 4.404116e-05 2.141708e-05 9.502435e-06 4.269657e-06
2.913006e-05 5.139502e-05 4.697466e-05 1.060092e-04 1.669124e-04 1.365299e-04 9.463879e-05 1.739962e-04 2.291238e-04 6.933188e-05 2.397972e-05 1.120817e-05
2.389239e-05 2.336822e-05 2.471274e-05 6.814812e-05 3.928468e-05 2.591848e-05 2.469689e-05 7.676959e-05 9.096387e-05 3.043885e-05 1.233730e-05 5.420752e-06
2.456887e-05 1.321521e-05 1.174201e-05 2.007444e-05 1.600175e-05 1.047556e-05 5.115724e-06 5.723574e-06 6.405173e-06 3.544103e-06 2.250486e-06 1.939873e-06
3.411525e-05 3.130334e-05 1.667569e-05 1.776506e-05 2.129243e-05 1.752701e-05 9.230260e-06 1.201926e-05 8.954914e-06 4.376146e-06 1.778463e-06 1.042011e-06
3.277961e-05 3.403561e-05 4.844568e-05 1.080758e-04 2.815002e-04 1.098138e-03 1.750265e-03 8.643139e-04 3.507123e-04 1.270528e-04 5.523079e-05 2.924305e-05
1.719441e-05 2.557406e-05 2.552974e-05 4.723033e-05 1.339867e-04 4.041830e-04 2.915307e-04 4.178611e-04 1.586035e-04 5.839241e-05 2.307089e-05 1.166960e-05
2.186434e-05 3.138753e-05 5.692354e-05 3.838142e-05 4.769978e-05 5.751360e-05 4.076659e-05 3.808009e-05 2.018536e-05 7.635660e-06 3.162333e-06 1.645374e-06
3.541242e-05 7.880585e-05 5.472290e-05 7.925231e-05 1.918576e-04 5.760870e-04 7.045990e-04 6.796005e-04 2.236132e-04 8.448671e-05 3.662555e-05 1.931862e-05
2.748470e-05 3.106898e-05 2.744480e-05 4.210511e-05 6.802913e-05 1.923268e-04 3.221654e-04 3.398026e-04 1.061426e-04 3.800094e-05 1.760332e-05 8.976765e-06
4.521980e-05 9.018601e-05 5.706855e-05 6.852491e-05 1.834938e-04 4.152533e-04 5.371966e-04 1.774541e-04 6.265509e-05 2.754382e-05 1.485080e-05 7.500693e-06
3.228181e-05 5.861013e-05 3.931423e-05 5.515833e-05 1.576817e-04 3.124985e-04 3.804126e-04 1.356892e-04 4.675947e-05 2.247906e-05 1.067128e-05 5.540008e-06
2.955486e-05 2.996395e-05 2.260456e-05 2.672109e-05 6.121133e-05 1.263684e-04 2.569069e-04 1.449239e-04 4.407038e-05 1.856244e-05 8.142901e-06 4.401949e-06
3.208378e-05 2.854082e-05 2.699763e-05 3.849601e-05 1.168537e-04 9.097012e-05 5.189245e-05 4.169395e-05 1.572719e-05 6.963956e-06 2.966941e-06 1.594808e-06
4.112595e-05 2.227640e-05 2.596043e-05 4.098136e-05 8.750657e-05 1.612610e-04 5.221212e-05 2.012315e-05 1.027806e-05 5.215551e-06 2.444521e-06 1.316663e-06
5.195608e-05 2.171535e-05 1.469961e-05 1.608037e-05 2.008615e-05 3.663381e-05 2.453764e-05 1.215313e-05 7.129395e-06 2.921851e-06 1.302692e-06 7.035595e-07
5.109618e-05 4.086409e-05 3.846602e-05 5.855853e-05 1.936422e-04 2.647920e-04 1.764833e-04 1.829228e-04 1.815775e-04 4.657358e-05 1.859461e-05 9.568986e-06
4.986680e-05 4.216704e-05 4.850273e-05 5.522557e-05 1.693698e-04 1.273617e-04 9.896998e-05 1.178069e-04 6.413137e-05 2.042451e-05 9.139180e-06 4.596533e-06
4.538409e-05 3.139902e-05 3.001440e-05 2.532426e-05 3.316776e-05 3.117818e-05 2.142954e-05 1.919496e-05 1.255746e-05 8.791991e-06 3.137677e-06 1.363520e-06
6.628172e-05 3.423665e-05 3.251849e-05 2.284318e-05 2.287828e-05 2.809254e-05 1.930063e-05 1.237497e-05 9.429325e-06 1.760851e-05 5.053031e-06 1.965374e-06
8.725315e-05 1.005383e-04 2.012021e-04 4.900777e-04 1.631893e-03 6.438722e-03 1.895783e-03 5.401109e-04 2.240646e-04 1.135880e-04 5.538825e-05 3.124534e-05
1.048741e-04 1.343568e-04 2.774109e-04 7.032746e-04 2.418325e-03 9.324224e-03 3.096080e-03 9.595217e-04 3.999223e-04 1.864237e-04 8.964656e-05 5.110737e-05
7.092225e-05 3.853829e-05 5.156116e-05 5.599484e-05 8.180888e-05 1.503471e-04 9.908248e-05 5.965300e-05 4.073884e-05 1.835743e-05 9.755117e-06 4.421281e-06
9.284057e-05 5.262876e-05 5.116062e-05 8.343788e-05 8.490443e-05 2.171780e-04 8.423229e-05 5.068287e-05 3.955806e-05 2.954875e-05 9.678653e-06 4.235839e-06
1.017507e-04 5.867362e-05 6.614471e-05 1.340359e-04 3.259462e-04 1.300751e-03 4.319774e-04 2.128896e-04 1.538985e-04 9.641797e-05 3.303156e-05 1.521034e-05
9.659488e-05 8.569869e-05 1.718212e-04 3.756953e-04 1.574849e-04 1.449750e-04 6.348986e-05 6.347126e-05 5.104571e-05 3.045605e-05 1.033300e-05 4.655883e-06
1.264637e-04 8.200244e-05 1.141770e-04 2.394162e-04 8.871124e-05 5.617034e-05 3.139824e-05 3.345575e-05 2.405857e-05 1.291257e-05 6.472917e-06 5.508907e-06
1.174214e-04 7.588202e-05 1.160311e-04 3.357715e-04 4.258277e-04 1.388071e-03 4.099452e-04 1.859884e-04 7.243450e-05 3.532922e-05 1.903426e-05 9.622481e-06
9.260277e-05 4.699171e-05 5.234846e-05 9.394523e-05 2.192015e-04 7.059446e-04 2.660038e-04 1.925398e-04 7.166107e-05 4.648077e-05 1.820101e-05 8.554572e-06
1.014381e-04 5.206955e-05 5.654192e-05 5.619446e-05 1.334396e-04 1.355709e-04 7.033113e-05 4.841737e-05 2.755717e-05 3.794343e-05 1.144377e-05 4.607610e-06
7.545223e-05 3.775366e-05 2.977544e-05 4.056392e-05 2.443153e-05 1.873848e-05 1.222872e-05 1.047573e-05 7.827131e-06 1.680034e-05 4.978595e-06 2.291408e-06
8.063648e-05 4.839844e-05 5.885717e-05 1.558862e-04 8.884491e-05 1.498626e-04 7.958238e-05 1.294917e-04 5.896366e-05 2.789849e-05 1.314301e-05 8.833493e-06
7.997113e-05 3.699691e-05 3.666756e-05 4.809582e-05 8.484131e-05 2.044811e-04 7.540350e-05 4.948766e-05 2.901282e-05 1.453099e-05 6.793156e-06 3.149193e-06
5.208086e-05 2.305871e-05 1.571218e-05 2.200363e-05 2.116308e-05 2.231846e-05 1.232260e-05 9.798697e-06 8.649096e-06 1.844274e-05 5.315905e-06 1.979282e-06
4.224213e-05 2.552771e-05 4.216682e-05 1.039224e-04 9.278852e-05 2.732584e-04 1.254533e-04 4.045666e-05 2.221906e-05 2.700421e-05 8.842741e-06 3.806592e-06
8.505019e-05 4.509345e-05 4.543355e-05 7.962476e-05 1.221299e-04 3.775853e-04 1.942587e-04 7.003639e-05 3.289968e-05 1.953026e-05 7.820881e-06 4.001086e-06
1.696260e-04 9.362512e-05 7.899867e-05 3.965479e-05 2.544913e-05 3.830637e-05 3.488243e-05 1.453068e-05 7.686562e-06 6.191648e-06 4.676802e-06 4.229397e-06
7.786861e-05 5.191366e-05 6.016664e-05 8.429486e-05 2.926899e-05 2.693989e-05 2.039944e-05 1.580689e-05 7.084433e-06 4.252160e-06 5.548685e-06 2.056215e-06
7.997568e-05 5.761812e-05 8.114677e-05 1.933680e-04 1.780090e-04 4.386247e-04 5.856985e-04 2.295894e-04 1.069041e-04 5.880347e-05 2.447368e-05 1.126496e-05
5.413021e-05 4.224784e-05 5.591681e-05 7.994529e-05 1.654701e-04 7.183382e-04 3.451007e-04 1.301953e-04 6.261684e-05 3.392268e-05 1.442040e-05 7.127179e-06
6.115759e-05 4.403569e-05 3.803480e-05 4.684191e-05 2.941243e-05 5.195837e-05 2.901244e-05 2.130479e-05 1.780374e-05 1.146414e-05 4.495921e-06 2.284625e-06
1.171061e-04 7.072355e-05 6.005292e-05 8.125730e-05 2.139706e-04 5.944378e-04 3.188093e-04 6.157569e-04 2.668067e-04 9.220046e-05 3.512184e-05 1.773253e-05
9.567174e-05 6.133809e-05 5.959548e-05 9.897076e-05 1.194233e-04 6.810407e-05 5.384178e-05 7.877734e-05 3.592502e-05 1.889939e-05 6.603240e-06 3.116853e-06
6.803264e-05 4.804582e-05 4.026871e-05 6.785251e-05 1.276229e-04 1.046148e-04 1.984721e-04 2.971594e-04 1.354024e-04 7.124871e-05 2.448415e-05 1.141440e-05
7.122425e-05 4.878245e-05 3.440612e-05 4.816804e-05 1.343779e-04 1.102223e-04 1.830052e-04 3.479754e-04 1.456704e-04 6.382827e-05 2.349786e-05 1.128529e-05
5.678566e-05 4.778243e-05 2.638715e-05 2.470935e-05 3.119261e-05 3.695533e-05 6.266078e-05 7.039489e-05 2.603034e-05 1.155826e-05 4.622797e-06 2.331739e-06
4.219814e-05 3.115525e-05 1.695134e-05 1.391929e-05 2.299226e-05 6.594186e-05 4.714162e-05 3.067696e-05 1.279474e-05 6.475606e-06 2.488979e-06 1.267477e-06
3.228361e-05 2.110299e-05 1.617300e-05 1.361989e-05 2.790775e-05 4.412766e-05 2.545302e-05 1.181072e-05 5.698743e-06 3.578872e-06 1.455246e-06 7.330491e-07
2.994305e-05 2.069502e-05 1.248465e-05 1.333013e-05 1.841179e-05 3.134197e-05 2.851815e-05 2.919708e-05 3.095442e-05 1.132054e-05 3.889305e-06 1.891910e-06
2.570395e-05 2.401360e-05 2.429702e-05 1.509166e-05 8.949604e-06 6.954055e-06 4.398028e-06 3.639616e-06 3.908822e-06 1.827379e-06 7.284709e-07 3.616131e-07
1.950231e-05 1.567711e-05 1.793993e-05 2.650864e-05 1.385732e-05 7.053711e-06 4.889497e-06 2.726469e-06 1.881279e-06 1.018098e-06 5.352903e-07 3.470586e-07
3.110464e-05 2.534086e-05 3.321450e-05 8.277895e-05 1.877482e-04 6.026244e-05 2.307090e-05 2.046953e-05 8.520870e-06 3.337354e-06 1.587180e-06 9.221627e-07
2.988927e-05 2.175477e-05 2.330062e-05 3.986236e-05 1.430267e-04 1.325773e-04 4.882835e-05 7.096473e-05 2.970462e-05 1.030582e-05 4.324760e-06 2.347880e-06
3.443192e-05 2.885434e-05 1.406133e-05 1.152044e-05 1.731297e-05 1.445972e-05 1.335149e-05 9.773012e-06 4.659695e-06 2.058052e-06 9.393450e-07 4.815993e-07
3.775356e-05 2.925452e-05 1.523974e-05 1.212608e-05 1.101588e-05 1.467156e-05 2.659071e-05 1.871802e-05 9.235243e-06 5.591493e-06 2.170012e-06 1.090360e-06
2.722253e-05 1.850726e-05 2.982425e-05 2.271090e-05 1.299099e-05 1.198404e-05 8.772440e-06 5.327917e-06 2.561565e-06 1.402145e-06 6.373064e-07 3.347667e-07
2.851436e-05 1.424243e-05 1.673804e-05 2.453574e-05 7.014060e-05 1.001649e-04 7.886737e-05 2.982661e-05 1.080162e-05 5.170299e-06 2.376166e-06 1.332954e-06
2.465468e-05 1.601008e-05 1.451330e-05 2.310088e-05 4.585915e-05 9.547097e-05 1.436052e-04 7.236201e-05 4.153645e-05 1.730471e-05 7.672888e-06 4.029701e-06
2.742618e-05 3.057336e-05 3.819124e-05 9.452318e-05 2.923470e-04 7.264927e-04 2.930526e-04 1.344823e-04 7.560724e-05 2.908610e-05 1.242933e-05 6.588212e-06
4.362628e-05 5.089768e-05 5.483642e-05 9.658511e-05 2.820101e-04 1.131762e-03 6.758121e-04 3.810347e-04 1.727337e-04 6.390014e-05 2.754571e-05 1.449909e-05
4.524667e-05 6.676011e-05 7.883398e-05 1.832809e-04 4.719825e-04 1.569313e-03 2.439939e-03 1.133787e-03 6.276588e-04 2.316049e-04 9.377356e-05 4.773794e-05
5.935731e-05 8.688751e-05 1.033350e-04 1.778501e-04 4.809582e-04 1.607024e-03 1.641225e-03 7.331232e-04 3.479774e-04 1.442826e-04 5.715153e-05 2.960365e-05
6.967292e-05 9.328304e-05 6.967171e-05 1.413956e-04 4.404798e-04 1.312503e-03 6.731017e-04 3.665551e-04 1.668602e-04 7.273140e-05 2.860160e-05 1.499482e-05
5.291204e-05 5.408427e-05 3.465651e-05 6.571749e-05 6.654564e-05 1.170208e-04 7.263787e-05 7.110219e-05 3.835361e-05 2.782926e-05 1.342564e-05 7.123960e-06
8.866853e-05 5.176777e-05 2.771727e-05 1.716808e-05 1.520242e-05 2.377709e-05 2.346085e-05 1.293495e-05 6.344593e-06 3.584817e-06 1.595934e-06 7.943590e-07
6.790242e-05 4.970849e-05 3.680177e-05 8.710166e-05 1.291959e-04 3.848331e-05 1.740342e-05 1.026552e-05 4.803257e-06 2.413205e-06 1.200407e-06 7.010637e-07
4.936217e-05 3.366211e-05 3.794559e-05 1.210524e-04 1.582790e-04 4.586882e-05 1.971407e-05 9.039879e-06 5.130616e-06 2.725215e-06 1.300569e-06 7.321501e-07
3.423577e-05 2.858076e-05 2.935847e-05 8.310648e-05 1.177379e-04 4.239933e-05 2.146652e-05 9.688893e-06 6.191965e-06 3.133511e-06 1.442049e-06 8.313324e-07
4.242010e-05 2.288224e-05 1.457565e-05 1.746896e-05 1.934742e-05 1.214070e-05 5.687249e-06 2.677740e-06 1.841128e-06 9.996275e-07 5.005219e-07 3.023605e-07
6.066773e-05 3.161200e-05 2.044179e-05 2.036727e-05 2.099503e-05 1.957064e-05 1.625463e-05 7.769758e-06 1.143391e-05 2.030780e-05 9.568685e-06 4.670011e-06
4.627029e-05 2.686464e-05 1.121962e-05 7.582710e-06 7.932783e-06 4.251614e-06 2.925938e-06 1.365594e-06 8.646056e-07 9.416483e-07 5.764606e-07 2.872352e-07
8.704678e-05 4.589698e-05 1.851817e-05 1.024906e-05 9.003734e-06 5.895982e-06 4.520142e-06 2.677555e-06 1.926013e-06 1.341902e-06 5.765475e-07 3.383726e-07
8.541121e-05 5.945476e-05 2.592648e-05 1.389942e-05 1.440015e-05 1.791051e-05 1.323085e-05 1.710032e-05 1.264068e-05 1.340073e-05 6.550550e-06 3.505119e-06
1.896133e-04 1.007348e-04 3.817125e-05 1.921675e-05 1.125061e-05 6.481402e-06 3.479053e-06 2.473244e-06 1.891254e-06 1.853100e-06 1.254467e-06 8.566905e-07
1.485525e-04 8.938530e-05 3.646219e-05 2.643895e-05 4.493986e-05 1.560663e-05 6.660751e-06 3.952519e-06 1.908321e-06 1.248122e-06 6.857692e-07 4.068565e-07
2.043965e-04 1.133555e-04 4.603073e-05 2.156802e-05 1.544120e-05 7.917279e-06 4.184963e-06 3.151809e-06 1.510087e-06 7.288813e-07 3.881227e-07 2.256767e-07
1.680888e-04 1.079602e-04 4.817243e-05 1.941897e-05 1.058483e-05 7.014147e-06 4.203826e-06 3.882526e-06 3.268984e-06 4.182016e-06 3.069260e-06 1.806994e-06
1.483694e-04 9.706222e-05 3.877698e-05 1.640830e-05 9.064364e-06 6.529515e-06 3.850373e-06 2.043939e-06 1.417874e-06 1.251493e-06 7.400738e-07 3.634766e-07
1.309696e-04 8.025661e-05 3.744427e-05 3.563981e-05 4.013327e-05 1.998900e-05 1.347397e-05 1.385941e-05 1.049836e-05 3.851078e-06 1.664808e-06 7.854715e-07
1.146079e-04 7.399948e-05 3.436039e-05 3.182071e-05 6.799971e-05 7.521926e-05 4.903766e-05 3.778193e-05 1.374340e-05 6.001762e-06 2.995004e-06 1.441866e-06
1.327614e-04 7.413292e-05 2.887229e-05 1.937755e-05 2.669980e-05 3.362640e-05 1.580620e-05 1.020565e-05 6.002553e-06 8.769315e-06 5.488436e-06 2.770131e-06
1.519099e-04 7.795914e-05 4.477342e-05 2.045544e-05 1.350500e-05 8.263996e-06 5.043560e-06 4.211011e-06 2.479537e-06 1.583602e-06 8.927022e-07 4.713726e-07
1.910876e-04 9.454297e-05 4.469698e-05 2.425935e-05 1.672427e-05 9.580883e-06 6.187187e-06 4.711897e-06 2.443483e-06 1.232731e-06 6.634773e-07 3.538875e-07
1.176102e-04 6.921906e-05 4.473373e-05 3.342582e-05 2.270069e-05 1.922789e-05 8.900817e-06 5.056647e-06 2.472165e-06 1.180433e-06 5.843175e-07 3.247261e-07
6.326777e-05 3.864888e-05 2.881699e-05 3.609830e-05 5.795666e-05 4.356087e-05 2.857843e-05 3.373240e-05 1.248238e-05 4.365490e-06 1.952849e-06 1.031653e-06
1.203809e-04 6.179626e-05 3.150322e-05 1.952603e-05 1.653905e-05 1.066521e-05 8.148419e-06 9.373717e-06 4.937358e-06 2.245926e-06 1.162576e-06 5.308552e-07
5.127559e-05 2.907169e-05 1.429647e-05 9.094341e-06 8.037577e-06 5.389316e-06 3.671134e-06 3.439133e-06 1.678361e-06 7.370065e-07 3.625221e-07 1.973436e-07
3.526126e-05 1.978224e-05 1.445676e-05 2.407631e-05 2.753481e-05 3.649781e-05 2.723831e-05 5.264033e-05 1.731360e-05 6.713005e-06 2.941007e-06 1.433118e-06
3.156371e-05 1.767731e-05 1.330474e-05 2.016465e-05 4.464821e-05 1.842525e-04 1.019017e-04 6.569590e-05 2.482419e-05 1.127571e-05 5.320987e-06 2.575762e-06
2.389599e-05 1.420125e-05 1.307842e-05 2.075353e-05 2.644621e-05 8.127615e-05 1.087396e-04 7.534812e-05 2.745077e-05 1.294263e-05 5.558173e-06 2.702426e-06
3.115859e-05 1.839266e-05 1.183921e-05 1.155131e-05 1.520253e-05 2.545880e-05 1.779813e-05 7.404033e-06 3.504425e-06 2.136067e-06 9.948712e-07 5.268944e-07
2.908471e-05 1.935053e-05 1.295052e-05 1.079160e-05 1.078221e-05 9.663562e-06 7.526518e-06 1.139245e-05 7.182858e-06 2.744673e-06 1.083707e-06 5.944621e-07
3.036595e-05 2.020784e-05 1.129423e-05 7.939220e-06 9.126398e-06 8.412566e-06 5.685131e-06 1.092031e-05 1.061505e-05 3.601384e-06 1.348057e-06 7.029179e-07
3.400657e-05 1.651514e-05 8.505797e-06 5.798255e-06 5.345064e-06 4.344338e-06 2.659739e-06 2.171548e-06 1.590710e-06 8.512109e-07 4.108896e-07 2.289481e-07
3.024160e-05 1.514434e-05 1.657207e-05 3.787911e-05 2.204883e-05 1.555482e-05 7.632483e-06 6.387438e-06 3.735195e-06 1.987848e-06 8.826286e-07 5.559847e-07
2.688415e-05 1.259464e-05 9.111880e-06 1.541890e-05 1.432995e-05 5.815703e-06 3.079008e-06 2.217861e-06 1.496310e-06 1.113063e-06 8.215618e-07 9.451237e-07
3.996377e-05 2.562290e-05 4.316162e-05 1.185807e-04 2.445065e-04 2.116490e-04 1.566160e-04 1.361210e-04 8.212814e-05 4.005688e-05 1.468808e-05 7.154450e-06
5.002720e-05 2.295241e-05 2.081070e-05 3.804737e-05 3.955404e-05 5.180583e-05 9.240043e-05 6.463640e-05 3.989099e-05 1.544354e-05 6.345244e-06 3.062324e-06
3.784747e-05 2.399618e-05 3.194474e-05 5.406654e-05 1.491713e-04 4.662935e-04 8.180496e-04 2.801126e-04 8.720148e-05 3.611257e-05 1.718425e-05 9.660643e-06
4.036220e-05 3.337611e-05 6.142848e-05 2.146161e-04 2.288047e-04 5.898406e-04 1.228164e-03 7.767239e-04 2.338413e-04 9.324011e-05 4.122765e-05 2.246436e-05
4.430916e-05 4.970855e-05 9.169457e-05 2.201208e-04 6.407251e-04 2.308417e-03 3.131264e-03 2.075898e-03 6.071819e-04 2.316616e-04 1.035787e-04 5.650704e-05
5.293080e-05 6.848470e-05 1.389793e-04 2.783120e-04 8.475251e-04 3.246692e-03 4.205525e-03 1.740644e-03 5.765474e-04 2.523446e-04 1.139038e-04 6.011286e-05
3.033508e-05 2.954214e-05 5.935319e-05 1.228894e-04 2.840337e-04 8.535873e-04 1.316010e-03 6.046701e-04 2.344819e-04 1.227622e-04 4.644822e-05 2.301799e-05
3.691619e-05 4.978553e-05 1.703378e-04 2.167405e-04 3.522987e-04 4.506804e-04 3.518253e-04 2.427305e-04 9.058108e-05 4.461981e-05 1.836040e-05 9.311367e-06
3.700388e-05 3.231134e-05 7.008649e-05 1.647716e-04 1.631655e-04 3.344494e-04 1.724539e-04 6.993292e-05 5.178971e-05 2.532061e-05 1.108007e-05 5.495805e-06
4.043266e-05 2.986346e-05 5.055912e-05 7.097586e-05 1.846704e-04 6.998264e-04 6.769387e-04 2.554619e-04 9.402049e-05 4.676534e-05 1.947326e-05 1.020971e-05
2.725508e-05 1.965321e-05 2.078114e-05 2.056399e-05 2.123115e-05 2.354673e-05 2.182465e-05 1.607122e-05 2.416629e-05 2.767371e-05 7.884713e-06 3.052778e-06
2.331449e-05 1.305982e-05 1.283606e-05 9.678972e-06 1.112148e-05 1.570580e-05 1.106878e-05 8.058084e-06 1.184179e-05 1.871033e-05 5.118368e-06 1.935729e-06
4.128393e-05 4.190851e-05 6.529570e-05 1.573105e-04 5.939357e-04 1.699541e-03 4.732286e-04 2.003328e-04 7.024752e-05 3.467066e-05 1.753908e-05 1.087904e-05
4.288870e-05 4.678135e-05 8.311690e-05 2.193440e-04 7.334334e-04 2.035580e-03 7.814479e-04 5.195097e-04 1.666655e-04 6.995462e-05 3.722757e-05 1.964309e-05
3.935112e-05 3.056387e-05 4.038383e-05 9.618637e-05 2.543064e-04 7.206825e-04 6.580669e-04 5.590215e-04 1.662598e-04 7.565074e-05 3.172470e-05 1.638733e-05
3.864574e-05 2.902073e-05 4.059205e-05 9.505959e-05 3.479061e-04 9.201700e-04 3.792251e-04 1.706587e-04 1.021822e-04 7.173650e-05 2.542684e-05 1.185234e-05
3.308566e-05 2.258801e-05 2.685468e-05 5.361831e-05 1.795624e-04 4.543008e-04 4.802202e-04 1.661288e-04 1.417931e-04 9.266250e-05 3.039610e-05 1.392327e-05
6.130495e-05 5.103362e-05 8.012672e-05 2.050818e-04 8.447666e-04 1.438897e-03 5.803687e-04 2.403343e-04 1.177169e-04 6.121720e-05 2.663057e-05 1.453335e-05
4.257604e-05 2.042117e-05 1.382998e-05 1.679538e-05 3.949240e-05 5.459137e-05 3.943493e-05 3.109335e-05 1.567821e-05 9.059913e-06 6.698836e-06 2.949717e-06
3.701782e-05 2.031578e-05 1.409381e-05 1.631279e-05 2.808896e-05 3.450548e-05 3.627229e-05 5.209116e-05 3.189933e-05 2.269434e-05 8.019423e-06 3.579914e-06
3.516181e-05 2.513768e-05 3.277103e-05 6.868461e-05 2.555982e-04 3.549663e-04 2.080688e-04 1.580277e-04 1.527253e-04 7.597519e-05 2.647756e-05 1.188995e-05
2.083223e-05 1.813980e-05 2.614323e-05 6.066058e-05 2.114702e-04 1.015232e-04 4.161776e-05 3.674759e-05 4.839197e-05 2.811011e-05 9.796286e-06 4.403324e-06
1.721717e-05 2.190438e-05 4.127622e-05 2.471374e-05 2.149265e-05 1.244017e-05 8.837033e-06 9.779264e-06 8.376976e-06 5.177257e-06 2.816178e-06 2.205221e-06
2.119933e-05 3.508206e-05 3.991330e-05 1.100559e-04 6.942683e-05 4.853573e-05 2.029154e-05 1.520495e-05 8.690777e-06 5.579479e-06 7.528943e-06 2.860474e-06
1.006480e-05 9.662667e-06 1.354137e-05 2.848079e-05 4.022134e-05 2.040696e-05 8.930477e-06 7.770231e-06 1.004263e-05 2.326188e-05 7.031395e-06 2.659694e-06
1.310676e-05 1.071103e-05 1.885705e-05 3.650844e-05 3.779417e-05 1.264277e-05 6.848538e-06 1.013156e-05 1.469939e-05 1.957831e-05 5.850194e-06 2.210778e-06
9.576833e-06 9.139559e-06 1.500436e-05 3.034237e-05 1.251529e-04 8.846316e-05 7.958714e-05 4.989067e-05 5.096895e-05 3.707832e-05 1.302796e-05 5.509832e-06
1.578477e-05 1.836395e-05 4.367686e-05 5.767775e-05 6.126158e-05 3.606753e-05 2.144029e-05 1.297921e-05 7.906468e-06 7.505622e-06 4.600930e-06 2.713490e-06
1.586756e-05 1.979117e-05 5.653066e-05 1.370484e-04 5.036834e-05 5.147158e-05 5.584177e-05 3.451018e-05 2.410037e-05 1.107513e-05 7.820367e-06 3.174241e-06
1.191330e-05 1.879157e-05 6.094022e-05 1.638063e-04 5.276680e-05 4.080822e-05 3.320982e-05 3.728428e-05 3.573357e-05 2.581130e-05 9.188814e-06 3.886357e-06
1.138147e-05 1.363097e-05 2.625461e-05 6.168325e-05 1.419256e-04 4.314022e-04 1.230596e-04 6.278500e-05 3.400776e-05 2.729714e-05 9.582199e-06 4.427236e-06
1.758165e-05 2.500329e-05 5.059662e-05 1.296449e-04 4.078463e-04 1.525471e-03 5.428869e-04 3.978015e-04 2.311086e-04 9.911802e-05 3.659389e-05 1.827834e-05
1.242073e-05 1.621199e-05 3.205177e-05 8.332648e-05 2.317628e-04 8.989579e-04 4.551098e-04 3.308738e-04 1.316004e-04 5.221836e-05 2.247558e-05 1.240863e-05
9.149925e-06 6.901416e-06 1.058221e-05 2.615741e-05 3.834499e-05 8.287743e-05 4.165593e-05 6.067184e-05 3.352087e-05 1.715924e-05 8.792555e-06 3.798658e-06
6.954752e-06 8.111492e-06 1.468078e-05 2.369789e-05 5.104597e-05 1.503666e-04 1.381269e-04 6.882247e-05 2.818845e-05 1.252204e-05 5.958755e-06 2.927246e-06
1.114199e-05 7.973978e-06 9.940662e-06 1.232332e-05 1.292099e-05 3.219578e-05 3.938111e-05 2.105269e-05 1.002613e-05 5.674806e-06 2.383863e-06 1.084424e-06
1.419028e-05 1.073830e-05 1.756929e-05 2.417676e-05 3.582308e-05 3.942960e-05 4.020440e-05 6.165451e-05 2.538816e-05 1.756480e-05 8.033201e-06 3.200962e-06
7.655707e-06 7.415997e-06 1.624649e-05 2.094808e-05 5.005315e-05 8.872510e-05 7.124713e-05 7.772579e-05 4.053678e-05 2.735132e-05 1.115800e-05 4.662655e-06
1.067217e-05 9.531713e-06 1.352391e-05 2.602319e-05 7.611338e-05 1.638630e-04 1.433916e-04 4.112408e-05 1.785172e-05 8.992539e-06 4.201052e-06 2.190504e-06
7.300514e-06 6.668568e-06 9.532797e-06 1.799545e-05 5.292401e-05 2.115919e-04 1.416193e-04 4.587493e-05 1.799071e-05 8.919135e-06 4.100942e-06 2.242308e-06
9.343604e-06 6.693090e-06 9.237231e-06 9.982707e-06 2.123202e-05 2.212150e-05 1.440517e-05 1.534170e-05 1.102705e-05 7.543447e-06 2.979751e-06 1.631350e-06
5.598670e-06 3.444527e-06 3.305101e-06 3.411410e-06 5.136932e-06 8.335433e-06 5.666615e-06 3.774310e-06 2.432305e-06 1.586659e-06 8.032303e-07 3.655032e-07
8.167834e-06 8.997924e-06 2.476142e-05 2.451475e-05 5.347607e-05 2.566614e-05 1.610223e-05 1.510135e-05 8.231703e-06 3.740663e-06 1.503901e-06 7.669137e-07
8.665313e-06 8.984817e-06 1.526525e-05 1.486053e-05 3.887372e-05 7.733620e-05 4.916102e-05 2.411484e-05 9.418981e-06 4.330023e-06 1.979939e-06 1.034898e-06
8.523547e-06 8.647462e-06 1.685878e-05 4.133971e-05 1.519529e-04 1.673834e-04 1.349183e-04 1.311711e-04 5.211592e-05 2.344229e-05 9.252601e-06 4.615821e-06
1.212967e-05 1.334457e-05 2.421327e-05 5.266463e-05 1.863465e-04 4.871939e-04 1.972918e-04 2.662245e-04 1.619863e-04 7.003328e-05 2.825956e-05 1.319311e-05
1.169227e-05 1.551584e-05 3.099715e-05 7.790134e-05 2.555827e-04 4.849341e-04 2.470709e-04 3.980191e-04 1.933077e-04 9.440219e-05 3.734663e-05 1.730275e-05
1.117954e-05 1.384173e-05 2.552108e-05 5.811612e-05 2.109980e-04 4.733673e-04 2.092751e-04 2.615450e-04 1.551278e-04 8.000331e-05 3.070857e-05 1.394074e-05
1.324051e-05 2.029571e-05 4.514601e-05 1.160077e-04 4.325011e-04 9.665387e-04 2.952150e-04 2.517216e-04 1.070983e-04 5.113831e-05 2.183356e-05 1.091373e-05
2.128521e-05 3.534234e-05 7.488204e-05 1.946360e-04 7.240869e-04 2.283884e-03 6.482359e-04 4.747301e-04 1.616951e-04 6.658801e-05 3.040381e-05 1.679847e-05
1.044200e-05 1.441986e-05 2.949872e-05 7.246962e-05 2.660909e-04 6.685625e-04 2.975637e-04 2.881964e-04 9.306091e-05 3.658929e-05 1.581853e-05 8.534377e-06
1.153808e-05 1.675433e-05 3.330477e-05 8.598184e-05 3.136146e-04 7.835992e-04 2.919986e-04 2.109684e-04 7.883584e-05 3.242653e-05 1.410051e-05 7.670112e-06
9.708179e-06 8.295004e-06 1.606630e-05 3.250144e-05 9.150917e-05 5.999362e-05 3.147559e-05 3.471376e-05 1.476178e-05 5.915701e-06 2.514541e-06 1.299294e-06
1.009084e-05 5.332647e-06 4.056838e-06 4.722412e-06 1.033793e-05 1.781274e-05 9.565643e-06 9.095794e-06 3.017020e-06 1.206332e-06 5.483026e-07 3.049508e-07
8.396941e-06 8.745887e-06 1.755994e-05 7.426191e-06 5.612358e-06 5.689130e-06 4.200706e-06 3.746906e-06 1.474809e-06 6.150470e-07 2.969906e-07 1.846008e-07
8.173805e-06 9.737385e-06 1.782766e-05 6.182892e-06 6.467570e-06 8.812630e-06 5.376177e-06 3.779473e-06 2.087468e-06 8.882138e-07 4.361836e-07 2.776013e-07
1.002472e-05 6.001661e-06 7.336535e-06 9.843926e-06 2.672321e-05 3.949915e-05 3.222810e-05 1.996944e-05 6.767137e-06 2.828045e-06 1.238961e-06 6.863337e-07
9.502329e-06 1.533200e-05 2.143532e-05 4.865217e-05 1.728833e-04 3.609123e-04 5.063328e-04 2.155293e-04 7.006613e-05 2.706419e-05 1.239187e-05 6.871809e-06
1.481483e-05 1.831310e-05 2.976798e-05 6.247278e-05 2.109208e-04 5.470717e-04 8.138838e-04 3.254125e-04 1.061000e-04 4.116070e-05 1.872126e-05 1.033020e-05
9.512550e-06 1.400741e-05 2.602225e-05 5.506669e-05 2.034888e-04 4.214634e-04 2.904208e-04 2.442592e-04 7.319815e-05 2.743817e-05 1.207537e-05 6.568125e-06
1.128977e-05 1.085183e-05 1.734393e-05 3.973861e-05 1.421701e-04 2.121253e-04 6.198850e-05 3.835017e-05 1.688657e-05 7.858581e-06 3.373091e-06 1.864005e-06
6.798405e-06 6.374905e-06 1.270776e-05 2.718888e-05 1.652796e-05 1.455001e-05 8.611331e-06 9.187954e-06 3.448725e-06 1.510860e-06 6.385179e-07 3.509812e-07
6.316299e-06 5.393265e-06 7.183496e-06 1.693898e-05 1.061367e-05 8.635492e-06 4.728575e-06 3.353333e-06 1.622395e-06 8.578063e-07 3.735471e-07 2.037195e-07
6.693333e-06 5.021957e-06 3.776224e-06 3.406264e-06 4.671801e-06 6.240814e-06 4.256033e-06 2.588023e-06 1.473099e-06 1.002305e-06 5.450627e-07 3.622339e-07
8.805950e-06 5.369503e-06 3.595624e-06 3.516313e-06 4.765749e-06 4.872111e-06 3.032373e-06 1.993404e-06 9.975554e-07 6.246383e-07 3.286444e-07 1.751173e-07
7.901911e-06 4.639073e-06 3.904210e-06 3.928267e-06 4.757758e-06 4.648449e-06 2.743862e-06 1.372373e-06 6.963597e-07 6.095258e-07 2.905530e-07 1.335784e-07
9.462801e-06 5.505380e-06 4.543213e-06 6.456425e-06 8.549002e-06 5.693828e-06 2.974215e-06 1.412828e-06 7.306656e-07 4.817594e-07 2.168756e-07 1.188410e-07
7.068928e-06 4.300818e-06 4.735150e-06 4.538168e-06 6.596047e-06 5.515312e-06 3.293762e-06 1.337380e-06 6.638432e-07 5.095861e-07 2.191230e-07 1.254332e-07
7.917994e-06 5.688659e-06 4.474553e-06 3.909120e-06 5.439436e-06 4.661042e-06 3.183463e-06 1.341581e-06 5.876061e-07 4.696164e-07 2.311757e-07 1.381301e-07
7.129178e-06 6.390823e-06 6.555318e-06 4.727639e-06 6.339975e-06 5.340013e-06 3.009128e-06 1.559822e-06 6.877511e-07 4.745216e-07 2.302033e-07 1.240087e-07
1.197528e-05 7.882138e-06 7.899548e-06 1.506423e-05 3.908123e-05 1.188170e-04 5.794806e-05 4.560127e-05 4.261169e-05 1.646783e-05 5.705022e-06 2.778415e-06
9.460593e-06 9.966339e-06 1.775922e-05 5.515454e-05 9.065901e-05 2.664104e-04 1.697423e-04 1.574337e-04 1.657838e-04 5.889682e-05 2.113818e-05 9.942809e-06
6.391882e-06 5.155641e-06 5.034541e-06 7.532168e-06 1.034889e-05 1.356364e-05 1.310463e-05 1.898560e-05 2.467468e-05 1.269015e-05 4.884116e-06 2.253683e-06
1.080649e-05 1.217758e-05 1.407580e-05 3.744497e-05 7.536857e-05 5.374865e-05 6.130784e-05 2.239373e-05 1.562252e-05 1.426052e-05 5.192780e-06 2.180252e-06
1.068715e-05 1.738726e-05 1.995326e-05 4.915850e-05 7.607652e-05 2.199279e-04 3.583666e-04 3.063687e-04 1.000045e-04 4.479286e-05 1.875102e-05 9.459686e-06
1.023941e-05 1.363480e-05 1.895412e-05 6.419415e-05 5.721763e-05 4.296805e-05 3.476403e-05 4.918008e-05 3.959054e-05 1.806890e-05 7.692884e-06 3.504855e-06
9.777918e-06 1.078690e-05 8.375265e-06 1.166336e-05 1.290380e-05 1.744683e-05 1.704945e-05 2.785186e-05 2.248336e-05 1.265687e-05 4.532462e-06 2.138198e-06
1.178687e-05 1.392768e-05 2.544190e-05 6.561126e-05 1.753808e-04 4.633552e-04 1.839519e-04 1.651324e-04 1.215626e-04 5.888057e-05 2.117916e-05 9.742993e-06
1.008280e-05 1.174596e-05 2.351384e-05 6.442361e-05 1.291150e-04 3.464707e-04 3.946780e-04 2.396776e-04 1.004621e-04 5.518753e-05 2.076742e-05 1.010683e-05
2.432051e-05 4.112925e-05 9.265483e-05 2.496847e-04 6.950928e-04 2.767708e-03 1.310317e-03 6.229699e-04 2.966625e-04 1.591014e-04 6.049024e-05 3.066114e-05
2.661884e-05 5.530589e-05 1.682238e-04 7.236622e-04 4.092253e-04 5.552029e-04 3.049697e-04 3.482891e-04 1.849075e-04 9.932779e-05 3.592378e-05 1.682815e-05
3.214019e-05 5.615126e-05 1.726642e-04 7.144805e-04 4.592859e-04 1.760029e-04 1.105604e-04 7.481201e-05 4.479832e-05 2.066218e-05 8.243514e-06 4.458284e-06
1.716230e-05 2.163354e-05 5.477852e-05 1.381225e-04 2.154108e-04 6.984018e-04 4.324843e-04 1.588361e-04 6.070862e-05 2.947256e-05 1.331319e-05 7.317461e-06
6.421462e-06 7.454654e-06 1.815059e-05 4.627827e-05 2.841171e-05 2.829983e-05 2.345155e-05 2.177044e-05 3.026248e-05 3.528668e-05 1.974885e-05 1.116017e-05
1.278464e-05 1.030969e-05 2.082880e-05 5.398626e-05 2.349829e-05 2.077651e-05 1.575602e-05 1.780673e-05 2.293154e-05 1.438028e-05 6.924102e-06 4.123173e-06
1.522872e-05 1.785527e-05 4.530221e-05 1.677840e-04 1.174752e-04 2.348348e-04 1.337951e-04 1.682710e-04 1.684884e-04 6.094284e-05 2.534025e-05 1.308643e-05
9.997684e-06 9.511785e-06 1.878857e-05 4.884474e-05 5.371995e-05 3.207224e-05 3.086172e-05 4.614119e-05 3.676437e-05 1.694324e-05 6.770762e-06 3.691760e-06
9.423497e-06 5.082414e-06 4.576031e-06 7.017191e-06 7.498173e-06 8.008632e-06 7.578005e-06 7.975703e-06 5.050328e-06 3.416056e-06 1.542338e-06 9.029403e-07
3.271709e-05 5.853744e-05 1.295384e-04 3.421562e-04 1.270906e-03 4.189119e-03 1.103150e-03 4.952744e-04 2.115127e-04 8.710797e-05 4.137520e-05 2.322202e-05
2.596010e-05 3.929923e-05 8.198391e-05 2.081333e-04 6.181862e-04 2.722699e-03 1.623740e-03 8.265553e-04 4.719710e-04 1.688534e-04 6.886054e-05 3.620975e-05
1.355232e-05 1.166610e-05 1.154230e-05 2.447608e-05 4.666693e-05 1.342855e-04 1.522782e-04 1.255127e-04 6.678324e-05 2.691573e-05 1.006632e-05 5.068131e-06
6.135995e-06 6.251983e-06 1.033429e-05 1.914888e-05 3.053239e-05 8.862720e-05 4.390112e-05 3.014315e-05 1.527487e-05 6.269783e-06 2.607382e-06 1.350014e-06
8.272022e-06 6.389889e-06 1.084634e-05 2.710997e-05 3.991518e-05 9.402152e-05 4.399695e-05 3.242199e-05 1.851158e-05 8.193096e-06 3.382916e-06 1.615341e-06
9.858249e-06 8.885577e-06 1.680802e-05 5.675688e-05 6.310757e-05 1.098619e-04 6.891387e-05 9.386879e-05 8.800736e-05 4.163454e-05 1.688855e-05 6.954506e-06
1.015356e-05 1.206934e-05 2.469004e-05 7.480842e-05 1.363166e-04 4.906755e-04 2.764568e-04 1.623292e-04 1.347271e-04 6.004520e-05 2.192098e-05 1.040602e-05
1.185196e-05 1.329929e-05 2.672797e-05 7.060411e-05 1.566912e-04 6.296665e-04 7.054819e-04 4.437698e-04 2.558547e-04 9.619381e-05 3.657551e-05 1.853080e-05
1.215213e-05 1.542868e-05 3.263033e-05 7.627750e-05 1.641094e-04 6.023176e-04 1.156406e-03 7.714487e-04 3.409297e-04 1.240434e-04 4.993994e-05 2.595383e-05
1.310051e-05 1.851375e-05 3.781369e-05 9.613643e-05 2.314871e-04 9.508956e-04 1.038079e-03 1.283578e-03 5.493253e-04 1.826992e-04 7.256198e-05 3.809871e-05
1.392030e-05 1.272752e-05 2.292695e-05 5.588263e-05 1.191859e-04 4.329822e-04 4.473280e-04 8.389823e-04 3.393979e-04 1.125529e-04 4.409550e-05 2.282485e-05
1.327537e-05 1.525715e-05 3.090975e-05 8.208533e-05 2.444861e-04 9.028660e-04 3.356185e-04 3.001447e-04 1.516188e-04 6.409089e-05 2.517222e-05 1.268323e-05
9.017826e-06 5.149242e-06 5.274137e-06 1.023331e-05 1.972048e-05 5.956609e-05 4.084349e-05 5.741843e-05 2.558103e-05 1.194876e-05 4.399542e-06 2.224792e-06
6.376231e-06 4.371547e-06 4.715501e-06 5.374442e-06 7.405774e-06 1.254674e-05 8.594240e-06 1.311804e-05 5.653188e-06 2.478179e-06 9.677677e-07 5.254853e-07
7.728293e-06 4.814048e-06 6.923548e-06 1.251494e-05 4.649287e-05 3.402483e-05 1.609027e-05 9.280566e-06 3.706693e-06 1.591578e-06 7.360002e-07 4.161798e-07
6.456598e-06 6.960619e-06 1.234817e-05 3.261542e-05 1.380608e-04 1.052610e-04 4.966305e-05 1.678727e-05 6.631312e-06 3.107654e-06 1.560721e-06 9.070127e-07
6.168688e-06 5.020623e-06 6.792824e-06 1.423872e-05 4.451399e-05 5.390558e-05 9.983072e-05 4.018961e-05 1.578080e-05 9.590854e-06 4.119150e-06 2.215211e-06
5.792498e-06 4.086959e-06 3.116584e-06 3.469387e-06 5.126823e-06 6.136653e-06 3.930710e-06 2.675535e-06 1.994787e-06 1.732610e-06 7.220596e-07 3.978166e-07
1.100038e-05 4.952676e-06 3.944651e-06 4.133579e-06 6.267349e-06 6.456714e-06 7.573207e-06 7.739460e-06 8.538750e-06 8.662536e-06 4.536610e-06 2.959270e-06
8.797971e-06 4.521712e-06 3.412404e-06 4.017321e-06 6.485379e-06 4.450945e-06 2.990067e-06 2.211302e-06 1.683465e-06 1.266434e-06 6.547122e-07 4.061385e-07
4.572844e-06 2.736416e-06 2.296627e-06 2.525292e-06 4.465658e-06 4.629038e-06 2.340797e-06 1.179355e-06 5.973781e-07 3.245882e-07 1.700047e-07 1.002747e-07
7.681037e-06 3.717705e-06 3.263234e-06 4.849455e-06 5.935518e-06 5.259229e-06 3.474276e-06 1.801632e-06 8.638482e-07 4.175422e-07 2.049858e-07 1.174804e-07
1.187572e-05 1.444839e-05 2.832088e-05 7.051569e-05 1.986258e-04 8.031117e-04 3.444436e-04 1.442873e-04 1.146832e-04 4.505428e-05 1.925882e-05 9.404240e-06
1.812999e-05 3.263075e-05 7.296850e-05 2.041741e-04 5.568348e-04 2.524377e-03 9.415969e-04 3.223408e-04 2.570901e-04 1.037339e-04 4.307708e-05 2.195776e-05
7.073546e-06 4.938576e-06 4.513584e-06 7.315807e-06 1.594638e-05 4.775502e-05 3.605689e-05 1.884645e-05 2.114474e-05 9.232062e-06 3.317811e-06 1.563354e-06
8.941872e-06 1.440350e-05 2.997727e-05 6.497445e-05 1.940267e-04 5.493206e-04 1.011743e-03 3.601642e-04 1.383061e-04 5.867290e-05 2.493231e-05 1.347947e-05
5.898730e-06 6.711092e-06 1.360199e-05 1.917985e-05 5.240395e-05 8.599201e-05 1.258581e-04 5.221318e-05 2.334981e-05 9.710749e-06 4.138325e-06 2.214886e-06
4.921131e-06 5.557711e-06 1.112917e-05 1.605054e-05 1.094014e-05 1.435539e-05 2.112063e-05 8.581510e-06 4.226109e-06 1.820451e-06 7.821143e-07 4.414467e-07
3.418780e-05 7.147547e-05 2.323143e-04 1.033127e-03 3.863820e-04 1.040485e-04 4.538629e-05 2.695054e-05 2.415867e-05 1.131867e-05 4.466967e-06 2.371802e-06
1.841223e-05 3.545970e-05 1.001770e-04 4.454819e-04 2.460803e-04 6.312895e-05 2.982131e-05 3.009816e-05 3.282909e-05 1.394410e-05 4.893200e-06 2.431300e-06
8.104522e-06 8.332355e-06 1.538948e-05 2.597446e-05 4.097705e-05 2.638201e-05 3.213154e-05 2.014640e-05 1.509479e-05 5.593965e-06 2.146195e-06 1.090153e-06
5.838314e-06 5.624841e-06 8.642415e-06 9.391610e-06 9.402651e-06 1.029806e-05 6.111652e-06 5.899909e-06 6.036780e-06 2.369293e-06 1.620880e-06 8.040878e-07
1.040652e-05 8.003898e-06 1.465430e-05 1.644599e-05 2.753330e-05 4.804803e-05 3.880500e-05 7.403932e-05 3.228669e-05 1.249384e-05 5.429626e-06 2.530085e-06
1.040184e-05 5.796985e-06 7.039457e-06 1.661761e-05 2.166060e-05 4.622454e-05 8.138482e-05 2.896967e-04 9.760576e-05 5.314065e-05 1.813996e-05 8.326618e-06
5.780105e-06 4.734133e-06 7.042149e-06 1.312538e-05 9.589549e-06 9.499426e-06 8.424028e-06 1.970328e-05 1.267145e-05 1.806730e-05 5.651017e-06 2.242411e-06
7.340149e-06 5.192967e-06 5.086886e-06 8.022296e-06 1.110516e-05 1.066988e-05 7.507127e-06 6.407469e-06 4.702895e-06 6.957323e-06 3.386764e-06 2.469720e-06
1.167243e-05 1.196229e-05 1.643672e-05 3.077283e-05 7.832377e-05 2.475269e-04 5.672291e-04 2.516815e-04 8.993804e-05 3.479647e-05 1.916073e-05 1.018219e-05
9.711435e-06 9.590994e-06 1.297113e-05 2.538960e-05 7.051031e-05 1.860272e-04 3.426681e-04 2.894890e-04 1.180465e-04 4.563813e-05 1.944101e-05 1.007501e-05
8.610629e-06 9.450296e-06 1.665862e-05 3.507601e-05 1.112459e-04 1.810380e-04 1.939888e-04 2.033870e-04 7.483123e-05 4.828514e-05 1.685232e-05 7.723879e-06
7.294271e-06 9.546585e-06 2.377409e-05 3.863907e-05 4.053092e-05 4.489401e-05 4.109353e-05 5.064542e-05 3.383451e-05 2.583999e-05 8.129263e-06 3.395074e-06
1.121293e-05 1.766278e-05 4.352098e-05 1.238342e-04 2.632988e-04 1.617388e-04 6.682694e-05 9.394083e-05 7.547589e-05 3.490484e-05 1.321350e-05 6.717567e-06
9.004299e-06 8.541761e-06 1.035139e-05 1.719908e-05 2.522768e-05 2.770919e-05 1.860762e-05 1.373348e-05 7.577757e-06 5.524185e-06 6.699033e-06 2.597514e-06
1.181985e-05 1.151712e-05 2.884400e-05 1.600311e-05 1.527344e-05 2.617265e-05 4.174868e-05 4.368061e-05 2.249757e-05 2.198166e-05 7.328841e-06 2.986054e-06
1.014629e-05 1.237827e-05 1.902131e-05 3.145448e-05 1.078337e-04 6.300824e-05 9.840455e-05 2.243881e-04 7.897760e-05 5.595802e-05 1.996501e-05 8.410237e-06
1.117453e-05 1.273149e-05 1.901822e-05 1.679944e-05 2.169224e-05 1.669839e-05 2.238812e-05 3.485675e-05 2.928543e-05 4.110117e-05 1.216704e-05 4.538406e-06
8.738842e-06 6.254399e-06 7.594694e-06 5.710099e-06 8.614500e-06 7.546931e-06 9.018197e-06 9.222319e-06 5.062218e-06 7.002703e-06 3.188809e-06 2.446244e-06
1.404106e-05 1.835762e-05 4.893819e-05 1.908486e-05 1.337757e-05 1.268427e-05 1.654569e-05 4.899488e-05 1.891332e-05 9.284324e-06 7.298334e-06 2.970695e-06
1.279049e-05 1.545196e-05 3.954332e-05 1.176259e-05 8.206588e-06 5.337930e-06 4.617756e-06 7.198177e-06 6.329079e-06 1.202796e-05 4.268744e-06 1.529108e-06
8.347013e-06 6.536712e-06 9.116750e-06 1.984666e-05 2.135779e-05 3.487233e-05 2.403416e-05 2.222736e-05 1.901896e-05 2.718339e-05 8.466869e-06 3.796078e-06
1.169705e-05 1.621349e-05 2.774032e-05 3.924213e-05 6.534942e-05 2.092803e-04 1.853210e-04 1.338051e-04 8.110196e-05 5.286637e-05 1.876366e-05 8.669949e-06
1.173213e-05 2.298558e-05 3.170455e-05 3.285008e-05 8.940987e-05 1.708140e-04 1.881074e-04 9.826662e-05 6.928832e-05 2.803590e-05 1.158179e-05 5.978173e-06
9.929624e-06 7.487197e-06 1.350095e-05 1.853678e-05 5.276523e-05 2.604178e-05 1.422105e-05 1.081527e-05 8.100058e-06 5.165488e-06 6.051221e-06 2.340221e-06
6.565053e-06 5.785310e-06 1.044780e-05 1.693914e-05 3.254785e-05 5.572756e-05 1.455559e-04 1.048488e-04 4.585964e-05 2.463523e-05 1.081528e-05 4.633377e-06
1.019478e-05 1.114773e-05 2.900224e-05 3.098283e-05 5.331549e-05 6.947586e-05 9.424285e-05 1.181721e-04 4.664787e-05 3.841845e-05 1.579803e-05 6.124140e-06
9.472542e-06 1.271115e-05 3.844663e-05 3.454169e-05 7.829100e-05 9.301203e-05 5.953031e-05 9.103065e-05 4.041240e-05 3.717732e-05 1.673344e-05 6.184630e-06
1.022175e-05 1.268279e-05 2.959028e-05 3.187129e-05 7.616683e-05 6.699428e-05 5.713846e-05 5.984852e-05 2.502906e-05 1.530650e-05 6.987423e-06 3.433393e-06
1.352581e-05 1.039860e-05 1.645560e-05 2.964211e-05 4.556099e-05 2.120997e-05 1.188186e-05 1.265919e-05 5.634617e-06 4.050371e-06 5.480406e-06 1.935941e-06
1.206159e-05 2.670297e-05 3.946160e-05 6.987527e-05 1.139006e-04 2.942777e-05 1.239533e-05 7.800023e-06 4.235783e-06 2.354559e-06 1.577357e-06 7.174050e-07
8.908082e-06 1.386697e-05 1.405844e-05 2.264497e-05 3.026474e-05 5.840048e-05 3.378714e-05 2.755816e-05 2.842197e-05 1.549416e-05 5.387231e-06 2.351456e-06
1.102765e-05 1.375736e-05 2.159093e-05 4.168568e-05 7.370198e-05 1.493115e-04 3.670676e-04 1.340638e-03 4.429983e-03 1.772252e-03 5.266623e-04 2.245879e-04
1.060838e-05 1.047128e-05 1.717209e-05 3.284836e-05 5.629874e-05 8.571801e-05 1.708348e-04 5.350606e-04 1.432543e-03 1.933787e-03 4.720533e-04 1.813430e-04
1.443334e-05 1.100855e-05 9.791211e-06 1.171883e-05 1.605402e-05 1.814798e-05 1.347370e-05 2.483518e-05 6.464561e-05 4.884687e-05 1.584494e-05 6.352981e-06
1.642393e-05 1.323698e-05 2.668908e-05 2.983599e-05 4.141176e-05 6.830555e-05 4.138067e-05 1.964117e-05 1.195711e-05 7.481348e-06 2.882752e-06 1.498353e-06
2.464040e-05 3.784527e-05 6.039311e-05 5.038338e-05 1.036399e-04 2.037040e-04 1.793499e-04 6.150361e-05 3.008962e-05 2.065136e-05 8.927605e-06 5.604345e-06
1.041329e-05 1.120664e-05 1.592094e-05 2.077499e-05 4.331310e-05 2.439786e-05 1.179035e-05 1.010906e-05 6.349565e-06 3.569328e-06 1.414097e-06 7.242369e-07
1.271185e-05 1.913931e-05 2.555964e-05 1.587616e-05 1.181277e-05 8.286053e-06 4.978698e-06 3.835069e-06 3.668919e-06 2.704157e-06 9.654782e-07 5.661148e-07
1.112425e-05 9.817323e-06 1.068603e-05 8.089289e-06 8.313072e-06 6.082736e-06 3.627550e-06 2.499389e-06 1.650826e-06 9.553916e-07 4.774597e-07 2.913679e-07
1.411376e-05 9.764982e-06 8.567762e-06 1.006287e-05 9.474553e-06 6.652657e-06 4.106794e-06 3.994223e-06 3.174564e-06 1.687258e-06 6.941397e-07 4.507218e-07
9.802380e-06 7.865303e-06 4.860799e-06 4.687665e-06 5.877299e-06 5.032127e-06 3.267985e-06 2.516942e-06 2.370507e-06 1.534643e-06 5.409339e-07 2.716364e-07
1.358707e-05 1.298797e-05 1.075449e-05 1.082005e-05 7.897642e-06 7.567717e-06 6.880510e-06 5.443053e-06 2.720661e-06 1.428816e-06 6.478986e-07 3.475981e-07
1.491964e-05 1.521858e-05 2.745167e-05 5.721128e-05 7.672415e-05 1.890207e-04 6.407241e-05 3.750718e-05 1.244441e-05 5.600958e-06 2.718158e-06 1.523675e-06
1.385606e-05 9.900638e-06 1.141035e-05 2.322409e-05 4.723568e-05 1.669415e-04 1.049495e-04 3.255718e-05 1.255664e-05 5.983618e-06 2.820320e-06 1.572599e-06
1.996989e-05 3.145541e-05 6.367178e-05 1.592351e-04 4.100859e-04 1.841583e-03 1.315293e-03 5.012606e-04 1.553399e-04 6.525522e-05 3.213224e-05 1.824291e-05
1.267105e-05 1.260707e-05 2.731464e-05 5.510447e-05 3.762268e-05 9.704368e-05 4.984146e-05 2.465083e-05 1.228080e-05 5.179506e-06 2.226588e-06 1.175885e-06
8.646185e-06 1.583000e-05 3.165863e-05 4.027864e-05 1.826525e-05 1.512591e-05 1.110289e-05 7.345355e-06 4.493617e-06 1.915201e-06 7.961821e-07 4.255145e-07
1.224261e-05 2.204880e-05 5.593472e-05 5.472898e-05 6.383442e-05 2.052760e-04 2.337239e-04 1.650692e-04 4.736620e-05 1.751385e-05 8.099771e-06 4.488004e-06
1.180714e-05 1.285753e-05 2.444885e-05 3.209846e-05 3.311572e-05 7.194879e-05 8.363858e-05 7.343519e-05 2.601349e-05 1.004805e-05 4.274359e-06 2.281788e-06
1.083162e-05 1.749711e-05 2.701422e-05 5.637807e-05 1.742861e-04 3.432309e-04 1.401200e-04 7.981767e-05 2.934798e-05 1.173165e-05 5.460561e-06 3.023311e-06
1.125150e-05 1.554467e-05 2.738925e-05 1.210340e-05 1.235639e-05 2.099323e-05 1.332058e-05 6.236540e-06 2.931498e-06 1.451881e-06 7.392030e-07 4.179007e-07
1.798717e-05 3.155244e-05 9.196568e-05 4.516958e-05 4.846595e-05 1.220185e-04 5.405199e-05 1.721862e-05 9.922158e-06 6.346215e-06 3.093100e-06 1.594587e-06
8.617099e-06 8.073127e-06 1.408289e-05 1.767244e-05 1.616698e-05 1.706744e-05 1.388793e-05 8.952220e-06 8.315294e-06 6.507490e-06 2.621452e-06 1.503943e-06
8.379316e-06 1.676850e-05 3.734347e-05 3.008554e-05 1.808577e-05 1.102841e-05 8.008184e-06 5.469538e-06 3.804563e-06 2.410224e-06 1.187236e-06 7.281626e-07
1.529295e-05 2.739785e-05 7.830388e-05 1.006235e-04 1.280998e-04 3.438456e-04 3.717859e-04 1.206757e-04 4.247154e-05 2.588273e-05 1.036874e-05 5.334141e-06
1.822232e-05 2.081327e-05 3.002880e-05 5.713963e-05 7.127301e-05 1.355664e-04 1.310672e-04 1.257004e-04 3.648187e-05 1.793168e-05 7.838615e-06 4.244954e-06
1.748960e-05 3.343335e-05 5.993426e-05 1.400594e-04 1.285057e-04 2.061980e-04 5.572858e-05 3.106063e-05 1.164058e-05 5.271964e-06 2.581023e-06 1.470923e-06
1.311446e-05 1.703456e-05 2.910298e-05 1.132176e-04 5.184687e-05 5.842355e-05 3.443328e-05 1.451922e-05 5.407354e-06 2.715907e-06 1.344427e-06 7.655502e-07
1.523466e-05 1.433170e-05 2.499115e-05 7.997173e-05 3.896971e-05 6.372074e-05 2.159186e-05 1.095474e-05 4.520631e-06 2.272671e-06 1.093021e-06 6.184021e-07
1.179300e-05 8.843885e-06 1.253704e-05 2.281305e-05 3.098975e-05 6.791400e-05 3.480608e-05 1.545874e-05 6.931121e-06 3.447687e-06 1.511075e-06 7.845110e-07
1.239891e-05 1.321121e-05 1.365142e-05 2.745589e-05 2.412590e-05 2.877557e-05 4.720757e-05 1.550547e-05 6.618450e-06 3.102663e-06 1.392918e-06 7.715617e-07
1.655950e-05 1.567652e-05 2.357130e-05 7.320918e-05 4.737962e-05 3.921008e-05 4.081620e-05 2.597678e-05 9.221067e-06 4.157977e-06 1.863500e-06 1.016984e-06
1.864838e-05 1.619312e-05 2.050864e-05 6.174411e-05 4.093683e-05 1.971632e-05 1.213529e-05 7.820504e-06 4.770720e-06 2.595023e-06 1.102070e-06 5.853306e-07
3.961214e-05 3.110801e-05 4.598839e-05 1.300919e-04 4.781578e-05 2.363595e-05 1.315129e-05 7.669455e-06 4.535615e-06 2.602079e-06 1.222402e-06 6.633559e-07
2.412272e-05 2.346892e-05 2.608046e-05 6.381916e-05 3.950095e-05 4.349545e-05 3.166856e-05 1.507240e-05 6.984887e-06 3.678313e-06 1.588992e-06 8.488503e-07
2.357194e-05 1.900570e-05 2.033037e-05 4.728801e-05 3.389133e-05 2.603696e-05 2.319644e-05 1.636660e-05 7.731961e-06 4.157874e-06 1.700740e-06 8.797525e-07
1.341463e-05 1.697925e-05 1.447534e-05 2.615665e-05 2.216517e-05 1.644799e-05 1.267961e-05 8.038293e-06 4.954213e-06 2.904840e-06 1.220873e-06 6.554636e-07
3.345685e-05 2.464939e-05 1.740134e-05 2.334846e-05 2.416263e-05 1.634160e-05 1.337343e-05 9.735675e-06 6.909779e-06 3.982625e-06 1.575279e-06 7.947693e-07
3.944753e-05 3.462127e-05 1.927903e-05 2.446750e-05 2.328031e-05 2.250756e-05 1.955054e-05 1.680076e-05 1.174722e-05 7.708610e-06 4.023663e-06 2.771922e-06
2.614864e-05 1.777674e-05 1.487770e-05 2.014021e-05 2.685138e-05 2.534130e-05 1.756893e-05 1.174081e-05 7.249208e-06 4.268398e-06 2.213996e-06 1.594511e-06
3.109039e-05 2.006244e-05 1.918911e-05 2.681371e-05 3.265863e-05 2.010379e-05 1.487986e-05 1.281442e-05 8.730508e-06 4.214844e-06 1.757669e-06 9.314342e-07
7.337646e-05 3.513403e-05 2.478390e-05 3.109984e-05 2.658143e-05 1.824387e-05 1.423925e-05 9.968440e-06 6.234652e-06 3.493801e-06 1.541010e-06 8.742130e-07
3.792840e-05 2.295578e-05 2.411065e-05 3.267423e-05 3.364706e-05 2.167745e-05 1.510308e-05 1.040157e-05 6.539151e-06 4.174411e-06 1.836831e-06 9.496909e-07
3.691503e-05 2.994125e-05 3.858468e-05 5.135672e-05 9.333785e-05 2.448449e-04 1.625714e-04 7.631213e-05 3.816903e-05 1.985119e-05 7.940241e-06 4.190490e-06
5.818579e-05 6.542821e-05 7.465174e-05 1.139526e-04 3.138911e-04 4.097838e-04 1.036583e-03 7.333979e-04 2.155007e-04 1.023152e-04 4.327641e-05 2.246920e-05
3.525844e-05 4.664682e-05 6.594769e-05 4.423285e-05 6.160187e-05 5.346859e-05 5.073920e-05 3.975346e-05 2.989417e-05 1.697829e-05 6.895108e-06 3.633546e-06
4.212618e-05 6.351526e-05 8.929383e-05 1.473605e-04 5.467871e-04 2.602498e-04 1.648061e-04 1.659111e-04 1.038980e-04 4.700202e-05 1.857697e-05 9.284243e-06
4.426374e-05 4.757665e-05 7.491764e-05 1.315221e-04 5.000602e-04 1.841220e-04 9.497109e-05 9.424968e-05 5.631717e-05 3.243431e-05 1.451817e-05 6.612181e-06
3.875482e-05 3.021549e-05 2.521793e-05 2.585316e-05 6.697617e-05 3.600807e-05 3.076234e-05 2.327802e-05 1.594679e-05 9.419261e-06 4.351587e-06 2.171950e-06
3.727167e-05 2.831179e-05 2.196443e-05 2.050300e-05 2.864401e-05 2.119713e-05 2.011751e-05 1.481534e-05 8.789257e-06 4.748672e-06 2.086145e-06 1.147405e-06
1.697487e-05 1.816566e-05 2.178531e-05 1.697700e-05 2.294099e-05 1.781241e-05 1.299866e-05 1.017750e-05 7.426498e-06 3.373400e-06 1.430040e-06 7.556122e-07
1.141045e-05 1.020788e-05 1.229396e-05 1.022623e-05 1.463843e-05 1.143793e-05 7.570070e-06 5.849922e-06 4.701399e-06 2.535725e-06 1.030256e-06 5.271750e-07
2.239183e-05 1.548798e-05 1.254956e-05 1.052293e-05 1.123691e-05 9.907654e-06 8.899978e-06 6.489587e-06 4.854280e-06 2.422354e-06 1.015596e-06 5.411411e-07
1.781369e-05 1.432606e-05 1.300919e-05 1.170486e-05 1.114981e-05 9.715511e-06 9.309726e-06 8.956974e-06 7.222237e-06 4.504074e-06 1.837006e-06 9.901020e-07
1.173878e-05 1.770184e-05 1.315814e-05 1.262476e-05 1.040628e-05 8.690037e-06 8.001898e-06 6.542441e-06 5.660476e-06 3.772024e-06 1.599526e-06 9.278514e-07
9.795654e-06 1.538919e-05 1.787349e-05 1.439066e-05 1.198992e-05 9.672029e-06 8.706848e-06 6.549114e-06 4.086057e-06 2.480271e-06 1.112208e-06 6.065212e-07
1.232140e-05 1.934045e-05 1.811570e-05 1.576006e-05 1.368835e-05 1.171181e-05 9.938321e-06 7.584567e-06 5.195314e-06 2.703253e-06 1.207214e-06 6.747451e-07
1.425864e-05 2.002081e-05 1.740783e-05 1.226811e-05 1.084495e-05 1.075554e-05 9.702019e-06 1.049984e-05 1.215609e-05 6.538343e-06 2.177553e-06 1.097109e-06
1.540876e-05 1.945993e-05 2.321191e-05 1.919035e-05 1.713769e-05 1.266792e-05 1.023272e-05 8.257126e-06 1.087604e-05 8.954192e-06 2.681874e-06 1.253089e-06
1.606732e-05 1.759042e-05 1.931822e-05 1.867558e-05 1.672364e-05 1.505368e-05 9.888003e-06 8.658136e-06 1.489776e-05 8.332442e-06 2.656197e-06 1.218662e-06
1.504034e-05 2.138561e-05 2.233991e-05 1.805881e-05 1.473680e-05 1.487765e-05 9.616007e-06 6.698682e-06 5.093962e-06 2.801347e-06 1.129588e-06 5.538556e-07
1.390664e-05 2.249171e-05 2.338928e-05 1.631029e-05 1.562090e-05 1.381485e-05 8.430030e-06 5.688812e-06 3.915867e-06 2.118961e-06 8.404266e-07 4.199310e-07
1.335663e-05 1.438611e-05 1.334159e-05 1.322475e-05 1.081159e-05 9.760623e-06 8.343023e-06 5.044947e-06 3.565213e-06 1.935922e-06 1.613010e-06 1.646566e-06
1.248999e-05 1.210951e-05 1.244937e-05 1.022196e-05 9.476124e-06 9.711677e-06 6.944407e-06 4.347503e-06 2.778955e-06 2.497486e-06 5.568761e-06 1.930216e-06
1.345815e-05 1.317948e-05 1.921678e-05 9.875767e-06 9.138642e-06 7.486554e-06 5.637922e-06 3.937746e-06 5.323951e-06 1.383959e-05 4.240622e-06 1.518901e-06
1.576898e-05 1.211587e-05 1.579006e-05 9.348522e-06 7.111780e-06 6.321127e-06 5.623897e-06 4.281740e-06 6.999062e-06 2.155271e-05 5.929494e-06 2.080204e-06
1.548445e-05 1.766789e-05 1.569801e-05 8.633749e-06 7.546356e-06 6.738382e-06 5.019833e-06 3.225880e-06 4.344901e-06 1.109416e-05 3.146595e-06 1.185617e-06
1.087191e-05 9.513346e-06 1.107792e-05 7.645702e-06 6.430860e-06 5.168340e-06 3.886457e-06 2.757442e-06 3.342637e-06 6.780952e-06 3.560292e-06 2.137361e-06
1.629887e-05 1.445027e-05 1.195719e-05 8.206557e-06 7.850564e-06 5.380702e-06 4.443808e-06 4.448131e-06 6.715954e-06 4.423370e-06 2.552872e-06 1.086511e-06
1.827411e-05 1.081384e-05 8.124981e-06 7.239625e-06 7.578287e-06 6.160517e-06 4.842503e-06 5.099790e-06 1.314582e-05 3.927432e-05 1.031296e-05 3.654026e-06
1.021990e-05 6.773187e-06 5.990094e-06 4.015029e-06 4.932778e-06 4.250489e-06 4.210433e-06 4.267840e-06 8.801266e-06 2.719292e-05 7.170628e-06 2.530017e-06
1.226602e-05 8.894186e-06 8.347958e-06 4.748424e-06 5.185827e-06 4.015173e-06 2.687645e-06 2.069473e-06 3.579061e-06 1.048083e-05 2.842674e-06 1.128860e-06
2.220912e-05 1.089968e-05 6.653073e-06 4.360688e-06 4.607746e-06 3.909958e-06 2.614813e-06 1.661584e-06 1.735443e-06 3.592344e-06 3.234746e-06 1.779361e-06
1.936313e-05 9.598516e-06 5.928975e-06 4.363811e-06 5.722285e-06 4.000647e-06 5.342226e-06 4.894989e-06 4.985871e-06 3.702785e-06 2.012224e-06 8.012519e-07
1.161187e-05 6.983103e-06 4.748694e-06 3.841329e-06 5.529326e-06 4.869085e-06 7.890493e-06 6.515479e-06 1.260271e-05 2.983803e-05 7.869954e-06 2.837015e-06
7.761847e-06 4.966944e-06 4.123409e-06 3.715853e-06 5.110417e-06 3.642192e-06 5.848696e-06 6.624583e-06 8.370647e-06 1.883515e-05 5.112407e-06 1.841407e-06
