N16_COLUMNS,pop,arm,parent_updates,parent_old,final_old,old_lost,old_rescued,old_gate_hits,parent_new,final_new,new_gain,new_gate_hits,proposals,accepted,rejected,skipped,anchor_loss,anchor_checks
N16_SMOKE,0,0,109,501,501,0,0,0,145,145,0,0,0,0,0,1536,0,0
N16_SMOKE,0,1,109,501,136,375,10,0,145,504,359,0,99,99,0,1437,0,0
N16_SMOKE,0,2,109,501,502,5,6,0,145,149,4,0,1098,1,1097,438,0,512
N16_SMOKE,0,3,109,501,465,37,1,82,145,443,298,415,279,51,228,1257,0,0
N16_SMOKE,0,4,109,501,499,3,1,82,145,257,112,415,806,17,789,730,0,96
N16_SMOKE,0,5,109,501,501,1,1,82,145,193,48,415,998,10,988,538,0,256
N16_SMOKE,0,6,109,501,502,0,1,82,145,189,44,415,970,8,962,566,0,512
N16_SMOKE,0,7,109,501,502,0,1,82,145,191,46,415,959,8,951,577,1,512
N16_SMOKE,0,8,109,501,466,35,0,49,145,459,314,442,220,70,150,1316,0,0
N16_SMOKE,0,9,109,501,475,26,0,49,145,233,88,442,877,22,855,659,0,96
N16_SMOKE,0,10,109,501,493,8,0,49,145,174,29,442,1012,14,998,524,0,256
N16_SMOKE,0,11,109,501,498,3,0,49,145,155,10,442,1046,8,1038,490,0,512
N16_SMOKE,0,12,109,501,496,5,0,49,145,196,51,442,983,16,967,553,2,512
N16_SMOKE,0,13,109,501,470,31,0,45,145,459,314,441,220,70,150,1316,0,0
N16_SMOKE,0,14,109,501,476,25,0,39,145,459,314,433,220,70,150,1316,0,0
N16_SMOKE,0,15,109,501,477,24,0,39,145,270,125,433,801,25,776,735,0,96
N16_SMOKE,0,16,109,501,460,41,0,76,145,495,350,479,91,49,42,1445,0,0
N16_SMOKE,0,17,109,501,489,12,0,21,145,454,309,412,308,50,258,1228,0,0
N16_SMOKE,0,18,109,501,489,12,0,21,145,445,300,412,316,37,279,1220,0,96
N16_SMOKE,0,19,109,501,499,2,0,21,145,407,262,412,420,29,391,1116,1,512
N16_SMOKE,0,20,109,501,494,7,0,10,145,415,270,362,414,54,360,1122,0,0
R33_N16_SMOKE_COMPLETE
