xp_audiorev_pitchdisc_000.pair 3 128492197 129441476 1 64249 64249 0 -41681985 -1540604005 1
xp_audiorev_pitchdisc_001.pair 3 128492197 129441476 1 64249 64249 0 -41681985 -1540604005 1
xp_audiorev_pitchdisc_002.pair 3 128492197 129441476 1 64249 64249 0 -41681985 -1540604005 1
xp_audiorev_pitchdisc_003.pair 3 128492197 129441476 1 64249 64249 0 -41681985 -1540604005 1
xp_audiorev_pitchdisc_004.pair 3 128492197 129441476 1 64249 64249 0 -41681985 -1540604005 1
xp_audiorev_pitchdisc_005.pair 3 128492197 129441476 1 64249 64249 0 -41681985 -1540604005 1
xp_audiorev_pitchdisc_006.pair 3 128492197 129441476 1 64249 64249 0 -41681985 -1540604005 1
xp_audiorev_pitchdisc_007.pair 3 128492197 129441476 1 64249 64249 0 -41681985 -1540604005 1
xp_audiorev_pitchdisc_008.pair 3 128492197 129441476 1 64249 64249 0 -41681985 -1540604005 1
xp_audiorev_pitchdisc_009.pair 3 128492197 129441476 1 64249 64249 0 -41681985 -1540604005 1
xp_audiorev_pitchdisc_010.pair 3 128492197 129441476 1 64249 64249 0 -41681985 -1540604005 1
xp_audiorev_pitchdisc_011.pair 3 128492197 129441476 1 64249 64249 0 -41681985 -1540604005 1
xp_audiorev_pitchdisc_012.pair 3 128492197 129441476 1 64249 64249 0 -41681985 -1540604005 1
xp_audiorev_pitchdisc_013.pair 3 128492197 129441476 1 64249 64249 0 -41681985 -1540604005 1
xp_audiorev_pitchdisc_014.pair 3 128492197 129441476 1 64249 64249 0 -41681985 -1540604005 1
xp_audiorev_pitchdisc_015.pair 3 128492197 129441476 1 64249 64249 0 -41681985 -1540604005 1
xp_audiorev_pitchdisc_016.pair 3 128492197 129441476 1 64249 64249 0 -41681985 -1540604005 1
xp_audiorev_pitchdisc_017.pair 3 128492197 129441476 1 64249 64249 0 -41681985 -1540604005 1
xp_audiorev_pitchdisc_018.pair 3 128492197 129441476 1 64249 64249 0 -41681985 -1540604005 1
xp_audiorev_pitchdisc_019.pair 3 128492197 129441476 1 64249 64249 0 -41681985 -1540604005 1
xp_audiorev_pitchdisc_020.pair 3 128492197 129441476 1 64249 64249 0 -41681985 -1540604005 1
xp_audiorev_pitchdisc_021.pair 3 128492197 129441476 1 64249 64249 0 -41681985 -1540604005 1
xp_audiorev_pitchdisc_022.pair 3 128492197 129441476 1 64249 64249 0 -41681985 -1540604005 1
xp_audiorev_pitchdisc_023.pair 3 128492197 129441476 1 64249 64249 0 -41681985 -1540604005 1
xp_audiorev_timbredisc_000.pair 4 125616485 127042290 1 62936 62936 0 -142245001 -1466372765 1
xp_audiorev_timbredisc_001.pair 4 125616485 127042290 1 62936 62936 0 -142245001 -1466372765 1
xp_audiorev_timbredisc_002.pair 4 125616485 127042290 1 62936 62936 0 -142245001 -1466372765 1
xp_audiorev_timbredisc_003.pair 4 125616485 127042290 1 62936 62936 0 -142245001 -1466372765 1
xp_audiorev_timbredisc_004.pair 4 125616485 127042290 1 62936 62936 0 -142245001 -1466372765 1
xp_audiorev_timbredisc_005.pair 4 125616485 127042290 1 62936 62936 0 -142245001 -1466372765 1
xp_audiorev_timbredisc_006.pair 4 125616485 127042290 1 62936 62936 0 -142245001 -1466372765 1
xp_audiorev_timbredisc_007.pair 4 125616485 127042290 1 62936 62936 0 -142245001 -1466372765 1
xp_audiorev_timbredisc_008.pair 4 125616485 127042290 1 62936 62936 0 -142245001 -1466372765 1
xp_audiorev_timbredisc_009.pair 4 125616485 127042290 1 62936 62936 0 -142245001 -1466372765 1
xp_audiorev_timbredisc_010.pair 4 125616485 127042290 1 62936 62936 0 -142245001 -1466372765 1
xp_audiorev_timbredisc_011.pair 4 125616485 127042290 1 62936 62936 0 -142245001 -1466372765 1
xp_audiorev_timbredisc_012.pair 4 125616485 127042290 1 62936 62936 0 -142245001 -1466372765 1
xp_audiorev_timbredisc_013.pair 4 125616485 127042290 1 62936 62936 0 -142245001 -1466372765 1
xp_audiorev_timbredisc_014.pair 4 125616485 127042290 1 62936 62936 0 -142245001 -1466372765 1
xp_audiorev_timbredisc_015.pair 4 125616485 127042290 1 62936 62936 0 -142245001 -1466372765 1
xp_audiorev_timbredisc_016.pair 4 125616485 127042290 1 62936 62936 0 -142245001 -1466372765 1
xp_audiorev_timbredisc_017.pair 4 125616485 127042290 1 62936 62936 0 -142245001 -1466372765 1
xp_audiorev_timbredisc_018.pair 4 125616485 127042290 1 62936 62936 0 -142245001 -1466372765 1
xp_audiorev_timbredisc_019.pair 4 125616485 127042290 1 62936 62936 0 -142245001 -1466372765 1
xp_audiorev_timbredisc_020.pair 4 125616485 127042290 1 62936 62936 0 -142245001 -1466372765 1
xp_audiorev_timbredisc_021.pair 4 125616485 127042290 1 62936 62936 0 -142245001 -1466372765 1
xp_audiorev_timbredisc_022.pair 4 125616485 127042290 1 62936 62936 0 -142245001 -1466372765 1
xp_audiorev_timbredisc_023.pair 4 125616485 127042290 1 62936 62936 0 -142245001 -1466372765 1
xp_blkswap_pitchdisc_000.pair 3 129052700 129441476 1 64249 64249 0 240665547 -1540604005 1
xp_blkswap_pitchdisc_001.pair 3 129052700 129441476 1 64249 64249 0 240665547 -1540604005 1
xp_blkswap_pitchdisc_002.pair 3 129052700 129441476 1 64249 64249 0 240665547 -1540604005 1
xp_blkswap_pitchdisc_003.pair 3 129052700 129441476 1 64249 64249 0 240665547 -1540604005 1
xp_blkswap_pitchdisc_004.pair 3 129052700 129441476 1 64249 64249 0 240665547 -1540604005 1
xp_blkswap_pitchdisc_005.pair 3 129052700 129441476 1 64249 64249 0 240665547 -1540604005 1
xp_blkswap_pitchdisc_006.pair 3 129052700 129441476 1 64249 64249 0 240665547 -1540604005 1
xp_blkswap_pitchdisc_007.pair 3 129052700 129441476 1 64249 64249 0 240665547 -1540604005 1
xp_blkswap_pitchdisc_008.pair 3 129052700 129441476 1 64249 64249 0 240665547 -1540604005 1
xp_blkswap_pitchdisc_009.pair 3 129052700 129441476 1 64249 64249 0 240665547 -1540604005 1
xp_blkswap_pitchdisc_010.pair 3 129052700 129441476 1 64249 64249 0 240665547 -1540604005 1
xp_blkswap_pitchdisc_011.pair 3 129052700 129441476 1 64249 64249 0 240665547 -1540604005 1
xp_blkswap_pitchdisc_012.pair 3 129052700 129441476 1 64249 64249 0 240665547 -1540604005 1
xp_blkswap_pitchdisc_013.pair 3 129052700 129441476 1 64249 64249 0 240665547 -1540604005 1
xp_blkswap_pitchdisc_014.pair 3 129052700 129441476 1 64249 64249 0 240665547 -1540604005 1
xp_blkswap_pitchdisc_015.pair 3 129052700 129441476 1 64249 64249 0 240665547 -1540604005 1
xp_blkswap_pitchdisc_016.pair 3 129052700 129441476 1 64249 64249 0 240665547 -1540604005 1
xp_blkswap_pitchdisc_017.pair 3 129052700 129441476 1 64249 64249 0 240665547 -1540604005 1
xp_blkswap_pitchdisc_018.pair 3 129052700 129441476 1 64249 64249 0 240665547 -1540604005 1
xp_blkswap_pitchdisc_019.pair 3 129052700 129441476 1 64249 64249 0 240665547 -1540604005 1
xp_blkswap_pitchdisc_020.pair 3 129052700 129441476 1 64249 64249 0 240665547 -1540604005 1
xp_blkswap_pitchdisc_021.pair 3 129052700 129441476 1 64249 64249 0 240665547 -1540604005 1
xp_blkswap_pitchdisc_022.pair 3 129052700 129441476 1 64249 64249 0 240665547 -1540604005 1
xp_blkswap_pitchdisc_023.pair 3 129052700 129441476 1 64249 64249 0 240665547 -1540604005 1
xp_blkswap_shapetrans_000.pair 2 11456127 11469217 1 7406 7406 0 -909219547 -423238363 1
xp_blkswap_shapetrans_001.pair 2 11456127 11469217 1 7406 7406 0 -909219547 -423238363 1
xp_blkswap_shapetrans_002.pair 2 11577951 11591041 1 7406 7406 0 720048421 410762533 1
xp_blkswap_shapetrans_003.pair 2 11456127 11469217 1 7406 7406 0 -909219547 -423238363 1
xp_blkswap_shapetrans_004.pair 2 11577951 11591041 1 7406 7406 0 720048421 410762533 1
xp_blkswap_shapetrans_005.pair 2 11334303 11347393 1 7406 7406 0 -1785751259 -643155163 1
xp_blkswap_shapetrans_006.pair 2 11456127 11469217 1 7406 7406 0 -909219547 -423238363 1
xp_blkswap_shapetrans_007.pair 2 11456127 11469217 1 7406 7406 0 -909219547 -423238363 1
xp_blkswap_shapetrans_008.pair 2 11334303 11347393 1 7406 7406 0 -1785751259 -643155163 1
xp_blkswap_shapetrans_009.pair 2 11577951 11591041 1 7406 7406 0 720048421 410762533 1
xp_blkswap_shapetrans_010.pair 2 11456127 11469217 1 7406 7406 0 -909219547 -423238363 1
xp_blkswap_shapetrans_011.pair 2 11334303 11347393 1 7406 7406 0 -1785751259 -643155163 1
xp_blkswap_shapetrans_012.pair 2 11334303 11347393 1 7406 7406 0 -1785751259 -643155163 1
xp_blkswap_shapetrans_013.pair 2 11456127 11469217 1 7406 7406 0 -909219547 -423238363 1
xp_blkswap_shapetrans_014.pair 2 11577951 11591041 1 7406 7406 0 720048421 410762533 1
xp_blkswap_shapetrans_015.pair 2 11577951 11591041 1 7406 7406 0 720048421 410762533 1
xp_blkswap_shapetrans_016.pair 2 11456127 11469217 1 7406 7406 0 -909219547 -423238363 1
xp_blkswap_shapetrans_017.pair 2 11577951 11591041 1 7406 7406 0 720048421 410762533 1
xp_blkswap_shapetrans_018.pair 2 11577951 11591041 1 7406 7406 0 720048421 410762533 1
xp_blkswap_shapetrans_019.pair 2 11577951 11591041 1 7406 7406 0 720048421 410762533 1
xp_blkswap_shapetrans_020.pair 2 11577951 11591041 1 7406 7406 0 720048421 410762533 1
xp_blkswap_shapetrans_021.pair 2 11334303 11347393 1 7406 7406 0 -1785751259 -643155163 1
xp_blkswap_shapetrans_022.pair 2 11456127 11469217 1 7406 7406 0 -909219547 -423238363 1
xp_blkswap_shapetrans_023.pair 2 11577951 11591041 1 7406 7406 0 720048421 410762533 1
xp_calib_pitchdisc_001.pair 3 129441476 129441476 0 64249 64249 0 -1540604005 -1540604005 0
xp_calib_pitchdisc_003.pair 3 129441476 129441476 0 64249 64249 0 -1540604005 -1540604005 0
xp_calib_pitchdisc_005.pair 3 129441476 129441476 0 64249 64249 0 -1540604005 -1540604005 0
xp_calib_pitchdisc_007.pair 3 129441476 129441476 0 64249 64249 0 -1540604005 -1540604005 0
xp_calib_pitchdisc_009.pair 3 129441476 129441476 0 64249 64249 0 -1540604005 -1540604005 0
xp_calib_pitchdisc_011.pair 3 129441476 129441476 0 64249 64249 0 -1540604005 -1540604005 0
xp_calib_pitchdisc_013.pair 3 129441476 129441476 0 64249 64249 0 -1540604005 -1540604005 0
xp_calib_pitchdisc_015.pair 3 129441476 129441476 0 64249 64249 0 -1540604005 -1540604005 0
xp_calib_pitchdisc_017.pair 3 129441476 129441476 0 64249 64249 0 -1540604005 -1540604005 0
xp_calib_pitchdisc_019.pair 3 129441476 129441476 0 64249 64249 0 -1540604005 -1540604005 0
xp_calib_pitchdisc_021.pair 3 129441772 129441476 1 64249 64249 0 -1221281692 -1540604005 1
xp_calib_pitchdisc_023.pair 3 129441362 129441476 1 64249 64249 0 -1025072276 -1540604005 1
xp_calib_pitchdisc_025.pair 3 129441619 129441476 1 64249 64249 0 -866057096 -1540604005 1
xp_calib_pitchdisc_027.pair 3 129441482 129441476 1 64249 64249 0 -881733588 -1540604005 1
xp_calib_pitchdisc_029.pair 3 129441444 129441476 1 64249 64249 0 2049418116 -1540604005 1
xp_calib_pitchdisc_031.pair 3 129441445 129441476 1 64249 64249 0 1854680046 -1540604005 1
xp_calib_pitchdisc_033.pair 3 129441969 129441476 1 64249 64249 0 -2010607358 -1540604005 1
xp_calib_pitchdisc_035.pair 3 129441904 129441476 1 64249 64249 0 -1852583794 -1540604005 1
xp_calib_pitchdisc_037.pair 3 129441788 129441476 1 64249 64249 0 -1198401112 -1540604005 1
xp_calib_pitchdisc_039.pair 3 129441029 129441476 1 64249 64249 0 -993742200 -1540604005 1
xp_calib_shapetrans_000.pair 2 11347393 11347393 0 7406 7406 0 -643155163 -643155163 0
xp_calib_shapetrans_002.pair 2 11591041 11591041 0 7406 7406 0 410762533 410762533 0
xp_calib_shapetrans_004.pair 2 11591041 11591041 0 7406 7406 0 410762533 410762533 0
xp_calib_shapetrans_006.pair 2 11347393 11347393 0 7406 7406 0 -643155163 -643155163 0
xp_calib_shapetrans_008.pair 2 11469217 11469217 0 7406 7406 0 -423238363 -423238363 0
xp_calib_shapetrans_010.pair 2 11469217 11469217 0 7406 7406 0 -423238363 -423238363 0
xp_calib_shapetrans_012.pair 2 11469217 11469217 0 7406 7406 0 -423238363 -423238363 0
xp_calib_shapetrans_014.pair 2 11347393 11347393 0 7406 7406 0 -643155163 -643155163 0
xp_calib_shapetrans_016.pair 2 11347393 11347393 0 7406 7406 0 -643155163 -643155163 0
xp_calib_shapetrans_018.pair 2 11469217 11469217 0 7406 7406 0 -423238363 -423238363 0
xp_calib_shapetrans_020.pair 2 11469426 11469217 1 7406 7406 0 -1017004030 -423238363 1
xp_calib_shapetrans_022.pair 2 11469551 11469217 1 7406 7406 0 -1668086734 -423238363 1
xp_calib_shapetrans_024.pair 2 11591017 11591041 1 7405 7406 1 1178379218 410762533 1
xp_calib_shapetrans_026.pair 2 11591391 11591041 1 7406 7406 0 -292693378 410762533 1
xp_calib_shapetrans_028.pair 2 11347055 11347393 1 7405 7406 1 -1231574134 -643155163 1
xp_calib_shapetrans_030.pair 2 11469062 11469217 1 7405 7406 1 493581970 -423238363 1
xp_calib_shapetrans_032.pair 2 11347288 11347393 1 7405 7406 1 727453154 -643155163 1
xp_calib_shapetrans_034.pair 2 11469195 11469217 1 7405 7406 1 493830162 -423238363 1
xp_calib_shapetrans_036.pair 2 11347649 11347393 1 7406 7406 0 580708120 -643155163 1
xp_calib_shapetrans_038.pair 2 11469118 11469217 1 7405 7406 1 -2033716258 -423238363 1
xp_cycshift_pitchdisc_000.pair 3 128533497 129441476 1 64249 64249 0 1754897539 -1540604005 1
xp_cycshift_pitchdisc_001.pair 3 128533497 129441476 1 64249 64249 0 1754897539 -1540604005 1
xp_cycshift_pitchdisc_002.pair 3 128533497 129441476 1 64249 64249 0 1754897539 -1540604005 1
xp_cycshift_pitchdisc_003.pair 3 128533497 129441476 1 64249 64249 0 1754897539 -1540604005 1
xp_cycshift_pitchdisc_004.pair 3 128533497 129441476 1 64249 64249 0 1754897539 -1540604005 1
xp_cycshift_pitchdisc_005.pair 3 128533497 129441476 1 64249 64249 0 1754897539 -1540604005 1
xp_cycshift_pitchdisc_006.pair 3 128533497 129441476 1 64249 64249 0 1754897539 -1540604005 1
xp_cycshift_pitchdisc_007.pair 3 128533497 129441476 1 64249 64249 0 1754897539 -1540604005 1
xp_cycshift_pitchdisc_008.pair 3 128533497 129441476 1 64249 64249 0 1754897539 -1540604005 1
xp_cycshift_pitchdisc_009.pair 3 128533497 129441476 1 64249 64249 0 1754897539 -1540604005 1
xp_cycshift_pitchdisc_010.pair 3 128533497 129441476 1 64249 64249 0 1754897539 -1540604005 1
xp_cycshift_pitchdisc_011.pair 3 128533497 129441476 1 64249 64249 0 1754897539 -1540604005 1
xp_cycshift_pitchdisc_012.pair 3 128533497 129441476 1 64249 64249 0 1754897539 -1540604005 1
xp_cycshift_pitchdisc_013.pair 3 128533497 129441476 1 64249 64249 0 1754897539 -1540604005 1
xp_cycshift_pitchdisc_014.pair 3 128533497 129441476 1 64249 64249 0 1754897539 -1540604005 1
xp_cycshift_pitchdisc_015.pair 3 128533497 129441476 1 64249 64249 0 1754897539 -1540604005 1
xp_cycshift_pitchdisc_016.pair 3 128533497 129441476 1 64249 64249 0 1754897539 -1540604005 1
xp_cycshift_pitchdisc_017.pair 3 128533497 129441476 1 64249 64249 0 1754897539 -1540604005 1
xp_cycshift_pitchdisc_018.pair 3 128533497 129441476 1 64249 64249 0 1754897539 -1540604005 1
xp_cycshift_pitchdisc_019.pair 3 128533497 129441476 1 64249 64249 0 1754897539 -1540604005 1
xp_cycshift_pitchdisc_020.pair 3 128533497 129441476 1 64249 64249 0 1754897539 -1540604005 1
xp_cycshift_pitchdisc_021.pair 3 128533497 129441476 1 64249 64249 0 1754897539 -1540604005 1
xp_cycshift_pitchdisc_022.pair 3 128533497 129441476 1 64249 64249 0 1754897539 -1540604005 1
xp_cycshift_pitchdisc_023.pair 3 128533497 129441476 1 64249 64249 0 1754897539 -1540604005 1
xp_cycshift_shapetrans_000.pair 2 11429915 11591041 1 7406 7406 0 1074330821 410762533 1
xp_cycshift_shapetrans_001.pair 2 11429915 11591041 1 7406 7406 0 1074330821 410762533 1
xp_cycshift_shapetrans_002.pair 2 11429915 11591041 1 7406 7406 0 1074330821 410762533 1
xp_cycshift_shapetrans_003.pair 2 11656737 11347393 1 7406 7406 0 177553861 -643155163 1
xp_cycshift_shapetrans_004.pair 2 11633801 11469217 1 7406 7406 0 -171219931 -423238363 1
xp_cycshift_shapetrans_005.pair 2 11656737 11347393 1 7406 7406 0 177553861 -643155163 1
xp_cycshift_shapetrans_006.pair 2 11656737 11347393 1 7406 7406 0 177553861 -643155163 1
xp_cycshift_shapetrans_007.pair 2 11429915 11591041 1 7406 7406 0 1074330821 410762533 1
xp_cycshift_shapetrans_008.pair 2 11633801 11469217 1 7406 7406 0 -171219931 -423238363 1
xp_cycshift_shapetrans_009.pair 2 11429915 11591041 1 7406 7406 0 1074330821 410762533 1
xp_cycshift_shapetrans_010.pair 2 11633801 11469217 1 7406 7406 0 -171219931 -423238363 1
xp_cycshift_shapetrans_011.pair 2 11633801 11469217 1 7406 7406 0 -171219931 -423238363 1
xp_cycshift_shapetrans_012.pair 2 11429915 11591041 1 7406 7406 0 1074330821 410762533 1
xp_cycshift_shapetrans_013.pair 2 11633801 11469217 1 7406 7406 0 -171219931 -423238363 1
xp_cycshift_shapetrans_014.pair 2 11633801 11469217 1 7406 7406 0 -171219931 -423238363 1
xp_cycshift_shapetrans_015.pair 2 11656737 11347393 1 7406 7406 0 177553861 -643155163 1
xp_cycshift_shapetrans_016.pair 2 11656737 11347393 1 7406 7406 0 177553861 -643155163 1
xp_cycshift_shapetrans_017.pair 2 11633801 11469217 1 7406 7406 0 -171219931 -423238363 1
xp_cycshift_shapetrans_018.pair 2 11429915 11591041 1 7406 7406 0 1074330821 410762533 1
xp_cycshift_shapetrans_019.pair 2 11633801 11469217 1 7406 7406 0 -171219931 -423238363 1
xp_cycshift_shapetrans_020.pair 2 11633801 11469217 1 7406 7406 0 -171219931 -423238363 1
xp_cycshift_shapetrans_021.pair 2 11633801 11469217 1 7406 7406 0 -171219931 -423238363 1
xp_cycshift_shapetrans_022.pair 2 11656737 11347393 1 7406 7406 0 177553861 -643155163 1
xp_cycshift_shapetrans_023.pair 2 11633801 11469217 1 7406 7406 0 -171219931 -423238363 1
xp_fshuffle_motiondir_000.pair 5 11634184 11634184 0 7536 7536 0 -992537947 637757253 1
xp_fshuffle_motiondir_001.pair 5 11634184 11634184 0 7536 7536 0 -2038837563 637757253 1
xp_fshuffle_motiondir_002.pair 5 11634184 11634184 0 7536 7536 0 1590575141 637757253 1
xp_fshuffle_motiondir_003.pair 5 11762248 11762248 0 7536 7536 0 248954085 1350283077 1
xp_fshuffle_motiondir_004.pair 5 11890312 11890312 0 7536 7536 0 1807269317 -435292347 1
xp_fshuffle_motiondir_005.pair 5 11762248 11762248 0 7536 7536 0 -1208695099 1350283077 1
xp_fshuffle_motiondir_006.pair 5 11762248 11762248 0 7536 7536 0 661168325 1350283077 1
xp_fshuffle_motiondir_007.pair 5 11762248 11762248 0 7536 7536 0 608358277 1350283077 1
xp_fshuffle_motiondir_008.pair 5 11634184 11634184 0 7536 7536 0 -445788155 637757253 1
xp_fshuffle_motiondir_009.pair 5 11762248 11762248 0 7536 7536 0 -924797627 1350283077 1
xp_fshuffle_motiondir_010.pair 5 11634184 11634184 0 7536 7536 0 -1477251547 637757253 1
xp_fshuffle_motiondir_011.pair 5 11762248 11762248 0 7536 7536 0 1801881605 1350283077 1
xp_fshuffle_motiondir_012.pair 5 11890312 11890312 0 7536 7536 0 -2105948219 -435292347 1
xp_fshuffle_motiondir_013.pair 5 11634184 11634184 0 7536 7536 0 -2057114459 637757253 1
xp_fshuffle_motiondir_014.pair 5 11634184 11634184 0 7536 7536 0 -1701105211 637757253 1
xp_fshuffle_motiondir_015.pair 5 11890312 11890312 0 7536 7536 0 -940864283 -435292347 1
xp_fshuffle_motiondir_016.pair 5 11890312 11890312 0 7536 7536 0 1294309317 -435292347 1
xp_fshuffle_motiondir_017.pair 5 11762248 11762248 0 7536 7536 0 -422999323 1350283077 1
xp_fshuffle_motiondir_018.pair 5 11890312 11890312 0 7536 7536 0 -1952476475 -435292347 1
xp_fshuffle_motiondir_019.pair 5 11634184 11634184 0 7536 7536 0 -2127528315 637757253 1
xp_fshuffle_motiondir_020.pair 5 11890312 11890312 0 7536 7536 0 -1606775835 -435292347 1
xp_fshuffle_motiondir_021.pair 5 11634184 11634184 0 7536 7536 0 1385870117 637757253 1
xp_fshuffle_motiondir_022.pair 5 11890312 11890312 0 7536 7536 0 -1209696315 -435292347 1
xp_fshuffle_motiondir_023.pair 5 11634184 11634184 0 7536 7536 0 -974424411 637757253 1
xp_fshuffle_shapetrans_000.pair 2 11347393 11347393 0 7406 7406 0 1693123205 -643155163 1
xp_fshuffle_shapetrans_001.pair 2 11469217 11469217 0 7406 7406 0 1375022853 -423238363 1
xp_fshuffle_shapetrans_002.pair 2 11469217 11469217 0 7406 7406 0 841668773 -423238363 1
xp_fshuffle_shapetrans_003.pair 2 11591041 11591041 0 7406 7406 0 244769893 410762533 1
xp_fshuffle_shapetrans_004.pair 2 11347393 11347393 0 7406 7406 0 -1890373051 -643155163 1
xp_fshuffle_shapetrans_005.pair 2 11469217 11469217 0 7406 7406 0 -1469083451 -423238363 1
xp_fshuffle_shapetrans_006.pair 2 11469217 11469217 0 7406 7406 0 -303556667 -423238363 1
xp_fshuffle_shapetrans_007.pair 2 11591041 11591041 0 7406 7406 0 -593571739 410762533 1
xp_fshuffle_shapetrans_008.pair 2 11469217 11469217 0 7406 7406 0 -2110730715 -423238363 1
xp_fshuffle_shapetrans_009.pair 2 11591041 11591041 0 7406 7406 0 -1303587547 410762533 1
xp_fshuffle_shapetrans_010.pair 2 11347393 11347393 0 7406 7406 0 -1469898971 -643155163 1
xp_fshuffle_shapetrans_011.pair 2 11591041 11591041 0 7406 7406 0 -2069141563 410762533 1
xp_fshuffle_shapetrans_012.pair 2 11347393 11347393 0 7406 7406 0 1972255557 -643155163 1
xp_fshuffle_shapetrans_013.pair 2 11591041 11591041 0 7406 7406 0 1366411397 410762533 1
xp_fshuffle_shapetrans_014.pair 2 11591041 11591041 0 7406 7406 0 86326565 410762533 1
xp_fshuffle_shapetrans_015.pair 2 11469217 11469217 0 7406 7406 0 1726401381 -423238363 1
xp_fshuffle_shapetrans_016.pair 2 11469217 11469217 0 7406 7406 0 1454847365 -423238363 1
xp_fshuffle_shapetrans_017.pair 2 11469217 11469217 0 7406 7406 0 1678582021 -423238363 1
xp_fshuffle_shapetrans_018.pair 2 11591041 11591041 0 7406 7406 0 -375211035 410762533 1
xp_fshuffle_shapetrans_019.pair 2 11347393 11347393 0 7406 7406 0 -215934363 -643155163 1
xp_fshuffle_shapetrans_020.pair 2 11347393 11347393 0 7406 7406 0 560983045 -643155163 1
xp_fshuffle_shapetrans_021.pair 2 11347393 11347393 0 7406 7406 0 -1590959899 -643155163 1
xp_fshuffle_shapetrans_022.pair 2 11469217 11469217 0 7406 7406 0 -1076766331 -423238363 1
xp_fshuffle_shapetrans_023.pair 2 11469217 11469217 0 7406 7406 0 1796187173 -423238363 1
xp_pxperm_colorconst_000.pair 1 834097 834097 0 4163 4163 0 -629962276 1594155676 1
xp_pxperm_colorconst_001.pair 1 834097 834097 0 4163 4163 0 1424980492 1594155676 1
xp_pxperm_colorconst_002.pair 1 834097 834097 0 4163 4163 0 1121261644 1594155676 1
xp_pxperm_colorconst_003.pair 1 834097 834097 0 4163 4163 0 -814482196 1594155676 1
xp_pxperm_colorconst_004.pair 1 834097 834097 0 4163 4163 0 -1581394404 1594155676 1
xp_pxperm_colorconst_005.pair 1 834097 834097 0 4163 4163 0 154393548 1594155676 1
xp_pxperm_colorconst_006.pair 1 834097 834097 0 4163 4163 0 1610644572 1594155676 1
xp_pxperm_colorconst_007.pair 1 834097 834097 0 4163 4163 0 1750006444 1594155676 1
xp_pxperm_colorconst_008.pair 1 834097 834097 0 4163 4163 0 154983372 1594155676 1
xp_pxperm_colorconst_009.pair 1 834097 834097 0 4163 4163 0 -983792500 1594155676 1
xp_pxperm_colorconst_010.pair 1 834097 834097 0 4163 4163 0 675803356 1594155676 1
xp_pxperm_colorconst_011.pair 1 834097 834097 0 4163 4163 0 695477980 1594155676 1
xp_pxperm_colorconst_012.pair 1 834097 834097 0 4163 4163 0 -1501689380 1594155676 1
xp_pxperm_colorconst_013.pair 1 834097 834097 0 4163 4163 0 687038396 1594155676 1
xp_pxperm_colorconst_014.pair 1 834097 834097 0 4163 4163 0 -2010251332 1594155676 1
xp_pxperm_colorconst_015.pair 1 834097 834097 0 4163 4163 0 -1969344148 1594155676 1
xp_pxperm_colordisc_000.pair 0 834097 834097 0 4163 4163 0 -1546496052 1594155676 1
xp_pxperm_colordisc_001.pair 0 834097 834097 0 4163 4163 0 1030575436 1594155676 1
xp_pxperm_colordisc_002.pair 0 834097 834097 0 4163 4163 0 681260012 1594155676 1
xp_pxperm_colordisc_003.pair 0 834097 834097 0 4163 4163 0 416059340 1594155676 1
xp_pxperm_colordisc_004.pair 0 834097 834097 0 4163 4163 0 -1429561796 1594155676 1
xp_pxperm_colordisc_005.pair 0 834097 834097 0 4163 4163 0 -940315780 1594155676 1
xp_pxperm_colordisc_006.pair 0 834097 834097 0 4163 4163 0 -1050383444 1594155676 1
xp_pxperm_colordisc_007.pair 0 834097 834097 0 4163 4163 0 724000348 1594155676 1
xp_pxperm_colordisc_008.pair 0 834097 834097 0 4163 4163 0 -1893555572 1594155676 1
xp_pxperm_colordisc_009.pair 0 834097 834097 0 4163 4163 0 242364188 1594155676 1
xp_pxperm_colordisc_010.pair 0 834097 834097 0 4163 4163 0 163894892 1594155676 1
xp_pxperm_colordisc_011.pair 0 834097 834097 0 4163 4163 0 -1115235012 1594155676 1
xp_pxperm_colordisc_012.pair 0 834097 834097 0 4163 4163 0 -1321353188 1594155676 1
xp_pxperm_colordisc_013.pair 0 834097 834097 0 4163 4163 0 1386487820 1594155676 1
xp_pxperm_colordisc_014.pair 0 834097 834097 0 4163 4163 0 603844188 1594155676 1
xp_pxperm_colordisc_015.pair 0 834097 834097 0 4163 4163 0 1514508444 1594155676 1
xp_pxperm_shapetrans_000.pair 2 11439395 11469217 1 7406 7406 0 -1846304443 -423238363 1
xp_pxperm_shapetrans_001.pair 2 11429455 11591041 1 7406 7406 0 1600254917 410762533 1
xp_pxperm_shapetrans_002.pair 2 11394663 11347393 1 7406 7406 0 -1013092267 -643155163 1
xp_pxperm_shapetrans_003.pair 2 11410314 11469217 1 7406 7406 0 672179925 -423238363 1
xp_pxperm_shapetrans_004.pair 2 11477148 11347393 1 7406 7406 0 -1983363483 -643155163 1
xp_pxperm_shapetrans_005.pair 2 11392759 11347393 1 7406 7406 0 -1146061227 -643155163 1
xp_pxperm_shapetrans_006.pair 2 11572111 11347393 1 7406 7406 0 577549285 -643155163 1
xp_pxperm_shapetrans_007.pair 2 11389481 11591041 1 7406 7406 0 1077018389 410762533 1
xp_pxperm_shapetrans_008.pair 2 11333328 11591041 1 7406 7406 0 -1093153323 410762533 1
xp_pxperm_shapetrans_009.pair 2 11373513 11591041 1 7406 7406 0 -1642354411 410762533 1
xp_pxperm_shapetrans_010.pair 2 11479897 11591041 1 7406 7406 0 1717569509 410762533 1
xp_pxperm_shapetrans_011.pair 2 11411054 11347393 1 7406 7406 0 1982830421 -643155163 1
xp_pxperm_shapetrans_012.pair 2 11424167 11591041 1 7406 7406 0 2105204981 410762533 1
xp_pxperm_shapetrans_013.pair 2 11456950 11347393 1 7406 7406 0 -118923659 -643155163 1
xp_pxperm_shapetrans_014.pair 2 11488463 11469217 1 7406 7406 0 -1729816843 -423238363 1
xp_pxperm_shapetrans_015.pair 2 11439078 11469217 1 7406 7406 0 1449057365 -423238363 1
xp_sumswap_pitchdisc_000.pair 3 129473776 129441476 1 64249 64249 0 -164558289 -1540604005 1
xp_sumswap_pitchdisc_001.pair 3 129450875 129441476 1 64249 64249 0 -1236708025 -1540604005 1
xp_sumswap_pitchdisc_002.pair 3 129444264 129441476 1 64249 64249 0 -956132301 -1540604005 1
xp_sumswap_pitchdisc_003.pair 3 129454207 129441476 1 64249 64249 0 -1286941949 -1540604005 1
xp_sumswap_pitchdisc_004.pair 3 129433932 129441476 1 64249 64249 0 100039935 -1540604005 1
xp_sumswap_pitchdisc_005.pair 3 129441867 129441476 1 64249 64249 0 -2005608617 -1540604005 1
xp_sumswap_pitchdisc_006.pair 3 129420900 129441476 1 64249 64249 0 1567319299 -1540604005 1
xp_sumswap_pitchdisc_007.pair 3 129434950 129441476 1 64249 64249 0 -714473183 -1540604005 1
xp_sumswap_pitchdisc_008.pair 3 129442103 129441476 1 64249 64249 0 -864371061 -1540604005 1
xp_sumswap_pitchdisc_009.pair 3 129371735 129441476 1 64249 64249 0 705672987 -1540604005 1
xp_sumswap_pitchdisc_010.pair 3 129423891 129441476 1 64249 64249 0 -1148409575 -1540604005 1
xp_sumswap_pitchdisc_011.pair 3 129437942 129441476 1 64249 64249 0 121373491 -1540604005 1
xp_sumswap_pitchdisc_012.pair 3 129445403 129441476 1 64249 64249 0 -1470469365 -1540604005 1
xp_sumswap_pitchdisc_013.pair 3 129446498 129441476 1 64249 64249 0 399209139 -1540604005 1
xp_sumswap_pitchdisc_014.pair 3 129453290 129441476 1 64249 64249 0 -1764043265 -1540604005 1
xp_sumswap_pitchdisc_015.pair 3 129470006 129441476 1 64249 64249 0 -254410881 -1540604005 1
xp_sumswap_pitchdisc_016.pair 3 129441154 129441476 1 64249 64249 0 535182931 -1540604005 1
xp_sumswap_pitchdisc_017.pair 3 129480630 129441476 1 64249 64249 0 441604543 -1540604005 1
xp_sumswap_pitchdisc_018.pair 3 129440370 129441476 1 64249 64249 0 1803255879 -1540604005 1
xp_sumswap_pitchdisc_019.pair 3 129521367 129441476 1 64249 64249 0 -1293263037 -1540604005 1
xp_sumswap_pitchdisc_020.pair 3 129440171 129441476 1 64249 64249 0 -997308495 -1540604005 1
xp_sumswap_pitchdisc_021.pair 3 129462055 129441476 1 64249 64249 0 -1909111153 -1540604005 1
xp_sumswap_pitchdisc_022.pair 3 129432161 129441476 1 64249 64249 0 1090500051 -1540604005 1
xp_sumswap_pitchdisc_023.pair 3 129426139 129441476 1 64249 64249 0 -1134660741 -1540604005 1
xp_sumswap_shapetrans_000.pair 2 11591265 11591041 1 7406 7406 0 -49846651 410762533 1
xp_sumswap_shapetrans_001.pair 2 11469069 11469217 1 7406 7406 0 -1139901867 -423238363 1
xp_sumswap_shapetrans_002.pair 2 11591548 11591041 1 7406 7406 0 965730557 410762533 1
xp_sumswap_shapetrans_003.pair 2 11591658 11591041 1 7406 7406 0 -597457739 410762533 1
xp_sumswap_shapetrans_004.pair 2 11469399 11469217 1 7406 7406 0 226969045 -423238363 1
xp_sumswap_shapetrans_005.pair 2 11589679 11591041 1 7406 7406 0 -1336353019 410762533 1
xp_sumswap_shapetrans_006.pair 2 11591047 11591041 1 7406 7406 0 1176862253 410762533 1
xp_sumswap_shapetrans_007.pair 2 11346109 11347393 1 7406 7406 0 1367865573 -643155163 1
xp_sumswap_shapetrans_008.pair 2 11591638 11591041 1 7406 7406 0 -974137467 410762533 1
xp_sumswap_shapetrans_009.pair 2 11469263 11469217 1 7406 7406 0 1384201709 -423238363 1
xp_sumswap_shapetrans_010.pair 2 11591581 11591041 1 7406 7406 0 1924781333 410762533 1
xp_sumswap_shapetrans_011.pair 2 11347232 11347393 1 7406 7406 0 1592487613 -643155163 1
xp_sumswap_shapetrans_012.pair 2 11469659 11469217 1 7406 7406 0 1973625837 -423238363 1
xp_sumswap_shapetrans_013.pair 2 11347269 11347393 1 7406 7406 0 278071509 -643155163 1
xp_sumswap_shapetrans_014.pair 2 11591178 11591041 1 7406 7406 0 -595530443 410762533 1
xp_sumswap_shapetrans_015.pair 2 11346984 11347393 1 7406 7406 0 -1144193763 -643155163 1
xp_sumswap_shapetrans_016.pair 2 11591362 11591041 1 7406 7406 0 1096194829 410762533 1
xp_sumswap_shapetrans_017.pair 2 11469032 11469217 1 7406 7406 0 -371006371 -423238363 1
xp_sumswap_shapetrans_018.pair 2 11590569 11591041 1 7406 7406 0 700997461 410762533 1
xp_sumswap_shapetrans_019.pair 2 11469131 11469217 1 7406 7406 0 691571405 -423238363 1
xp_sumswap_shapetrans_020.pair 2 11591067 11591041 1 7406 7406 0 -1807860003 410762533 1
xp_sumswap_shapetrans_021.pair 2 11347251 11347393 1 7406 7406 0 -1406823707 -643155163 1
xp_sumswap_shapetrans_022.pair 2 11469667 11469217 1 7406 7406 0 1240308909 -423238363 1
xp_sumswap_shapetrans_023.pair 2 11590753 11591041 1 7406 7406 0 1421516741 410762533 1
xp_wsumcol_shapetrans_000.pair 2 11515213 11515213 0 7561 7561 0 -1200854463 -339584111 1
xp_wsumcol_shapetrans_001.pair 2 11787085 11787085 0 7585 7585 0 1354673377 -93852463 1
xp_wsumcol_shapetrans_002.pair 2 11515213 11515213 0 7561 7561 0 -1200854463 -339584111 1
xp_wsumcol_shapetrans_003.pair 2 11486989 11486989 0 7537 7537 0 1124478625 1562365201 1
xp_wsumcol_shapetrans_004.pair 2 11787085 11787085 0 7585 7585 0 1354673377 -93852463 1
xp_wsumcol_shapetrans_005.pair 2 11665261 11665261 0 7585 7585 0 300118641 1449932257 1
xp_wsumcol_shapetrans_006.pair 2 11730637 11730637 0 7537 7537 0 1073481377 -1414662255 1
xp_wsumcol_shapetrans_007.pair 2 11486989 11486989 0 7537 7537 0 1124478625 1562365201 1
xp_wsumcol_shapetrans_008.pair 2 11730637 11730637 0 7537 7537 0 1073481377 -1414662255 1
xp_wsumcol_shapetrans_009.pair 2 11637037 11637037 0 7561 7561 0 -1400863951 337849857 1
xp_wsumcol_shapetrans_010.pair 2 11758861 11758861 0 7561 7561 0 690784833 -467502063 1
xp_wsumcol_shapetrans_011.pair 2 11787085 11787085 0 7585 7585 0 1354673377 -93852463 1
xp_wsumcol_shapetrans_012.pair 2 11608813 11608813 0 7537 7537 0 -1160522127 -2131762527 1
xp_wsumcol_shapetrans_013.pair 2 11637037 11637037 0 7561 7561 0 -1400863951 337849857 1
xp_wsumcol_shapetrans_014.pair 2 11543437 11543437 0 7585 7585 0 -1244112031 -343265967 1
xp_wsumcol_shapetrans_015.pair 2 11515213 11515213 0 7561 7561 0 -1200854463 -339584111 1
xp_wsumcol_shapetrans_016.pair 2 11515213 11515213 0 7561 7561 0 -1200854463 -339584111 1
xp_wsumcol_shapetrans_017.pair 2 11608813 11608813 0 7537 7537 0 -1160522127 -2131762527 1
xp_wsumcol_shapetrans_018.pair 2 11730637 11730637 0 7537 7537 0 1073481377 -1414662255 1
xp_wsumcol_shapetrans_019.pair 2 11608813 11608813 0 7537 7537 0 -1160522127 -2131762527 1
xp_wsumcol_shapetrans_020.pair 2 11515213 11515213 0 7561 7561 0 -1200854463 -339584111 1
xp_wsumcol_shapetrans_021.pair 2 11730637 11730637 0 7537 7537 0 1073481377 -1414662255 1
xp_wsumcol_shapetrans_022.pair 2 11486989 11486989 0 7537 7537 0 1124478625 1562365201 1
xp_wsumcol_shapetrans_023.pair 2 11730637 11730637 0 7537 7537 0 1073481377 -1414662255 1
