# PAR_DIVE drift plan: 300 s, MOTIF-A at 10.0 and 290.0 (identical params)
SR 44100
DUR_S 300
BED 0.0 300.0 110.0 250
EVENT 10.0 0.35 440.00 700 6 0.0 5.5 15
EVENT 10.4 0.35 554.37 700 6 0.0 5.5 15
EVENT 10.8 0.35 659.25 700 6 0.0 5.5 15
EVENT 11.2 0.35 554.37 700 6 0.0 5.5 15
EVENT 11.6 0.35 440.00 700 6 0.0 5.5 15
EVENT 12.0 0.35 369.99 700 6 0.0 5.5 15
EVENT 12.4 0.35 329.63 700 6 0.0 5.5 15
EVENT 12.8 0.35 440.00 700 6 0.0 5.5 15
EVENT 290.0 0.35 440.00 700 6 0.0 5.5 15
EVENT 290.4 0.35 554.37 700 6 0.0 5.5 15
EVENT 290.8 0.35 659.25 700 6 0.0 5.5 15
EVENT 291.2 0.35 554.37 700 6 0.0 5.5 15
EVENT 291.6 0.35 440.00 700 6 0.0 5.5 15
EVENT 292.0 0.35 369.99 700 6 0.0 5.5 15
EVENT 292.4 0.35 329.63 700 6 0.0 5.5 15
EVENT 292.8 0.35 440.00 700 6 0.0 5.5 15
EVENT 30.0 2.8 329.63 350 4 0.0 5.0 10
EVENT 120.0 2.8 392.00 350 4 0.0 5.0 10
EVENT 200.0 2.8 440.00 350 4 0.0 5.0 10
