LEDGER	1	0	0	0	0	1	867	SUSPECT	950	0000000000000000000000000000000000000000000000000000000000000000
LEDGER	2	1	0	0	0	1	867	SUSPECT	950	dbb648a4c63d6cf14b037095bf7f41ebb9812e06cf38c851f46d286145c8c607
LEDGER	3	2	0	0	0	1	867	SUSPECT	950	590e952d5aedcfe8084069b699ebfdb2b8253856b576dd82f447c900c9b7d614
LEDGER	4	3	0	0	0	1	867	SUSPECT	950	4f7df9b692b1a3d0fc4b2050c078ea23d76e8ae29a68827559be1758ea685e65
LEDGER	5	4	0	0	0	1	867	SUSPECT	950	eae31561cf472d987dc4d8720338536eda1600f2f82bf78693134a0782bd46f6
LEDGER	6	5	0	0	0	1	867	SUSPECT	950	f4a3dcc5e299472eef59afff6b71b1b6959b4dea4b3b006f4e79652ff2ab4e56
LEDGER	7	6	0	0	0	1	867	SUSPECT	950	a32a92d5e835b1e9237f24f6b6e314e07bd1cdefc69174e3e571ea2de3c1cba5
LEDGER	8	7	0	0	0	1	867	SUSPECT	950	8b21c1fa227a8ba8d712cd59b7b53d7098c731ec8d61a6bf5120218c2ccb161a
LEDGER	9	8	0	0	0	1	867	SUSPECT	950	4c89381273dc0d609d5fcbf426e0b8ad58bd39b144b10e8c6be99bfddfe800b9
LEDGER	10	9	0	0	0	1	867	SUSPECT	950	c26f31eecdd06d126f577947b76f862fd3f47893ba6adc452d0f1b81906c6858
LEDGER	11	10	0	0	0	1	867	SUSPECT	950	536165f49b57b43d1c611416bc9c5ac3b598bf25debf897f9c5b2f4514fe86cd
LEDGER	12	11	0	0	0	1	867	SUSPECT	950	ec71f7533ebb29af1b9302d138ffd36e7d74db6f11745c84915c8b377677e956
LEDGER	13	12	0	0	0	1	867	SUSPECT	950	c059282fb952fe16ac59fddee491f4830c19a75f8a822369b8bfe80af1a92b96
LEDGER	14	13	0	0	0	1	867	SUSPECT	950	e914df5d2421212dfb60e9db03bb21bda1b7479a285b94ce6a73b9cd69c0cdd7
LEDGER	15	14	0	0	0	1	867	SUSPECT	950	5ca075929703cd9dcc774307c725d7b89a692aa25d00e5ec5555844d0c97f7b9
LEDGER	16	15	0	0	0	1	867	SUSPECT	950	02c477020bc14854817ccb9925a014e17011fce0ed8e02bf81e4e2f1479e7022
LEDGER	17	16	0	0	0	1	867	SUSPECT	950	b69724aec9534aa9fdce03730332a91ee78ed35d84d4c213db22e550442bcee3
LEDGER	18	17	0	0	0	1	867	SUSPECT	950	217bba274ee8cdb1002414992afa75fd49c848b0a640c9c24d02ba2e1532b73c
LEDGER	19	18	0	0	0	1	867	SUSPECT	950	ee756df1490a5a96296033db07391c1018bf9a481a5e0d3cd2c0dce4d47b9b5f
LEDGER	20	19	0	0	0	1	867	SUSPECT	950	635da0576ce4d2a8c3791b9e444b36a48a435df054149083dc062feba98d37a1
LEDGER	21	20	0	0	0	1	867	SUSPECT	950	da8b754248e6a4518d6c2e38995167c1ae7f0c4a9f60df77a62e47f575903ebe
LEDGER	22	21	0	0	0	1	867	SUSPECT	950	12df5dd91f66ac8fcd20a39c673317b0762e947d3774963f07b887e75f956365
LEDGER	23	22	0	0	0	1	867	SUSPECT	950	b80fdbef461aa63a56d579332ba660d09b6e4414a48c55be54405c650300069e
LEDGER	24	23	0	0	0	1	867	SUSPECT	950	c75db5ff3bf1d444925ae85e2197dcf2bf3fbb234ab5dadb5cce13d7c1f46733
LEDGER	25	24	0	0	0	1	867	SUSPECT	950	d474b449869c8ac7ea5fe1a8b63976750fc88a3691d29df620c35a8946ab6f56
LEDGER	26	25	0	0	1	0	867	SUSPECT	950	b30c404a8616d291b6f5a2615e9763a0175c4378a81ad486de6741e1171ac5e9
LEDGER	27	26	0	0	0	1	867	SUSPECT	950	583bcf0e4da3ec68a274f5c7e1616696f3a2db4931a4a5646dbb1c2ed5b2cb0d
LEDGER	28	27	0	0	1	0	867	SUSPECT	950	cf96ab33eeb42e92f823afc73d89c083587258d59e917267623a91164c979fc0
LEDGER	29	28	0	0	1	0	867	SUSPECT	950	ab8e29526287cff671c7691db71d8d6650b9474d5788188df96deb044eb1a4ee
LEDGER	30	29	0	0	0	1	867	SUSPECT	950	82056ad7fb8a3f4d887516484addd4cb23ada1d1400042389632daf6c8e4c199
LEDGER	31	60	1	1	2	0	1000	WITHHOLD	950	0e8a2aa9860c27fb07a621f44929451776dfe511aba34858ec8c2fcfdf0ad6b3
LEDGER	32	61	1	2	2	1	1000	INSTALL	950	1f4c58b2e7535399c179a75b577a238ef432857d6aa7f6576a814380b1310a26
LEDGER	33	62	1	1	2	0	1000	WITHHOLD	950	b58341b30f7f5f14fe9ab5f62edf8f13d74cfc55aedb7e5e0d9344ba1f908063
LEDGER	34	63	1	1	1	1	1000	INSTALL	850	eaa416a4e5258546f1342c6df9ec208c1c6b5e2047acff203ef21f24745864c7
LEDGER	35	64	1	1	2	0	1000	WITHHOLD	950	293aa40f86633a1a2eab1f2c0f08a293c0738d3b5168ac5ec608d58b73265d9e
LEDGER	36	65	1	2	2	1	1000	INSTALL	950	f58f27cab469999e9015bcdde933f5e2bdca92fce54d0873e2c90b60e5147557
LEDGER	37	66	1	1	2	0	1000	WITHHOLD	950	a07c90dfc4158e5138bd90bea566e3bd5c538f97900a4d9058f42dfa792b7d07
LEDGER	38	67	1	2	1	0	1000	WITHHOLD	700	4c26bfe5f869a9779b1251e486f2bdd63e0127d99fee66dc3008727731307cc7
LEDGER	39	68	1	1	2	0	1000	WITHHOLD	950	3b1c5c4f2259890973b79896fafe9eca0748965d26964964676d4307e47fdac9
LEDGER	40	69	1	1	2	0	1000	WITHHOLD	950	5740a3838245f6d2548ef1e8320138795fc978040a8caec183f1ac68ad1b500f
LEDGER	41	70	1	1	2	0	1000	WITHHOLD	950	a93396ab7f23c35ee8a5b2c98067923458eee5c1e8c71d0ff151e455f689510b
LEDGER	42	71	1	2	2	1	1000	INSTALL	950	a177232b4dd7dd7ade4d767d79080d438cdd76947cb9ccb9257d1fab06e56030
LEDGER	43	72	1	2	2	1	1000	INSTALL	950	569c89a24c494e31fcc10e0bd14be604a198c82cf224fcc786c20b1c840cd6aa
LEDGER	44	73	1	1	1	1	1000	INSTALL	950	d6a9d8900b3400d7fb67ab05c960b2f054db781a71e356d85e2bd702af5f3c2e
LEDGER	45	74	1	2	2	1	1000	INSTALL	950	c9ca6ae42383a6d0686223081042cc7c8dee3656c5b62b466236cd32c427d0a6
LEDGER	46	75	1	1	2	0	1000	WITHHOLD	950	6a36fd2e0cea90e6cb3c80a8d7b36bfb4086cce0b43513dcc75443f8c668a364
LEDGER	47	76	1	1	2	0	1000	WITHHOLD	950	63e6a27f7268d79a917a3ae8b6d50c2198ec74f2502741cdea3f8be8288da0e4
LEDGER	48	77	1	1	1	1	1000	INSTALL	950	92374b2821faed353175f1dca451d9194beb089dff1973648e24664dd97dda2e
LEDGER	49	78	1	1	1	1	1000	INSTALL	850	30e9dbe652fb5492727e3f1caf6b01a7c7000ba094893c968a9d8691c3ccbc82
LEDGER	50	79	1	1	2	0	1000	WITHHOLD	950	aaca2300f51703351c74cfe9e46bd11615c4c2b1fcf942fcca7260aa4ecf6195
LEDGER	51	100	2	3	5	0	489	SUSPECT	950	bc3eb1fd1d2a328467b3d3ae0cda46e146a6996d186ef8fa6c34a75793137dc8
LEDGER	52	101	2	5	3	0	489	SUSPECT	700	24594159b1f932d011d7644635f96f40bf2d456f29d619f27af1a6acd95d3ff1
LEDGER	53	102	2	3	5	0	489	SUSPECT	400	4650995c706d9fc222776a0aa6934218c25bb06a062a689a595a63f1e3c2685f
LEDGER	54	103	2	5	5	1	489	SUSPECT	700	6584aaa823ea652d45f588943e72fbf646abceb1da34a64074aedc3c264c8366
LEDGER	55	104	2	3	4	0	489	SUSPECT	950	6f4d01996f442b64461175820f1506ec6ffd3a550603e2f68fa542813a68f88c
LEDGER	56	105	2	4	3	0	489	SUSPECT	700	0fed29c1d72f3cef795b25359b39afddd6de5c61119677ac7fa05b8c324c6571
LEDGER	57	106	2	3	3	1	489	SUSPECT	400	2d16bb91c840ca38559248289ed7da467f557a0b04d2964f5b34df0037b8b2a7
LEDGER	58	107	2	3	5	0	489	SUSPECT	950	85d2ff0628dfee70c91938c576df72d62abfd2e81d56d9db93244c6a2dfb51c4
LEDGER	59	108	2	3	3	1	489	SUSPECT	950	78b7dee62366d3b355d4506ee97098d0f43889b695f8d171915a28ebd6373056
LEDGER	60	109	2	3	3	1	489	SUSPECT	400	73bee5d74b6d86c6bd849b464fad9655333606d038bd6807e353d8b135135104
LEDGER	61	110	2	3	3	1	489	SUSPECT	400	5ddc8f080c4ef8a3a32334621e0e22d5033dc8c6381295853281c615916d1317
LEDGER	62	111	2	3	3	1	489	SUSPECT	950	354eca36014d03fd1fea611c9e064bb1fae8b4bde5546f71201a6562e6cf0645
LEDGER	63	112	2	3	5	0	489	SUSPECT	950	2b669f9163fe46d7297bd3b5c83e7704536b149adba44002f9933419d000441b
LEDGER	64	113	2	4	3	0	489	SUSPECT	700	540c67d1865442b2957aca7563a90afeb13b5ae58e9797bb27ecb435a7708ca9
LEDGER	65	114	2	5	5	1	489	SUSPECT	700	b67f281d21ca73e04220952288e747b95d5fe551b073b9874459b4c11812fb32
LEDGER	66	115	2	3	3	1	489	SUSPECT	950	079dcb5844a6101b0eba02bb0b695569ed143e3463e28a35e8b3de4aa70ded68
LEDGER	67	116	2	5	4	0	489	SUSPECT	700	ed17b2122eb8fa962cc45afcada58914932752fab911ed6a93c3fee712875dca
LEDGER	68	117	2	3	4	0	489	SUSPECT	950	ee48eaf7264aaeec11f35113b118210c5d56bd09224c0226db54e02751485f22
LEDGER	69	118	2	3	3	1	489	SUSPECT	400	d0324c90429d018ac21e10a8067742e7e452b029bbe876e36d61b224b1735c3e
LEDGER	70	119	2	5	5	1	489	SUSPECT	700	55625923c969c91409a1f1da97311f626a0daeeccd9d555d6cc53e3b8aeee5b8
LEDGER	71	120	2	3	3	1	489	SUSPECT	950	eccd77483a07b8a4021b9bfa84d0c199254f1a5b58a539bb1fe83e04bc0e971d
LEDGER	72	121	2	3	4	0	489	SUSPECT	950	71b16422c46812876a0ba99166c148c64c1c1a38628e820ef614c3361ff67690
LEDGER	73	122	2	3	4	0	489	SUSPECT	950	a7fb9061f29729acd9b6a22e82c350eade1564c9b2b7e01d50fa49f1db710500
LEDGER	74	123	2	3	3	1	489	SUSPECT	950	c3699d039b6008722a36f401bde8f2fa931d718352a421739ffcb4810283883b
LEDGER	75	124	2	4	4	1	489	SUSPECT	700	cb2a870a3877546c7c22f0ce7fcffa649224b39cabd63084b45ddfb3517777c0
LEDGER	76	125	2	3	5	0	489	SUSPECT	950	a7e7c5909f86bfa1f95c70772daa06b64f4a963d1823a07cc00d6f055a64297e
LEDGER	77	126	2	3	5	0	489	SUSPECT	950	adb07d2eb569eefe959ce37209b2690139c99cba311781d6efb2384e646cb886
LEDGER	78	127	2	3	3	1	489	SUSPECT	950	634230cfd68c918acdf89cdd94fde2c202bdc1a6b3935d3eec821b46f1ded4bf
LEDGER	79	128	2	3	3	1	489	SUSPECT	400	56f2869c69ddd961623db50005ac33894862dcbd7e8d200851becc5d962e2884
LEDGER	80	129	2	3	3	1	489	SUSPECT	950	f6bf7ec3a3b497879a53e36ede5f78caf3e2a0b4e0dee3b4ab49acb8fd733c01
LEDGER	81	130	2	3	3	1	489	SUSPECT	950	8e1b5b5a90e6b24fa27905a1d87fc8edbfde7da9f73e293e463c1e9c20bdc58a
LEDGER	82	131	2	3	3	1	489	SUSPECT	400	5244ccdfb8db7c9d71617cf48512fa508ff611d846765dbf50db35554f294686
LEDGER	83	132	2	3	5	0	489	SUSPECT	400	c1db184383c4b4ea062332af5d5d4521247d5d83c510c97eee35648fe1a8d254
LEDGER	84	133	2	3	3	1	489	SUSPECT	950	f889a41aa3f362007b11360eeae586e6ceaa85fee66cca79461de05d11ae9e29
LEDGER	85	134	2	3	5	0	489	SUSPECT	400	cc1220115bdac047b74d54cae064d937e074858bae3ef88d40fda8d71c44cbc1
LEDGER	86	135	2	3	5	0	489	SUSPECT	950	c02958e97a35c57ef5c44156b651d85a6d8a8a35dfe7bc9b68508029c5a3b4c8
LEDGER	87	136	2	3	3	1	489	SUSPECT	400	173749ff7effac063b1cfb272b8520d44e354adbbeab366e4e1003467b15b590
LEDGER	88	137	2	3	3	1	489	SUSPECT	950	8d90841018ce2443bc87c581bcf66dd98013d22ca2f886fa384dcf9fb71c6d0f
LEDGER	89	138	2	3	5	0	489	SUSPECT	950	0732593ec7d567aeaea6c43af611e9c906f3e4532b943a586cfe443b4b0b55f2
LEDGER	90	139	2	3	3	1	489	SUSPECT	400	b7bf1670259d88c0ae36be643e14a9996fd0934a73237a63eb48cae5fc1557af
LEDGER	91	140	2	3	5	0	489	SUSPECT	950	ae3ae625fcc129975f6a18ac84e2b01e48f51db36bcbf4d2a1f168da903a9950
LEDGER	92	141	2	3	4	0	489	SUSPECT	950	c4a34b9b84a45965d55e08beba2d9ae858b96b92535f6a153b7a42f705db3fb1
LEDGER	93	142	2	3	3	1	489	SUSPECT	400	f21b3b885f15946cefde9ebc11058b9a5470e246133a7d28b4cb1e0961bea2eb
LEDGER	94	143	2	3	4	0	489	SUSPECT	950	a91db39701cec80572b4de0c3a753dd54182a76ea0a492682a22474b5e7c9ca4
LEDGER	95	144	2	5	3	0	489	SUSPECT	700	f1617d30e507ccfd34233ac1a44ed18265a9f9f5e4e8bd03fc2c0826938b37ca
LEDGER	96	190	3	0	0	1	400	SUSPECT	950	d44b4033fd3f5e804141d28c846e903c5e50fb3a010d7a099cd5074fd84fcf5c
LEDGER	97	191	3	0	6	0	400	SUSPECT	950	e66f70e6d78dd3fa5cbd96e1f79fea8bf3856e8ee4272e58e3ad2cb8b9b5dbca
LEDGER	98	192	3	7	0	0	400	SUSPECT	600	c73da17c2aa93678388a4e1ce8e0358b2099a1bfe84f80a2d7aa369750fe1ad5
LEDGER	99	193	3	0	0	1	400	SUSPECT	950	ef1c73fc838550a1489766508a3110c69cbb3d853612c3e6b52ac140af02b3df
LEDGER	100	194	3	0	6	0	400	SUSPECT	950	78df1d06d09c7605a6cad70abba51b0b00d905145301ce46f7ba3e72714cd665
LEDGER	101	195	3	0	7	0	400	SUSPECT	950	bcc9ceb4c85f5cbb9c0a0cdb049baa4da0baf3a1a7e8cfb28ec56d576014f793
LEDGER	102	196	3	0	0	1	400	SUSPECT	950	b700679d6cf4813a2cb53b5d23c7cd5b7e6f9bc8015260c281254a2588ab1e94
LEDGER	103	197	3	0	6	0	400	SUSPECT	950	e0ce6980b318b9e5c4f5332fbeb238b4def602ddb045ed606478b766fbbedc35
LEDGER	104	198	3	0	7	0	400	SUSPECT	950	46eba0adb84a30525bd8f72aae87c5f240f08a791bb26e87b7647362dc7066cb
LEDGER	105	199	3	0	0	1	400	SUSPECT	950	3087e738eb5871bd0ba9a824f436f15ef36d891d87b5d0d9804bc9973bdaffeb
LEDGER	106	200	3	0	0	1	400	SUSPECT	950	322dd26b73a8919131a3cbcdcc4e7068010412e2b60ee32d4c506ff696f9c645
LEDGER	107	201	3	0	7	0	400	SUSPECT	950	88bd3cb50157f4c9fa1a50384859fe00e60912347bb1d35b4ec2e757c952ea7c
LEDGER	108	202	3	0	0	1	400	SUSPECT	950	75f3aa7bb7586b6a3713c5de9fbf9364ff38006f1b778c818697afc7e46a05f0
LEDGER	109	203	3	0	0	1	400	SUSPECT	950	5e54a2240a5bfb7d0f0ed415e17cab41d3c3350bb9e1a7ac690d7662f0a26b6c
LEDGER	110	204	3	0	0	1	400	SUSPECT	950	3ce93f460a2b3be92e3b2e0294d526e28774afe32ec66af71450c4006f7d367b
LEDGER	111	205	3	0	0	1	400	SUSPECT	950	35653935e84c18d0dfce4cabe448980817bf0e935513383430007b0e4168a013
LEDGER	112	206	3	0	6	0	400	SUSPECT	950	7ed4a3e39bc3debc26e61b6bbbfc3537201240347cde1ecc90001d9913bf1349
LEDGER	113	207	3	0	7	0	400	SUSPECT	950	c3bd379eef7afe877775ed1f4ce96433075040f09f5a9709739265b072f39959
LEDGER	114	208	3	0	0	1	400	SUSPECT	950	f976f60246fba34ca550a14fd757f069ebe236d1b1d4e11aed6c62c46b53c851
LEDGER	115	209	3	0	6	0	400	SUSPECT	950	4b4558b727ebaf0567346832d19972f8fee549ad67be10524571bffb765752f4
LEDGER	116	210	3	0	7	0	400	SUSPECT	950	651b569b793589871465d469cd657d52c062c65e189fe96b8b3322e1b5a475fe
LEDGER	117	211	3	0	0	1	400	SUSPECT	950	c3b161b5634c713652cf42187e88181fa9935473517422433ace0246b82b284e
LEDGER	118	212	3	0	0	1	400	SUSPECT	950	63e85adddc5897ac39133b03c98e7bef6d80aee5aa5a46b0cb3151cab1c7319c
LEDGER	119	213	3	0	7	0	400	SUSPECT	950	d5b8d4b8f80439c874663e39a0ec59e44031796ee908902e0b3d1144d05c2472
LEDGER	120	214	3	0	0	1	400	SUSPECT	950	64a769b219f37e032b4c1b5e10cfe6909d8f81d60f1d3758c20e039805cb3654
LEDGER	121	215	3	0	6	0	400	SUSPECT	950	47bf3e3a1c2685ea27cd8ca73742b8159ba9b5a4b3f361604a2288a4afe0b9ed
LEDGER	122	216	3	0	7	0	400	SUSPECT	950	f16cab7025e26cfd09ddb408ddca207e5df984b86f7093544bd2bce2a4bef0ed
LEDGER	123	217	3	0	0	1	400	SUSPECT	950	5c3146ec8fa49b5717d04683ef5285253188f2eb61c35e78315efbee6d41e5c3
LEDGER	124	218	3	0	6	0	400	SUSPECT	950	f2db18346490c984186d897e29414b5fc5470bb31fd8a2c9db8b68c2294159fe
LEDGER	125	219	3	0	0	1	400	SUSPECT	950	2175080c0b1fcb4fe482f411c8853ba56590abd30e9d5815c1aa8597739a7829
LEDGER	126	250	4	11	8	0	267	SUSPECT	500	6b2c03333ac24c922f62dad2b5f9954f70e3adf87049c4330fe3ab06df4d0475
LEDGER	127	251	4	10	11	0	267	SUSPECT	950	7e66916da6953938937281a7c146e2958ed0c40a4f76172c16a2ff6ce733ce39
LEDGER	128	252	4	8	10	0	267	SUSPECT	750	f081653a240e80a954752abc9b0918213aa55a16afeab29c8bbce87dc4449d1d
LEDGER	129	253	4	10	10	1	267	SUSPECT	950	6a0115e4d550f6dfc511e235007cb33208736e5e2ba2f5244a1cb4afe7e29733
LEDGER	130	254	4	11	8	0	267	SUSPECT	750	0afa2d2e494bc4fe0d5b8a2d2f015c247103776e117854da12b4d1ed2b002f5f
LEDGER	131	255	4	11	11	1	267	SUSPECT	750	1294d8e6846d5424ca5d3dc2fd10b631b84f344242bf62fc8fd65792cd13cf59
LEDGER	132	256	4	11	10	0	267	SUSPECT	500	b4029700f00356989a8a0b6a0d69fc223c32669abc90b333fcb74dcba874e360
LEDGER	133	257	4	8	10	0	267	SUSPECT	750	73776067255978b3f8d9ab4b40ed454e4f77331fc8b767c77e5c0f2ee1a812f6
LEDGER	134	258	4	8	8	1	267	SUSPECT	750	e4fe2ecc14e3e49cf4895f8fb919e91dc27143e5ba83a4c5a4436ad73fac0519
LEDGER	135	259	4	11	11	1	267	SUSPECT	750	a726bb76c83d2a8a5d62b2924e9f3f0c690db7035961ed57eb3d0ac226617e7f
LEDGER	136	260	4	10	10	1	267	SUSPECT	950	2e1331bf7f3eb7ac826383578f6c04ef8085a5ecccf13f43091f9b18f9cdc63c
LEDGER	137	261	4	8	10	0	267	SUSPECT	750	15308d42e6547ee8a2b332e5a5948c84990f0fdd0c4c3486caf37872a5c1befb
LEDGER	138	262	4	10	8	0	267	SUSPECT	950	d03202e5400ef26069d9e606db730deef15962d94b9c4c8bbdf39f3d9d02e605
LEDGER	139	263	4	8	11	0	267	SUSPECT	750	ba93726992327f904a56fed59cdc173b25322c308d242a61920faa74b4f92563
LEDGER	140	264	4	10	10	1	267	SUSPECT	950	cb68d31c05e04d56454ab32ef8adc34da26b414984048c2c375450703fea6e97
LEDGER	141	265	4	10	10	1	267	SUSPECT	950	0b8f04c7f2ad6cd95c7045d91be402f98187529e967bac067e910fa7aa8402c4
LEDGER	142	266	4	10	8	0	267	SUSPECT	950	ce598def752f828a02f41ea63947cbb8f22a50475a65dec8d3b8f210eb8cd5d3
LEDGER	143	267	4	10	11	0	267	SUSPECT	950	2c6cbcc3530b722092861ecb361f4f4428a9a31c523d88bcb90cdad58f67e35b
LEDGER	144	268	4	11	10	0	267	SUSPECT	500	60ebd0ccd5f014b8f09d1b609887cc5899a8c9fad348d30fe9f17482ca9f5942
LEDGER	145	269	4	10	10	1	267	SUSPECT	950	89c3afe4b626cfd3190aa6c6a987aaceb1e99c11aa7e3d86ce5e2a1c56f616cf
LEDGER	146	270	4	11	8	0	267	SUSPECT	750	f3ebbad7376c5c8b34bb1644ff2d1e4f5e29922ebd1ba603963710f35e6d4cc7
LEDGER	147	271	4	11	11	1	267	SUSPECT	750	932036d15e99d083d368a28ceedc6eb4e1a667337c2ea48cd1dd5a8db61f1b1b
LEDGER	148	272	4	8	10	0	267	SUSPECT	750	082eff7c49d6c43ec86aa288362a004bc5161bc541bcd37f026f7b43e009154f
LEDGER	149	273	4	10	10	1	267	SUSPECT	950	3187df34090f8c505e7fc7ecc7ac9b910c0e24f0e60b9ea086f720457fa71a4c
LEDGER	150	274	4	10	8	0	267	SUSPECT	950	1bebc3249adb6b3a519eb0b320c13d52dc671cc1e6c79f55882ba07fdab1023d
LEDGER	151	275	4	8	11	0	267	SUSPECT	750	d0e8403a2b310646458158193e590c20d75a8f116d565651aac35adb89c8fc95
LEDGER	152	276	4	11	10	0	267	SUSPECT	500	80a64c33d5a52901e33de8dd81f54a30b35ad79b5ac2d97da046014382cf4858
LEDGER	153	277	4	10	10	1	267	SUSPECT	950	dcd50fe71c2d9691b7b8c4d9f8deaf27ba7c39c02c434d44f1e7f867a1866a87
LEDGER	154	278	4	8	8	1	267	SUSPECT	750	e0183298dc74f7ba1fa3f72835a2351e230626e89ff36be12b5a2846e63ccaa5
LEDGER	155	279	4	11	11	1	267	SUSPECT	500	a032cd26d3c5be6ddc7639878af453bdf1b2b40a267c133f37665435bf7260d7
LEDGER	156	310	5	17	12	0	133	SUSPECT	800	a94af73b48a93aa5cf705a04acf19aeac292e216becc8319816d25c978f0ad0d
LEDGER	157	311	5	12	12	1	133	SUSPECT	900	1b1105f6f96802846bf5b00088038d5250857eab282ed90384044cb9ad5e20d8
LEDGER	158	312	5	12	12	1	133	SUSPECT	900	1e975d29758b15eeb6103cca1493886bbb2d4966b2b8966b3894081543c62706
LEDGER	159	313	5	17	12	0	133	SUSPECT	800	685311e8835f64122573c15180f69ad5f0cd54144e6059f1746c4e0453bfa09e
LEDGER	160	314	5	12	15	0	133	SUSPECT	900	e291c8d12af0f81c1022f91df4085391b198142c589f75ec6ed46f6504f16091
LEDGER	161	315	5	12	12	1	133	SUSPECT	900	c4c4794390fada4ea7e66c03ab647c33c13ea0f73cc6f748c1c2db5f85ac3432
LEDGER	162	316	5	12	16	0	133	SUSPECT	900	ff3dfb7167933d8da776fc60e05c44a9f223c7b744a329aca86bc2bff548944c
LEDGER	163	317	5	13	15	0	133	SUSPECT	800	802ee4106a6ee94d4c4c9baf723a5a9dc9addf6936d02750036087ee7bdd490d
LEDGER	164	318	5	12	16	0	133	SUSPECT	900	dcaf9ac5d18379a1ebc5405cffda424591da339be8300c379934b96da7fd02a0
LEDGER	165	319	5	13	12	0	133	SUSPECT	800	728fdcdd9272af3f623cbe680f624d96d3b568f2cc0cd1ef279fce447797ee6c
LEDGER	166	320	5	13	19	0	133	SUSPECT	800	15691ebfc585af624a76b9cdac2f254d9b5063144f73ad6d6271f011108960ed
LEDGER	167	321	5	12	12	1	133	SUSPECT	900	0e8582bbea604160a2187ec6da40385020e90159c7800241093991036ec379f8
LEDGER	168	322	5	15	12	0	133	SUSPECT	800	b0e88aa69f9ff642454806e39f68cec42d39f717db2aa2724c230afdad23af82
LEDGER	169	323	5	15	13	0	133	SUSPECT	800	5ebb15f1d2b16d45e4a69ba798988afbbf569f8f37a339fa5f42d1e24a882415
LEDGER	170	324	5	14	19	0	133	SUSPECT	950	03bd6b07237497e077c9e36408ac6cf106e950b1cdda2578b8365ffef5ff55cb
LEDGER	171	325	5	15	14	0	133	SUSPECT	800	adbe47002105b39b2768936dbd830ef9954218b5cdcbfcc7635165c7aee64533
LEDGER	172	326	5	12	15	0	133	SUSPECT	900	7ffdf56bd6ac26cca0149882aca034ae40d97e70ac826c8384b8e6ce938a2713
LEDGER	173	327	5	15	12	0	133	SUSPECT	800	8c1d77b7fbf723c62feddf7dbe5acab6ae7c34d75af8435824a529b874a836cf
LEDGER	174	328	5	18	12	0	133	SUSPECT	800	f9b22af6f207c5169a6666102d4cb74719a9e4e12206b2befa40a846ccf35dca
LEDGER	175	329	5	18	18	1	133	SUSPECT	800	a09992abb4a4632cd62a5be6e0a6a70729e3166286d8c3508e4d12dfb65e950b
LEDGER	176	330	5	16	12	0	133	SUSPECT	800	d8587aeffd1fd8b36f96f51b7a7deee169f08dad7451128b66316041b1c87c21
LEDGER	177	331	5	18	14	0	133	SUSPECT	800	81899a7fbdbe4bab12fbc3ec3c4789e49cdd8649f50f19724e29176b7057ffc9
LEDGER	178	332	5	17	15	0	133	SUSPECT	950	34d4fdcd0e1c62ef1367d4babc6ba9b619a0dcdf3c7810d65138cbc91a9b5200
LEDGER	179	333	5	19	16	0	133	SUSPECT	800	f49247388e19826e233d4506071dd3d30cfc9c6f144f439abc4419b24ba3476e
LEDGER	180	334	5	12	15	0	133	SUSPECT	900	af7b44d9698aaa5d3dda0a24db8aa1b975d2907e0346ac92dc4dcc7619b743ed
LEDGER	181	335	5	12	12	1	133	SUSPECT	900	5fdda5f96dff5665491c9ca8f67963f295552db69463deb75ecf5dd94849b72f
LEDGER	182	336	5	14	12	0	133	SUSPECT	800	23c29b2dbd1c9849ec07b258bc35c8bd003db89051117e6a0aa496661d129b21
LEDGER	183	337	5	12	16	0	133	SUSPECT	900	abaf89bee3168ba43cbbe31a41b12994d925e25b1982119cac0c0b1f53fadfbb
LEDGER	184	338	5	12	16	0	133	SUSPECT	900	45173339fec0a10942dfe0de25fdd7807542f8753452bc426e018c36c0573320
LEDGER	185	339	5	12	14	0	133	SUSPECT	900	5ebc1818b1f6c85cd194447c8fb3c96a63f5714a9dcca52af26d29cf7f998f8f
SUMMARY	B	185	9	11	165	a95a41f0b8b600cdd97ae1b782e7c17e69b1b1ed3577e83b7c04c2c0194369f5
