OBSERVE 20102 21001 20101
OBSERVE 20103 21001 20101
OBSERVE 20104 21001 20101
OBSERVE 20105 21001 20102
OBSERVE 20106 21001 20102
OBSERVE 20107 21001 20103
OBSERVE 20108 21001 20104
OBSERVE 20109 21001 20104
OBSERVE 20110 21001 20105
OBSERVE 20111 21001 20107
OBSERVE 20112 21001 20107
OBSERVE 20113 21001 20109
OBSERVE 20114 21001 20110
OBSERVE 20115 21001 20113
QUERY 20101 21007 0
QUERY 20102 21007 1
QUERY 20103 21007 1
QUERY 20104 21007 1
QUERY 20105 21007 2
QUERY 20106 21007 2
QUERY 20107 21007 2
QUERY 20108 21007 2
QUERY 20109 21007 2
QUERY 20110 21007 3
QUERY 20111 21007 3
QUERY 20112 21007 3
QUERY 20113 21007 3
QUERY 20114 21007 4
QUERY 20115 21007 4
QUERY 20105 21009 20101
QUERY 20106 21009 20101
QUERY 20107 21009 20101
QUERY 20108 21009 20101
QUERY 20109 21009 20101
QUERY 20110 21009 20102
QUERY 20111 21009 20103
QUERY 20112 21009 20103
QUERY 20113 21009 20104
QUERY 20114 21009 20105
QUERY 20115 21009 20109
QUERY 20015 21007 6
QUERY 20015 21009 20005
QUERY 20003 21007 2
QUERY 20011 21009 20003
QUERY 20001 21007 0
