OBSERVE 20002 21001 20001
OBSERVE 20003 21001 20002
OBSERVE 20007 21001 20002
OBSERVE 20008 21001 20002
OBSERVE 20004 21001 20003
OBSERVE 20009 21001 20003
OBSERVE 20010 21001 20003
OBSERVE 20005 21001 20004
OBSERVE 20011 21001 20004
OBSERVE 20012 21001 20004
OBSERVE 20006 21001 20005
OBSERVE 20013 21001 20005
OBSERVE 20014 21001 20005
OBSERVE 20015 21001 20006
QUERY 20001 21007 0
QUERY 20002 21007 1
QUERY 20003 21007 2
QUERY 20007 21007 2
QUERY 20008 21007 2
QUERY 20004 21007 3
QUERY 20009 21007 3
QUERY 20010 21007 3
QUERY 20005 21007 4
QUERY 20011 21007 4
QUERY 20012 21007 4
QUERY 20006 21007 5
QUERY 20013 21007 5
QUERY 20014 21007 5
QUERY 20015 21007 6
QUERY 20003 21009 20001
QUERY 20007 21009 20001
QUERY 20008 21009 20001
QUERY 20004 21009 20002
QUERY 20009 21009 20002
QUERY 20010 21009 20002
QUERY 20005 21009 20003
QUERY 20011 21009 20003
QUERY 20012 21009 20003
QUERY 20006 21009 20004
QUERY 20013 21009 20004
QUERY 20014 21009 20004
QUERY 20015 21009 20005
