LEG,VALIDATE_LHP3_FIXED,seed,12001,draws,480
BLOCKS,VALIDATE_LHP3_FIXED,11,7,8,8,7,12,10,7,9,5
TOTAL,VALIDATE_LHP3_FIXED,84
LEG,LH1,seed,11001,draws,480
BLOCKS,LH1,13,9,9,9,6,7,7,11,9,8
TOTAL,LH1,88
LEG,LH2,seed,22002,draws,1920
BLOCKS,LH2,14,13,13,13,12,13,12,7,13,10,13,6,8,11,7,7,9,9,10,6,9,6,8,12,11,8,7,11,10,11,11,7,8,10,9,9,9,11,8,8
TOTAL,LH2,389
LEG,LH3,seed,33003,draws,4800
BLOCKS,LH3,13,11,13,9,9,10,12,9,7,9,11,8,9,8,10,9,14,10,7,6,10,10,10,6,9,8,11,11,8,10,12,12,3,10,10,13,12,15,14,14,6,10,3,14,9,9,17,11,11,10,6,11,9,7,8,13,14,12,11,8,10,7,8,11,13,10,8,9,6,11,11,10,7,9,9,11,10,10,12,14,8,8,9,9,8,8,12,11,11,8,6,10,9,11,12,10,9,9,13,11
TOTAL,LH3,989
LEG,LH5_each_lineage,seed,5555,draws,480
BLOCKS,LH5_each_lineage,10,9,10,13,10,12,10,7,9,8
TOTAL,LH5_each_lineage,98
LEG,LH4_per_visit,seed,47111,draws,288
BLOCKS,LH4_per_visit,3,10,3,3,6,6,5,2,4,3,5,3
TOTAL,LH4_per_visit,53
LEG,LH7_per_cycle,seed,55223,draws,480
BLOCKS,LH7_per_cycle,2,0,2,1,0,2,1,2,1,1,2,2,1,0,1,0,1,0,2,0,0,0,1,1,1,1,0,0,1,1,0,1,0,1,2,1,1,1,2,0,1,0,1,1,1,0,2,1,1,0,0,1,2,0,0,1,2,2,0,0,0,0,1,1,1,0,1,1,1,2,1,0,0,0,1,0,0,0,1,0,0,1,1,1,2,1,1,0,0,0,0,0,0,1,0,3,0,2,0,2,2,1,0,1,1,0,1,1,0,1,1,0,0,0,0,0,2,0,0,3
TOTAL,LH7_per_cycle,92
VALIDATE_SUM,84
