o 59 95 58 0
o 59 95 66 0
o 59 95 82 0
o 59 95 13 0
o 59 95 44 0
o 59 95 29 0
o 59 95 77 1
o 59 58 95 1
o 59 58 66 0
o 59 58 82 0
o 59 58 13 0
o 59 58 44 0
o 59 58 29 0
o 59 66 95 1
o 59 66 58 1
o 59 66 82 1
o 59 66 13 1
o 59 66 44 1
o 59 66 29 1
o 59 66 77 1
o 59 82 95 1
o 59 82 58 1
o 59 82 66 0
o 59 82 13 1
o 59 82 44 0
o 59 82 29 0
o 59 13 95 1
o 59 13 58 1
o 59 13 66 0
o 59 13 82 0
o 59 13 44 0
o 59 13 29 0
o 59 44 95 1
o 59 44 58 1
o 59 44 66 0
o 59 44 82 1
o 59 44 13 1
o 59 44 29 1
o 59 44 77 1
o 59 29 95 1
o 59 29 58 1
o 59 29 66 0
o 59 29 82 1
o 59 29 13 1
o 59 29 44 0
o 59 29 77 1
o 59 77 95 0
o 59 77 58 0
o 59 77 66 0
o 59 77 82 0
o 59 77 13 0
o 59 77 44 0
o 59 77 29 0
o 19 95 58 1
o 19 95 66 0
o 19 95 82 1
o 19 95 13 1
o 19 95 44 0
o 19 95 29 0
o 19 95 77 0
o 19 58 95 0
o 19 58 66 0
o 19 58 82 1
o 19 58 13 1
o 19 58 44 0
o 19 58 29 0
o 19 66 95 1
o 19 66 58 1
o 19 66 82 1
o 19 66 13 1
o 19 66 44 1
o 19 66 29 1
o 19 66 77 1
o 19 82 95 0
o 19 82 58 0
o 19 82 66 0
o 19 82 13 0
o 19 82 44 0
o 19 82 29 0
o 19 13 95 0
o 19 13 58 0
o 19 13 66 0
o 19 13 82 1
o 19 13 44 0
o 19 13 29 0
o 19 44 95 1
o 19 44 58 1
o 19 44 66 0
o 19 44 82 1
o 19 44 13 1
o 19 44 29 1
o 19 44 77 1
o 19 29 95 1
o 19 29 58 1
o 19 29 66 0
o 19 29 82 1
o 19 29 13 1
o 19 29 44 0
o 19 29 77 1
o 19 77 95 1
o 19 77 58 1
o 19 77 66 0
o 19 77 82 1
o 19 77 13 1
o 19 77 44 0
o 19 77 29 0
