o 2031616 13 29 1
o 2031616 13 44 1
o 2031616 13 66 1
o 2031616 13 82 0
o 2031616 13 95 1
o 2031616 13 77 1
o 2031616 29 13 0
o 2031616 29 44 0
o 2031616 29 66 0
o 2031616 29 82 0
o 2031616 29 95 0
o 2031616 29 58 0
o 2031616 29 77 1
o 2031616 44 13 0
o 2031616 44 29 1
o 2031616 44 66 0
o 2031616 44 82 0
o 2031616 44 95 0
o 2031616 44 58 0
o 2031616 44 77 1
o 2031616 66 13 0
o 2031616 66 29 1
o 2031616 66 44 1
o 2031616 66 82 0
o 2031616 66 77 1
o 2031616 82 13 1
o 2031616 82 29 1
o 2031616 82 44 1
o 2031616 82 66 1
o 2031616 82 95 1
o 2031616 82 58 1
o 2031616 82 77 1
o 2031616 95 13 0
o 2031616 95 29 1
o 2031616 95 44 1
o 2031616 95 66 1
o 2031616 95 82 0
o 2031616 95 58 1
o 2031616 95 77 1
o 2031616 58 13 0
o 2031616 58 29 1
o 2031616 58 44 1
o 2031616 58 66 1
o 2031616 58 82 0
o 2031616 58 95 0
o 2031616 58 77 1
o 2031616 77 13 0
o 2031616 77 29 0
o 2031616 77 44 0
o 2031616 77 66 0
o 2031616 77 82 0
o 2031616 77 95 0
o 2031616 77 58 0
o 7 13 29 1
o 7 13 44 1
o 7 13 66 0
o 7 13 82 0
o 7 13 95 0
o 7 13 77 1
o 7 29 13 0
o 7 29 44 0
o 7 29 66 0
o 7 29 82 0
o 7 29 95 0
o 7 29 58 0
o 7 29 77 1
o 7 44 13 0
o 7 44 29 1
o 7 44 66 0
o 7 44 82 0
o 7 44 95 0
o 7 44 58 0
o 7 44 77 1
o 7 66 13 1
o 7 66 29 1
o 7 66 44 1
o 7 66 82 0
o 7 66 77 1
o 7 82 13 1
o 7 82 29 1
o 7 82 44 1
o 7 82 66 1
o 7 82 95 1
o 7 82 58 1
o 7 82 77 1
o 7 95 13 1
o 7 95 29 1
o 7 95 44 1
o 7 95 66 0
o 7 95 82 0
o 7 95 58 0
o 7 95 77 1
o 7 58 13 1
o 7 58 29 1
o 7 58 44 1
o 7 58 66 0
o 7 58 82 0
o 7 58 95 1
o 7 58 77 1
o 7 77 13 0
o 7 77 29 0
o 7 77 44 0
o 7 77 66 0
o 7 77 82 0
o 7 77 95 0
o 7 77 58 0
