# REGION-1: 60 s sustained tone, 12x5 s plan regions, drift 440->451 Hz
SR 44100
DUR_S 60
EVENT 0.0 5.0 440.00 700 6 0.0 0.0 0
EVENT 5.0 5.0 441.00 700 6 0.0 0.0 0
EVENT 10.0 5.0 442.00 700 6 0.0 0.0 0
EVENT 15.0 5.0 443.00 700 6 0.0 0.0 0
EVENT 20.0 5.0 444.00 700 6 0.0 0.0 0
EVENT 25.0 5.0 445.00 700 6 0.0 0.0 0
EVENT 30.0 5.0 446.00 700 6 0.0 0.0 0
EVENT 35.0 5.0 447.00 700 6 0.0 0.0 0
EVENT 40.0 5.0 448.00 700 6 0.0 0.0 0
EVENT 45.0 5.0 449.00 700 6 0.0 0.0 0
EVENT 50.0 5.0 450.00 700 6 0.0 0.0 0
EVENT 55.0 5.0 451.00 700 6 0.0 0.0 0
