TILES 8x8: idx sse_gen sse_bic
0 2009816 40528
1 2819294 55146
2 70420 13640
3 4292043 73439
4 5735608 94947
5 787022 44033
6 311948 22665
7 254897 20241
8 3214241 49942
9 6767801 133160
10 2781281 38927
11 5864565 47478
12 9371021 136273
13 2203814 59156
14 266818 20614
15 208666 18273
16 4130081 58403
17 3319231 69640
18 5590438 68685
19 2372735 61955
20 6065130 136846
21 2436177 53922
22 881004 37351
23 881958 42726
24 3224447 44170
25 1862591 48847
26 5080655 83620
27 4217078 86922
28 7037594 123106
29 3179125 163261
30 2906598 139572
31 1746311 96010
32 2971019 58449
33 2000264 79938
34 6336447 153618
35 4209961 110578
36 7289689 202896
37 6042023 149864
38 3701067 179459
39 4865605 168945
40 12403692 813442
41 23300363 573591
42 8236178 852712
43 7369115 504647
44 4840740 129158
45 7686204 132976
46 13033497 2490019
47 4992878 1047045
48 12483296 2196846
49 6760654 916323
50 16698363 1111173
51 32306135 2003367
52 7164725 1068742
53 3854515 561355
54 23238899 4530657
55 3849723 970744
56 1689572 1060954
57 7336267 1540029
58 7266695 1607230
59 7375367 1204474
60 15565707 1585845
61 25000016 2903013
62 12239679 2465146
63 5164408 1184366
