0 988579751 79275249 999716994 23789307
4410 979186109 80035761 999711534 24017656
8820 969792675 80810989 999705915 24250428
13230 960399456 81601364 999700130 24487752
17640 951006457 82407333 999694172 24729762
22050 941613686 83229361 999688036 24976600
26460 932221149 84067933 999681713 25228410
30870 922828853 84923553 999675195 25485343
35280 913436807 85796746 999668476 25747559
39690 904045017 86688056 999661546 26015222
44100 894653491 87598055 999654397 26288501
48510 885262239 88527334 999647019 26567578
52920 875871269 89476511 999639402 26852636
57330 866480589 90446233 999631537 27143871
61740 857090211 91437173 999623411 27441486
66150 847700143 92450032 999615014 27745691
70560 838310396 93485547 999606333 28056709
74970 828920981 94544483 999597355 28374769
79380 819531909 95627644 999588066 28700115
83790 810143193 96735869 999578453 29032999
88200 800754844 97870036 999568500 29373685
92610 791366877 99031066 999558190 29722451
97020 781979304 100219923 999547506 30079587
101430 772592140 101437617 999536431 30445398
105840 763205400 102685208 999524944 30820203
110250 753819100 103963810 999513026 31204338
114660 744433257 105274589 999500653 31598155
119070 735047888 106618775 999487804 32002024
123480 725663011 107997658 999474452 32416333
127890 716278646 109412595 999460572 32841494
132300 706894814 110865017 999446136 33277936
136710 697511535 112356429 999431112 33726115
141120 688128832 113888420 999415470 34186509
145530 678746730 115462664 999399174 34659623
149940 669365253 117080929 999382188 35145992
154350 659984428 118745083 999364473 35646179
158760 650604284 120457100 999345985 36160779
163170 641224850 122219071 999326679 36690425
167580 631846157 124033208 999306507 37235785
171990 622468241 125901854 999285416 37797565
176400 613091135 127827498 999263350 38376519
180810 603714878 129812778 999240246 38973443
185220 594339510 131860501 999216040 39589186
189630 584965073 133973649 999190661 40224650
194040 575591614 136155399 999164030 40880794
198450 566219180 138409133 999136066 41558643
202860 556847824 140738461 999106677 42259289
207270 547477601 143147236 999075765 42983898
211680 538108570 145639579 999043223 43733717
216090 528740794 148219896 999008935 44510081
220500 519374342 150892910 998972774 45314421
224910 510009286 153663684 998934600 46148271
229320 500645704 156537657 998894264 47013281
233730 491283682 159520677 998851597 47911224
238140 481923309 162619040 998806418 48844011
242550 472564684 165839531 998758526 49813701
246960 463207913 169189480 998707700 50822521
251370 453853110 172676807 998653695 51872878
255780 444500399 176310090 998596243 52967380
260190 435149917 180098634 998535042 54108857
264600 425801809 184052543 998469762 55300385
269010 416456234 188182813 998400033 56545314
273420 407113369 192501430 998325443 57847297
277830 397773404 197021482 998245529 59210327
282240 388436547 201757292 998159776 60638776
286650 379103028 206724557 998067602 62137441
291060 369773101 211940526 997968352 63711597
295470 360447045 217424187 997861286 65367057
299880 351125166 223196493 997745566 67110243
304290 341807809 229280618 997620236 68948266
308700 332495351 235702260 997484208 70889020
313110 323188218 242489984 997336236 72941293
317520 313886882 249675632 997174885 75114897
321930 304591876 257294800 996998503 77420818
326340 295303795 265387398 996805176 79871394
330750 286023316 273998312 996592676 82480531
335160 276751203 283178194 996358398 85263955
339570 267488325 292984397 996099286 88239516
343980 258235678 303482100 995811730 91427553
348390 248994400 314745656 995491448 94851338
352800 239765807 326860225 995133326 98537617
357210 230551423 339923756 994731224 102517267
361620 221353021 354049407 994277718 106826111
366030 212172680 369368505 993763768 111505928
370440 203012850 386034212 993178285 116605714
374850 193876440 404226041 992507556 122183263
379260 184766921 424155498 991734474 128307175
383670 175688479 446073106 990837501 135059413
388080 166646192 470277206 989789245 142538588
392490 157646281 497124988 988554494 150864213
396900 148696441 527046276 987087457 160182243
401310 139806289 560560661 985327841 170672329
405720 130987977 598298465 983195200 182557379
410130 122257053 641025641 980580675 196116135
414540 113633661 689671573 977334762 211699695
418950 105144262 745355992 973248989 229752920
423360 96824107 809404885 968028221 250841308
427770 88720825 883331566 961248746 275682513
432180 80899610 968730322 952295508 305177431
436590 73450623 1066973999 940271577 340425263
441000 66499070 1178511301 923879532 382683432
445410 60217469 1301448015 901303236 433188730
449820 54836538 1429154876 870199906 492698814
454230 50644183 1547461151 828067230 560628809
458640 47953161 1634301126 773342141 633988905
463050 47021943 1666666666 707106781 707106781
467460 47953161 1634301126 633988905 773342141
471870 50644183 1547461151 560628809 828067230
476280 54836538 1429154876 492698814 870199906
480690 60217469 1301448015 433188730 901303236
485100 66499070 1178511301 382683432 923879532
489510 73450623 1066973999 340425263 940271577
493920 80899610 968730322 305177431 952295508
498330 88720825 883331566 275682513 961248746
502740 96824107 809404885 250841308 968028221
507150 105144262 745355992 229752920 973248989
511560 113633661 689671573 211699695 977334762
515970 122257053 641025641 196116135 980580675
520380 130987977 598298465 182557379 983195200
524790 139806289 560560661 170672329 985327841
529200 148696441 527046276 160182243 987087457
533610 157646281 497124988 150864213 988554494
538020 166646192 470277206 142538588 989789245
542430 175688479 446073106 135059413 990837501
546840 184766921 424155498 128307175 991734474
551250 193876440 404226041 122183263 992507556
555660 203012850 386034212 116605714 993178285
560070 212172680 369368505 111505928 993763768
564480 221353021 354049407 106826111 994277718
568890 230551423 339923756 102517267 994731224
573300 239765807 326860225 98537617 995133326
577710 248994400 314745656 94851338 995491448
582120 258235678 303482100 91427553 995811730
586530 267488325 292984397 88239516 996099286
590940 276751203 283178194 85263955 996358398
595350 286023316 273998312 82480531 996592676
599760 295303795 265387398 79871394 996805176
604170 304591876 257294800 77420818 996998503
608580 313886882 249675632 75114897 997174885
612990 323188218 242489984 72941293 997336236
617400 332495351 235702260 70889020 997484208
621810 341807809 229280618 68948266 997620236
626220 351125166 223196493 67110243 997745566
630630 360447045 217424187 65367057 997861286
635040 369773101 211940526 63711597 997968352
639450 379103028 206724557 62137441 998067602
643860 388436547 201757292 60638776 998159776
648270 397773404 197021482 59210327 998245529
652680 407113369 192501430 57847297 998325443
657090 416456234 188182813 56545314 998400033
661500 425801809 184052543 55300385 998469762
665910 435149917 180098634 54108857 998535042
670320 444500399 176310090 52967380 998596243
674730 453853110 172676807 51872878 998653695
679140 463207913 169189480 50822521 998707700
683550 472564684 165839531 49813701 998758526
687960 481923309 162619040 48844011 998806418
692370 491283682 159520677 47911224 998851597
696780 500645704 156537657 47013281 998894264
701190 510009286 153663684 46148271 998934600
705600 519374342 150892910 45314421 998972774
710010 528740794 148219896 44510081 999008935
714420 538108570 145639579 43733717 999043223
718830 547477601 143147236 42983898 999075765
723240 556847824 140738461 42259289 999106677
727650 566219180 138409133 41558643 999136066
732060 575591614 136155399 40880794 999164030
736470 584965073 133973649 40224650 999190661
740880 594339510 131860501 39589186 999216040
745290 603714878 129812778 38973443 999240246
749700 613091135 127827498 38376519 999263350
754110 622468241 125901854 37797565 999285416
758520 631846157 124033208 37235785 999306507
762930 641224850 122219071 36690425 999326679
767340 650604284 120457100 36160779 999345985
771750 659984428 118745083 35646179 999364473
776160 669365253 117080929 35145992 999382188
780570 678746730 115462664 34659623 999399174
784980 688128832 113888420 34186509 999415470
789390 697511535 112356429 33726115 999431112
793800 706894814 110865017 33277936 999446136
798210 716278646 109412595 32841494 999460572
802620 725663011 107997658 32416333 999474452
807030 735047888 106618775 32002024 999487804
811440 744433257 105274589 31598155 999500653
815850 753819100 103963810 31204338 999513026
820260 763205400 102685208 30820203 999524944
824670 772592140 101437617 30445398 999536431
829080 781979304 100219923 30079587 999547506
833490 791366877 99031066 29722451 999558190
837900 800754844 97870036 29373685 999568500
842310 810143193 96735869 29032999 999578453
846720 819531909 95627644 28700115 999588066
851130 828920981 94544483 28374769 999597355
855540 838310396 93485547 28056709 999606333
859950 847700143 92450032 27745691 999615014
864360 857090211 91437173 27441486 999623411
868770 866480589 90446233 27143871 999631537
873180 875871269 89476511 26852636 999639402
877590 885262239 88527334 26567578 999647019
882000 894653491 87598055 26288501 999654397
886410 904045017 86688056 26015222 999661546
890820 913436807 85796746 25747559 999668476
895230 922828853 84923553 25485343 999675195
899640 932221149 84067933 25228410 999681713
904050 941613686 83229361 24976600 999688036
908460 951006457 82407333 24729762 999694172
912870 960399456 81601364 24487752 999700130
917280 969792675 80810989 24250428 999705915
921690 979186109 80035761 24017656 999711534
