o 1245184 58 13 0
o 1245184 58 77 1
o 1245184 58 82 1
o 1245184 58 44 0
o 1245184 58 95 0
o 1245184 58 66 1
o 1245184 13 58 1
o 1245184 13 77 1
o 1245184 13 82 1
o 1245184 13 44 1
o 1245184 13 29 0
o 1245184 13 95 0
o 1245184 13 66 1
o 1245184 77 58 0
o 1245184 77 13 0
o 1245184 77 82 1
o 1245184 77 44 0
o 1245184 77 95 0
o 1245184 82 58 0
o 1245184 82 13 0
o 1245184 82 77 0
o 1245184 82 29 0
o 1245184 82 95 0
o 1245184 82 66 0
o 1245184 44 58 1
o 1245184 44 13 0
o 1245184 44 77 1
o 1245184 44 29 0
o 1245184 44 95 0
o 1245184 44 66 1
o 1245184 29 13 1
o 1245184 29 82 1
o 1245184 29 44 1
o 1245184 95 58 1
o 1245184 95 13 1
o 1245184 95 77 1
o 1245184 95 82 1
o 1245184 95 44 1
o 1245184 95 66 1
o 1245184 66 58 0
o 1245184 66 13 0
o 1245184 66 82 1
o 1245184 66 44 0
o 1245184 66 95 0
