0	0	400	1
3	0	400	1
6	0	400	1
9	0	400	1
12	0	400	1
15	0	400	1
18	0	400	1
21	0	400	1
24	0	400	1
27	0	400	1
30	0	381	1
33	0	375	1
36	0	381	1
39	0	393	1
42	0	368	1
45	0	340	1
48	0	387	1
51	0	381	1
54	0	381	1
57	0	375	1
60	1	318	1
63	1	154	1
66	1	347	1
69	0	268	1
72	1	405	1
75	0	47	1
78	1	230	1
81	0	210	1
84	0	62	1
87	1	178	1
90	0	154	1
93	1	117	1
96	1	154	1
99	0	104	1
102	0	200	1
105	0	294	1
108	0	32	1
111	0	210	1
114	1	117	1
117	0	189	1
120	0	361	1
123	0	268	1
126	0	230	1
129	0	0	1
132	0	250	1
135	0	166	1
138	0	189	1
141	0	230	1
144	0	354	1
147	0	277	1
150	0	347	1
153	0	325	1
156	0	361	1
159	0	340	1
162	0	325	1
165	0	302	1
168	0	325	1
171	0	325	1
174	0	240	1
177	0	354	1
1	0	393	1
4	0	400	1
7	0	400	1
10	0	393	1
13	0	393	1
16	0	393	1
19	0	393	1
22	0	393	1
25	0	393	1
28	0	393	1
31	0	387	1
34	0	381	1
37	0	381	1
40	0	381	1
43	0	375	1
46	0	340	1
49	0	387	1
52	0	381	1
55	0	381	1
58	0	381	1
61	1	318	1
64	1	154	1
67	1	347	1
70	0	268	1
73	1	393	1
76	0	47	1
79	1	230	1
82	0	210	1
85	0	62	1
88	1	166	1
91	0	166	1
94	1	117	1
97	1	154	1
100	0	117	1
103	0	210	1
106	0	294	1
109	0	32	1
112	0	230	1
115	1	117	1
118	0	200	1
121	0	368	1
124	0	277	1
127	0	240	1
130	0	16	1
133	0	259	1
136	0	166	1
139	0	210	1
142	0	250	1
145	0	354	1
148	0	294	1
151	0	347	1
154	0	333	1
157	0	361	1
160	0	340	1
163	0	318	1
166	0	294	1
169	0	340	1
172	0	325	1
175	0	240	1
178	0	354	1
2	0	381	1
5	0	375	1
8	0	361	1
11	0	381	1
14	0	375	1
17	0	354	1
20	0	368	1
23	0	381	1
26	0	347	1
29	0	375	1
32	0	375	1
35	0	361	1
38	0	375	1
41	0	368	1
44	0	354	1
47	0	268	1
50	0	340	1
53	0	347	1
56	0	368	1
59	0	361	1
62	0	318	1
65	0	368	1
68	0	333	1
71	0	347	1
74	0	375	1
77	0	333	1
80	0	318	1
83	0	347	1
86	0	354	1
89	0	325	1
180	2	425	1
183	2	130	1
186	2	32	1
189	1	864	1
192	2	329	1
195	1	794	1
198	2	527	1
201	1	727	1
204	2	529	1
207	1	760	1
210	2	420	1
213	1	447	1
216	2	402	1
219	1	484	1
222	2	423	1
225	1	827	1
228	2	371	1
231	1	761	1
234	1	225	1
237	1	584	1
240	2	69	1
243	1	55	1
246	2	32	1
249	1	621	1
252	2	358	1
255	1	726	1
258	2	344	1
261	1	850	1
264	1	47	1
267	2	220	1
270	2	333	1
273	1	8	1
276	2	387	1
279	1	908	1
282	2	83	1
285	1	365	1
288	2	250	1
291	1	433	1
294	1	32	1
297	1	808	1
181	2	390	1
184	2	160	1
187	2	24	1
190	1	858	1
193	2	333	1
196	1	788	1
199	2	510	1
202	1	718	1
205	2	512	1
208	1	737	1
211	2	405	1
214	1	487	1
217	2	384	1
220	1	423	1
223	2	414	1
226	1	820	1
229	2	368	1
232	1	757	1
235	1	250	1
238	1	557	1
241	1	55	1
244	2	47	1
247	2	55	1
250	1	593	1
253	2	298	1
256	1	714	1
259	2	337	1
262	1	849	1
265	1	47	1
268	2	259	1
271	2	347	1
274	1	55	1
277	2	322	1
280	1	904	1
283	1	24	1
286	1	281	1
289	2	200	1
292	1	384	1
295	1	32	1
298	1	803	1
182	1	782	1
185	1	594	1
188	1	769	1
191	1	773	1
194	2	16	1
197	1	600	1
200	1	633	1
203	1	452	1
206	1	178	1
209	1	829	1
212	1	797	1
215	1	698	1
218	2	378	1
221	1	620	1
224	2	351	1
227	1	872	1
230	1	625	1
233	1	745	1
236	1	769	1
239	1	747	1
300	3	627	1
303	4	544	1
306	5	589	1
309	3	696	1
312	4	514	1
315	5	570	1
318	3	661	1
321	4	544	1
324	5	584	1
327	3	514	1
330	4	597	1
333	5	567	1
336	3	606	1
339	4	532	1
342	5	597	1
345	3	625	1
348	4	577	1
351	5	597	1
354	3	538	1
357	4	549	1
360	5	523	1
363	3	636	1
366	4	577	1
369	5	597	1
372	3	636	1
375	4	597	1
378	5	597	1
381	3	650	1
384	4	597	1
387	5	597	1
390	3	579	1
393	4	591	1
396	5	584	1
399	3	491	1
402	4	549	1
405	5	597	1
408	3	591	1
411	4	554	1
414	5	549	1
417	3	698	1
420	4	586	1
423	5	597	1
426	3	622	1
429	4	520	1
432	5	597	1
435	3	624	1
438	4	567	1
441	5	597	1
444	3	640	1
447	4	549	1
450	5	570	1
453	3	511	1
456	4	544	1
459	5	595	1
462	3	532	1
465	4	549	1
468	5	597	1
471	3	450	1
474	4	491	1
477	5	597	1
480	3	554	1
483	4	582	1
486	5	597	1
489	3	665	1
492	4	572	1
495	5	597	1
498	3	560	1
501	4	582	1
504	5	593	1
507	3	577	1
510	4	565	1
513	5	586	1
516	3	636	1
519	4	508	1
522	5	595	1
525	3	595	1
528	4	484	1
531	5	593	1
534	3	554	1
537	4	595	1
540	5	529	1
543	3	572	1
546	4	491	1
549	5	597	1
552	3	562	1
555	4	572	1
558	5	595	1
561	3	636	1
564	4	591	1
567	5	575	1
301	3	627	1
304	4	544	1
307	5	591	1
310	3	698	1
313	4	517	1
316	5	570	1
319	3	661	1
322	4	541	1
325	5	582	1
328	3	520	1
331	4	597	1
334	5	562	1
337	3	606	1
340	4	535	1
343	5	597	1
346	3	625	1
349	4	575	1
352	5	597	1
355	3	529	1
358	4	549	1
361	5	520	1
364	3	636	1
367	4	577	1
370	5	597	1
373	3	636	1
376	4	597	1
379	5	597	1
382	3	650	1
385	4	597	1
388	5	597	1
391	3	589	1
394	4	591	1
397	5	584	1
400	3	484	1
403	4	552	1
406	5	597	1
409	3	595	1
412	4	552	1
415	5	552	1
418	3	698	1
421	4	508	1
424	5	597	1
427	3	624	1
430	4	532	1
433	5	597	1
436	3	624	1
439	4	565	1
442	5	597	1
445	3	655	1
448	4	546	1
451	5	572	1
454	3	541	1
457	4	546	1
460	5	595	1
463	3	529	1
466	4	549	1
469	5	570	1
472	3	450	1
475	4	491	1
478	5	597	1
481	3	557	1
484	4	584	1
487	5	597	1
490	3	667	1
493	4	567	1
496	5	597	1
499	3	557	1
502	4	586	1
505	5	595	1
508	3	579	1
511	4	565	1
514	5	586	1
517	3	636	1
520	4	511	1
523	5	595	1
526	3	595	1
529	4	491	1
532	5	593	1
535	3	549	1
538	4	595	1
541	5	529	1
544	3	572	1
547	4	494	1
550	5	597	1
553	3	562	1
556	4	572	1
559	5	597	1
562	3	640	1
565	4	593	1
568	5	575	1
302	4	597	1
305	4	560	1
308	4	597	1
311	4	597	1
314	4	597	1
317	4	597	1
320	4	597	1
323	4	597	1
326	4	597	1
329	4	597	1
332	4	577	1
335	4	597	1
338	4	597	1
341	4	597	1
344	4	469	1
347	4	597	1
350	4	597	1
353	4	597	1
356	4	597	1
359	4	597	1
362	4	597	1
365	4	597	1
368	4	597	1
371	4	597	1
374	4	597	1
377	4	597	1
380	4	597	1
383	4	597	1
386	4	597	1
389	4	597	1
392	4	597	1
395	4	597	1
398	4	597	1
401	4	597	1
404	4	597	1
407	4	597	1
410	4	597	1
413	4	597	1
416	4	597	1
419	4	597	1
422	4	597	1
425	4	597	1
431	4	597	1
434	4	597	1
570	0	284	1
573	6	82	1
576	0	221	1
579	0	285	1
582	6	699	1
585	7	105	1
588	0	285	1
591	6	785	1
594	7	679	1
597	0	285	1
600	0	195	1
603	7	809	1
606	0	285	1
609	6	267	1
612	0	223	1
615	0	283	1
618	6	820	1
621	7	183	1
624	0	283	1
627	6	772	1
630	7	798	1
633	0	285	1
636	0	220	1
639	7	740	1
642	0	285	1
645	6	233	1
648	0	207	1
651	0	285	1
654	6	685	1
657	7	36	1
660	0	285	1
663	6	650	1
666	7	776	1
669	0	285	1
672	0	219	1
675	7	676	1
678	0	284	1
681	6	255	1
684	0	224	1
687	0	285	1
690	6	748	1
693	7	358	1
696	0	285	1
699	6	683	1
702	7	737	1
705	0	285	1
708	0	222	1
711	7	630	1
714	0	284	1
717	6	332	1
720	0	216	1
723	0	285	1
726	6	667	1
729	7	250	1
732	0	285	1
735	6	780	1
738	7	794	1
741	0	285	1
744	0	228	1
747	7	790	1
571	0	284	1
574	6	82	1
577	0	221	1
580	0	285	1
583	6	699	1
586	7	105	1
589	0	285	1
592	6	785	1
595	7	679	1
598	0	285	1
601	0	195	1
604	7	809	1
607	0	285	1
610	6	267	1
613	0	223	1
616	0	284	1
619	6	820	1
622	7	183	1
625	0	283	1
628	6	772	1
631	7	798	1
634	0	285	1
637	0	220	1
640	7	740	1
643	0	285	1
646	6	232	1
649	0	207	1
652	0	285	1
655	6	685	1
658	7	36	1
661	0	285	1
664	6	650	1
667	7	776	1
670	0	285	1
673	0	219	1
676	7	676	1
679	0	284	1
682	6	255	1
685	0	224	1
688	0	285	1
691	6	748	1
694	7	358	1
697	0	285	1
700	6	683	1
703	7	737	1
706	0	285	1
709	0	222	1
712	7	630	1
715	0	284	1
718	6	332	1
721	0	216	1
724	0	285	1
727	6	667	1
730	7	250	1
733	0	285	1
736	6	780	1
739	7	794	1
742	0	285	1
745	0	228	1
748	7	790	1
572	0	222	1
575	0	224	1
578	0	219	1
581	0	181	1
584	0	265	1
587	0	215	1
590	0	223	1
593	0	180	1
596	0	210	1
599	0	254	1
602	0	223	1
605	0	244	1
608	0	263	1
611	0	199	1
614	0	188	1
617	0	262	1
620	0	218	1
623	0	207	1
626	0	209	1
629	0	240	1
632	0	209	1
635	0	262	1
638	0	250	1
641	0	271	1
644	0	181	1
647	0	189	1
650	0	224	1
653	0	253	1
656	0	202	1
659	0	201	1
750	8	272	1
753	9	546	1
756	10	290	1
759	9	598	1
762	8	272	1
765	9	546	1
768	10	290	1
771	9	598	1
774	8	272	1
777	9	546	1
780	10	290	1
783	9	598	1
786	8	272	1
789	9	546	1
792	10	290	1
795	9	598	1
798	8	272	1
801	9	546	1
804	10	290	1
807	9	598	1
810	8	272	1
813	9	546	1
816	10	290	1
819	9	598	1
822	8	272	1
825	9	546	1
828	10	290	1
831	9	598	1
834	8	272	1
837	9	546	1
840	10	290	1
843	9	598	1
846	8	272	1
849	9	546	1
852	10	290	1
855	9	598	1
858	8	272	1
861	9	546	1
864	10	290	1
867	9	598	1
870	8	272	1
873	9	546	1
876	10	290	1
879	9	598	1
882	8	272	1
885	9	546	1
888	10	290	1
891	9	598	1
894	8	272	1
897	9	546	1
900	10	290	1
903	9	598	1
906	8	272	1
909	9	546	1
912	10	290	1
915	9	598	1
918	8	272	1
921	9	546	1
924	10	290	1
927	9	598	1
751	8	272	1
754	9	544	1
757	10	290	1
760	9	598	1
763	8	272	1
766	9	545	1
769	10	290	1
772	9	596	1
775	8	272	1
778	9	546	1
781	10	290	1
784	9	598	1
787	8	272	1
790	9	547	1
793	10	290	1
796	9	598	1
799	8	272	1
802	9	548	1
805	10	290	1
808	9	598	1
811	8	272	1
814	9	549	1
817	10	290	1
820	9	597	1
823	8	272	1
826	9	547	1
829	10	288	1
832	9	597	1
835	8	272	1
838	9	546	1
841	10	290	1
844	9	598	1
847	8	272	1
850	9	545	1
853	10	290	1
856	9	597	1
859	8	272	1
862	9	547	1
865	10	290	1
868	9	597	1
871	8	272	1
874	9	547	1
877	10	290	1
880	9	596	1
883	8	272	1
886	9	545	1
889	10	290	1
892	9	597	1
895	8	272	1
898	9	547	1
901	10	290	1
904	9	597	1
907	8	272	1
910	9	548	1
913	10	290	1
916	9	598	1
919	8	272	1
922	9	546	1
925	10	290	1
928	9	599	1
752	9	778	1
755	10	196	1
758	8	261	1
761	10	196	1
764	11	535	1
767	11	535	1
770	9	778	1
773	8	261	1
776	8	261	1
779	11	535	1
782	10	196	1
785	8	261	1
788	10	196	1
791	8	261	1
794	10	196	1
797	10	196	1
800	10	196	1
803	10	196	1
806	9	778	1
809	10	196	1
812	11	535	1
815	11	535	1
818	8	261	1
821	10	196	1
824	10	196	1
827	8	261	1
830	9	778	1
833	10	196	1
836	8	261	1
839	9	778	1
930	12	428	1
933	12	428	1
936	12	428	1
939	12	428	1
942	13	692	1
945	12	428	1
948	14	500	1
951	15	920	1
954	16	500	1
957	15	600	1
960	13	200	1
963	12	428	1
966	17	500	1
969	14	692	1
972	17	846	1
975	16	636	1
978	15	500	1
981	15	428	1
984	15	500	1
987	18	764	1
990	12	200	1
993	14	600	1
996	14	333	1
999	15	0	1
1002	15	600	1
1005	15	333	1
1008	12	200	1
1011	13	0	1
1014	17	0	1
1017	14	555	1
1020	12	333	1
1023	13	555	1
1026	12	333	1
1029	14	904	1
1032	19	333	1
1035	12	200	1
1038	12	200	1
1041	14	333	1
1044	14	600	1
1047	14	555	1
1050	15	428	1
1053	15	500	1
1056	15	600	1
1059	13	692	1
1062	17	692	1
1065	14	200	1
1068	17	428	1
1071	14	200	1
1074	18	0	1
1077	15	692	1
1080	20	200	1
1083	13	333	1
1086	12	200	1
1089	14	200	1
1092	20	636	1
1095	13	826	1
1098	15	200	1
1101	18	714	1
1104	14	789	1
1107	13	500	1
931	12	428	1
934	12	428	1
937	12	428	1
940	12	428	1
943	13	555	1
946	12	428	1
949	14	500	1
952	15	923	1
955	13	500	1
958	15	600	1
961	13	0	1
964	12	428	1
967	17	428	1
970	14	692	1
973	19	921	1
976	16	555	1
979	15	500	1
982	15	428	1
985	15	500	1
988	18	733	1
991	12	200	1
994	14	555	1
997	14	333	1
1000	15	0	1
1003	15	600	1
1006	15	333	1
1009	12	200	1
1012	13	0	1
1015	17	200	1
1018	14	555	1
1021	12	333	1
1024	13	555	1
1027	12	333	1
1030	14	902	1
1033	19	333	1
1036	12	333	1
1039	12	333	1
1042	14	333	1
1045	14	600	1
1048	14	600	1
1051	15	200	1
1054	15	500	1
1057	19	636	1
1060	13	666	1
1063	17	692	1
1066	14	200	1
1069	17	428	1
1072	14	200	1
1075	18	0	1
1078	15	666	1
1081	17	200	1
1084	13	200	1
1087	12	200	1
1090	14	0	1
1093	20	636	1
1096	13	826	1
1099	15	200	1
1102	18	692	1
1105	14	789	1
1108	13	500	1
932	12	428	1
935	12	428	1
938	12	428	1
941	18	200	1
944	15	428	1
947	19	428	1
950	12	428	1
953	12	428	1
956	17	200	1
959	13	428	1
962	14	666	1
965	12	428	1
968	13	500	1
971	12	333	1
974	14	927	1
977	13	428	1
980	20	809	1
983	15	428	1
986	16	555	1
989	15	428	1
992	12	200	1
995	12	333	1
998	14	555	1
1001	15	333	1
1004	12	428	1
1007	12	428	1
1010	14	428	1
1013	12	428	1
1016	12	428	1
1019	12	428	1
