o 13 23 41 1
o 13 41 23 0
o 13 23 7 1
o 13 7 23 0
o 13 23 198 1
o 13 198 23 0
o 13 23 112 1
o 13 112 23 0
o 13 23 55 1
o 13 55 23 0
o 13 23 90 1
o 13 90 23 0
o 13 164 23 0
o 13 41 7 1
o 13 7 41 0
o 13 41 198 1
o 13 198 41 0
o 13 41 112 1
o 13 112 41 0
o 13 41 55 1
o 13 55 41 0
o 13 90 41 0
o 13 41 164 1
o 13 164 41 0
o 13 7 198 1
o 13 198 7 0
o 13 7 112 1
o 13 112 7 0
o 13 55 7 0
o 13 7 90 1
o 13 90 7 0
o 13 7 164 1
o 13 164 7 0
o 13 198 112 1
o 13 112 198 0
o 13 198 55 1
o 13 55 198 0
o 13 198 90 1
o 13 90 198 0
o 13 198 164 1
o 13 164 198 0
o 13 112 55 1
o 13 55 112 0
o 13 112 90 1
o 13 90 112 0
o 13 112 164 1
o 13 164 112 0
o 13 55 90 1
o 13 90 55 0
o 13 55 164 1
o 13 164 55 0
o 13 90 164 1
o 13 164 90 0
o 231 23 41 0
o 231 41 23 1
o 231 23 7 0
o 231 7 23 1
o 231 23 198 0
o 231 198 23 1
o 231 23 112 0
o 231 112 23 1
o 231 23 55 0
o 231 55 23 1
o 231 23 90 0
o 231 90 23 1
o 231 164 23 1
o 231 41 7 0
o 231 7 41 1
o 231 41 198 0
o 231 198 41 1
o 231 41 112 0
o 231 112 41 1
o 231 41 55 0
o 231 55 41 1
o 231 90 41 1
o 231 41 164 0
o 231 164 41 1
o 231 7 198 0
o 231 198 7 1
o 231 7 112 0
o 231 112 7 1
o 231 55 7 1
o 231 7 90 0
o 231 90 7 1
o 231 7 164 0
o 231 164 7 1
o 231 198 112 0
o 231 112 198 1
o 231 198 55 0
o 231 55 198 1
o 231 198 90 0
o 231 90 198 1
o 231 198 164 0
o 231 164 198 1
o 231 112 55 0
o 231 55 112 1
o 231 112 90 0
o 231 90 112 1
o 231 112 164 0
o 231 164 112 1
o 231 55 90 0
o 231 90 55 1
o 231 55 164 0
o 231 164 55 1
o 231 90 164 0
o 231 164 90 1
