t 1245184 66 77 0
t 1245184 66 95 0
t 1245184 66 13 0
t 1245184 66 29 0
t 1245184 66 44 0
t 1245184 66 82 0
t 1245184 66 58 1
t 1245184 77 66 1
t 1245184 77 95 1
t 1245184 77 13 1
t 1245184 77 29 1
t 1245184 77 44 1
t 1245184 77 82 1
t 1245184 77 58 1
t 1245184 95 66 1
t 1245184 95 77 0
t 1245184 95 13 1
t 1245184 95 29 1
t 1245184 95 44 1
t 1245184 95 82 1
t 1245184 95 58 1
t 1245184 13 66 1
t 1245184 13 77 0
t 1245184 13 95 0
t 1245184 13 29 1
t 1245184 13 44 1
t 1245184 13 82 1
t 1245184 13 58 1
t 1245184 29 66 1
t 1245184 29 77 0
t 1245184 29 95 0
t 1245184 29 13 0
t 1245184 29 44 1
t 1245184 29 82 0
t 1245184 29 58 1
t 1245184 44 66 1
t 1245184 44 77 0
t 1245184 44 95 0
t 1245184 44 13 0
t 1245184 44 29 0
t 1245184 44 82 0
t 1245184 44 58 1
t 1245184 82 66 1
t 1245184 82 77 0
t 1245184 82 95 0
t 1245184 82 13 0
t 1245184 82 29 1
t 1245184 82 44 1
t 1245184 82 58 1
t 1245184 58 66 0
t 1245184 58 77 0
t 1245184 58 95 0
t 1245184 58 13 0
t 1245184 58 29 0
t 1245184 58 44 0
t 1245184 58 82 0
