LEDGER	1	0	0	0	0	1	867	SUSPECT	381	0000000000000000000000000000000000000000000000000000000000000000
LEDGER	2	1	0	0	0	1	867	SUSPECT	375	8019fa1f9476cb47227cfa94f6556e36f53ab14ddb4b040b097d35c0b7e6b475
LEDGER	3	2	0	0	0	1	867	SUSPECT	361	3d00f0fb14a6e20fe4e30ae4697325d65a024bf80734ad6f391e79196d5e176b
LEDGER	4	3	0	0	0	1	867	SUSPECT	381	563be41c44188d3b92b8f74c0fb626b3cec9885a884106912b73bb04d231dc5e
LEDGER	5	4	0	0	0	1	867	SUSPECT	375	01d66d8c16e9ed91720ce5ee4f9cb83481e41cc4a6844450068a2678a8cef37f
LEDGER	6	5	0	0	0	1	867	SUSPECT	354	bff3db02ea37c039f57d7a59e57e582054316bd9c473678e3fce02b67f7a2510
LEDGER	7	6	0	0	0	1	867	SUSPECT	368	54602e64d353efbdc459fc622250e2b4a71bd25276eb4d8cbb41010d016ab0e0
LEDGER	8	7	0	0	0	1	867	SUSPECT	381	73a2093878a8bc987cd44d22f876a751dd1d248317cbdf577a66cea4007271f8
LEDGER	9	8	0	0	0	1	867	SUSPECT	347	42cc39e9c31e7295f56760d3ad7904c8ce0d6245610bca48a5bc8fc99819904a
LEDGER	10	9	0	0	0	1	867	SUSPECT	375	e4b9571705b268fbc673887314a4680158300e2e327d5753b760f12da05c1e6d
LEDGER	11	10	0	0	0	1	867	SUSPECT	375	1e2b6dac5a31167c5d9f715a8127f6d3a29bf29f3623b2e34c20e09b3d2b92b0
LEDGER	12	11	0	0	0	1	867	SUSPECT	361	7c311d09583b46ef1ac37151347ad1c7b18100c5a32754df3d0c8f190048f7d9
LEDGER	13	12	0	0	0	1	867	SUSPECT	375	113058401e417dec30f40d98b1e6aad25e5b977e6dd72bacdcc0f0e216cd7728
LEDGER	14	13	0	0	0	1	867	SUSPECT	368	52e185f2ca5b35149fd1489b784f8abe874a86e1ba656e4082f0dc63bec8d608
LEDGER	15	14	0	0	0	1	867	SUSPECT	354	bdae8eb54bfd310fe295c004e3d67d88bb564aa54a6df4a257e68ad472c1e2c3
LEDGER	16	15	0	0	0	1	867	SUSPECT	268	884167bfbb309936f0dd8b43733371fa12cea808e2be423b57a49400826e216c
LEDGER	17	16	0	0	0	1	867	SUSPECT	340	a1fa10d999ad3251d22951fa8eb68a4feeb3f9e0489e72f078d37e098c363aec
LEDGER	18	17	0	0	0	1	867	SUSPECT	347	4e05ace5e0a8283c9e24c80e71f0d8e2392b85ff9021528bdbf2210a9e1d63d9
LEDGER	19	18	0	0	0	1	867	SUSPECT	368	afe6a6c65a2992e1408fccba37a6d5316f69e804be300108895b69115192ce2c
LEDGER	20	19	0	0	0	1	867	SUSPECT	361	b846d0ae7852801b2f2289a29fa9a8ba968fc3b9f5c1c6b72f1fecabf2bb6a66
LEDGER	21	20	0	0	1	0	867	SUSPECT	318	aeb75b895e62644550436eb468142eea6173ceb95c0eca9561e43f652ce7b6db
LEDGER	22	21	0	0	1	0	867	SUSPECT	368	d673bc8bff1f815469c25caf8d9506a232b313829e064de50a98066abcb38b8e
LEDGER	23	22	0	0	1	0	867	SUSPECT	333	718db5c28492b56c4d1902363823872280c31c5dac1514ca2f869f268814c40e
LEDGER	24	23	0	0	0	1	867	SUSPECT	347	01485cce9893fc20a63f72455ed3153a02fb9c6646e4829fcba1b4679e2289f4
LEDGER	25	24	0	0	1	0	867	SUSPECT	375	d82aa5e327cc916c966976b2a07a8fe2503b47c19e4af62b615d95ce1f1b41a1
LEDGER	26	25	0	0	0	1	867	SUSPECT	333	4a4cf42fe0b81cce613a42ffcd789e2e8008826d53b5ea9b5ca54e5cc6e28c38
LEDGER	27	26	0	0	1	0	867	SUSPECT	318	b8b1e8269521140b8700748815f972463057f2baa4eadc327ec55ba4b459bb9a
LEDGER	28	27	0	0	0	1	867	SUSPECT	347	fd17bb5af3e46ab475eeaf8a780654754ea670b78d1be51d14bff5508b379c7f
LEDGER	29	28	0	0	0	1	867	SUSPECT	354	0dd9397139b74a61e5ef7b3e7a1083b8ea5d43403ecf9173435322bba0e8d70c
LEDGER	30	29	0	0	1	0	867	SUSPECT	325	f021618d019025ccce2876f19a6e0e6ed8121b42a9a2b0d92d37abb10f5d45bc
LEDGER	31	60	1	1	2	0	1000	WITHHOLD	782	5fa428f2aa652ac6f813a773920ac59008f1a2e7522e5f3322d07982abaafa64
LEDGER	32	61	1	1	2	0	1000	WITHHOLD	594	65e99e6914efc14ad973791979fbc78b733e0e4e34d6c5de72cb4af580e28bc0
LEDGER	33	62	1	1	2	0	1000	WITHHOLD	769	a8e8af6596e8f22e7ac2c82de0623b08ef45c3e8d5347cd436581205e683ee01
LEDGER	34	63	1	1	1	1	1000	INSTALL	773	ee0e7caa19fed9b8faa3061edd31e21fcefd6e914eef4bb5de20e5c975d2f07a
LEDGER	35	64	1	2	2	1	1000	INSTALL	16	5a70bd7bb2bf46c494e1b2f95e627874e5abdd7bd0f481808c5dab26919528fb
LEDGER	36	65	1	1	1	1	1000	INSTALL	600	20dd46e5d9b650660a4a0100954e30dfc01020df936e1da9989e162339514a12
LEDGER	37	66	1	1	2	0	1000	WITHHOLD	633	6c8eae635b20731dbe9eee0eb7b593bb6adb633c3c9a915966005d2c5a0c17d1
LEDGER	38	67	1	1	1	1	1000	INSTALL	452	ca73432735e70d63bcfcd06dd53812820c9eb8a9eaa2be73bfa60dd466e978a7
LEDGER	39	68	1	1	2	0	1000	WITHHOLD	178	7a6cdac94e6e0e47cfb9e6cc2a1bd1faf55cb4a536e284bd7e99f0d5a0b489ee
LEDGER	40	69	1	1	1	1	1000	INSTALL	829	e31bdb939cde79152b6be4dbc64d6f2d59071c1951fdfaf21ea98692ad519b02
LEDGER	41	70	1	1	2	0	1000	WITHHOLD	797	dcdfa6e766ec63e3918884b028c22727e73882d3204f13224459e22a05a30d0a
LEDGER	42	71	1	1	1	1	1000	INSTALL	698	87963fbeba294d2c49049620e82f889684c005a6c5f58c72543a9ecb917cc88c
LEDGER	43	72	1	2	2	1	1000	INSTALL	378	0ecdcd43ed0c1ec0a977302cde19e463be58b50d2ea8a1c103c27051ab592af0
LEDGER	44	73	1	1	1	1	1000	INSTALL	620	e40ddb1f09297b9832be9006e946ebde9f3383740e1d19272fc18326df03d3d7
LEDGER	45	74	1	2	2	1	1000	INSTALL	351	50a1de239a7082456d9522b9ed37d8bfef1374fa45d6cddd7d9ac13cc33ae499
LEDGER	46	75	1	1	1	1	1000	INSTALL	872	e9bbbc51b3bb6c91cd0e0af3ad1d175b91d69c8d96bef04cfcb9346ebfd9a7bb
LEDGER	47	76	1	1	2	0	1000	WITHHOLD	625	b16f792440d2486647a90f86c0b39754be4ed857150c4a8ee276775a0400e78f
LEDGER	48	77	1	1	1	1	1000	INSTALL	745	a72abde79daa5ca2ea2ded5d936587f06f7b511d22f06970e5dbc5458c3e795e
LEDGER	49	78	1	1	1	1	1000	INSTALL	769	21e1fd68183f5c5dbe44a221dee26c176421b432a2026c5a4a7e45767ee23c16
LEDGER	50	79	1	1	1	1	1000	INSTALL	747	6ee01b20035065bc9161cc03f925f2168428217e61dbb0edfb05a6ed91a4cfef
LEDGER	51	100	2	4	3	0	489	SUSPECT	597	2721e019fa922601942d5c05847c21f827c33a98ec3a515c061cf184fb3d8379
LEDGER	52	101	2	4	4	1	489	SUSPECT	560	aecdc3009830f1639014182a346f90ba1127580199cd6a4e8eefe29966730d29
LEDGER	53	102	2	4	5	0	489	SUSPECT	597	f5956a8ebedbfe9d970f1eb8f16ef43a33b3133493533a22ab78bf91d950bd28
LEDGER	54	103	2	4	3	0	489	SUSPECT	597	4602272f409f9b5f2584bbcbe96656c05b1e94c94f963e9ee47a54f110565342
LEDGER	55	104	2	4	4	1	489	SUSPECT	597	82807e4e594b1d0b9d263dcd52ab3b910c871507ea1ad8e435f857bd6e704473
LEDGER	56	105	2	4	5	0	489	SUSPECT	597	ed70040d1e2c7502a02bd3d5407270fdc970a7bf1dc44d2e6010b3d0195ed5eb
LEDGER	57	106	2	4	3	0	489	SUSPECT	597	72055becc5f82754a9fe68ab2858801aac771b7d07821da742603e5d401dd2d2
LEDGER	58	107	2	4	4	1	489	SUSPECT	597	ebd3d033d9dba2849dd9faeac34dc7716220731398b3d3b9164fc09b9a1a520c
LEDGER	59	108	2	4	5	0	489	SUSPECT	597	372e6f1b1bfa284c664513481313da85f8330a7640f7258d814662b863b860bf
LEDGER	60	109	2	4	3	0	489	SUSPECT	597	df933be900cac7d6868cac67ce763422216e8530e702a593ffc2277ac5bc4ae4
LEDGER	61	110	2	4	4	1	489	SUSPECT	577	22cd363db37027f868984410e5571cfe0029fe3cfb898d0c528ac153a7a28b52
LEDGER	62	111	2	4	5	0	489	SUSPECT	597	7bd3ea8f6411331fde770c47328e4b2947a72050303d941d2283ae9a7e40e1f0
LEDGER	63	112	2	4	3	0	489	SUSPECT	597	ce406cac94caf4395b4c616e2ec507454b1d77b79c34da31a122df065c5f91ad
LEDGER	64	113	2	4	4	1	489	SUSPECT	597	e1f6fbc56bb1badb96b128215adfc21d4f4a2c01dc54493949774d8938bf3788
LEDGER	65	114	2	4	5	0	489	SUSPECT	469	dee6102554c6b3c52fc72351203ad9b10f32267227da0d6612ddc9bab3b10e89
LEDGER	66	115	2	4	3	0	489	SUSPECT	597	a407a80ce9a32c4e46c9564834a02aa4cfc14b194bf587cc994d19776beec472
LEDGER	67	116	2	4	4	1	489	SUSPECT	597	b13b61069c7a7c48746fae6d40feb785a56d10e9b2abda550bfe3143628e8818
LEDGER	68	117	2	4	5	0	489	SUSPECT	597	b38cb83960a28d06af0cb40c2558e3ffd8d487e27ea96cc4c99e4fdc8d8f4e49
LEDGER	69	118	2	4	3	0	489	SUSPECT	597	31b877e82d9103607195cdd068cbb6f7f8f3d1071f8c4670da3a20fd290ba31a
LEDGER	70	119	2	4	4	1	489	SUSPECT	597	553e06f4ad5413c9f02e9d7c9cb84ed8503d96069422d790c6b2421bb524248d
LEDGER	71	120	2	4	5	0	489	SUSPECT	597	632c2ccfa0a46d4c6d380661907be3af6c5e0c85ff305b1c9de822c94e3f4250
LEDGER	72	121	2	4	3	0	489	SUSPECT	597	553181d08fb505f4c0092e6f40da06fe157dda6b95a3600de61f250f05a48428
LEDGER	73	122	2	4	4	1	489	SUSPECT	597	65d06098297b60c54df37b91bf7abdf860abdbb20d3e56cb76a8f55493edaa3a
LEDGER	74	123	2	4	5	0	489	SUSPECT	597	4f4eb6cfbe4e83a66272597a5a494ebadb2230083fb9a5635e063a94bdbe969a
LEDGER	75	124	2	4	3	0	489	SUSPECT	597	1aa282c41d0107e03653a053ecfcf91b84bc7df8e425e249430b43545a87c8a0
LEDGER	76	125	2	4	4	1	489	SUSPECT	597	8401b6b8db794dd3af98cbcff8bd69a54167e8fd9055ba9594daf79222e7650d
LEDGER	77	126	2	4	5	0	489	SUSPECT	597	af7ef92c3a4756c2caa6ad4185c555481257159d9708c8cae1d409d132577569
LEDGER	78	127	2	4	3	0	489	SUSPECT	597	a31717ac428f6083c9cb42e08506009e7cbdb7cb0333761564f002d6b38fcef3
LEDGER	79	128	2	4	4	1	489	SUSPECT	597	5348662b1e1f3516e152f0d9961ed3472deb0a8baa98a3d58bacb34e442bc56c
LEDGER	80	129	2	4	5	0	489	SUSPECT	597	eac6835e0506d26a8287706e013c00dc0b2382cd1db980a20ba0778d5ff55e7f
LEDGER	81	130	2	4	3	0	489	SUSPECT	597	a8048ab314cc8410e5c901bc9324263505892ad59e28499e80f43c050c7995e7
LEDGER	82	131	2	4	4	1	489	SUSPECT	597	9333f64c1bfc621c1f848dc6e1b50d20786f798110bbb565d079b071fa38c4e4
LEDGER	83	132	2	4	5	0	489	SUSPECT	597	f300c57159de93d7986101522278205fd6c6d6c6faec4ef9b062ee711eef9e38
LEDGER	84	133	2	4	3	0	489	SUSPECT	597	db3cf41d80afda429ee8014caed1d059c7f59b59c58e820b2a834d15570cda6e
LEDGER	85	134	2	4	4	1	489	SUSPECT	597	65df8140441677105423b5cf9ce6b9f1526e81e3c588e298b7a84d6fadf496c1
LEDGER	86	135	2	4	5	0	489	SUSPECT	597	53288696e5d2dda338769e0094d80bda74f690984df9821eb3c11f2580d90b9b
LEDGER	87	136	2	4	3	0	489	SUSPECT	597	107332942c9718615e7d21f2ac59b5c2bf6c7be93def4e93d2d5bb9dafec5ace
LEDGER	88	137	2	4	4	1	489	SUSPECT	597	377916296aa63892fc74fc6872afd0085e35ce7db77919216abe9bf413ba90c9
LEDGER	89	138	2	4	5	0	489	SUSPECT	597	ca4013cec9b3917a7e8de645de16d21e7a48bc94746bcca7240aa81f82061158
LEDGER	90	139	2	4	3	0	489	SUSPECT	597	6eb70b14665bae596b37fd62ce8486397049b87f9cf4b3c2aefd91e030567ed3
LEDGER	91	140	2	4	4	1	489	SUSPECT	597	5a0c1f30b4c71bc939207d3a3a4b21b99b1db10c17a8eb25d6316769f3cea3d1
LEDGER	92	141	2	4	5	0	489	SUSPECT	597	3fe9d2a2ea84db5cf954c7c2e54dc63814117ccc1639c9f6f1fb24f1e814bceb
LEDGER	93	143	2	4	4	1	489	SUSPECT	597	3759f4259ab8d77279cb6e427e157853713c5dc65cbbe8a7aa9d396fcda5d997
LEDGER	94	144	2	4	5	0	489	SUSPECT	597	01195c08a624ab9e34648b797d1d16b9eb80e715120d0fd23c05cb9dbca828a7
LEDGER	95	190	3	0	0	1	400	SUSPECT	222	a3926ea5e0b4c62c1e2567a8da41552551f4fe686b53fa5558030d7193bc99f4
LEDGER	96	191	3	0	6	0	400	SUSPECT	224	0734d850d1cbfb816eb27d5fbd324deee18cc04f3a16651d2b8ab4e79f033dd1
LEDGER	97	192	3	0	0	1	400	SUSPECT	219	d50565a8c432ca7f82f09470dcc4d959fe357fd4d529d7b8f2a819af18c688ca
LEDGER	98	193	3	0	0	1	400	SUSPECT	181	2ffa378b2b83a6db72106c6246b686a841448e9150e027a67fa5f62de351f07e
LEDGER	99	194	3	0	6	0	400	SUSPECT	265	a882b7d18f46314549956d9fdb79bab9729a2a7297fb8668fb4b2030f29f9c65
LEDGER	100	195	3	0	7	0	400	SUSPECT	215	4d56d133962e2b9cb6e3f1143a00975846ec15ec894463a5176d243093cfdca5
LEDGER	101	196	3	0	0	1	400	SUSPECT	223	f83f53ff3fc1be2cb30ab38e472860de8759daa31762beccadbca570c8b370f2
LEDGER	102	197	3	0	6	0	400	SUSPECT	180	9e3001dc8977cb465966074a1f4a41af35aa8f5e4535b3dd782042aa3c7f675d
LEDGER	103	198	3	0	7	0	400	SUSPECT	210	95f9a1cca32dd7fb5affee49845b6b117e237aec256fc624212083751cc5ddde
LEDGER	104	199	3	0	0	1	400	SUSPECT	254	b49afa4356640c57430808073c24071ab56eb40b84dbd1fdfd8f486941e36722
LEDGER	105	200	3	0	0	1	400	SUSPECT	223	f9a3f51de2956702072fc4e25af8b172a6f496cd22b500194158829745949851
LEDGER	106	201	3	0	7	0	400	SUSPECT	244	e72b93139e66a12efc7595696d2c464144a7cff2a153c4ab3bb54a6830ebdc08
LEDGER	107	202	3	0	0	1	400	SUSPECT	263	e613a2a7f9d6cb183947feb465934ddc90296fabbeab676ecfd962cd6a2b2874
LEDGER	108	203	3	0	6	0	400	SUSPECT	199	7333ba9da22b6f1ff695024a34c7ee58d6a3568ea289737e178d63f44ec8456d
LEDGER	109	204	3	0	0	1	400	SUSPECT	188	8eda0f19c6f69268650e71ee624c20a4871e7348a63222bd206a60f645075fc7
LEDGER	110	205	3	0	0	1	400	SUSPECT	262	8248a7d685db92a9eb4d8f0b810441b7d03d06df744553ac7b870f01b4939487
LEDGER	111	206	3	0	6	0	400	SUSPECT	218	644fdf14f99b6aa63dfecc12f67c019214f4afc72d1e9cd8b292c9b5e0776875
LEDGER	112	207	3	0	7	0	400	SUSPECT	207	383efc45805eebd253f708675b5a406b56da20b1e96a98258178721e2d5c27a4
LEDGER	113	208	3	0	0	1	400	SUSPECT	209	a2db1c977fc16ac509f99178bdd2c759f1c8305e84af75a72b1fffe14dd324f5
LEDGER	114	209	3	0	6	0	400	SUSPECT	240	90da1fc6ffe4789d69cf1c657039d22ae553845c870e28a3509a2a267522c756
LEDGER	115	210	3	0	7	0	400	SUSPECT	209	8cd7d1f2712e6222c79834e53b369d8605eb20744949a59c56e6bb0b43c7fa55
LEDGER	116	211	3	0	0	1	400	SUSPECT	262	d1c8c08a5c19dc612d62b56b483b9bfeff902a80666f8221df8f7536ad6b4876
LEDGER	117	212	3	0	0	1	400	SUSPECT	250	3f3323851c446627145be2734d1f9c89203b1aaa55949782cc74d4bff08274f5
LEDGER	118	213	3	0	7	0	400	SUSPECT	271	c12ea7fc61b14ba98755df688cc6a016d804e93ffc481dd4a149afbaa64f1024
LEDGER	119	214	3	0	0	1	400	SUSPECT	181	1cb438299c1ad2b8d39ac91ca044dfe01565f7d18115b1d4245df819b6e3025b
LEDGER	120	215	3	0	6	0	400	SUSPECT	189	9445998ae85a95eae612ebc9a6e951cfa091803db1e9b9ec9646de47e865e44b
LEDGER	121	216	3	0	0	1	400	SUSPECT	224	604ee60e5844a81001dee5159e27a334539d04c69a198980c3d9eb2ebd9e83aa
LEDGER	122	217	3	0	0	1	400	SUSPECT	253	bf8c618b09b0b3c41743ca54b8aa3c679331b896ef70f75915a38932db2f65d6
LEDGER	123	218	3	0	6	0	400	SUSPECT	202	be0218eda5077888bd4f7e60628645973e5ac9bd76183191473e9cfcc9b61723
LEDGER	124	219	3	0	7	0	400	SUSPECT	201	0780d6272a3add302f7e7e8c68486f714faf00e2d854acb63abfed8c2e15e99b
LEDGER	125	250	4	9	8	0	267	SUSPECT	778	2446ea0b69001cd7df17ab427304f2bdaf332bccb39aac3f21c8641c82c8c94a
LEDGER	126	251	4	10	9	0	267	SUSPECT	196	5ee78d6fc737fd469dc87fb104aeecf880050a5152a5be896c69cc371160e3f1
LEDGER	127	252	4	8	10	0	267	SUSPECT	261	a5aca59c378fa876fa7848b324daa82fe3074dd1503cf30b2ec730bd55904b9e
LEDGER	128	253	4	10	9	0	267	SUSPECT	196	4e2581473a00baa2b230948cc6b3f24c0306436e2046df58146280b8333cae0d
LEDGER	129	254	4	11	8	0	267	SUSPECT	535	7be33a31a7ac23155c874f5cd769d8edc1dfea5b3621268f9f6a8b90bf6d9c6a
LEDGER	130	255	4	11	9	0	267	SUSPECT	535	dab306910ea0282073650b14fa20f1e24381c8e0b4e68eb6d79edc11fbcb2977
LEDGER	131	256	4	9	10	0	267	SUSPECT	778	e21a414b637d6c0f672037e559dbeab2d364979c24ae794eb5ce10693bb8c82a
LEDGER	132	257	4	8	9	0	267	SUSPECT	261	b34d0550464ac78c29dd24ed09c2ed6093b09f80f126b9d80c074f50b3c8ce71
LEDGER	133	258	4	8	8	1	267	SUSPECT	261	dcfab3c34b1902f71a57cf472df01f75a3cc046d74e10ac3084aa2034a159c5d
LEDGER	134	259	4	11	9	0	267	SUSPECT	535	160c2906b0beb041dea553a6573b97276fd53f093354c03320e433f5e64e4e8e
LEDGER	135	260	4	10	10	1	267	SUSPECT	196	9c6b772015c2942068bd775c7c0ce5a0dffedf07e5c5dda6bf8946e5b6a1c684
LEDGER	136	261	4	8	9	0	267	SUSPECT	261	2bc4760d8153bca973c09277e0199d7916ff56329ca04366718c16f0e7c2d147
LEDGER	137	262	4	10	8	0	267	SUSPECT	196	b2493cc55a257acf236d181544f1fec46eedf230ac33bfb81583bbce7e861a94
LEDGER	138	263	4	8	9	0	267	SUSPECT	261	6ef95b2406aabc0167e41ca55febea31fc13f0d3bbf4845da3f73a5887e98f4d
LEDGER	139	264	4	10	10	1	267	SUSPECT	196	3776f687235e894d54f448ac23bb50794087652eeb4dc23dde38df52c33469af
LEDGER	140	265	4	10	9	0	267	SUSPECT	196	caad109862b33e824deb9aa8190f73aa46701b88216fa1288562623e5ff6a3e4
LEDGER	141	266	4	10	8	0	267	SUSPECT	196	301ddb1c9a0b6fb311283775f7aef3fe9e73f2388213525516e7bb6054a89607
LEDGER	142	267	4	10	9	0	267	SUSPECT	196	401c459e30ff4e8f721a71262a48211bb26801d803e504e2c1332270a669f3c4
LEDGER	143	268	4	9	10	0	267	SUSPECT	778	72768503223f35cf15b06cba59b2bc7c47a4d7281a270ef6d29634616ddc11e6
LEDGER	144	269	4	10	9	0	267	SUSPECT	196	733e867ceef07ce334d1f25d5d446d26b38ea841f1448c3785ceb753dc425798
LEDGER	145	270	4	11	8	0	267	SUSPECT	535	f18748621f92a2c1ac32d687814ee56a404c0c0a2e53a44fac4cdd8e6ca1f62f
LEDGER	146	271	4	11	9	0	267	SUSPECT	535	d0b7b2a38065a6bc30320914cd6f69193845b97c9e3dede955d4e49fb1452975
LEDGER	147	272	4	8	10	0	267	SUSPECT	261	b2a9eea5fdbf4b94f0424f50674ecafe03debdde63099b633121c5d48e335fed
LEDGER	148	273	4	10	9	0	267	SUSPECT	196	f060f9ef4b64fb3d24e792eb6eedaec43e3cb8642031b70e74a75d8d35a8b9af
LEDGER	149	274	4	10	8	0	267	SUSPECT	196	007392498ecca2e673d5b466e06a966b118585cffcc9430cad3130dcbbcf0948
LEDGER	150	275	4	8	9	0	267	SUSPECT	261	1f76d9c8d95a767e83aa3fcfbaa25a77279f30df7438b785657b2d92115b8171
LEDGER	151	276	4	9	10	0	267	SUSPECT	778	a72cb992036240cbee2e49194820d0d9e85a2456e8445b49744340ae2e32809f
LEDGER	152	277	4	10	9	0	267	SUSPECT	196	45f7663414a7e4ac6edecb2a19ffb4099016b25b5b53b671cc830e64c7a85586
LEDGER	153	278	4	8	8	1	267	SUSPECT	261	646e4e6e0111495b9216ca0f09fe9ae4de607cac791f59c8c580151fde2d9123
LEDGER	154	279	4	9	9	1	267	SUSPECT	778	55c4588b5b8dc9c98cd533a60026e6274408e77170120ca6be05f4bddf3f2de5
LEDGER	155	310	5	12	12	1	133	SUSPECT	428	b37a81fc97e066e4b9454c8aa33b878ca1abe3639f5aa8a26657c028ed2765a2
LEDGER	156	311	5	12	12	1	133	SUSPECT	428	f5b0f31b276b34c5828d7e7de862a8522d76ed386b28654afd4f582cf0eaaebe
LEDGER	157	312	5	12	12	1	133	SUSPECT	428	1123defc9315b6829799ca492c2bf8784b25432bf63e5b9b2b31f096ec4169df
LEDGER	158	313	5	18	12	0	133	SUSPECT	200	0416a54ce68066e835679e76b87e03363b34d9d511d01502c991610292420f3e
LEDGER	159	314	5	15	13	0	133	SUSPECT	428	c30b5d4829168665283264d5c0aa6ad265efdf3d0bfd8bc92ad3d5032454c8fc
LEDGER	160	315	5	19	12	0	133	SUSPECT	428	9211da074202b71959848d4494b6e22f6fa70c1eb94f5dd8ad385e380d1b980e
LEDGER	161	316	5	12	14	0	133	SUSPECT	428	b655503793ef590033072bcda34814ed383fe2e273bb81bde55a96e5c68e368d
LEDGER	162	317	5	12	15	0	133	SUSPECT	428	1660d178f41c189970c33fccab06f2547921499ef91b94829757c102173b12b6
LEDGER	163	318	5	17	16	0	133	SUSPECT	200	3ad1228993286f6f04704f030fd7ee84e7f5db66eda84c2db9f1352789590022
LEDGER	164	319	5	13	15	0	133	SUSPECT	428	159adbafefeab4167e945bff85a49921a3aa1636f44020dad435b92f3d87ab77
LEDGER	165	320	5	14	13	0	133	SUSPECT	666	2d0f093ae0059012e6bd22c76dbdde24389937a9a0e39841e23902829843bf77
LEDGER	166	321	5	12	12	1	133	SUSPECT	428	9a5361c6a03d4f0cf36c7e87564b33174aad84067c70e9fe0d3be099ec0a782e
LEDGER	167	322	5	13	17	0	133	SUSPECT	500	845d5cca9948d9fdeeb601566a7d5eee7796bab1a88a5d303d0657aa689357ad
LEDGER	168	323	5	12	14	0	133	SUSPECT	333	35de8c5c706624c54214d707e0a9308379aaf6933c430c9e8ce685850fbce8de
LEDGER	169	324	5	14	17	0	133	SUSPECT	927	34425ca51babb624018a4603c40ffde14c63982686ea254b1a664ae2800f97fb
LEDGER	170	325	5	13	16	0	133	SUSPECT	428	4f7eb8ba57242b3a5e27fb89de1b078cfac20f6a16e582a3599cb383a371eb94
LEDGER	171	326	5	20	15	0	133	SUSPECT	809	ed86776c48348288a78556d84d103e0e7ed1b52afb2f2c113423f266b4bbebbf
LEDGER	172	327	5	15	15	1	133	SUSPECT	428	73bebbde0cc3f18b6f39e77bcef8ddbd265228ecdb15bdaea0f2fdf41b2a06e0
LEDGER	173	328	5	16	15	0	133	SUSPECT	555	a61d0384850be04bd9045855d8a103cc026d4590d1bf9abe03b49c1691dcfee3
LEDGER	174	329	5	15	18	0	133	SUSPECT	428	dc3f97f84087a69d42647ce85619b05520f5d7232d6be8d3438afd97e124bf5d
LEDGER	175	330	5	12	12	1	133	SUSPECT	200	2672b9d969e9b2d02a74eab059156a0b414f43829656ca2a6e7bc1dbcacdc570
LEDGER	176	331	5	12	14	0	133	SUSPECT	333	80c131faa31e2ba607f618d3c7946c82955c4d679cf642f0e8716dc001e452d4
LEDGER	177	332	5	14	14	1	133	SUSPECT	555	582b8f25e569d4bcf10d9ab1d9003a8b9a4dd5ff37e21804c92bbc5d780ec484
LEDGER	178	333	5	15	15	1	133	SUSPECT	333	8acc00367bd7a2ab6c6b8f675a0ac8ee751b93458d26facc9c9156cc8ab402c9
LEDGER	179	334	5	12	15	0	133	SUSPECT	428	98bca29658b0c4b51886882cccfe31dfe7fb3ce7330fd4ae228ed3ef284d340a
LEDGER	180	335	5	12	15	0	133	SUSPECT	428	2ae61799c6ed362fabbf815e2ce3e85feca1e1a6298f248762ce76425b52e70d
LEDGER	181	336	5	14	12	0	133	SUSPECT	428	fe669668387181fa3f93c7f774806416da7180cd7e36d70b85fcf9dd10a776b3
LEDGER	182	337	5	12	13	0	133	SUSPECT	428	6cb360e0242dcef8aafdd46f4bf536043e0d5fe5eac4bee5a5783016af27b43b
LEDGER	183	338	5	12	17	0	133	SUSPECT	428	8c37b3c49955faa954acac71020085831f2040b429e2d210e6ef715517135be0
LEDGER	184	339	5	12	14	0	133	SUSPECT	428	88c6cb61696f2ef99db67ded7eb659658d1c228a1a055f7d87b9c94f7670d9fe
SUMMARY	A	184	13	7	164	a7aa4ba83b8d74ee63802c3350d119db03700f55e1fb4158c50a8cc8188af737
