IVWCKS-BEGIN
TAUDIT-T t bkt adj teff
T 0 0 0 0
T 1 0 0 0
T 2 0 0 0
T 3 0 0 0
T 4 0 0 0
T 5 0 0 0
T 6 0 0 0
T 7 1 34 50
T 8 1 17 33
T 9 1 84 100
T 10 1 34 50
T 11 1 34 50
T 12 1 34 50
T 13 1 17 0
T 14 2 -9 6
T 15 2 23 25
T 16 2 -10 0
T 17 2 6 33
T 18 2 15 42
T 19 2 6 0
T 20 2 0 9
T 21 3 5 5
T 22 3 7 16
T 23 3 9 11
TAUDIT-S sh s bkt adj eff
S 0 0 2 13 0
S 0 1 0 0 0
S 0 2 1 17 33
S 0 3 1 34 0
S 0 4 1 17 33
S 0 5 3 24 33
S 0 6 3 6 20
S 0 7 1 17 33
S 0 8 0 0 0
S 0 9 1 17 33
S 0 10 1 9 25
S 0 11 3 2 13
S 1 0 3 30 10
S 1 1 0 0 0
S 1 2 1 17 33
S 1 3 1 34 50
S 1 4 1 34 50
S 1 5 3 20 30
S 1 6 1 34 0
S 1 7 2 23 25
S 1 8 1 34 50
S 1 9 0 0 0
S 1 10 1 9 25
S 1 11 3 5 20
S 2 0 1 34 0
S 2 1 0 0 0
S 2 2 0 0 0
S 2 3 2 -2 0
S 2 4 1 34 0
S 2 5 3 13 0
S 2 6 0 0 0
S 2 7 0 0 0
S 2 8 0 0 0
S 2 9 0 0 0
S 2 10 0 0 0
S 2 11 1 84 100
SWEEPA K p0 p1 p2 tot g0 g1 g2
A -3 43 113 -80 76 12 12 12
A -2 43 113 -65 91 12 12 11
A -1 43 113 -65 91 12 12 11
A 0 73 143 40 256 10 10 4
A 1 73 143 40 256 10 10 4
A 2 75 143 40 258 9 10 4
A 3 75 143 40 258 9 10 4
A 4 75 143 40 258 9 10 4
A 5 75 138 40 253 9 9 4
A 6 70 138 40 248 8 9 4
A 7 70 138 40 248 8 9 4
A 8 70 138 40 248 8 9 4
A 9 60 128 40 228 7 8 4
A 10 60 128 40 228 7 8 4
A 11 60 128 40 228 7 8 4
A 12 60 128 40 228 7 8 4
A 13 75 128 55 258 6 8 3
A 14 75 128 55 258 6 8 3
A 15 75 128 55 258 6 8 3
A 16 75 128 55 258 6 8 3
A 17 3 110 55 168 2 7 3
A 18 3 110 55 168 2 7 3
A 19 3 110 55 168 2 7 3
A 20 3 95 55 153 2 6 3
A 21 3 95 55 153 2 6 3
A 22 3 95 55 153 2 6 3
A 23 3 85 55 143 2 5 3
A 24 -15 85 55 125 1 5 3
A 25 -15 85 55 125 1 5 3
A 26 -15 85 55 125 1 5 3
A 27 -15 85 55 125 1 5 3
A 28 -15 85 55 125 1 5 3
A 29 -15 85 55 125 1 5 3
A 30 -15 90 55 130 1 4 3
A 31 -15 90 55 130 1 4 3
A 32 -15 90 55 130 1 4 3
A 33 -15 90 55 130 1 4 3
A 34 0 0 85 85 0 0 1
A 35 0 0 85 85 0 0 1
A 36 0 0 85 85 0 0 1
A 37 0 0 85 85 0 0 1
A 38 0 0 85 85 0 0 1
A 39 0 0 85 85 0 0 1
A 40 0 0 85 85 0 0 1
A 41 0 0 85 85 0 0 1
A 42 0 0 85 85 0 0 1
A 43 0 0 85 85 0 0 1
A 44 0 0 85 85 0 0 1
A 45 0 0 85 85 0 0 1
A 46 0 0 85 85 0 0 1
A 47 0 0 85 85 0 0 1
A 48 0 0 85 85 0 0 1
A 49 0 0 85 85 0 0 1
A 50 0 0 85 85 0 0 1
A 51 0 0 85 85 0 0 1
A 52 0 0 85 85 0 0 1
A 53 0 0 85 85 0 0 1
A 54 0 0 85 85 0 0 1
A 55 0 0 85 85 0 0 1
A 56 0 0 85 85 0 0 1
A 57 0 0 85 85 0 0 1
A 58 0 0 85 85 0 0 1
A 59 0 0 85 85 0 0 1
A 60 0 0 85 85 0 0 1
A 61 0 0 85 85 0 0 1
A 62 0 0 85 85 0 0 1
A 63 0 0 85 85 0 0 1
A 64 0 0 85 85 0 0 1
A 65 0 0 85 85 0 0 1
A 66 0 0 85 85 0 0 1
A 67 0 0 85 85 0 0 1
A 68 0 0 85 85 0 0 1
A 69 0 0 85 85 0 0 1
A 70 0 0 85 85 0 0 1
A 71 0 0 85 85 0 0 1
A 72 0 0 85 85 0 0 1
A 73 0 0 85 85 0 0 1
A 74 0 0 85 85 0 0 1
A 75 0 0 85 85 0 0 1
A 76 0 0 85 85 0 0 1
A 77 0 0 85 85 0 0 1
A 78 0 0 85 85 0 0 1
A 79 0 0 85 85 0 0 1
A 80 0 0 85 85 0 0 1
A 81 0 0 85 85 0 0 1
A 82 0 0 85 85 0 0 1
A 83 0 0 85 85 0 0 1
A 84 0 0 0 0 0 0 0
A 85 0 0 0 0 0 0 0
SWEEPB c bstar p0 p1 p2 tot
B -3 -11 43 113 -80 76
B -2 -11 43 113 -80 76
B -1 -11 43 113 -80 76
B 0 -10 43 113 -80 76
B 1 -10 43 113 -80 76
B 2 4 75 143 40 258
B 3 4 75 143 40 258
B 4 4 75 143 40 258
B 5 5 75 138 40 253
B 6 5 75 138 40 253
B 7 5 75 138 40 253
B 8 5 75 138 40 253
B 9 5 75 138 40 253
B 10 5 75 138 40 253
B 11 5 75 138 40 253
B 12 5 75 138 40 253
B 13 5 75 138 40 253
B 14 5 75 138 40 253
B 15 14 75 128 55 258
B 16 14 75 128 55 258
B 17 14 75 128 55 258
B 18 14 75 128 55 258
B 19 14 75 128 55 258
B 20 14 75 128 55 258
B 21 14 75 128 55 258
B 22 14 75 128 55 258
B 23 14 75 128 55 258
B 24 14 75 128 55 258
B 25 33 -15 90 55 130
B 26 33 -15 90 55 130
B 27 33 -15 90 55 130
B 28 33 -15 90 55 130
B 29 33 -15 90 55 130
B 30 33 -15 90 55 130
B 31 33 -15 90 55 130
B 32 33 -15 90 55 130
B 33 33 -15 90 55 130
B 34 33 -15 90 55 130
B 35 33 -15 90 55 130
B 36 33 -15 90 55 130
B 37 33 -15 90 55 130
B 38 33 -15 90 55 130
B 39 33 -15 90 55 130
B 40 33 -15 90 55 130
KS3=1 KS4=1 KS5=1 KS6=1 KS7=1
IVWCKS-END
