RES,E5,351,1,5483375,1,4,921,136,376,416
EP,E5,351,2,128,0,0,0,0,2,0,0,0,0,0
RES,E5,352,2,5523982,1,4,922,419,137,383
EP,E5,352,2,128,0,0,0,0,2,0,0,0,0,0
RES,E5,353,3,5564403,1,4,923,204,138,422
EP,E5,353,2,128,0,0,0,0,2,0,0,0,0,0
RES,E5,354,4,5605010,1,4,924,139,425,211
EP,E5,354,2,128,0,0,0,0,2,0,0,0,0,0
RES,E5,355,5,5645617,1,4,925,140,218,428
EP,E5,355,2,128,0,0,0,0,2,0,0,0,0,0
RES,E5,356,6,5689024,1,4,926,445,141,225
EP,E5,356,2,128,0,0,0,0,2,0,0,0,0,0
RES,E5,357,7,5729645,1,4,927,246,142,448
EP,E5,357,2,128,0,0,0,0,2,0,0,0,0,0
RES,E5,358,8,5770252,1,4,928,143,451,253
EP,E5,358,2,128,0,0,0,0,2,0,0,0,0,0
RES,E5,359,9,5810859,1,4,929,144,260,454
EP,E5,359,2,128,0,0,0,0,2,0,0,0,0,0
RES,E5,360,0,5851466,1,4,920,145,457,267
EP,E5,360,2,128,0,0,0,0,2,0,0,0,0,0
RES,E5,361,1,5892087,1,4,921,146,288,460
EP,E5,361,2,128,0,0,0,0,2,0,0,0,0,0
RES,E5,362,2,5932694,1,4,922,463,147,295
EP,E5,362,2,128,0,0,0,0,2,0,0,0,0,0
RES,E5,363,3,5973301,1,4,923,302,148,466
EP,E5,363,2,128,0,0,0,0,2,0,0,0,0,0
RES,E5,364,4,6576722,1,4,924,163,483,323
EP,E5,364,2,128,0,0,0,0,2,0,0,0,0,0
RES,E5,365,5,6617329,1,4,925,164,330,486
EP,E5,365,2,128,0,0,0,0,2,0,0,0,0,0
RES,E5,366,6,6657936,1,4,926,489,165,337
EP,E5,366,2,128,0,0,0,0,2,0,0,0,0,0
RES,E5,367,7,6698543,1,4,927,344,166,492
EP,E5,367,2,128,0,0,0,0,2,0,0,0,0,0
RES,E5,368,8,6739164,1,4,928,167,495,365
EP,E5,368,2,128,0,0,0,0,2,0,0,0,0,0
RES,E5,369,9,6779771,1,4,929,168,372,498
EP,E5,369,2,128,0,0,0,0,2,0,0,0,0,0
RES,E5,370,0,6820378,1,4,920,169,501,379
EP,E5,370,2,128,0,0,0,0,2,0,0,0,0,0
RES,E5,371,1,6860985,1,4,921,170,386,504
EP,E5,371,2,128,0,0,0,0,2,0,0,0,0,0
RES,E5,372,2,6901406,1,4,922,507,171,207
EP,E5,372,2,128,0,0,0,0,2,0,0,0,0,0
RES,E5,373,3,6944813,1,4,923,214,172,524
EP,E5,373,2,128,0,0,0,0,2,0,0,0,0,0
RES,E5,374,4,6985420,1,4,924,173,527,221
EP,E5,374,2,128,0,0,0,0,2,0,0,0,0,0
RES,E5,375,5,7026027,1,4,925,174,228,530
EP,E5,375,2,128,0,0,0,0,2,0,0,0,0,0
RES,E5,376,6,7066648,1,4,926,533,175,249
EP,E5,376,2,128,0,0,0,0,2,0,0,0,0,0
RES,E5,377,7,7107255,1,4,927,256,176,536
EP,E5,377,2,128,0,0,0,0,2,0,0,0,0,0
RES,E5,378,8,7147862,1,4,928,177,539,263
EP,E5,378,2,128,0,0,0,0,2,0,0,0,0,0
RES,E5,379,9,7188483,1,4,929,178,284,542
EP,E5,379,2,128,0,0,0,0,2,0,0,0,0,0
RES,E5,380,0,7229090,1,4,920,179,545,291
EP,E5,380,2,128,0,0,0,0,2,0,0,0,0,0
RES,E5,381,1,7269697,1,4,921,180,298,548
EP,E5,381,2,128,0,0,0,0,2,0,0,0,0,0
RES,E5,382,2,7313104,1,4,922,565,181,305
EP,E5,382,2,128,0,0,0,0,2,0,0,0,0,0
RES,E5,383,3,7353725,1,4,923,326,182,568
EP,E5,383,2,128,0,0,0,0,2,0,0,0,0,0
RES,E5,384,4,7394332,1,4,924,183,571,333
EP,E5,384,2,128,0,0,0,0,2,0,0,0,0,0
RES,E5,385,5,7434939,1,4,925,184,340,574
EP,E5,385,2,128,0,0,0,0,2,0,0,0,0,0
RES,E5,386,6,7475546,1,4,926,577,185,347
EP,E5,386,2,128,0,0,0,0,2,0,0,0,0,0
RES,E5,387,7,7516167,1,4,927,368,186,580
EP,E5,387,2,128,0,0,0,0,2,0,0,0,0,0
RES,E5,388,8,7556774,1,4,928,187,583,375
EP,E5,388,2,128,0,0,0,0,2,0,0,0,0,0
RES,E5,389,9,7597381,1,4,929,188,382,586
EP,E5,389,2,128,0,0,0,0,2,0,0,0,0,0
RES,E5,390,0,160602,1,4,920,3,403,203
EP,E5,390,2,128,0,0,0,0,2,0,0,0,0,0
RES,E5,391,1,201209,1,4,921,4,210,406
EP,E5,391,2,128,0,0,0,0,2,0,0,0,0,0
RES,E5,392,2,241816,1,4,922,409,5,217
EP,E5,392,2,128,0,0,0,0,2,0,0,0,0,0
RES,E5,393,3,282423,1,4,923,224,6,412
EP,E5,393,2,128,0,0,0,0,2,0,0,0,0,0
RES,E5,394,4,323044,1,4,924,7,415,245
EP,E5,394,2,128,0,0,0,0,2,0,0,0,0,0
RES,E5,395,5,363651,1,4,925,8,252,418
EP,E5,395,2,128,0,0,0,0,2,0,0,0,0,0
RES,E5,396,6,404258,1,4,926,421,9,259
EP,E5,396,2,128,0,0,0,0,2,0,0,0,0,0
RES,E5,397,7,444865,1,4,927,266,10,424
EP,E5,397,2,128,0,0,0,0,2,0,0,0,0,0
RES,E5,398,8,485486,1,4,928,11,427,287
EP,E5,398,2,128,0,0,0,0,2,0,0,0,0,0
RES,E5,399,9,528893,1,4,929,12,294,444
EP,E5,399,2,128,0,0,0,0,2,0,0,0,0,0
ISO,E5,-1747311355,-1747311355,15679219,15679219,1
RES,E5,400,10,569500,1,4,930,447,13,301
EP,E5,400,42,2688,20,0,20,0,2,0,0,0,0,0
RES,E5,401,11,610107,1,4,931,308,14,450
EP,E5,401,2,128,0,0,0,0,2,0,0,0,0,0
RES,E5,402,12,650728,1,4,932,15,453,329
EP,E5,402,2,128,0,0,0,0,2,0,0,0,0,0
RES,E5,403,13,691335,1,4,933,16,336,456
EP,E5,403,2,128,0,0,0,0,2,0,0,0,0,0
RES,E5,404,14,731942,1,4,934,459,17,343
EP,E5,404,2,128,0,0,0,0,2,0,0,0,0,0
RES,E5,405,15,772563,1,4,935,364,18,462
EP,E5,405,2,128,0,0,0,0,2,0,0,0,0,0
RES,E5,406,16,813170,1,4,936,19,465,371
EP,E5,406,2,128,0,0,0,0,2,0,0,0,0,0
RES,E5,407,17,853777,1,4,937,20,378,468
EP,E5,407,2,128,0,0,0,0,2,0,0,0,0,0
RES,E5,408,18,897184,1,4,938,485,21,385
EP,E5,408,2,128,0,0,0,0,2,0,0,0,0,0
RES,E5,409,19,937605,1,4,939,206,22,488
EP,E5,409,2,128,0,0,0,0,2,0,0,0,0,0
RES,E5,410,20,978212,1,5,940,23,491,213,950
EP,E5,410,2,128,0,0,0,0,2,0,0,0,0,0
RES,E5,411,21,1018819,1,5,941,24,220,494,951
EP,E5,411,2,128,0,0,0,0,2,0,0,0,0,0
RES,E5,412,22,1059426,1,5,942,497,25,227,952
EP,E5,412,2,128,0,0,0,0,2,0,0,0,0,0
RES,E5,413,23,1100047,1,5,943,248,26,500,953
EP,E5,413,2,128,0,0,0,0,2,0,0,0,0,0
RES,E5,414,24,1140654,1,5,944,27,503,255,954
EP,E5,414,2,128,0,0,0,0,2,0,0,0,0,0
RES,E5,415,25,1181261,1,5,945,28,262,506,955
EP,E5,415,2,128,0,0,0,0,2,0,0,0,0,0
RES,E5,416,26,1784682,1,5,946,523,43,283,956
EP,E5,416,2,128,0,0,0,0,2,0,0,0,0,0
RES,E5,417,27,1825289,1,5,947,290,44,526,957
EP,E5,417,2,128,0,0,0,0,2,0,0,0,0,0
RES,E5,418,28,1865896,1,5,948,45,529,297,958
EP,E5,418,2,128,0,0,0,0,2,0,0,0,0,0
RES,E5,419,29,1906503,1,5,949,46,304,532,959
EP,E5,419,2,128,0,0,0,0,2,0,0,0,0,0
RES,E5,420,0,1947124,1,4,920,47,535,325
EP,E5,420,2,128,0,0,0,0,2,0,0,0,0,0
RES,E5,421,1,1987731,1,4,921,48,332,538
EP,E5,421,2,128,0,0,0,0,2,0,0,0,0,0
RES,E5,422,2,2028338,1,4,922,541,49,339
EP,E5,422,2,128,0,0,0,0,2,0,0,0,0,0
RES,E5,423,3,2068945,1,4,923,346,50,544
EP,E5,423,2,128,0,0,0,0,2,0,0,0,0,0
RES,E5,424,4,2109566,1,4,924,51,547,367
EP,E5,424,2,128,0,0,0,0,2,0,0,0,0,0
RES,E5,425,5,2152973,1,4,925,52,374,564
EP,E5,425,2,128,0,0,0,0,2,0,0,0,0,0
RES,E5,426,6,2193580,1,4,926,567,53,381
EP,E5,426,2,128,0,0,0,0,2,0,0,0,0,0
RES,E5,427,7,2234187,1,4,927,388,54,570
EP,E5,427,2,128,0,0,0,0,2,0,0,0,0,0
RES,E5,428,8,2274608,1,4,928,55,573,209
EP,E5,428,2,128,0,0,0,0,2,0,0,0,0,0
RES,E5,429,9,2315215,1,4,929,56,216,576
EP,E5,429,2,128,0,0,0,0,2,0,0,0,0,0
RES,E5,430,10,2355822,1,4,930,579,57,223
EP,E5,430,2,128,0,0,0,0,2,0,0,0,0,0
RES,E5,431,11,2396443,1,4,931,244,58,582
EP,E5,431,2,128,0,0,0,0,2,0,0,0,0,0
RES,E5,432,12,2437050,1,4,932,59,585,251
EP,E5,432,2,128,0,0,0,0,2,0,0,0,0,0
RES,E5,433,13,2477657,1,4,933,60,258,588
EP,E5,433,2,128,0,0,0,0,2,0,0,0,0,0
RES,E5,434,14,2481064,1,4,934,405,61,265
EP,E5,434,2,128,0,0,0,0,2,0,0,0,0,0
RES,E5,435,15,2521685,1,4,935,286,62,408
EP,E5,435,2,128,0,0,0,0,2,0,0,0,0,0
RES,E5,436,16,2562292,1,4,936,63,411,293
EP,E5,436,2,128,0,0,0,0,2,0,0,0,0,0
RES,E5,437,17,2602899,1,4,937,64,300,414
EP,E5,437,2,128,0,0,0,0,2,0,0,0,0,0
RES,E5,438,18,2643506,1,4,938,417,65,307
EP,E5,438,2,128,0,0,0,0,2,0,0,0,0,0
RES,E5,439,19,2684127,1,4,939,328,66,420
EP,E5,439,2,128,0,0,0,0,2,0,0,0,0,0
RES,E5,440,20,2724734,1,5,940,67,423,335,950
EP,E5,440,2,128,0,0,0,0,2,0,0,0,0,0
RES,E5,441,21,2765341,1,5,941,68,342,426,951
EP,E5,441,2,128,0,0,0,0,2,0,0,0,0,0
RES,E5,442,22,3368762,1,5,942,443,83,363,952
EP,E5,442,2,128,0,0,0,0,2,0,0,0,0,0
RES,E5,443,23,3409369,1,5,943,370,84,446,953
EP,E5,443,2,128,0,0,0,0,2,0,0,0,0,0
RES,E5,444,24,3449976,1,5,944,85,449,377,954
EP,E5,444,2,128,0,0,0,0,2,0,0,0,0,0
RES,E5,445,25,3490583,1,5,945,86,384,452,955
EP,E5,445,2,128,0,0,0,0,2,0,0,0,0,0
RES,E5,446,26,3531004,1,5,946,455,87,205,956
EP,E5,446,2,128,0,0,0,0,2,0,0,0,0,0
RES,E5,447,27,3571611,1,5,947,212,88,458,957
EP,E5,447,2,128,0,0,0,0,2,0,0,0,0,0
RES,E5,448,28,3612218,1,5,948,89,461,219,958
EP,E5,448,2,128,0,0,0,0,2,0,0,0,0,0
RES,E5,449,29,3652825,1,5,949,90,226,464,959
EP,E5,449,2,128,0,0,0,0,2,0,0,0,0,0
RES,E5,450,0,3693446,1,4,920,91,467,247
EP,E5,450,2,128,0,0,0,0,2,0,0,0,0,0
RES,E5,451,1,3736853,1,4,921,92,254,484
EP,E5,451,2,128,0,0,0,0,2,0,0,0,0,0
RES,E5,452,2,3777460,1,4,922,487,93,261
EP,E5,452,2,128,0,0,0,0,2,0,0,0,0,0
RES,E5,453,3,3818067,1,4,923,268,94,490
EP,E5,453,2,128,0,0,0,0,2,0,0,0,0,0
RES,E5,454,4,3858688,1,4,924,95,493,289
EP,E5,454,2,128,0,0,0,0,2,0,0,0,0,0
RES,E5,455,5,3899295,1,4,925,96,296,496
EP,E5,455,2,128,0,0,0,0,2,0,0,0,0,0
RES,E5,456,6,3939902,1,4,926,499,97,303
EP,E5,456,2,128,0,0,0,0,2,0,0,0,0,0
RES,E5,457,7,3980523,1,4,927,324,98,502
EP,E5,457,2,128,0,0,0,0,2,0,0,0,0,0
RES,E5,458,8,4021130,1,4,928,99,505,331
EP,E5,458,2,128,0,0,0,0,2,0,0,0,0,0
RES,E5,459,9,4061737,1,4,929,100,338,508
EP,E5,459,2,128,0,0,0,0,2,0,0,0,0,0
RES,E5,460,10,4105144,1,4,930,525,101,345
EP,E5,460,2,128,0,0,0,0,2,0,0,0,0,0
RES,E5,461,11,4145765,1,4,931,366,102,528
EP,E5,461,2,128,0,0,0,0,2,0,0,0,0,0
RES,E5,462,12,4186372,1,4,932,103,531,373
EP,E5,462,2,128,0,0,0,0,2,0,0,0,0,0
RES,E5,463,13,4226979,1,4,933,104,380,534
EP,E5,463,2,128,0,0,0,0,2,0,0,0,0,0
RES,E5,464,14,4267586,1,4,934,537,105,387
EP,E5,464,2,128,0,0,0,0,2,0,0,0,0,0
RES,E5,465,15,4308007,1,4,935,208,106,540
EP,E5,465,2,128,0,0,0,0,2,0,0,0,0,0
RES,E5,466,16,4348614,1,4,936,107,543,215
EP,E5,466,2,128,0,0,0,0,2,0,0,0,0,0
RES,E5,467,17,4389221,1,4,937,108,222,546
EP,E5,467,2,128,0,0,0,0,2,0,0,0,0,0
RES,E5,468,18,4992642,1,4,938,563,123,243
EP,E5,468,2,128,0,0,0,0,2,0,0,0,0,0
RES,E5,469,19,5033249,1,4,939,250,124,566
EP,E5,469,2,128,0,0,0,0,2,0,0,0,0,0
RES,E5,470,20,5073856,1,5,940,125,569,257,950
EP,E5,470,2,128,0,0,0,0,2,0,0,0,0,0
RES,E5,471,21,5114463,1,5,941,126,264,572,951
EP,E5,471,2,128,0,0,0,0,2,0,0,0,0,0
RES,E5,472,22,5155084,1,5,942,575,127,285,952
EP,E5,472,2,128,0,0,0,0,2,0,0,0,0,0
RES,E5,473,23,5195691,1,5,943,292,128,578,953
EP,E5,473,2,128,0,0,0,0,2,0,0,0,0,0
RES,E5,474,24,5236298,1,5,944,129,581,299,954
EP,E5,474,2,128,0,0,0,0,2,0,0,0,0,0
RES,E5,475,25,5276905,1,5,945,130,306,584,955
EP,E5,475,2,128,0,0,0,0,2,0,0,0,0,0
RES,E5,476,26,5317526,1,5,946,587,131,327,956
EP,E5,476,2,128,0,0,0,0,2,0,0,0,0,0
RES,E5,477,27,5320933,1,5,947,334,132,404,957
EP,E5,477,2,128,0,0,0,0,2,0,0,0,0,0
RES,E5,478,28,5361540,1,5,948,133,407,341,958
EP,E5,478,2,128,0,0,0,0,2,0,0,0,0,0
RES,E5,479,29,5402147,1,5,949,134,348,410,959
EP,E5,479,2,128,0,0,0,0,2,0,0,0,0,0
RES,E5,480,0,5442768,1,4,920,135,413,369
EP,E5,480,2,128,0,0,0,0,2,0,0,0,0,0
RES,E5,481,1,5483375,1,4,921,136,376,416
EP,E5,481,2,128,0,0,0,0,2,0,0,0,0,0
RES,E5,482,2,5523982,1,4,922,419,137,383
EP,E5,482,2,128,0,0,0,0,2,0,0,0,0,0
RES,E5,483,3,5564403,1,4,923,204,138,422
EP,E5,483,2,128,0,0,0,0,2,0,0,0,0,0
RES,E5,484,4,5605010,1,4,924,139,425,211
EP,E5,484,2,128,0,0,0,0,2,0,0,0,0,0
RES,E5,485,5,5645617,1,4,925,140,218,428
EP,E5,485,2,128,0,0,0,0,2,0,0,0,0,0
RES,E5,486,6,5689024,1,4,926,445,141,225
EP,E5,486,2,128,0,0,0,0,2,0,0,0,0,0
RES,E5,487,7,5729645,1,4,927,246,142,448
EP,E5,487,2,128,0,0,0,0,2,0,0,0,0,0
RES,E5,488,8,5770252,1,4,928,143,451,253
EP,E5,488,2,128,0,0,0,0,2,0,0,0,0,0
RES,E5,489,9,5810859,1,4,929,144,260,454
EP,E5,489,2,128,0,0,0,0,2,0,0,0,0,0
RES,E5,490,10,5851466,1,4,930,457,145,267
EP,E5,490,2,128,0,0,0,0,2,0,0,0,0,0
RES,E5,491,11,5892087,1,4,931,288,146,460
EP,E5,491,2,128,0,0,0,0,2,0,0,0,0,0
RES,E5,492,12,5932694,1,4,932,147,463,295
EP,E5,492,2,128,0,0,0,0,2,0,0,0,0,0
RES,E5,493,13,5973301,1,4,933,148,302,466
EP,E5,493,2,128,0,0,0,0,2,0,0,0,0,0
RES,E5,494,14,6576722,1,4,934,483,163,323
EP,E5,494,2,128,0,0,0,0,2,0,0,0,0,0
RES,E5,495,15,6617329,1,4,935,330,164,486
EP,E5,495,2,128,0,0,0,0,2,0,0,0,0,0
RES,E5,496,16,6657936,1,4,936,165,489,337
EP,E5,496,2,128,0,0,0,0,2,0,0,0,0,0
RES,E5,497,17,6698543,1,4,937,166,344,492
EP,E5,497,2,128,0,0,0,0,2,0,0,0,0,0
RES,E5,498,18,6739164,1,4,938,495,167,365
EP,E5,498,2,128,0,0,0,0,2,0,0,0,0,0
RES,E5,499,19,6779771,1,4,939,372,168,498
EP,E5,499,2,128,0,0,0,0,2,0,0,0,0,0
RES,E5,500,20,160602,1,5,940,3,403,203,950
EP,E5,500,2,128,0,0,0,0,2,0,0,0,0,0
RES,E5,501,21,201209,1,5,941,4,210,406,951
EP,E5,501,2,128,0,0,0,0,2,0,0,0,0,0
RES,E5,502,22,241816,1,5,942,409,5,217,952
EP,E5,502,2,128,0,0,0,0,2,0,0,0,0,0
RES,E5,503,23,282423,1,5,943,224,6,412,953
EP,E5,503,2,128,0,0,0,0,2,0,0,0,0,0
RES,E5,504,24,323044,1,5,944,7,415,245,954
EP,E5,504,2,128,0,0,0,0,2,0,0,0,0,0
RES,E5,505,25,363651,1,5,945,8,252,418,955
EP,E5,505,2,128,0,0,0,0,2,0,0,0,0,0
RES,E5,506,26,404258,1,5,946,421,9,259,956
EP,E5,506,2,128,0,0,0,0,2,0,0,0,0,0
RES,E5,507,27,444865,1,5,947,266,10,424,957
EP,E5,507,2,128,0,0,0,0,2,0,0,0,0,0
RES,E5,508,28,485486,1,5,948,11,427,287,958
EP,E5,508,2,128,0,0,0,0,2,0,0,0,0,0
RES,E5,509,29,528893,1,5,949,12,294,444,959
EP,E5,509,2,128,0,0,0,0,2,0,0,0,0,0
RES,E5,510,0,569500,1,4,920,13,447,301
EP,E5,510,2,128,0,0,0,0,2,0,0,0,0,0
RES,E5,511,1,610107,1,4,921,14,308,450
EP,E5,511,2,128,0,0,0,0,2,0,0,0,0,0
RES,E5,512,2,650728,1,4,922,453,15,329
EP,E5,512,2,128,0,0,0,0,2,0,0,0,0,0
RES,E5,513,3,691335,1,4,923,336,16,456
EP,E5,513,2,128,0,0,0,0,2,0,0,0,0,0
RES,E5,514,4,731942,1,4,924,17,459,343
EP,E5,514,2,128,0,0,0,0,2,0,0,0,0,0
RES,E5,515,5,772563,1,4,925,18,364,462
EP,E5,515,2,128,0,0,0,0,2,0,0,0,0,0
RES,E5,516,6,813170,1,4,926,465,19,371
EP,E5,516,2,128,0,0,0,0,2,0,0,0,0,0
RES,E5,517,7,853777,1,4,927,378,20,468
EP,E5,517,2,128,0,0,0,0,2,0,0,0,0,0
RES,E5,518,8,897184,1,4,928,21,485,385
EP,E5,518,2,128,0,0,0,0,2,0,0,0,0,0
RES,E5,519,9,937605,1,4,929,22,206,488
EP,E5,519,2,128,0,0,0,0,2,0,0,0,0,0
RES,E5,520,10,978212,1,4,930,491,23,213
EP,E5,520,2,128,0,0,0,0,2,0,0,0,0,0
RES,E5,521,11,1018819,1,4,931,220,24,494
EP,E5,521,2,128,0,0,0,0,2,0,0,0,0,0
RES,E5,522,12,1059426,1,4,932,25,497,227
EP,E5,522,2,128,0,0,0,0,2,0,0,0,0,0
RES,E5,523,13,1100047,1,4,933,26,248,500
EP,E5,523,2,128,0,0,0,0,2,0,0,0,0,0
RES,E5,524,14,1140654,1,4,934,503,27,255
EP,E5,524,2,128,0,0,0,0,2,0,0,0,0,0
RES,E5,525,15,1181261,1,4,935,262,28,506
EP,E5,525,2,128,0,0,0,0,2,0,0,0,0,0
RES,E5,526,16,1784682,1,4,936,43,523,283
EP,E5,526,2,128,0,0,0,0,2,0,0,0,0,0
RES,E5,527,17,1825289,1,4,937,44,290,526
EP,E5,527,2,128,0,0,0,0,2,0,0,0,0,0
RES,E5,528,18,1865896,1,4,938,529,45,297
EP,E5,528,2,128,0,0,0,0,2,0,0,0,0,0
RES,E5,529,19,1906503,1,4,939,304,46,532
EP,E5,529,2,128,0,0,0,0,2,0,0,0,0,0
RES,E5,530,20,1947124,1,5,940,47,535,325,950
EP,E5,530,2,128,0,0,0,0,2,0,0,0,0,0
RES,E5,531,21,1987731,1,5,941,48,332,538,951
EP,E5,531,2,128,0,0,0,0,2,0,0,0,0,0
RES,E5,532,22,2028338,1,5,942,541,49,339,952
EP,E5,532,2,128,0,0,0,0,2,0,0,0,0,0
RES,E5,533,23,2068945,1,5,943,346,50,544,953
EP,E5,533,2,128,0,0,0,0,2,0,0,0,0,0
RES,E5,534,24,2109566,1,5,944,51,547,367,954
EP,E5,534,2,128,0,0,0,0,2,0,0,0,0,0
RES,E5,535,25,2152973,1,5,945,52,374,564,955
EP,E5,535,2,128,0,0,0,0,2,0,0,0,0,0
RES,E5,536,26,2193580,1,5,946,567,53,381,956
EP,E5,536,2,128,0,0,0,0,2,0,0,0,0,0
RES,E5,537,27,2234187,1,5,947,388,54,570,957
EP,E5,537,2,128,0,0,0,0,2,0,0,0,0,0
RES,E5,538,28,2274608,1,5,948,55,573,209,958
EP,E5,538,2,128,0,0,0,0,2,0,0,0,0,0
RES,E5,539,29,2315215,1,5,949,56,216,576,959
EP,E5,539,2,128,0,0,0,0,2,0,0,0,0,0
RES,E5,540,0,2355822,1,4,920,57,579,223
EP,E5,540,2,128,0,0,0,0,2,0,0,0,0,0
RES,E5,541,1,2396443,1,4,921,58,244,582
EP,E5,541,2,128,0,0,0,0,2,0,0,0,0,0
RES,E5,542,2,2437050,1,4,922,585,59,251
EP,E5,542,2,128,0,0,0,0,2,0,0,0,0,0
RES,E5,543,3,2477657,1,4,923,258,60,588
EP,E5,543,2,128,0,0,0,0,2,0,0,0,0,0
RES,E5,544,4,2481064,1,4,924,61,405,265
EP,E5,544,2,128,0,0,0,0,2,0,0,0,0,0
RES,E5,545,5,2521685,1,4,925,62,286,408
EP,E5,545,2,128,0,0,0,0,2,0,0,0,0,0
RES,E5,546,6,2562292,1,4,926,411,63,293
EP,E5,546,2,128,0,0,0,0,2,0,0,0,0,0
RES,E5,547,7,2602899,1,4,927,300,64,414
EP,E5,547,2,128,0,0,0,0,2,0,0,0,0,0
RES,E5,548,8,2643506,1,4,928,65,417,307
EP,E5,548,2,128,0,0,0,0,2,0,0,0,0,0
RES,E5,549,9,2684127,1,4,929,66,328,420
EP,E5,549,2,128,0,0,0,0,2,0,0,0,0,0
RES,E5,550,10,2724734,1,4,930,423,67,335
EP,E5,550,2,128,0,0,0,0,2,0,0,0,0,0
RES,E5,551,11,2765341,1,4,931,342,68,426
EP,E5,551,2,128,0,0,0,0,2,0,0,0,0,0
RES,E5,552,12,3368762,1,4,932,83,443,363
EP,E5,552,2,128,0,0,0,0,2,0,0,0,0,0
RES,E5,553,13,3409369,1,4,933,84,370,446
EP,E5,553,2,128,0,0,0,0,2,0,0,0,0,0
RES,E5,554,14,3449976,1,4,934,449,85,377
EP,E5,554,2,128,0,0,0,0,2,0,0,0,0,0
RES,E5,555,15,3490583,1,4,935,384,86,452
EP,E5,555,2,128,0,0,0,0,2,0,0,0,0,0
RES,E5,556,16,3531004,1,4,936,87,455,205
EP,E5,556,2,128,0,0,0,0,2,0,0,0,0,0
RES,E5,557,17,3571611,1,4,937,88,212,458
EP,E5,557,2,128,0,0,0,0,2,0,0,0,0,0
RES,E5,558,18,3612218,1,4,938,461,89,219
EP,E5,558,2,128,0,0,0,0,2,0,0,0,0,0
RES,E5,559,19,3652825,1,4,939,226,90,464
EP,E5,559,2,128,0,0,0,0,2,0,0,0,0,0
RES,E5,560,20,3693446,1,5,940,91,467,247,950
EP,E5,560,2,128,0,0,0,0,2,0,0,0,0,0
RES,E5,561,21,3736853,1,5,941,92,254,484,951
EP,E5,561,2,128,0,0,0,0,2,0,0,0,0,0
RES,E5,562,22,3777460,1,5,942,487,93,261,952
EP,E5,562,2,128,0,0,0,0,2,0,0,0,0,0
RES,E5,563,23,3818067,1,5,943,268,94,490,953
EP,E5,563,2,128,0,0,0,0,2,0,0,0,0,0
RES,E5,564,24,3858688,1,5,944,95,493,289,954
EP,E5,564,2,128,0,0,0,0,2,0,0,0,0,0
RES,E5,565,25,3899295,1,5,945,96,296,496,955
EP,E5,565,2,128,0,0,0,0,2,0,0,0,0,0
RES,E5,566,26,3939902,1,5,946,499,97,303,956
EP,E5,566,2,128,0,0,0,0,2,0,0,0,0,0
RES,E5,567,27,3980523,1,5,947,324,98,502,957
EP,E5,567,2,128,0,0,0,0,2,0,0,0,0,0
RES,E5,568,28,4021130,1,5,948,99,505,331,958
EP,E5,568,2,128,0,0,0,0,2,0,0,0,0,0
RES,E5,569,29,4061737,1,5,949,100,338,508,959
EP,E5,569,2,128,0,0,0,0,2,0,0,0,0,0
RES,E5,570,0,4105144,1,4,920,101,525,345
EP,E5,570,2,128,0,0,0,0,2,0,0,0,0,0
RES,E5,571,1,4145765,1,4,921,102,366,528
EP,E5,571,2,128,0,0,0,0,2,0,0,0,0,0
RES,E5,572,2,4186372,1,4,922,531,103,373
EP,E5,572,2,128,0,0,0,0,2,0,0,0,0,0
RES,E5,573,3,4226979,1,4,923,380,104,534
EP,E5,573,2,128,0,0,0,0,2,0,0,0,0,0
RES,E5,574,4,4267586,1,4,924,105,537,387
EP,E5,574,2,128,0,0,0,0,2,0,0,0,0,0
RES,E5,575,5,4308007,1,4,925,106,208,540
EP,E5,575,2,128,0,0,0,0,2,0,0,0,0,0
RES,E5,576,6,4348614,1,4,926,543,107,215
EP,E5,576,2,128,0,0,0,0,2,0,0,0,0,0
RES,E5,577,7,4389221,1,4,927,222,108,546
EP,E5,577,2,128,0,0,0,0,2,0,0,0,0,0
RES,E5,578,8,4992642,1,4,928,123,563,243
EP,E5,578,2,128,0,0,0,0,2,0,0,0,0,0
RES,E5,579,9,5033249,1,4,929,124,250,566
EP,E5,579,2,128,0,0,0,0,2,0,0,0,0,0
RES,E5,580,10,5073856,1,4,930,569,125,257
EP,E5,580,2,128,0,0,0,0,2,0,0,0,0,0
RES,E5,581,11,5114463,1,4,931,264,126,572
EP,E5,581,2,128,0,0,0,0,2,0,0,0,0,0
RES,E5,582,12,5155084,1,4,932,127,575,285
EP,E5,582,2,128,0,0,0,0,2,0,0,0,0,0
RES,E5,583,13,5195691,1,4,933,128,292,578
EP,E5,583,2,128,0,0,0,0,2,0,0,0,0,0
RES,E5,584,14,5236298,1,4,934,581,129,299
EP,E5,584,2,128,0,0,0,0,2,0,0,0,0,0
RES,E5,585,15,5276905,1,4,935,306,130,584
EP,E5,585,2,128,0,0,0,0,2,0,0,0,0,0
RES,E5,586,16,5317526,1,4,936,131,587,327
EP,E5,586,2,128,0,0,0,0,2,0,0,0,0,0
RES,E5,587,17,5320933,1,4,937,132,334,404
EP,E5,587,2,128,0,0,0,0,2,0,0,0,0,0
RES,E5,588,18,5361540,1,4,938,407,133,341
EP,E5,588,2,128,0,0,0,0,2,0,0,0,0,0
RES,E5,589,19,5402147,1,4,939,348,134,410
EP,E5,589,2,128,0,0,0,0,2,0,0,0,0,0
RES,E5,590,20,5442768,1,5,940,135,413,369,950
EP,E5,590,2,128,0,0,0,0,2,0,0,0,0,0
RES,E5,591,21,5483375,1,5,941,136,376,416,951
EP,E5,591,2,128,0,0,0,0,2,0,0,0,0,0
RES,E5,592,22,5523982,1,5,942,419,137,383,952
EP,E5,592,2,128,0,0,0,0,2,0,0,0,0,0
RES,E5,593,23,5564403,1,5,943,204,138,422,953
EP,E5,593,2,128,0,0,0,0,2,0,0,0,0,0
RES,E5,594,24,5605010,1,5,944,139,425,211,954
EP,E5,594,2,128,0,0,0,0,2,0,0,0,0,0
RES,E5,595,25,5645617,1,5,945,140,218,428,955
EP,E5,595,2,128,0,0,0,0,2,0,0,0,0,0
RES,E5,596,26,5689024,1,5,946,445,141,225,956
EP,E5,596,2,128,0,0,0,0,2,0,0,0,0,0
RES,E5,597,27,5729645,1,5,947,246,142,448,957
EP,E5,597,2,128,0,0,0,0,2,0,0,0,0,0
RES,E5,598,28,5770252,1,5,948,143,451,253,958
EP,E5,598,2,128,0,0,0,0,2,0,0,0,0,0
RES,E5,599,29,5810859,1,5,949,144,260,454,959
EP,E5,599,2,128,0,0,0,0,2,0,0,0,0,0
RES,E5,600,0,5851466,1,4,920,145,457,267
EP,E5,600,2,128,0,0,0,0,2,0,0,0,0,0
RES,E5,601,1,5892087,1,4,921,146,288,460
EP,E5,601,2,128,0,0,0,0,2,0,0,0,0,0
RES,E5,602,2,5932694,1,4,922,463,147,295
EP,E5,602,2,128,0,0,0,0,2,0,0,0,0,0
RES,E5,603,3,5973301,1,4,923,302,148,466
EP,E5,603,2,128,0,0,0,0,2,0,0,0,0,0
RES,E5,604,4,6576722,1,4,924,163,483,323
EP,E5,604,2,128,0,0,0,0,2,0,0,0,0,0
RES,E5,605,5,6617329,1,4,925,164,330,486
EP,E5,605,2,128,0,0,0,0,2,0,0,0,0,0
RES,E5,606,6,6657936,1,4,926,489,165,337
EP,E5,606,2,128,0,0,0,0,2,0,0,0,0,0
RES,E5,607,7,6698543,1,4,927,344,166,492
EP,E5,607,2,128,0,0,0,0,2,0,0,0,0,0
RES,E5,608,8,6739164,1,4,928,167,495,365
EP,E5,608,2,128,0,0,0,0,2,0,0,0,0,0
RES,E5,609,9,6779771,1,4,929,168,372,498
EP,E5,609,2,128,0,0,0,0,2,0,0,0,0,0
RES,E5,610,10,6820378,1,4,930,501,169,379
EP,E5,610,2,128,0,0,0,0,2,0,0,0,0,0
RES,E5,611,11,6860985,1,4,931,386,170,504
EP,E5,611,2,128,0,0,0,0,2,0,0,0,0,0
RES,E5,612,12,6901406,1,4,932,171,507,207
EP,E5,612,2,128,0,0,0,0,2,0,0,0,0,0
RES,E5,613,13,6944813,1,4,933,172,214,524
EP,E5,613,2,128,0,0,0,0,2,0,0,0,0,0
RES,E5,614,14,6985420,1,4,934,527,173,221
EP,E5,614,2,128,0,0,0,0,2,0,0,0,0,0
RES,E5,615,15,7026027,1,4,935,228,174,530
EP,E5,615,2,128,0,0,0,0,2,0,0,0,0,0
RES,E5,616,16,7066648,1,4,936,175,533,249
EP,E5,616,2,128,0,0,0,0,2,0,0,0,0,0
RES,E5,617,17,7107255,1,4,937,176,256,536
EP,E5,617,2,128,0,0,0,0,2,0,0,0,0,0
RES,E5,618,18,7147862,1,4,938,539,177,263
EP,E5,618,2,128,0,0,0,0,2,0,0,0,0,0
RES,E5,619,19,7188483,1,4,939,284,178,542
EP,E5,619,2,128,0,0,0,0,2,0,0,0,0,0
RES,E5,620,20,7229090,1,5,940,179,545,291,950
EP,E5,620,2,128,0,0,0,0,2,0,0,0,0,0
RES,E5,621,21,7269697,1,5,941,180,298,548,951
EP,E5,621,2,128,0,0,0,0,2,0,0,0,0,0
RES,E5,622,22,7313104,1,5,942,565,181,305,952
EP,E5,622,2,128,0,0,0,0,2,0,0,0,0,0
RES,E5,623,23,7353725,1,5,943,326,182,568,953
EP,E5,623,2,128,0,0,0,0,2,0,0,0,0,0
RES,E5,624,24,7394332,1,5,944,183,571,333,954
EP,E5,624,2,128,0,0,0,0,2,0,0,0,0,0
RES,E5,625,25,7434939,1,5,945,184,340,574,955
EP,E5,625,2,128,0,0,0,0,2,0,0,0,0,0
RES,E5,626,26,7475546,1,5,946,577,185,347,956
EP,E5,626,2,128,0,0,0,0,2,0,0,0,0,0
RES,E5,627,27,7516167,1,5,947,368,186,580,957
EP,E5,627,2,128,0,0,0,0,2,0,0,0,0,0
RES,E5,628,28,7556774,1,5,948,187,583,375,958
EP,E5,628,2,128,0,0,0,0,2,0,0,0,0,0
RES,E5,629,29,7597381,1,5,949,188,382,586,959
EP,E5,629,2,128,0,0,0,0,2,0,0,0,0,0
RES,E5,630,0,160602,1,4,920,3,403,203
EP,E5,630,2,128,0,0,0,0,2,0,0,0,0,0
RES,E5,631,1,201209,1,4,921,4,210,406
EP,E5,631,2,128,0,0,0,0,2,0,0,0,0,0
RES,E5,632,2,241816,1,4,922,409,5,217
EP,E5,632,2,128,0,0,0,0,2,0,0,0,0,0
RES,E5,633,3,282423,1,4,923,224,6,412
EP,E5,633,2,128,0,0,0,0,2,0,0,0,0,0
RES,E5,634,4,323044,1,4,924,7,415,245
EP,E5,634,2,128,0,0,0,0,2,0,0,0,0,0
RES,E5,635,5,363651,1,4,925,8,252,418
EP,E5,635,2,128,0,0,0,0,2,0,0,0,0,0
RES,E5,636,6,404258,1,4,926,421,9,259
EP,E5,636,2,128,0,0,0,0,2,0,0,0,0,0
RES,E5,637,7,444865,1,4,927,266,10,424
EP,E5,637,2,128,0,0,0,0,2,0,0,0,0,0
RES,E5,638,8,485486,1,4,928,11,427,287
EP,E5,638,2,128,0,0,0,0,2,0,0,0,0,0
RES,E5,639,9,528893,1,4,929,12,294,444
EP,E5,639,2,128,0,0,0,0,2,0,0,0,0,0
RES,E5,640,10,569500,1,4,930,447,13,301
EP,E5,640,2,128,0,0,0,0,2,0,0,0,0,0
RES,E5,641,11,610107,1,4,931,308,14,450
EP,E5,641,2,128,0,0,0,0,2,0,0,0,0,0
RES,E5,642,12,650728,1,4,932,15,453,329
EP,E5,642,2,128,0,0,0,0,2,0,0,0,0,0
RES,E5,643,13,691335,1,4,933,16,336,456
EP,E5,643,2,128,0,0,0,0,2,0,0,0,0,0
RES,E5,644,14,731942,1,4,934,459,17,343
EP,E5,644,2,128,0,0,0,0,2,0,0,0,0,0
RES,E5,645,15,772563,1,4,935,364,18,462
EP,E5,645,2,128,0,0,0,0,2,0,0,0,0,0
RES,E5,646,16,813170,1,4,936,19,465,371
EP,E5,646,2,128,0,0,0,0,2,0,0,0,0,0
RES,E5,647,17,853777,1,4,937,20,378,468
EP,E5,647,2,128,0,0,0,0,2,0,0,0,0,0
RES,E5,648,18,897184,1,4,938,485,21,385
EP,E5,648,2,128,0,0,0,0,2,0,0,0,0,0
RES,E5,649,19,937605,1,4,939,206,22,488
EP,E5,649,2,128,0,0,0,0,2,0,0,0,0,0
RES,E5,650,20,978212,1,5,940,23,491,213,950
EP,E5,650,2,128,0,0,0,0,2,0,0,0,0,0
RES,E5,651,21,1018819,1,5,941,24,220,494,951
EP,E5,651,2,128,0,0,0,0,2,0,0,0,0,0
RES,E5,652,22,1059426,1,5,942,497,25,227,952
EP,E5,652,2,128,0,0,0,0,2,0,0,0,0,0
RES,E5,653,23,1100047,1,5,943,248,26,500,953
EP,E5,653,2,128,0,0,0,0,2,0,0,0,0,0
RES,E5,654,24,1140654,1,5,944,27,503,255,954
EP,E5,654,2,128,0,0,0,0,2,0,0,0,0,0
RES,E5,655,25,1181261,1,5,945,28,262,506,955
EP,E5,655,2,128,0,0,0,0,2,0,0,0,0,0
RES,E5,656,26,1784682,1,5,946,523,43,283,956
EP,E5,656,2,128,0,0,0,0,2,0,0,0,0,0
RES,E5,657,27,1825289,1,5,947,290,44,526,957
EP,E5,657,2,128,0,0,0,0,2,0,0,0,0,0
RES,E5,658,28,1865896,1,5,948,45,529,297,958
EP,E5,658,2,128,0,0,0,0,2,0,0,0,0,0
RES,E5,659,29,1906503,1,5,949,46,304,532,959
EP,E5,659,2,128,0,0,0,0,2,0,0,0,0,0
RES,E5,660,0,1947124,1,4,920,47,535,325
EP,E5,660,2,128,0,0,0,0,2,0,0,0,0,0
RES,E5,661,1,1987731,1,4,921,48,332,538
EP,E5,661,2,128,0,0,0,0,2,0,0,0,0,0
RES,E5,662,2,2028338,1,4,922,541,49,339
EP,E5,662,2,128,0,0,0,0,2,0,0,0,0,0
RES,E5,663,3,2068945,1,4,923,346,50,544
EP,E5,663,2,128,0,0,0,0,2,0,0,0,0,0
RES,E5,664,4,2109566,1,4,924,51,547,367
EP,E5,664,2,128,0,0,0,0,2,0,0,0,0,0
RES,E5,665,5,2152973,1,4,925,52,374,564
EP,E5,665,2,128,0,0,0,0,2,0,0,0,0,0
RES,E5,666,6,2193580,1,4,926,567,53,381
EP,E5,666,2,128,0,0,0,0,2,0,0,0,0,0
RES,E5,667,7,2234187,1,4,927,388,54,570
EP,E5,667,2,128,0,0,0,0,2,0,0,0,0,0
RES,E5,668,8,2274608,1,4,928,55,573,209
EP,E5,668,2,128,0,0,0,0,2,0,0,0,0,0
RES,E5,669,9,2315215,1,4,929,56,216,576
EP,E5,669,2,128,0,0,0,0,2,0,0,0,0,0
RES,E5,670,10,2355822,1,4,930,579,57,223
EP,E5,670,2,128,0,0,0,0,2,0,0,0,0,0
RES,E5,671,11,2396443,1,4,931,244,58,582
EP,E5,671,2,128,0,0,0,0,2,0,0,0,0,0
RES,E5,672,12,2437050,1,4,932,59,585,251
EP,E5,672,2,128,0,0,0,0,2,0,0,0,0,0
RES,E5,673,13,2477657,1,4,933,60,258,588
EP,E5,673,2,128,0,0,0,0,2,0,0,0,0,0
RES,E5,674,14,2481064,1,4,934,405,61,265
EP,E5,674,2,128,0,0,0,0,2,0,0,0,0,0
RES,E5,675,15,2521685,1,4,935,286,62,408
EP,E5,675,2,128,0,0,0,0,2,0,0,0,0,0
RES,E5,676,16,2562292,1,4,936,63,411,293
EP,E5,676,2,128,0,0,0,0,2,0,0,0,0,0
RES,E5,677,17,2602899,1,4,937,64,300,414
EP,E5,677,2,128,0,0,0,0,2,0,0,0,0,0
RES,E5,678,18,2643506,1,4,938,417,65,307
EP,E5,678,2,128,0,0,0,0,2,0,0,0,0,0
RES,E5,679,19,2684127,1,4,939,328,66,420
EP,E5,679,2,128,0,0,0,0,2,0,0,0,0,0
RES,E5,680,20,2724734,1,5,940,67,423,335,950
EP,E5,680,2,128,0,0,0,0,2,0,0,0,0,0
RES,E5,681,21,2765341,1,5,941,68,342,426,951
EP,E5,681,2,128,0,0,0,0,2,0,0,0,0,0
RES,E5,682,22,3368762,1,5,942,443,83,363,952
EP,E5,682,2,128,0,0,0,0,2,0,0,0,0,0
RES,E5,683,23,3409369,1,5,943,370,84,446,953
EP,E5,683,2,128,0,0,0,0,2,0,0,0,0,0
RES,E5,684,24,3449976,1,5,944,85,449,377,954
EP,E5,684,2,128,0,0,0,0,2,0,0,0,0,0
RES,E5,685,25,3490583,1,5,945,86,384,452,955
EP,E5,685,2,128,0,0,0,0,2,0,0,0,0,0
RES,E5,686,26,3531004,1,5,946,455,87,205,956
EP,E5,686,2,128,0,0,0,0,2,0,0,0,0,0
RES,E5,687,27,3571611,1,5,947,212,88,458,957
EP,E5,687,2,128,0,0,0,0,2,0,0,0,0,0
RES,E5,688,28,3612218,1,5,948,89,461,219,958
EP,E5,688,2,128,0,0,0,0,2,0,0,0,0,0
RES,E5,689,29,3652825,1,5,949,90,226,464,959
EP,E5,689,2,128,0,0,0,0,2,0,0,0,0,0
RES,E5,690,0,3693446,1,4,920,91,467,247
EP,E5,690,2,128,0,0,0,0,2,0,0,0,0,0
RES,E5,691,1,3736853,1,4,921,92,254,484
EP,E5,691,2,128,0,0,0,0,2,0,0,0,0,0
RES,E5,692,2,3777460,1,4,922,487,93,261
EP,E5,692,2,128,0,0,0,0,2,0,0,0,0,0
RES,E5,693,3,3818067,1,4,923,268,94,490
EP,E5,693,2,128,0,0,0,0,2,0,0,0,0,0
RES,E5,694,4,3858688,1,4,924,95,493,289
EP,E5,694,2,128,0,0,0,0,2,0,0,0,0,0
RES,E5,695,5,3899295,1,4,925,96,296,496
EP,E5,695,2,128,0,0,0,0,2,0,0,0,0,0
RES,E5,696,6,3939902,1,4,926,499,97,303
EP,E5,696,2,128,0,0,0,0,2,0,0,0,0,0
RES,E5,697,7,3980523,1,4,927,324,98,502
EP,E5,697,2,128,0,0,0,0,2,0,0,0,0,0
RES,E5,698,8,4021130,1,4,928,99,505,331
EP,E5,698,2,128,0,0,0,0,2,0,0,0,0,0
RES,E5,699,9,4061737,1,4,929,100,338,508
EP,E5,699,2,128,0,0,0,0,2,0,0,0,0,0
RES,E5,700,10,4105144,1,4,930,525,101,345
EP,E5,700,2,128,0,0,0,0,2,0,0,0,0,0
RES,E5,701,11,4145765,1,4,931,366,102,528
EP,E5,701,2,128,0,0,0,0,2,0,0,0,0,0
RES,E5,702,12,4186372,1,4,932,103,531,373
EP,E5,702,2,128,0,0,0,0,2,0,0,0,0,0
RES,E5,703,13,4226979,1,4,933,104,380,534
EP,E5,703,2,128,0,0,0,0,2,0,0,0,0,0
RES,E5,704,14,4267586,1,4,934,537,105,387
EP,E5,704,2,128,0,0,0,0,2,0,0,0,0,0
RES,E5,705,15,4308007,1,4,935,208,106,540
EP,E5,705,2,128,0,0,0,0,2,0,0,0,0,0
RES,E5,706,16,4348614,1,4,936,107,543,215
EP,E5,706,2,128,0,0,0,0,2,0,0,0,0,0
RES,E5,707,17,4389221,1,4,937,108,222,546
EP,E5,707,2,128,0,0,0,0,2,0,0,0,0,0
RES,E5,708,18,4992642,1,4,938,563,123,243
EP,E5,708,2,128,0,0,0,0,2,0,0,0,0,0
RES,E5,709,19,5033249,1,4,939,250,124,566
EP,E5,709,2,128,0,0,0,0,2,0,0,0,0,0
RES,E5,710,20,5073856,1,5,940,125,569,257,950
EP,E5,710,2,128,0,0,0,0,2,0,0,0,0,0
RES,E5,711,21,5114463,1,5,941,126,264,572,951
EP,E5,711,2,128,0,0,0,0,2,0,0,0,0,0
RES,E5,712,22,5155084,1,5,942,575,127,285,952
EP,E5,712,2,128,0,0,0,0,2,0,0,0,0,0
RES,E5,713,23,5195691,1,5,943,292,128,578,953
EP,E5,713,2,128,0,0,0,0,2,0,0,0,0,0
RES,E5,714,24,5236298,1,5,944,129,581,299,954
EP,E5,714,2,128,0,0,0,0,2,0,0,0,0,0
RES,E5,715,25,5276905,1,5,945,130,306,584,955
EP,E5,715,2,128,0,0,0,0,2,0,0,0,0,0
RES,E5,716,26,5317526,1,5,946,587,131,327,956
EP,E5,716,2,128,0,0,0,0,2,0,0,0,0,0
RES,E5,717,27,5320933,1,5,947,334,132,404,957
EP,E5,717,2,128,0,0,0,0,2,0,0,0,0,0
RES,E5,718,28,5361540,1,5,948,133,407,341,958
EP,E5,718,2,128,0,0,0,0,2,0,0,0,0,0
RES,E5,719,29,5402147,1,5,949,134,348,410,959
EP,E5,719,2,128,0,0,0,0,2,0,0,0,0,0
RES,E5,720,0,5442768,1,4,920,135,413,369
EP,E5,720,2,128,0,0,0,0,2,0,0,0,0,0
RES,E5,721,1,5483375,1,4,921,136,376,416
EP,E5,721,2,128,0,0,0,0,2,0,0,0,0,0
RES,E5,722,2,5523982,1,4,922,419,137,383
EP,E5,722,2,128,0,0,0,0,2,0,0,0,0,0
RES,E5,723,3,5564403,1,4,923,204,138,422
EP,E5,723,2,128,0,0,0,0,2,0,0,0,0,0
RES,E5,724,4,5605010,1,4,924,139,425,211
EP,E5,724,2,128,0,0,0,0,2,0,0,0,0,0
RES,E5,725,5,5645617,1,4,925,140,218,428
EP,E5,725,2,128,0,0,0,0,2,0,0,0,0,0
RES,E5,726,6,5689024,1,4,926,445,141,225
EP,E5,726,2,128,0,0,0,0,2,0,0,0,0,0
RES,E5,727,7,5729645,1,4,927,246,142,448
EP,E5,727,2,128,0,0,0,0,2,0,0,0,0,0
RES,E5,728,8,5770252,1,4,928,143,451,253
EP,E5,728,2,128,0,0,0,0,2,0,0,0,0,0
RES,E5,729,9,5810859,1,4,929,144,260,454
EP,E5,729,2,128,0,0,0,0,2,0,0,0,0,0
RES,E5,730,10,5851466,1,4,930,457,145,267
EP,E5,730,2,128,0,0,0,0,2,0,0,0,0,0
RES,E5,731,11,5892087,1,4,931,288,146,460
EP,E5,731,2,128,0,0,0,0,2,0,0,0,0,0
RES,E5,732,12,5932694,1,4,932,147,463,295
EP,E5,732,2,128,0,0,0,0,2,0,0,0,0,0
RES,E5,733,13,5973301,1,4,933,148,302,466
EP,E5,733,2,128,0,0,0,0,2,0,0,0,0,0
RES,E5,734,14,6576722,1,4,934,483,163,323
EP,E5,734,2,128,0,0,0,0,2,0,0,0,0,0
RES,E5,735,15,6617329,1,4,935,330,164,486
EP,E5,735,2,128,0,0,0,0,2,0,0,0,0,0
RES,E5,736,16,6657936,1,4,936,165,489,337
EP,E5,736,2,128,0,0,0,0,2,0,0,0,0,0
RES,E5,737,17,6698543,1,4,937,166,344,492
EP,E5,737,2,128,0,0,0,0,2,0,0,0,0,0
RES,E5,738,18,6739164,1,4,938,495,167,365
EP,E5,738,2,128,0,0,0,0,2,0,0,0,0,0
RES,E5,739,19,6779771,1,4,939,372,168,498
EP,E5,739,2,128,0,0,0,0,2,0,0,0,0,0
RES,E5,740,20,6820378,1,5,940,169,501,379,950
EP,E5,740,2,128,0,0,0,0,2,0,0,0,0,0
RES,E5,741,21,6860985,1,5,941,170,386,504,951
EP,E5,741,2,128,0,0,0,0,2,0,0,0,0,0
RES,E5,742,22,6901406,1,5,942,507,171,207,952
EP,E5,742,2,128,0,0,0,0,2,0,0,0,0,0
RES,E5,743,23,6944813,1,5,943,214,172,524,953
EP,E5,743,2,128,0,0,0,0,2,0,0,0,0,0
RES,E5,744,24,6985420,1,5,944,173,527,221,954
EP,E5,744,2,128,0,0,0,0,2,0,0,0,0,0
RES,E5,745,25,7026027,1,5,945,174,228,530,955
EP,E5,745,2,128,0,0,0,0,2,0,0,0,0,0
RES,E5,746,26,7066648,1,5,946,533,175,249,956
EP,E5,746,2,128,0,0,0,0,2,0,0,0,0,0
RES,E5,747,27,7107255,1,5,947,256,176,536,957
EP,E5,747,2,128,0,0,0,0,2,0,0,0,0,0
RES,E5,748,28,7147862,1,5,948,177,539,263,958
EP,E5,748,2,128,0,0,0,0,2,0,0,0,0,0
RES,E5,749,29,7188483,1,5,949,178,284,542,959
EP,E5,749,2,128,0,0,0,0,2,0,0,0,0,0
RES,E5,750,0,7229090,1,4,920,179,545,291
EP,E5,750,2,128,0,0,0,0,2,0,0,0,0,0
RES,E5,751,1,7269697,1,4,921,180,298,548
EP,E5,751,2,128,0,0,0,0,2,0,0,0,0,0
RES,E5,752,2,7313104,1,4,922,565,181,305
EP,E5,752,2,128,0,0,0,0,2,0,0,0,0,0
RES,E5,753,3,7353725,1,4,923,326,182,568
EP,E5,753,2,128,0,0,0,0,2,0,0,0,0,0
RES,E5,754,4,7394332,1,4,924,183,571,333
EP,E5,754,2,128,0,0,0,0,2,0,0,0,0,0
RES,E5,755,5,7434939,1,4,925,184,340,574
EP,E5,755,2,128,0,0,0,0,2,0,0,0,0,0
RES,E5,756,6,7475546,1,4,926,577,185,347
EP,E5,756,2,128,0,0,0,0,2,0,0,0,0,0
RES,E5,757,7,7516167,1,4,927,368,186,580
EP,E5,757,2,128,0,0,0,0,2,0,0,0,0,0
RES,E5,758,8,7556774,1,4,928,187,583,375
EP,E5,758,2,128,0,0,0,0,2,0,0,0,0,0
RES,E5,759,9,7597381,1,4,929,188,382,586
EP,E5,759,2,128,0,0,0,0,2,0,0,0,0,0
RES,E5,760,10,160602,1,4,930,403,3,203
EP,E5,760,2,128,0,0,0,0,2,0,0,0,0,0
RES,E5,761,11,201209,1,4,931,210,4,406
EP,E5,761,2,128,0,0,0,0,2,0,0,0,0,0
RES,E5,762,12,241816,1,4,932,5,409,217
EP,E5,762,2,128,0,0,0,0,2,0,0,0,0,0
RES,E5,763,13,282423,1,4,933,6,224,412
EP,E5,763,2,128,0,0,0,0,2,0,0,0,0,0
RES,E5,764,14,323044,1,4,934,415,7,245
EP,E5,764,2,128,0,0,0,0,2,0,0,0,0,0
RES,E5,765,15,363651,1,4,935,252,8,418
EP,E5,765,2,128,0,0,0,0,2,0,0,0,0,0
RES,E5,766,16,404258,1,4,936,9,421,259
EP,E5,766,2,128,0,0,0,0,2,0,0,0,0,0
RES,E5,767,17,444865,1,4,937,10,266,424
EP,E5,767,2,128,0,0,0,0,2,0,0,0,0,0
RES,E5,768,18,485486,1,4,938,427,11,287
EP,E5,768,2,128,0,0,0,0,2,0,0,0,0,0
RES,E5,769,19,528893,1,4,939,294,12,444
EP,E5,769,2,128,0,0,0,0,2,0,0,0,0,0
RES,E5,770,20,569500,1,5,940,13,447,301,950
EP,E5,770,2,128,0,0,0,0,2,0,0,0,0,0
RES,E5,771,21,610107,1,5,941,14,308,450,951
EP,E5,771,2,128,0,0,0,0,2,0,0,0,0,0
RES,E5,772,22,650728,1,5,942,453,15,329,952
EP,E5,772,2,128,0,0,0,0,2,0,0,0,0,0
RES,E5,773,23,691335,1,5,943,336,16,456,953
EP,E5,773,2,128,0,0,0,0,2,0,0,0,0,0
RES,E5,774,24,731942,1,5,944,17,459,343,954
EP,E5,774,2,128,0,0,0,0,2,0,0,0,0,0
RES,E5,775,25,772563,1,5,945,18,364,462,955
EP,E5,775,2,128,0,0,0,0,2,0,0,0,0,0
RES,E5,776,26,813170,1,5,946,465,19,371,956
EP,E5,776,2,128,0,0,0,0,2,0,0,0,0,0
RES,E5,777,27,853777,1,5,947,378,20,468,957
EP,E5,777,2,128,0,0,0,0,2,0,0,0,0,0
RES,E5,778,28,897184,1,5,948,21,485,385,958
EP,E5,778,2,128,0,0,0,0,2,0,0,0,0,0
RES,E5,779,29,937605,1,5,949,22,206,488,959
EP,E5,779,2,128,0,0,0,0,2,0,0,0,0,0
RES,E5,780,0,978212,1,4,920,23,491,213
EP,E5,780,2,128,0,0,0,0,2,0,0,0,0,0
RES,E5,781,1,1018819,1,4,921,24,220,494
EP,E5,781,2,128,0,0,0,0,2,0,0,0,0,0
RES,E5,782,2,1059426,1,4,922,497,25,227
EP,E5,782,2,128,0,0,0,0,2,0,0,0,0,0
RES,E5,783,3,1100047,1,4,923,248,26,500
EP,E5,783,2,128,0,0,0,0,2,0,0,0,0,0
RES,E5,784,4,1140654,1,4,924,27,503,255
EP,E5,784,2,128,0,0,0,0,2,0,0,0,0,0
RES,E5,785,5,1181261,1,4,925,28,262,506
EP,E5,785,2,128,0,0,0,0,2,0,0,0,0,0
RES,E5,786,6,1784682,1,4,926,523,43,283
EP,E5,786,2,128,0,0,0,0,2,0,0,0,0,0
RES,E5,787,7,1825289,1,4,927,290,44,526
EP,E5,787,2,128,0,0,0,0,2,0,0,0,0,0
RES,E5,788,8,1865896,1,4,928,45,529,297
EP,E5,788,2,128,0,0,0,0,2,0,0,0,0,0
RES,E5,789,9,1906503,1,4,929,46,304,532
EP,E5,789,2,128,0,0,0,0,2,0,0,0,0,0
RES,E5,790,10,1947124,1,4,930,535,47,325
EP,E5,790,2,128,0,0,0,0,2,0,0,0,0,0
RES,E5,791,11,1987731,1,4,931,332,48,538
EP,E5,791,2,128,0,0,0,0,2,0,0,0,0,0
RES,E5,792,12,2028338,1,4,932,49,541,339
EP,E5,792,2,128,0,0,0,0,2,0,0,0,0,0
RES,E5,793,13,2068945,1,4,933,50,346,544
EP,E5,793,2,128,0,0,0,0,2,0,0,0,0,0
RES,E5,794,14,2109566,1,4,934,547,51,367
EP,E5,794,2,128,0,0,0,0,2,0,0,0,0,0
RES,E5,795,15,2152973,1,4,935,374,52,564
EP,E5,795,2,128,0,0,0,0,2,0,0,0,0,0
RES,E5,796,16,2193580,1,4,936,53,567,381
EP,E5,796,2,128,0,0,0,0,2,0,0,0,0,0
RES,E5,797,17,2234187,1,4,937,54,388,570
EP,E5,797,2,128,0,0,0,0,2,0,0,0,0,0
RES,E5,798,18,2274608,1,4,938,573,55,209
EP,E5,798,2,128,0,0,0,0,2,0,0,0,0,0
RES,E5,799,19,2315215,1,4,939,216,56,576
EP,E5,799,2,128,0,0,0,0,2,0,0,0,0,0
E5RT,800,ZD,100
STAGE,E5,end
STAGE,E5EVAL,start
RES,E5N,0,0,160602,1
EP,EV,0,2,128,0,0,0,0,2,0,0,0,0,0
RES,E5N,1,7,684021,1
EP,EV,1,2,128,0,0,0,0,2,0,0,0,0,0
RES,E5N,2,14,1770254,1
EP,EV,2,2,128,0,0,0,0,2,0,0,0,0,0
RES,E5N,3,21,2293687,1
EP,EV,3,2,128,0,0,0,0,2,0,0,0,0,0
RES,E5N,4,28,3379906,1
EP,EV,4,2,128,0,0,0,0,2,0,0,0,0,0
RES,E5N,5,5,3906139,1
EP,EV,5,2,128,0,0,0,0,2,0,0,0,0,0
RES,E5N,6,12,4989572,1
EP,EV,6,2,128,0,0,0,0,2,0,0,0,0,0
RES,E5N,7,19,5515605,1
EP,EV,7,2,128,0,0,0,0,2,0,0,0,0,0
RES,E5N,8,26,6561824,1
EP,EV,8,2,128,0,0,0,0,2,0,0,0,0,0
RES,E5N,9,3,7085257,1
EP,EV,9,2,128,0,0,0,0,2,0,0,0,0,0
RES,E5N,10,10,171490,1
EP,EV,10,2,128,0,0,0,0,2,0,0,0,0,0
RES,E5N,11,17,697723,1
EP,EV,11,2,128,0,0,0,0,2,0,0,0,0,0
RES,E5N,12,24,1781142,1
EP,EV,12,2,128,0,0,0,0,2,0,0,0,0,0
RES,E5N,13,1,2307375,1
EP,EV,13,2,128,0,0,0,0,2,0,0,0,0,0
RES,E5N,14,8,3393408,1
EP,EV,14,2,128,0,0,0,0,2,0,0,0,0,0
RES,E5N,15,15,3916827,1
EP,EV,15,2,128,0,0,0,0,2,0,0,0,0,0
RES,E5N,16,22,4963060,1
EP,EV,16,2,128,0,0,0,0,2,0,0,0,0,0
RES,E5N,17,29,5489293,1
EP,EV,17,2,128,0,0,0,0,2,0,0,0,0,0
RES,E5N,18,6,6572726,1
EP,EV,18,2,128,0,0,0,0,2,0,0,0,0,0
RES,E5N,19,13,7098945,1
EP,EV,19,2,128,0,0,0,0,2,0,0,0,0,0
RES,E5N,20,20,185178,1
EP,EV,20,2,128,0,0,0,0,2,0,0,0,0,0
RES,E5N,21,27,708411,1
EP,EV,21,2,128,0,0,0,0,2,0,0,0,0,0
RES,E5N,22,4,1794644,1
EP,EV,22,2,128,0,0,0,0,2,0,0,0,0,0
RES,E5N,23,11,2280863,1
EP,EV,23,2,128,0,0,0,0,2,0,0,0,0,0
RES,E5N,24,18,3364296,1
EP,EV,24,2,128,0,0,0,0,2,0,0,0,0,0
RES,E5N,25,25,3890529,1
EP,EV,25,2,128,0,0,0,0,2,0,0,0,0,0
RES,E5N,26,2,4976762,1
EP,EV,26,2,128,0,0,0,0,2,0,0,0,0,0
RES,E5N,27,9,5500181,1
EP,EV,27,2,128,0,0,0,0,2,0,0,0,0,0
RES,E5N,28,16,6586214,1
EP,EV,28,2,128,0,0,0,0,2,0,0,0,0,0
RES,E5N,29,23,7109647,1
EP,EV,29,2,128,0,0,0,0,2,0,0,0,0,0
RES,E5N,30,0,195866,1
EP,EV,30,2,128,0,0,0,0,2,0,0,0,0,0
RES,E5N,31,7,682099,1
EP,EV,31,2,128,0,0,0,0,2,0,0,0,0,0
RES,E5N,32,14,1765532,1
EP,EV,32,2,128,0,0,0,0,2,0,0,0,0,0
RES,E5N,33,21,2291765,1
EP,EV,33,2,128,0,0,0,0,2,0,0,0,0,0
RES,E5N,34,28,3377984,1
EP,EV,34,2,128,0,0,0,0,2,0,0,0,0,0
RES,E5N,35,5,3901217,1
EP,EV,35,2,128,0,0,0,0,2,0,0,0,0,0
RES,E5N,36,12,4987450,1
EP,EV,36,2,128,0,0,0,0,2,0,0,0,0,0
RES,E5N,37,19,5513683,1
EP,EV,37,2,128,0,0,0,0,2,0,0,0,0,0
RES,E5N,38,26,6597102,1
EP,EV,38,2,128,0,0,0,0,2,0,0,0,0,0
RES,E5N,39,3,7083335,1
EP,EV,39,2,128,0,0,0,0,2,0,0,0,0,0
DISC,E5,100,100,40,40,0,1
STAGE,E5EVAL,end
STAGE,E6,start
RES,E6,0,1000,1,0,2000,2001,1,4,1
EP,E6,0,2,128,0,0,0,0,2,0,0,0,0,0
RES,E6,1,1001,1,1,2002,2003,2,4,1
EP,E6,1,2,128,0,0,0,0,2,0,0,0,0,0
RES,E6,2,1002,1,2,2004,2005,0,4,1
EP,E6,2,2,128,0,0,0,0,2,0,0,0,0,0
RES,E6,3,1003,2,3,2006,2007,1,4,1
EP,E6,3,2,128,0,0,0,0,2,0,0,0,0,0
RES,E6,4,1004,1,4,2008,2009,2,4,1
EP,E6,4,2,128,0,0,0,0,2,0,0,0,0,0
RES,E6,5,1005,1,0,2010,2011,0,4,1
EP,E6,5,2,128,0,0,0,0,2,0,0,0,0,0
RES,E6,6,1006,1,1,2012,2013,1,4,1
EP,E6,6,2,128,0,0,0,0,2,0,0,0,0,0
RES,E6,7,1007,2,2,2014,2015,2,4,1
EP,E6,7,2,128,0,0,0,0,2,0,0,0,0,0
RES,E6,8,1008,1,3,2016,2017,0,4,1
EP,E6,8,2,128,0,0,0,0,2,0,0,0,0,0
RES,E6,9,1009,1,4,2018,2019,1,4,1
EP,E6,9,2,128,0,0,0,0,2,0,0,0,0,0
RES,E6,10,1010,1,0,2020,2021,2,4,1
EP,E6,10,2,128,0,0,0,0,2,0,0,0,0,0
RES,E6,11,1011,2,1,2022,2023,0,4,1
EP,E6,11,2,128,0,0,0,0,2,0,0,0,0,0
RES,E6,12,1012,1,2,2024,2025,1,4,1
EP,E6,12,2,128,0,0,0,0,2,0,0,0,0,0
RES,E6,13,1013,1,3,2026,2027,2,4,1
EP,E6,13,2,128,0,0,0,0,2,0,0,0,0,0
RES,E6,14,1014,1,4,2028,2029,0,4,1
EP,E6,14,2,128,0,0,0,0,2,0,0,0,0,0
RES,E6,15,1015,2,0,2030,2031,1,4,1
EP,E6,15,2,128,0,0,0,0,2,0,0,0,0,0
RES,E6,16,1016,1,1,2032,2033,2,4,1
EP,E6,16,2,128,0,0,0,0,2,0,0,0,0,0
RES,E6,17,1017,1,2,2034,2035,0,4,1
EP,E6,17,2,128,0,0,0,0,2,0,0,0,0,0
RES,E6,18,1018,1,3,2036,2037,1,4,1
EP,E6,18,2,128,0,0,0,0,2,0,0,0,0,0
RES,E6,19,1019,2,4,2038,2039,2,4,1
EP,E6,19,2,128,0,0,0,0,2,0,0,0,0,0
RES,E6,20,1020,1,0,2040,2041,0,4,1
EP,E6,20,2,128,0,0,0,0,2,0,0,0,0,0
RES,E6,21,1021,1,1,2042,2043,1,4,1
EP,E6,21,2,128,0,0,0,0,2,0,0,0,0,0
RES,E6,22,1022,1,2,2044,2045,2,4,1
EP,E6,22,2,128,0,0,0,0,2,0,0,0,0,0
RES,E6,23,1023,2,3,2046,2047,0,4,1
EP,E6,23,2,128,0,0,0,0,2,0,0,0,0,0
RES,E6,24,1024,1,4,2048,2049,1,4,1
EP,E6,24,2,128,0,0,0,0,2,0,0,0,0,0
RES,E6,25,1025,1,0,2050,2051,2,4,1
EP,E6,25,2,128,0,0,0,0,2,0,0,0,0,0
RES,E6,26,1026,1,1,2052,2053,0,4,1
EP,E6,26,2,128,0,0,0,0,2,0,0,0,0,0
RES,E6,27,1027,2,2,2054,2055,1,4,1
EP,E6,27,2,128,0,0,0,0,2,0,0,0,0,0
RES,E6,28,1028,1,3,2056,2057,2,4,1
EP,E6,28,2,128,0,0,0,0,2,0,0,0,0,0
RES,E6,29,1029,1,4,2058,2059,0,4,1
EP,E6,29,2,128,0,0,0,0,2,0,0,0,0,0
RES,E6,30,1030,1,0,2060,2061,1,4,1
EP,E6,30,2,128,0,0,0,0,2,0,0,0,0,0
RES,E6,31,1031,2,1,2062,2063,2,4,1
EP,E6,31,2,128,0,0,0,0,2,0,0,0,0,0
RES,E6,32,1032,1,2,2064,2065,0,4,1
EP,E6,32,2,128,0,0,0,0,2,0,0,0,0,0
RES,E6,33,1033,1,3,2066,2067,1,4,1
EP,E6,33,2,128,0,0,0,0,2,0,0,0,0,0
RES,E6,34,1034,1,4,2068,2069,2,4,1
EP,E6,34,2,128,0,0,0,0,2,0,0,0,0,0
RES,E6,35,1035,2,0,2070,2071,0,4,1
EP,E6,35,2,128,0,0,0,0,2,0,0,0,0,0
RES,E6,36,1036,1,1,2072,2073,1,4,1
EP,E6,36,2,128,0,0,0,0,2,0,0,0,0,0
RES,E6,37,1037,1,2,2074,2075,2,4,1
EP,E6,37,2,128,0,0,0,0,2,0,0,0,0,0
RES,E6,38,1038,1,3,2076,2077,0,4,1
EP,E6,38,2,128,0,0,0,0,2,0,0,0,0,0
RES,E6,39,1039,2,4,2078,2079,1,4,1
EP,E6,39,2,128,0,0,0,0,2,0,0,0,0,0
RES,E6,40,1040,1,0,2080,2081,2,4,1
EP,E6,40,2,128,0,0,0,0,2,0,0,0,0,0
RES,E6,41,1041,1,1,2082,2083,0,4,1
EP,E6,41,2,128,0,0,0,0,2,0,0,0,0,0
RES,E6,42,1042,1,2,2084,2085,1,4,1
EP,E6,42,2,128,0,0,0,0,2,0,0,0,0,0
RES,E6,43,1043,2,3,2086,2087,2,4,1
EP,E6,43,2,128,0,0,0,0,2,0,0,0,0,0
RES,E6,44,1044,1,4,2088,2089,0,4,1
EP,E6,44,2,128,0,0,0,0,2,0,0,0,0,0
RES,E6,45,1045,1,0,2090,2091,1,4,1
EP,E6,45,2,128,0,0,0,0,2,0,0,0,0,0
RES,E6,46,1046,1,1,2092,2093,2,4,1
EP,E6,46,2,128,0,0,0,0,2,0,0,0,0,0
RES,E6,47,1047,2,2,2094,2095,0,4,1
EP,E6,47,2,128,0,0,0,0,2,0,0,0,0,0
RES,E6,48,1048,1,3,2096,2097,1,4,1
EP,E6,48,2,128,0,0,0,0,2,0,0,0,0,0
RES,E6,49,1049,1,4,2098,2099,2,4,1
EP,E6,49,2,128,0,0,0,0,2,0,0,0,0,0
RES,E6,50,1050,1,0,2100,2101,0,4,1
EP,E6,50,2,128,0,0,0,0,2,0,0,0,0,0
RES,E6,51,1051,2,1,2102,2103,1,4,1
EP,E6,51,2,128,0,0,0,0,2,0,0,0,0,0
RES,E6,52,1052,1,2,2104,2105,2,4,1
EP,E6,52,2,128,0,0,0,0,2,0,0,0,0,0
RES,E6,53,1053,1,3,2106,2107,0,4,1
EP,E6,53,2,128,0,0,0,0,2,0,0,0,0,0
RES,E6,54,1054,1,4,2108,2109,1,4,1
EP,E6,54,2,128,0,0,0,0,2,0,0,0,0,0
RES,E6,55,1055,2,0,2110,2111,2,4,1
EP,E6,55,2,128,0,0,0,0,2,0,0,0,0,0
RES,E6,56,1056,1,1,2112,2113,0,4,1
EP,E6,56,2,128,0,0,0,0,2,0,0,0,0,0
RES,E6,57,1057,1,2,2114,2115,1,4,1
EP,E6,57,2,128,0,0,0,0,2,0,0,0,0,0
RES,E6,58,1058,1,3,2116,2117,2,4,1
EP,E6,58,2,128,0,0,0,0,2,0,0,0,0,0
RES,E6,59,1059,2,4,2118,2119,0,4,1
EP,E6,59,2,128,0,0,0,0,2,0,0,0,0,0
RES,E6,60,0,1,0,0,1,0,4,1
EP,E6,60,2,128,0,0,0,0,2,0,0,0,0,0
RES,E6,61,1,1,1,2,3,1,4,1
EP,E6,61,2,128,0,0,0,0,2,0,0,0,0,0
RES,E6,62,2,1,2,4,5,2,4,1
EP,E6,62,2,128,0,0,0,0,2,0,0,0,0,0
RES,E6,63,3,2,3,6,7,0,4,1
EP,E6,63,2,128,0,0,0,0,2,0,0,0,0,0
RES,E6,64,4,1,4,8,9,1,4,1
EP,E6,64,2,128,0,0,0,0,2,0,0,0,0,0
RES,E6,65,5,1,0,10,11,2,4,1
EP,E6,65,2,128,0,0,0,0,2,0,0,0,0,0
RES,E6,66,6,1,1,12,13,0,4,1
EP,E6,66,2,128,0,0,0,0,2,0,0,0,0,0
RES,E6,67,7,2,2,14,15,1,4,1
EP,E6,67,2,128,0,0,0,0,2,0,0,0,0,0
RES,E6,68,8,1,3,16,17,2,4,1
EP,E6,68,2,128,0,0,0,0,2,0,0,0,0,0
RES,E6,69,9,1,4,18,19,0,4,1
EP,E6,69,2,128,0,0,0,0,2,0,0,0,0,0
RES,E6,70,10,1,0,20,21,1,4,1
EP,E6,70,2,128,0,0,0,0,2,0,0,0,0,0
RES,E6,71,11,2,1,22,23,2,4,1
EP,E6,71,2,128,0,0,0,0,2,0,0,0,0,0
RES,E6,72,12,1,2,24,25,0,4,1
EP,E6,72,2,128,0,0,0,0,2,0,0,0,0,0
RES,E6,73,13,1,3,26,27,1,4,1
EP,E6,73,2,128,0,0,0,0,2,0,0,0,0,0
RES,E6,74,14,1,4,28,29,2,4,1
EP,E6,74,2,128,0,0,0,0,2,0,0,0,0,0
RES,E6,75,15,2,0,30,31,0,4,1
EP,E6,75,2,128,0,0,0,0,2,0,0,0,0,0
RES,E6,76,16,1,1,32,33,1,4,1
EP,E6,76,2,128,0,0,0,0,2,0,0,0,0,0
RES,E6,77,17,1,2,34,35,2,4,1
EP,E6,77,2,128,0,0,0,0,2,0,0,0,0,0
RES,E6,78,18,1,3,36,37,0,4,1
EP,E6,78,2,128,0,0,0,0,2,0,0,0,0,0
RES,E6,79,19,2,4,38,39,1,4,1
EP,E6,79,2,128,0,0,0,0,2,0,0,0,0,0
RES,E6,80,20,1,0,40,41,2,4,1
EP,E6,80,2,128,0,0,0,0,2,0,0,0,0,0
RES,E6,81,21,1,1,42,43,0,4,1
EP,E6,81,2,128,0,0,0,0,2,0,0,0,0,0
RES,E6,82,22,1,2,44,45,1,4,1
EP,E6,82,2,128,0,0,0,0,2,0,0,0,0,0
RES,E6,83,23,2,3,46,47,2,4,1
EP,E6,83,2,128,0,0,0,0,2,0,0,0,0,0
RES,E6,84,24,1,4,48,49,0,4,1
EP,E6,84,2,128,0,0,0,0,2,0,0,0,0,0
RES,E6,85,25,1,0,50,51,1,4,1
EP,E6,85,2,128,0,0,0,0,2,0,0,0,0,0
RES,E6,86,26,1,1,52,53,2,4,1
EP,E6,86,2,128,0,0,0,0,2,0,0,0,0,0
RES,E6,87,27,2,2,54,55,0,4,1
EP,E6,87,2,128,0,0,0,0,2,0,0,0,0,0
RES,E6,88,28,1,3,56,57,1,4,1
EP,E6,88,2,128,0,0,0,0,2,0,0,0,0,0
RES,E6,89,29,1,4,58,59,2,4,1
EP,E6,89,2,128,0,0,0,0,2,0,0,0,0,0
RES,E6,90,30,1,0,60,61,0,4,1
EP,E6,90,2,128,0,0,0,0,2,0,0,0,0,0
RES,E6,91,31,2,1,62,63,1,4,1
EP,E6,91,2,128,0,0,0,0,2,0,0,0,0,0
RES,E6,92,32,1,2,64,65,2,4,1
EP,E6,92,2,128,0,0,0,0,2,0,0,0,0,0
RES,E6,93,33,1,3,66,67,0,4,1
EP,E6,93,2,128,0,0,0,0,2,0,0,0,0,0
RES,E6,94,34,1,4,68,69,1,4,1
EP,E6,94,2,128,0,0,0,0,2,0,0,0,0,0
RES,E6,95,35,2,0,70,71,2,4,1
EP,E6,95,2,128,0,0,0,0,2,0,0,0,0,0
RES,E6,96,36,1,1,72,73,0,4,1
EP,E6,96,2,128,0,0,0,0,2,0,0,0,0,0
RES,E6,97,37,1,2,74,75,1,4,1
EP,E6,97,2,128,0,0,0,0,2,0,0,0,0,0
RES,E6,98,38,1,3,76,77,2,4,1
EP,E6,98,2,128,0,0,0,0,2,0,0,0,0,0
RES,E6,99,39,2,4,78,79,0,4,1
EP,E6,99,2,128,0,0,0,0,2,0,0,0,0,0
RES,E6,100,40,1,0,80,81,1,4,1
EP,E6,100,2,128,0,0,0,0,2,0,0,0,0,0
RES,E6,101,41,1,1,82,83,2,4,1
EP,E6,101,2,128,0,0,0,0,2,0,0,0,0,0
RES,E6,102,42,1,2,84,85,0,4,1
EP,E6,102,2,128,0,0,0,0,2,0,0,0,0,0
RES,E6,103,43,2,3,86,87,1,4,1
EP,E6,103,2,128,0,0,0,0,2,0,0,0,0,0
RES,E6,104,44,1,4,88,89,2,4,1
EP,E6,104,2,128,0,0,0,0,2,0,0,0,0,0
RES,E6,105,45,1,0,90,91,0,4,1
EP,E6,105,2,128,0,0,0,0,2,0,0,0,0,0
RES,E6,106,46,1,1,92,93,1,4,1
EP,E6,106,2,128,0,0,0,0,2,0,0,0,0,0
RES,E6,107,47,2,2,94,95,2,4,1
EP,E6,107,2,128,0,0,0,0,2,0,0,0,0,0
RES,E6,108,48,1,3,96,97,0,4,1
EP,E6,108,2,128,0,0,0,0,2,0,0,0,0,0
RES,E6,109,49,1,4,98,99,1,4,1
EP,E6,109,2,128,0,0,0,0,2,0,0,0,0,0
RES,E6,110,50,1,0,100,101,2,4,1
EP,E6,110,2,128,0,0,0,0,2,0,0,0,0,0
RES,E6,111,51,2,1,102,103,0,4,1
EP,E6,111,2,128,0,0,0,0,2,0,0,0,0,0
RES,E6,112,52,1,2,104,105,1,4,1
EP,E6,112,2,128,0,0,0,0,2,0,0,0,0,0
RES,E6,113,53,1,3,106,107,2,4,1
EP,E6,113,2,128,0,0,0,0,2,0,0,0,0,0
RES,E6,114,54,1,4,108,109,0,4,1
EP,E6,114,2,128,0,0,0,0,2,0,0,0,0,0
RES,E6,115,55,2,0,110,111,1,4,1
EP,E6,115,2,128,0,0,0,0,2,0,0,0,0,0
RES,E6,116,56,1,1,112,113,2,4,1
EP,E6,116,2,128,0,0,0,0,2,0,0,0,0,0
RES,E6,117,57,1,2,114,115,0,4,1
EP,E6,117,2,128,0,0,0,0,2,0,0,0,0,0
RES,E6,118,58,1,3,116,117,1,4,1
EP,E6,118,2,128,0,0,0,0,2,0,0,0,0,0
RES,E6,119,59,2,4,118,119,2,4,1
EP,E6,119,2,128,0,0,0,0,2,0,0,0,0,0
RES,E6,120,60,1,0,120,121,0,4,1
EP,E6,120,2,128,0,0,0,0,2,0,0,0,0,0
RES,E6,121,61,1,1,122,123,1,4,1
EP,E6,121,2,128,0,0,0,0,2,0,0,0,0,0
RES,E6,122,62,1,2,124,125,2,4,1
EP,E6,122,2,128,0,0,0,0,2,0,0,0,0,0
RES,E6,123,63,2,3,126,127,0,4,1
EP,E6,123,2,128,0,0,0,0,2,0,0,0,0,0
RES,E6,124,64,1,4,128,129,1,4,1
EP,E6,124,2,128,0,0,0,0,2,0,0,0,0,0
RES,E6,125,65,1,0,130,131,2,4,1
EP,E6,125,2,128,0,0,0,0,2,0,0,0,0,0
RES,E6,126,66,1,1,132,133,0,4,1
EP,E6,126,2,128,0,0,0,0,2,0,0,0,0,0
RES,E6,127,67,2,2,134,135,1,4,1
EP,E6,127,2,128,0,0,0,0,2,0,0,0,0,0
RES,E6,128,68,1,3,136,137,2,4,1
EP,E6,128,2,128,0,0,0,0,2,0,0,0,0,0
RES,E6,129,69,1,4,138,139,0,4,1
EP,E6,129,2,128,0,0,0,0,2,0,0,0,0,0
RES,E6,130,70,1,0,140,141,1,4,1
EP,E6,130,2,128,0,0,0,0,2,0,0,0,0,0
RES,E6,131,71,2,1,142,143,2,4,1
EP,E6,131,2,128,0,0,0,0,2,0,0,0,0,0
RES,E6,132,72,1,2,144,145,0,4,1
EP,E6,132,2,128,0,0,0,0,2,0,0,0,0,0
RES,E6,133,73,1,3,146,147,1,4,1
EP,E6,133,2,128,0,0,0,0,2,0,0,0,0,0
RES,E6,134,74,1,4,148,149,2,4,1
EP,E6,134,2,128,0,0,0,0,2,0,0,0,0,0
RES,E6,135,75,2,0,150,151,0,4,1
EP,E6,135,2,128,0,0,0,0,2,0,0,0,0,0
RES,E6,136,76,1,1,152,153,1,4,1
EP,E6,136,2,128,0,0,0,0,2,0,0,0,0,0
RES,E6,137,77,1,2,154,155,2,4,1
EP,E6,137,2,128,0,0,0,0,2,0,0,0,0,0
RES,E6,138,78,1,3,156,157,0,4,1
EP,E6,138,2,128,0,0,0,0,2,0,0,0,0,0
RES,E6,139,79,2,4,158,159,1,4,1
EP,E6,139,2,128,0,0,0,0,2,0,0,0,0,0
RES,E6,140,80,1,0,160,161,2,4,1
EP,E6,140,2,128,0,0,0,0,2,0,0,0,0,0
RES,E6,141,81,1,1,162,163,0,4,1
EP,E6,141,2,128,0,0,0,0,2,0,0,0,0,0
RES,E6,142,82,1,2,164,165,1,4,1
EP,E6,142,2,128,0,0,0,0,2,0,0,0,0,0
RES,E6,143,83,2,3,166,167,2,4,1
EP,E6,143,2,128,0,0,0,0,2,0,0,0,0,0
RES,E6,144,84,1,4,168,169,0,4,1
EP,E6,144,2,128,0,0,0,0,2,0,0,0,0,0
RES,E6,145,85,1,0,170,171,1,4,1
EP,E6,145,2,128,0,0,0,0,2,0,0,0,0,0
RES,E6,146,86,1,1,172,173,2,4,1
EP,E6,146,2,128,0,0,0,0,2,0,0,0,0,0
RES,E6,147,87,2,2,174,175,0,4,1
EP,E6,147,2,128,0,0,0,0,2,0,0,0,0,0
RES,E6,148,88,1,3,176,177,1,4,1
EP,E6,148,2,128,0,0,0,0,2,0,0,0,0,0
RES,E6,149,89,1,4,178,179,2,4,1
EP,E6,149,2,128,0,0,0,0,2,0,0,0,0,0
RES,E6,150,90,1,0,180,181,0,4,1
EP,E6,150,2,128,0,0,0,0,2,0,0,0,0,0
RES,E6,151,91,2,1,182,183,1,4,1
EP,E6,151,2,128,0,0,0,0,2,0,0,0,0,0
RES,E6,152,92,1,2,184,185,2,4,1
EP,E6,152,2,128,0,0,0,0,2,0,0,0,0,0
RES,E6,153,93,1,3,186,187,0,4,1
EP,E6,153,2,128,0,0,0,0,2,0,0,0,0,0
RES,E6,154,94,1,4,188,189,1,4,1
EP,E6,154,2,128,0,0,0,0,2,0,0,0,0,0
RES,E6,155,95,2,0,190,191,2,4,1
EP,E6,155,2,128,0,0,0,0,2,0,0,0,0,0
RES,E6,156,96,1,1,192,193,0,4,1
EP,E6,156,2,128,0,0,0,0,2,0,0,0,0,0
RES,E6,157,97,1,2,194,195,1,4,1
EP,E6,157,2,128,0,0,0,0,2,0,0,0,0,0
RES,E6,158,98,1,3,196,197,2,4,1
EP,E6,158,2,128,0,0,0,0,2,0,0,0,0,0
RES,E6,159,99,2,4,198,199,0,4,1
EP,E6,159,2,128,0,0,0,0,2,0,0,0,0,0
RES,E6,160,100,1,0,200,201,1,4,1
EP,E6,160,2,128,0,0,0,0,2,0,0,0,0,0
RES,E6,161,101,1,1,202,203,2,4,1
EP,E6,161,2,128,0,0,0,0,2,0,0,0,0,0
RES,E6,162,102,1,2,204,205,0,4,1
EP,E6,162,2,128,0,0,0,0,2,0,0,0,0,0
RES,E6,163,103,2,3,206,207,1,4,1
EP,E6,163,2,128,0,0,0,0,2,0,0,0,0,0
RES,E6,164,104,1,4,208,209,2,4,1
EP,E6,164,2,128,0,0,0,0,2,0,0,0,0,0
RES,E6,165,105,1,0,210,211,0,4,1
EP,E6,165,2,128,0,0,0,0,2,0,0,0,0,0
RES,E6,166,106,1,1,212,213,1,4,1
EP,E6,166,2,128,0,0,0,0,2,0,0,0,0,0
RES,E6,167,107,2,2,214,215,2,4,1
EP,E6,167,2,128,0,0,0,0,2,0,0,0,0,0
RES,E6,168,108,1,3,216,217,0,4,1
EP,E6,168,2,128,0,0,0,0,2,0,0,0,0,0
RES,E6,169,109,1,4,218,219,1,4,1
EP,E6,169,2,128,0,0,0,0,2,0,0,0,0,0
RES,E6,170,110,1,0,220,221,2,4,1
EP,E6,170,2,128,0,0,0,0,2,0,0,0,0,0
RES,E6,171,111,2,1,222,223,0,4,1
EP,E6,171,2,128,0,0,0,0,2,0,0,0,0,0
RES,E6,172,112,1,2,224,225,1,4,1
EP,E6,172,2,128,0,0,0,0,2,0,0,0,0,0
RES,E6,173,113,1,3,226,227,2,4,1
EP,E6,173,2,128,0,0,0,0,2,0,0,0,0,0
RES,E6,174,114,1,4,228,229,0,4,1
EP,E6,174,2,128,0,0,0,0,2,0,0,0,0,0
RES,E6,175,115,2,0,230,231,1,4,1
EP,E6,175,2,128,0,0,0,0,2,0,0,0,0,0
RES,E6,176,116,1,1,232,233,2,4,1
EP,E6,176,2,128,0,0,0,0,2,0,0,0,0,0
RES,E6,177,117,1,2,234,235,0,4,1
EP,E6,177,2,128,0,0,0,0,2,0,0,0,0,0
RES,E6,178,118,1,3,236,237,1,4,1
EP,E6,178,2,128,0,0,0,0,2,0,0,0,0,0
RES,E6,179,119,2,4,238,239,2,4,1
EP,E6,179,2,128,0,0,0,0,2,0,0,0,0,0
RES,E6,180,0,1,0,0,1,0,4,1
EP,E6,180,2,128,0,0,0,0,2,0,0,0,0,0
RES,E6,181,1,1,1,2,3,1,4,1
EP,E6,181,2,128,0,0,0,0,2,0,0,0,0,0
RES,E6,182,2,1,2,4,5,2,4,1
EP,E6,182,2,128,0,0,0,0,2,0,0,0,0,0
RES,E6,183,3,2,3,6,7,0,4,1
EP,E6,183,2,128,0,0,0,0,2,0,0,0,0,0
RES,E6,184,4,1,4,8,9,1,4,1
EP,E6,184,2,128,0,0,0,0,2,0,0,0,0,0
RES,E6,185,5,1,0,10,11,2,4,1
EP,E6,185,2,128,0,0,0,0,2,0,0,0,0,0
RES,E6,186,6,1,1,12,13,0,4,1
EP,E6,186,2,128,0,0,0,0,2,0,0,0,0,0
RES,E6,187,7,2,2,14,15,1,4,1
EP,E6,187,2,128,0,0,0,0,2,0,0,0,0,0
RES,E6,188,8,1,3,16,17,2,4,1
EP,E6,188,2,128,0,0,0,0,2,0,0,0,0,0
RES,E6,189,9,1,4,18,19,0,4,1
EP,E6,189,2,128,0,0,0,0,2,0,0,0,0,0
RES,E6,190,10,1,0,20,21,1,4,1
EP,E6,190,2,128,0,0,0,0,2,0,0,0,0,0
RES,E6,191,11,2,1,22,23,2,4,1
EP,E6,191,2,128,0,0,0,0,2,0,0,0,0,0
RES,E6,192,12,1,2,24,25,0,4,1
EP,E6,192,2,128,0,0,0,0,2,0,0,0,0,0
RES,E6,193,13,1,3,26,27,1,4,1
EP,E6,193,2,128,0,0,0,0,2,0,0,0,0,0
RES,E6,194,14,1,4,28,29,2,4,1
EP,E6,194,2,128,0,0,0,0,2,0,0,0,0,0
RES,E6,195,15,2,0,30,31,0,4,1
EP,E6,195,2,128,0,0,0,0,2,0,0,0,0,0
RES,E6,196,16,1,1,32,33,1,4,1
EP,E6,196,2,128,0,0,0,0,2,0,0,0,0,0
RES,E6,197,17,1,2,34,35,2,4,1
EP,E6,197,2,128,0,0,0,0,2,0,0,0,0,0
RES,E6,198,18,1,3,36,37,0,4,1
EP,E6,198,2,128,0,0,0,0,2,0,0,0,0,0
RES,E6,199,19,2,4,38,39,1,4,1
EP,E6,199,2,128,0,0,0,0,2,0,0,0,0,0
RES,E6,200,20,1,0,40,41,2,4,1
EP,E6,200,2,128,0,0,0,0,2,0,0,0,0,0
RES,E6,201,21,1,1,42,43,0,4,1
EP,E6,201,2,128,0,0,0,0,2,0,0,0,0,0
RES,E6,202,22,1,2,44,45,1,4,1
EP,E6,202,2,128,0,0,0,0,2,0,0,0,0,0
RES,E6,203,23,2,3,46,47,2,4,1
EP,E6,203,2,128,0,0,0,0,2,0,0,0,0,0
RES,E6,204,24,1,4,48,49,0,4,1
EP,E6,204,2,128,0,0,0,0,2,0,0,0,0,0
RES,E6,205,25,1,0,50,51,1,4,1
EP,E6,205,2,128,0,0,0,0,2,0,0,0,0,0
RES,E6,206,26,1,1,52,53,2,4,1
EP,E6,206,2,128,0,0,0,0,2,0,0,0,0,0
RES,E6,207,27,2,2,54,55,0,4,1
EP,E6,207,2,128,0,0,0,0,2,0,0,0,0,0
RES,E6,208,28,1,3,56,57,1,4,1
EP,E6,208,2,128,0,0,0,0,2,0,0,0,0,0
RES,E6,209,29,1,4,58,59,2,4,1
EP,E6,209,2,128,0,0,0,0,2,0,0,0,0,0
RES,E6,210,30,1,0,60,61,0,4,1
EP,E6,210,2,128,0,0,0,0,2,0,0,0,0,0
RES,E6,211,31,2,1,62,63,1,4,1
EP,E6,211,2,128,0,0,0,0,2,0,0,0,0,0
RES,E6,212,32,1,2,64,65,2,4,1
EP,E6,212,2,128,0,0,0,0,2,0,0,0,0,0
RES,E6,213,33,1,3,66,67,0,4,1
EP,E6,213,2,128,0,0,0,0,2,0,0,0,0,0
RES,E6,214,34,1,4,68,69,1,4,1
EP,E6,214,2,128,0,0,0,0,2,0,0,0,0,0
RES,E6,215,35,2,0,70,71,2,4,1
EP,E6,215,2,128,0,0,0,0,2,0,0,0,0,0
RES,E6,216,36,1,1,72,73,0,4,1
EP,E6,216,2,128,0,0,0,0,2,0,0,0,0,0
RES,E6,217,37,1,2,74,75,1,4,1
EP,E6,217,2,128,0,0,0,0,2,0,0,0,0,0
RES,E6,218,38,1,3,76,77,2,4,1
EP,E6,218,2,128,0,0,0,0,2,0,0,0,0,0
RES,E6,219,39,2,4,78,79,0,4,1
EP,E6,219,2,128,0,0,0,0,2,0,0,0,0,0
RES,E6,220,40,1,0,80,81,1,4,1
EP,E6,220,2,128,0,0,0,0,2,0,0,0,0,0
RES,E6,221,41,1,1,82,83,2,4,1
EP,E6,221,2,128,0,0,0,0,2,0,0,0,0,0
RES,E6,222,42,1,2,84,85,0,4,1
EP,E6,222,2,128,0,0,0,0,2,0,0,0,0,0
RES,E6,223,43,2,3,86,87,1,4,1
EP,E6,223,2,128,0,0,0,0,2,0,0,0,0,0
RES,E6,224,44,1,4,88,89,2,4,1
EP,E6,224,2,128,0,0,0,0,2,0,0,0,0,0
RES,E6,225,45,1,0,90,91,0,4,1
EP,E6,225,2,128,0,0,0,0,2,0,0,0,0,0
RES,E6,226,46,1,1,92,93,1,4,1
EP,E6,226,2,128,0,0,0,0,2,0,0,0,0,0
RES,E6,227,47,2,2,94,95,2,4,1
EP,E6,227,2,128,0,0,0,0,2,0,0,0,0,0
RES,E6,228,48,1,3,96,97,0,4,1
EP,E6,228,2,128,0,0,0,0,2,0,0,0,0,0
RES,E6,229,49,1,4,98,99,1,4,1
EP,E6,229,2,128,0,0,0,0,2,0,0,0,0,0
RES,E6,230,50,1,0,100,101,2,4,1
EP,E6,230,2,128,0,0,0,0,2,0,0,0,0,0
RES,E6,231,51,2,1,102,103,0,4,1
EP,E6,231,2,128,0,0,0,0,2,0,0,0,0,0
RES,E6,232,52,1,2,104,105,1,4,1
EP,E6,232,2,128,0,0,0,0,2,0,0,0,0,0
RES,E6,233,53,1,3,106,107,2,4,1
EP,E6,233,2,128,0,0,0,0,2,0,0,0,0,0
RES,E6,234,54,1,4,108,109,0,4,1
EP,E6,234,2,128,0,0,0,0,2,0,0,0,0,0
RES,E6,235,55,2,0,110,111,1,4,1
EP,E6,235,2,128,0,0,0,0,2,0,0,0,0,0
RES,E6,236,56,1,1,112,113,2,4,1
EP,E6,236,2,128,0,0,0,0,2,0,0,0,0,0
RES,E6,237,57,1,2,114,115,0,4,1
EP,E6,237,2,128,0,0,0,0,2,0,0,0,0,0
RES,E6,238,58,1,3,116,117,1,4,1
EP,E6,238,2,128,0,0,0,0,2,0,0,0,0,0
RES,E6,239,59,2,4,118,119,2,4,1
EP,E6,239,2,128,0,0,0,0,2,0,0,0,0,0
RES,E6,240,60,1,0,120,121,0,4,1
EP,E6,240,2,128,0,0,0,0,2,0,0,0,0,0
RES,E6,241,61,1,1,122,123,1,4,1
EP,E6,241,2,128,0,0,0,0,2,0,0,0,0,0
RES,E6,242,62,1,2,124,125,2,4,1
EP,E6,242,2,128,0,0,0,0,2,0,0,0,0,0
RES,E6,243,63,2,3,126,127,0,4,1
EP,E6,243,2,128,0,0,0,0,2,0,0,0,0,0
RES,E6,244,64,1,4,128,129,1,4,1
EP,E6,244,2,128,0,0,0,0,2,0,0,0,0,0
RES,E6,245,65,1,0,130,131,2,4,1
EP,E6,245,2,128,0,0,0,0,2,0,0,0,0,0
RES,E6,246,66,1,1,132,133,0,4,1
EP,E6,246,2,128,0,0,0,0,2,0,0,0,0,0
RES,E6,247,67,2,2,134,135,1,4,1
EP,E6,247,2,128,0,0,0,0,2,0,0,0,0,0
RES,E6,248,68,1,3,136,137,2,4,1
EP,E6,248,2,128,0,0,0,0,2,0,0,0,0,0
RES,E6,249,69,1,4,138,139,0,4,1
EP,E6,249,2,128,0,0,0,0,2,0,0,0,0,0
RES,E6,250,70,1,0,140,141,1,4,1
EP,E6,250,2,128,0,0,0,0,2,0,0,0,0,0
RES,E6,251,71,2,1,142,143,2,4,1
EP,E6,251,2,128,0,0,0,0,2,0,0,0,0,0
RES,E6,252,72,1,2,144,145,0,4,1
EP,E6,252,2,128,0,0,0,0,2,0,0,0,0,0
RES,E6,253,73,1,3,146,147,1,4,1
EP,E6,253,2,128,0,0,0,0,2,0,0,0,0,0
RES,E6,254,74,1,4,148,149,2,4,1
EP,E6,254,2,128,0,0,0,0,2,0,0,0,0,0
RES,E6,255,75,2,0,150,151,0,4,1
EP,E6,255,2,128,0,0,0,0,2,0,0,0,0,0
RES,E6,256,76,1,1,152,153,1,4,1
EP,E6,256,2,128,0,0,0,0,2,0,0,0,0,0
RES,E6,257,77,1,2,154,155,2,4,1
EP,E6,257,2,128,0,0,0,0,2,0,0,0,0,0
RES,E6,258,78,1,3,156,157,0,4,1
EP,E6,258,2,128,0,0,0,0,2,0,0,0,0,0
RES,E6,259,79,2,4,158,159,1,4,1
EP,E6,259,2,128,0,0,0,0,2,0,0,0,0,0
RES,E6,260,80,1,0,160,161,2,4,1
EP,E6,260,2,128,0,0,0,0,2,0,0,0,0,0
RES,E6,261,81,1,1,162,163,0,4,1
EP,E6,261,2,128,0,0,0,0,2,0,0,0,0,0
RES,E6,262,82,1,2,164,165,1,4,1
EP,E6,262,2,128,0,0,0,0,2,0,0,0,0,0
RES,E6,263,83,2,3,166,167,2,4,1
EP,E6,263,2,128,0,0,0,0,2,0,0,0,0,0
RES,E6,264,84,1,4,168,169,0,4,1
EP,E6,264,2,128,0,0,0,0,2,0,0,0,0,0
RES,E6,265,85,1,0,170,171,1,4,1
EP,E6,265,2,128,0,0,0,0,2,0,0,0,0,0
RES,E6,266,86,1,1,172,173,2,4,1
EP,E6,266,2,128,0,0,0,0,2,0,0,0,0,0
RES,E6,267,87,2,2,174,175,0,4,1
EP,E6,267,2,128,0,0,0,0,2,0,0,0,0,0
RES,E6,268,88,1,3,176,177,1,4,1
EP,E6,268,2,128,0,0,0,0,2,0,0,0,0,0
RES,E6,269,89,1,4,178,179,2,4,1
EP,E6,269,2,128,0,0,0,0,2,0,0,0,0,0
RES,E6,270,90,1,0,180,181,0,4,1
EP,E6,270,2,128,0,0,0,0,2,0,0,0,0,0
RES,E6,271,91,2,1,182,183,1,4,1
EP,E6,271,2,128,0,0,0,0,2,0,0,0,0,0
RES,E6,272,92,1,2,184,185,2,4,1
EP,E6,272,2,128,0,0,0,0,2,0,0,0,0,0
RES,E6,273,93,1,3,186,187,0,4,1
EP,E6,273,2,128,0,0,0,0,2,0,0,0,0,0
RES,E6,274,94,1,4,188,189,1,4,1
EP,E6,274,2,128,0,0,0,0,2,0,0,0,0,0
RES,E6,275,95,2,0,190,191,2,4,1
EP,E6,275,2,128,0,0,0,0,2,0,0,0,0,0
RES,E6,276,96,1,1,192,193,0,4,1
EP,E6,276,2,128,0,0,0,0,2,0,0,0,0,0
RES,E6,277,97,1,2,194,195,1,4,1
EP,E6,277,2,128,0,0,0,0,2,0,0,0,0,0
RES,E6,278,98,1,3,196,197,2,4,1
EP,E6,278,2,128,0,0,0,0,2,0,0,0,0,0
RES,E6,279,99,2,4,198,199,0,4,1
EP,E6,279,2,128,0,0,0,0,2,0,0,0,0,0
RES,E6,280,100,1,0,200,201,1,4,1
EP,E6,280,2,128,0,0,0,0,2,0,0,0,0,0
RES,E6,281,101,1,1,202,203,2,4,1
EP,E6,281,2,128,0,0,0,0,2,0,0,0,0,0
RES,E6,282,102,1,2,204,205,0,4,1
EP,E6,282,2,128,0,0,0,0,2,0,0,0,0,0
RES,E6,283,103,2,3,206,207,1,4,1
EP,E6,283,2,128,0,0,0,0,2,0,0,0,0,0
RES,E6,284,104,1,4,208,209,2,4,1
EP,E6,284,2,128,0,0,0,0,2,0,0,0,0,0
RES,E6,285,105,1,0,210,211,0,4,1
EP,E6,285,2,128,0,0,0,0,2,0,0,0,0,0
RES,E6,286,106,1,1,212,213,1,4,1
EP,E6,286,2,128,0,0,0,0,2,0,0,0,0,0
RES,E6,287,107,2,2,214,215,2,4,1
EP,E6,287,2,128,0,0,0,0,2,0,0,0,0,0
RES,E6,288,108,1,3,216,217,0,4,1
EP,E6,288,2,128,0,0,0,0,2,0,0,0,0,0
RES,E6,289,109,1,4,218,219,1,4,1
EP,E6,289,2,128,0,0,0,0,2,0,0,0,0,0
RES,E6,290,110,1,0,220,221,2,4,1
EP,E6,290,2,128,0,0,0,0,2,0,0,0,0,0
RES,E6,291,111,2,1,222,223,0,4,1
EP,E6,291,2,128,0,0,0,0,2,0,0,0,0,0
RES,E6,292,112,1,2,224,225,1,4,1
EP,E6,292,2,128,0,0,0,0,2,0,0,0,0,0
RES,E6,293,113,1,3,226,227,2,4,1
EP,E6,293,2,128,0,0,0,0,2,0,0,0,0,0
RES,E6,294,114,1,4,228,229,0,4,1
EP,E6,294,2,128,0,0,0,0,2,0,0,0,0,0
RES,E6,295,115,2,0,230,231,1,4,1
EP,E6,295,2,128,0,0,0,0,2,0,0,0,0,0
RES,E6,296,116,1,1,232,233,2,4,1
EP,E6,296,2,128,0,0,0,0,2,0,0,0,0,0
RES,E6,297,117,1,2,234,235,0,4,1
EP,E6,297,2,128,0,0,0,0,2,0,0,0,0,0
RES,E6,298,118,1,3,236,237,1,4,1
EP,E6,298,2,128,0,0,0,0,2,0,0,0,0,0
RES,E6,299,119,2,4,238,239,2,4,1
EP,E6,299,2,128,0,0,0,0,2,0,0,0,0,0
DISC,E6,120,120,120,120,0,1
E6K,0,0,0
STAGE,E6,end
STAGE,CK,start
RES,CK,0,0,4,0,0,5,1,1
EP,EV,0,3,192,0,0,0,0,1,0,0,0,0,2
RES,CK,0,1,5,0,0,6,1,1
EP,EV,1,3,192,0,0,0,0,1,0,0,0,0,2
RES,CK,0,2,0,1,0,1,1,1
EP,EV,2,3,192,0,0,0,0,1,0,0,0,0,2
RES,CK,0,3,1,1,0,4,0,1
EP,EV,3,3,192,0,0,0,0,1,0,0,0,0,2
RES,CK,0,4,2,1,0,3,1,1
EP,EV,4,4,256,0,0,0,0,1,0,0,0,0,3
RES,CK,0,5,3,1,0,4,1,1
EP,EV,5,3,192,0,0,0,0,1,0,0,0,0,2
RES,CK,0,6,4,1,0,5,1,1
EP,EV,6,3,192,0,0,0,0,1,0,0,0,0,2
RES,CK,0,7,5,1,0,6,1,1
EP,EV,7,3,192,0,0,0,0,1,0,0,0,0,2
RES,CK,1,0,0,2,0,1,1,1
EP,EV,8,3,192,0,0,0,0,1,0,0,0,0,2
RES,CK,1,1,1,2,0,4,0,1
EP,EV,9,3,192,0,0,0,0,1,0,0,0,0,2
RES,CK,1,2,2,2,0,3,1,1
EP,EV,10,4,256,0,0,0,0,1,0,0,0,0,3
RES,CK,1,3,3,2,0,4,1,1
EP,EV,11,3,192,0,0,0,0,1,0,0,0,0,2
RES,CK,1,4,4,2,0,5,1,1
EP,EV,12,3,192,0,0,0,0,1,0,0,0,0,2
RES,CK,1,5,5,2,0,6,1,1
EP,EV,13,3,192,0,0,0,0,1,0,0,0,0,2
RES,CK,1,6,0,0,1,1,1,1
EP,EV,14,3,192,0,0,0,0,1,0,0,0,0,2
RES,CK,1,7,1,0,1,2,1,1
EP,EV,15,3,192,0,0,0,0,1,0,0,0,0,2
RES,CK,2,0,2,0,1,3,0,1
EP,EV,16,4,256,0,0,0,0,1,0,0,0,0,3
RES,CK,2,1,3,0,1,4,0,1
EP,EV,17,3,192,0,0,0,0,1,0,0,0,0,2
RES,CK,2,2,4,0,1,5,1,1
EP,EV,18,3,192,0,0,0,0,1,0,0,0,0,2
RES,CK,2,3,5,0,1,6,1,1
EP,EV,19,3,192,0,0,0,0,1,0,0,0,0,2
RES,CK,2,4,0,1,1,1,1,1
EP,EV,20,3,192,0,0,0,0,1,0,0,0,0,2
RES,CK,2,5,1,1,1,4,0,1
EP,EV,21,3,192,0,0,0,0,1,0,0,0,0,2
RES,CK,2,6,2,1,1,3,0,1
EP,EV,22,4,256,0,0,0,0,1,0,0,0,0,3
RES,CK,2,7,3,1,1,4,0,1
EP,EV,23,3,192,0,0,0,0,1,0,0,0,0,2
RES,CK,3,0,4,1,1,5,1,1
EP,EV,24,3,192,0,0,0,0,1,0,0,0,0,2
RES,CK,3,1,5,1,1,6,1,1
EP,EV,25,3,192,0,0,0,0,1,0,0,0,0,2
RES,CK,3,2,0,2,1,1,1,1
EP,EV,26,3,192,0,0,0,0,1,0,0,0,0,2
RES,CK,3,3,1,2,1,4,0,1
EP,EV,27,3,192,0,0,0,0,1,0,0,0,0,2
RES,CK,3,4,2,2,1,3,0,1
EP,EV,28,4,256,0,0,0,0,1,0,0,0,0,3
RES,CK,3,5,3,2,1,4,0,1
EP,EV,29,3,192,0,0,0,0,1,0,0,0,0,2
RES,CK,3,6,4,2,1,5,1,1
EP,EV,30,3,192,0,0,0,0,1,0,0,0,0,2
RES,CK,3,7,5,2,1,6,1,1
EP,EV,31,3,192,0,0,0,0,1,0,0,0,0,2
RES,CK,4,0,0,0,0,1,1,1
EP,EV,32,3,192,0,0,0,0,1,0,0,0,0,2
RES,CK,4,1,1,0,0,2,1,1
EP,EV,33,3,192,0,0,0,0,1,0,0,0,0,2
RES,CK,4,2,2,0,0,3,1,1
EP,EV,34,4,256,0,0,0,0,1,0,0,0,0,3
RES,CK,4,3,3,0,0,4,1,1
EP,EV,35,3,192,0,0,0,0,1,0,0,0,0,2
RES,CK,4,4,4,0,0,5,1,1
EP,EV,36,3,192,0,0,0,0,1,0,0,0,0,2
RES,CK,4,5,5,0,0,6,1,1
EP,EV,37,3,192,0,0,0,0,1,0,0,0,0,2
RES,CK,4,6,0,1,0,1,1,1
EP,EV,38,3,192,0,0,0,0,1,0,0,0,0,2
RES,CK,4,7,1,1,0,4,0,1
EP,EV,39,3,192,0,0,0,0,1,0,0,0,0,2
RES,CK,5,0,2,1,0,3,1,1
EP,EV,40,4,256,0,0,0,0,1,0,0,0,0,3
RES,CK,5,1,3,1,0,4,1,1
EP,EV,41,3,192,0,0,0,0,1,0,0,0,0,2
RES,CK,5,2,4,1,0,5,1,1
EP,EV,42,3,192,0,0,0,0,1,0,0,0,0,2
RES,CK,5,3,5,1,0,6,1,1
EP,EV,43,3,192,0,0,0,0,1,0,0,0,0,2
RES,CK,5,4,0,2,0,1,1,1
EP,EV,44,3,192,0,0,0,0,1,0,0,0,0,2
RES,CK,5,5,1,2,0,4,0,1
EP,EV,45,3,192,0,0,0,0,1,0,0,0,0,2
RES,CK,5,6,2,2,0,3,1,1
EP,EV,46,4,256,0,0,0,0,1,0,0,0,0,3
RES,CK,5,7,3,2,0,4,1,1
EP,EV,47,3,192,0,0,0,0,1,0,0,0,0,2
RES,CK,6,0,4,2,0,5,1,1
EP,EV,48,3,192,0,0,0,0,1,0,0,0,0,2
RES,CK,6,1,5,2,0,6,1,1
EP,EV,49,3,192,0,0,0,0,1,0,0,0,0,2
RES,CK,6,2,0,0,1,1,1,1
EP,EV,50,3,192,0,0,0,0,1,0,0,0,0,2
RES,CK,6,3,1,0,1,2,1,1
EP,EV,51,3,192,0,0,0,0,1,0,0,0,0,2
RES,CK,6,4,2,0,1,3,0,1
EP,EV,52,4,256,0,0,0,0,1,0,0,0,0,3
RES,CK,6,5,3,0,1,4,0,1
EP,EV,53,3,192,0,0,0,0,1,0,0,0,0,2
RES,CK,6,6,4,0,1,5,1,1
EP,EV,54,3,192,0,0,0,0,1,0,0,0,0,2
RES,CK,6,7,5,0,1,6,1,1
EP,EV,55,3,192,0,0,0,0,1,0,0,0,0,2
RES,CK,7,0,0,1,1,1,1,1
EP,EV,56,3,192,0,0,0,0,1,0,0,0,0,2
RES,CK,7,1,1,1,1,4,0,1
EP,EV,57,3,192,0,0,0,0,1,0,0,0,0,2
RES,CK,7,2,2,1,1,3,0,1
EP,EV,58,4,256,0,0,0,0,1,0,0,0,0,3
RES,CK,7,3,3,1,1,4,0,1
EP,EV,59,3,192,0,0,0,0,1,0,0,0,0,2
RES,CK,7,4,4,1,1,5,1,1
EP,EV,60,3,192,0,0,0,0,1,0,0,0,0,2
RES,CK,7,5,5,1,1,6,1,1
EP,EV,61,3,192,0,0,0,0,1,0,0,0,0,2
RES,CK,7,6,0,2,1,1,1,1
EP,EV,62,3,192,0,0,0,0,1,0,0,0,0,2
RES,CK,7,7,1,2,1,4,0,1
EP,EV,63,3,192,0,0,0,0,1,0,0,0,0,2
CKSUM,64
STAGE,CK,end
STAGE,C1,start
RES,C1,0,1,2200,2200,1
EP,EV,0,1,64,0,0,0,0,1,0,0,0,0,0
RES,C1,1,2,2201,2201,1
EP,EV,1,1,64,0,0,0,0,1,0,0,0,0,0
RES,C1,2,3,2002,2002,1
EP,EV,2,1,64,0,0,0,0,1,0,0,0,0,0
RES,C1,3,4,2003,2003,1
EP,EV,3,1,64,0,0,0,0,1,0,0,0,0,0
RES,C1,4,5,2004,2004,1
EP,EV,4,1,64,0,0,0,0,1,0,0,0,0,0
RES,C1,5,6,2005,2005,1
EP,EV,5,1,64,0,0,0,0,1,0,0,0,0,0
RES,C1,6,7,2006,2006,1
EP,EV,6,1,64,0,0,0,0,1,0,0,0,0,0
RES,C1,7,8,2007,2007,1
EP,EV,7,1,64,0,0,0,0,1,0,0,0,0,0
RES,C1,8,9,2008,2008,1
EP,EV,8,1,64,0,0,0,0,1,0,0,0,0,0
RES,C1,9,10,2009,2009,1
EP,EV,9,1,64,0,0,0,0,1,0,0,0,0,0
RES,C1,10,11,2010,2010,1
EP,EV,10,1,64,0,0,0,0,1,0,0,0,0,0
RES,C1,11,12,2011,2011,1
EP,EV,11,1,64,0,0,0,0,1,0,0,0,0,0
RES,C1,12,13,2012,2012,1
EP,EV,12,1,64,0,0,0,0,1,0,0,0,0,0
RES,C1,13,14,2013,2013,1
EP,EV,13,1,64,0,0,0,0,1,0,0,0,0,0
RES,C1,14,15,2014,2014,1
EP,EV,14,1,64,0,0,0,0,1,0,0,0,0,0
RES,C1,15,16,2015,2015,1
EP,EV,15,1,64,0,0,0,0,1,0,0,0,0,0
RES,C1,16,17,2016,2016,1
EP,EV,16,1,64,0,0,0,0,1,0,0,0,0,0
RES,C1,17,18,2017,2017,1
EP,EV,17,1,64,0,0,0,0,1,0,0,0,0,0
RES,C1,18,19,2018,2018,1
EP,EV,18,1,64,0,0,0,0,1,0,0,0,0,0
RES,C1,19,20,2019,2019,1
EP,EV,19,1,64,0,0,0,0,1,0,0,0,0,0
RES,C1,20,21,2020,2020,1
EP,EV,20,1,64,0,0,0,0,1,0,0,0,0,0
RES,C1,21,22,2021,2021,1
EP,EV,21,1,64,0,0,0,0,1,0,0,0,0,0
RES,C1,22,23,2022,2022,1
EP,EV,22,1,64,0,0,0,0,1,0,0,0,0,0
RES,C1,23,24,2023,2023,1
EP,EV,23,1,64,0,0,0,0,1,0,0,0,0,0
RES,C1,24,25,2024,2024,1
EP,EV,24,1,64,0,0,0,0,1,0,0,0,0,0
RES,C1,25,26,2025,2025,1
EP,EV,25,1,64,0,0,0,0,1,0,0,0,0,0
RES,C1,26,27,2026,2026,1
EP,EV,26,1,64,0,0,0,0,1,0,0,0,0,0
RES,C1,27,28,2027,2027,1
EP,EV,27,1,64,0,0,0,0,1,0,0,0,0,0
RES,C1,28,41,2240,2240,1
EP,EV,28,1,64,0,0,0,0,1,0,0,0,0,0
RES,C1,29,42,2241,2241,1
EP,EV,29,1,64,0,0,0,0,1,0,0,0,0,0
RES,C1,30,43,2042,2042,1
EP,EV,30,1,64,0,0,0,0,1,0,0,0,0,0
RES,C1,31,44,2043,2043,1
EP,EV,31,1,64,0,0,0,0,1,0,0,0,0,0
RES,C1,32,45,2044,2044,1
EP,EV,32,1,64,0,0,0,0,1,0,0,0,0,0
RES,C1,33,46,2045,2045,1
EP,EV,33,1,64,0,0,0,0,1,0,0,0,0,0
RES,C1,34,47,2046,2046,1
EP,EV,34,1,64,0,0,0,0,1,0,0,0,0,0
RES,C1,35,48,2047,2047,1
EP,EV,35,1,64,0,0,0,0,1,0,0,0,0,0
RES,C1,36,49,2048,2048,1
EP,EV,36,1,64,0,0,0,0,1,0,0,0,0,0
RES,C1,37,50,2049,2049,1
EP,EV,37,1,64,0,0,0,0,1,0,0,0,0,0
RES,C1,38,51,2050,2050,1
EP,EV,38,1,64,0,0,0,0,1,0,0,0,0,0
RES,C1,39,52,2051,2051,1
EP,EV,39,1,64,0,0,0,0,1,0,0,0,0,0
STAGE,C1,end
DCOUNT,6,6
KFAIL,0,0
HISTCFG,bytes_per_entry,64,entry_words,16,cap_k1_bytes,4096
HISTAGG,E1,800,256,64,448,256,680,0,0,40,2240,0,0,0,0,0,0
CL_CHECK,k1_max_bytes_le_4096,1,1
CL_CHECK,k1_other_class_zero,0,0
CL_CHECK,episodes,800,800
HISTCFG,bytes_per_entry,64,entry_words,16,cap_k1_bytes,4096
HISTAGG,E2,600,64,64,256,64,0,0,0,1,644,0,0,0,0,0,0
CL_CHECK,k1_max_bytes_le_4096,1,1
CL_CHECK,k1_other_class_zero,0,0
CL_CHECK,episodes,600,600
HISTCFG,bytes_per_entry,64,entry_words,16,cap_k1_bytes,4096
HISTAGG,E3,400,192,192,256,256,0,0,0,0,400,0,0,0,0,866,0
CL_CHECK,k1_max_bytes_le_4096,1,1
CL_CHECK,k1_other_class_zero,0,0
CL_CHECK,episodes,400,400
HISTCFG,bytes_per_entry,64,entry_words,16,cap_k1_bytes,4096
HISTAGG,E4,500,128,128,128,128,0,0,0,0,1000,0,0,0,0,0,0
CL_CHECK,k1_max_bytes_le_4096,1,1
CL_CHECK,k1_other_class_zero,0,0
CL_CHECK,episodes,500,500
HISTCFG,bytes_per_entry,64,entry_words,16,cap_k1_bytes,4096
HISTAGG,E5,800,128,128,2688,128,20,0,20,0,1600,0,0,0,0,0,1
CL_CHECK,k1_max_bytes_le_4096,1,1
CL_CHECK,k1_other_class_zero,0,0
CL_CHECK,episodes,800,800
HISTCFG,bytes_per_entry,64,entry_words,16,cap_k1_bytes,4096
HISTAGG,E6,300,128,128,128,128,0,0,0,0,600,0,0,0,0,0,0
CL_CHECK,k1_max_bytes_le_4096,1,1
CL_CHECK,k1_other_class_zero,0,0
CL_CHECK,episodes,300,300
HISTCFG,bytes_per_entry,64,entry_words,16,cap_k1_bytes,4096
HISTAGG,EV,480,128,64,256,192,0,0,0,0,560,0,0,0,0,346,0
CL_CHECK,k1_max_bytes_le_4096,1,1
CL_CHECK,k1_other_class_zero,0,0
CL_CHECK,episodes,480,480
PILOT,step5b,end
