RES,E3,393,1,1,1,0,4,0,0
EP,E3,393,3,192,0,0,0,0,1,0,0,0,0,2
RES,E3,394,2,1,1,0,3,0,0
EP,E3,394,4,256,0,0,0,0,1,0,0,0,0,3
RES,E3,395,3,1,1,0,4,0,0
EP,E3,395,3,192,0,0,0,0,1,0,0,0,0,2
RES,E3,396,4,1,1,0,5,1,2
EP,E3,396,3,192,0,0,0,0,1,0,0,0,0,2
RES,E3,397,5,1,1,0,6,1,2
EP,E3,397,3,192,0,0,0,0,1,0,0,0,0,2
RES,E3,398,0,2,1,0,1,1,1
EP,E3,398,3,192,0,0,0,0,1,0,0,0,0,2
RES,E3,399,1,2,1,0,4,0,0
EP,E3,399,3,192,0,0,0,0,1,0,0,0,0,2
GATEV,post,1,1,1,0,1,1,1,1,0,0,1,1,1,1,1,0,1,1,1,1,0,0,1,1
STAGE,E3,end
STAGE,E3EVAL,start
RES,E3H,0,2,0,1,3,0
EP,EV,0,4,256,0,0,0,0,1,0,0,0,0,3
RES,E3H,1,3,0,1,4,0
EP,EV,1,3,192,0,0,0,0,1,0,0,0,0,2
RES,E3H,2,4,0,1,5,1
EP,EV,2,3,192,0,0,0,0,1,0,0,0,0,2
RES,E3H,3,5,0,1,6,1
EP,EV,3,3,192,0,0,0,0,1,0,0,0,0,2
RES,E3H,4,0,1,1,1,1
EP,EV,4,3,192,0,0,0,0,1,0,0,0,0,2
RES,E3H,5,1,1,1,4,0
EP,EV,5,3,192,0,0,0,0,1,0,0,0,0,2
RES,E3H,6,2,1,1,3,0
EP,EV,6,4,256,0,0,0,0,1,0,0,0,0,3
RES,E3H,7,3,1,1,4,0
EP,EV,7,3,192,0,0,0,0,1,0,0,0,0,2
RES,E3H,8,4,1,1,5,1
EP,EV,8,3,192,0,0,0,0,1,0,0,0,0,2
RES,E3H,9,5,1,1,6,1
EP,EV,9,3,192,0,0,0,0,1,0,0,0,0,2
RES,E3H,10,0,2,1,1,1
EP,EV,10,3,192,0,0,0,0,1,0,0,0,0,2
RES,E3H,11,1,2,1,4,0
EP,EV,11,3,192,0,0,0,0,1,0,0,0,0,2
RES,E3H,12,2,2,1,3,0
EP,EV,12,4,256,0,0,0,0,1,0,0,0,0,3
RES,E3H,13,3,2,1,4,0
EP,EV,13,3,192,0,0,0,0,1,0,0,0,0,2
RES,E3H,14,4,2,1,5,1
EP,EV,14,3,192,0,0,0,0,1,0,0,0,0,2
RES,E3H,15,5,2,1,6,1
EP,EV,15,3,192,0,0,0,0,1,0,0,0,0,2
RES,E3H,16,0,0,0,1,1
EP,EV,16,3,192,0,0,0,0,1,0,0,0,0,2
RES,E3H,17,1,0,0,2,1
EP,EV,17,3,192,0,0,0,0,1,0,0,0,0,2
RES,E3H,18,2,0,0,3,1
EP,EV,18,4,256,0,0,0,0,1,0,0,0,0,3
RES,E3H,19,3,0,0,4,1
EP,EV,19,3,192,0,0,0,0,1,0,0,0,0,2
RES,E3H,20,4,0,0,5,1
EP,EV,20,3,192,0,0,0,0,1,0,0,0,0,2
RES,E3H,21,5,0,0,6,1
EP,EV,21,3,192,0,0,0,0,1,0,0,0,0,2
RES,E3H,22,0,1,0,1,1
EP,EV,22,3,192,0,0,0,0,1,0,0,0,0,2
RES,E3H,23,1,1,0,4,0
EP,EV,23,3,192,0,0,0,0,1,0,0,0,0,2
RES,E3H,24,2,1,0,3,1
EP,EV,24,4,256,0,0,0,0,1,0,0,0,0,3
RES,E3H,25,3,1,0,4,1
EP,EV,25,3,192,0,0,0,0,1,0,0,0,0,2
RES,E3H,26,4,1,0,5,1
EP,EV,26,3,192,0,0,0,0,1,0,0,0,0,2
RES,E3H,27,5,1,0,6,1
EP,EV,27,3,192,0,0,0,0,1,0,0,0,0,2
RES,E3H,28,0,2,0,1,1
EP,EV,28,3,192,0,0,0,0,1,0,0,0,0,2
RES,E3H,29,1,2,0,4,0
EP,EV,29,3,192,0,0,0,0,1,0,0,0,0,2
RES,E3H,30,2,2,0,3,1
EP,EV,30,4,256,0,0,0,0,1,0,0,0,0,3
RES,E3H,31,3,2,0,4,1
EP,EV,31,3,192,0,0,0,0,1,0,0,0,0,2
RES,E3H,32,4,2,0,5,1
EP,EV,32,3,192,0,0,0,0,1,0,0,0,0,2
RES,E3H,33,5,2,0,6,1
EP,EV,33,3,192,0,0,0,0,1,0,0,0,0,2
RES,E3H,34,0,0,1,1,1
EP,EV,34,3,192,0,0,0,0,1,0,0,0,0,2
RES,E3H,35,1,0,1,2,1
EP,EV,35,3,192,0,0,0,0,1,0,0,0,0,2
RES,E3H,36,2,0,1,3,0
EP,EV,36,4,256,0,0,0,0,1,0,0,0,0,3
RES,E3H,37,3,0,1,4,0
EP,EV,37,3,192,0,0,0,0,1,0,0,0,0,2
RES,E3H,38,4,0,1,5,1
EP,EV,38,3,192,0,0,0,0,1,0,0,0,0,2
RES,E3H,39,5,0,1,6,1
EP,EV,39,3,192,0,0,0,0,1,0,0,0,0,2
RES,E3H,40,0,1,1,1,1
EP,EV,40,3,192,0,0,0,0,1,0,0,0,0,2
RES,E3H,41,1,1,1,4,0
EP,EV,41,3,192,0,0,0,0,1,0,0,0,0,2
RES,E3H,42,2,1,1,3,0
EP,EV,42,4,256,0,0,0,0,1,0,0,0,0,3
RES,E3H,43,3,1,1,4,0
EP,EV,43,3,192,0,0,0,0,1,0,0,0,0,2
RES,E3H,44,4,1,1,5,1
EP,EV,44,3,192,0,0,0,0,1,0,0,0,0,2
RES,E3H,45,5,1,1,6,1
EP,EV,45,3,192,0,0,0,0,1,0,0,0,0,2
RES,E3H,46,0,2,1,1,1
EP,EV,46,3,192,0,0,0,0,1,0,0,0,0,2
RES,E3H,47,1,2,1,4,0
EP,EV,47,3,192,0,0,0,0,1,0,0,0,0,2
RES,E3P,0,0,2,0,1,1
EP,EV,48,3,192,0,0,0,0,1,0,0,0,0,2
RES,E3P,1,1,2,0,4,0
EP,EV,49,3,192,0,0,0,0,1,0,0,0,0,2
RES,E3P,2,2,2,0,3,1
EP,EV,50,4,256,0,0,0,0,1,0,0,0,0,3
RES,E3P,3,3,2,0,4,1
EP,EV,51,3,192,0,0,0,0,1,0,0,0,0,2
RES,E3P,4,4,2,0,5,1
EP,EV,52,3,192,0,0,0,0,1,0,0,0,0,2
RES,E3P,5,5,2,0,6,1
EP,EV,53,3,192,0,0,0,0,1,0,0,0,0,2
RES,E3P,6,0,0,1,1,1
EP,EV,54,3,192,0,0,0,0,1,0,0,0,0,2
RES,E3P,7,1,0,1,2,1
EP,EV,55,3,192,0,0,0,0,1,0,0,0,0,2
RES,E3P,8,2,0,1,3,0
EP,EV,56,4,256,0,0,0,0,1,0,0,0,0,3
RES,E3P,9,3,0,1,4,0
EP,EV,57,3,192,0,0,0,0,1,0,0,0,0,2
RES,E3P,10,4,0,1,5,1
EP,EV,58,3,192,0,0,0,0,1,0,0,0,0,2
RES,E3P,11,5,0,1,6,1
EP,EV,59,3,192,0,0,0,0,1,0,0,0,0,2
RES,E3P,12,0,1,1,1,1
EP,EV,60,3,192,0,0,0,0,1,0,0,0,0,2
RES,E3P,13,1,1,1,4,0
EP,EV,61,3,192,0,0,0,0,1,0,0,0,0,2
RES,E3P,14,2,1,1,3,0
EP,EV,62,4,256,0,0,0,0,1,0,0,0,0,3
RES,E3P,15,3,1,1,4,0
EP,EV,63,3,192,0,0,0,0,1,0,0,0,0,2
RES,E3P,16,4,1,1,5,1
EP,EV,64,3,192,0,0,0,0,1,0,0,0,0,2
RES,E3P,17,5,1,1,6,1
EP,EV,65,3,192,0,0,0,0,1,0,0,0,0,2
RES,E3P,18,0,2,1,1,1
EP,EV,66,3,192,0,0,0,0,1,0,0,0,0,2
RES,E3P,19,1,2,1,4,0
EP,EV,67,3,192,0,0,0,0,1,0,0,0,0,2
RES,E3P,20,2,2,1,3,0
EP,EV,68,4,256,0,0,0,0,1,0,0,0,0,3
RES,E3P,21,3,2,1,4,0
EP,EV,69,3,192,0,0,0,0,1,0,0,0,0,2
RES,E3P,22,4,2,1,5,1
EP,EV,70,3,192,0,0,0,0,1,0,0,0,0,2
RES,E3P,23,5,2,1,6,1
EP,EV,71,3,192,0,0,0,0,1,0,0,0,0,2
RES,E3P,24,0,0,0,1,1
EP,EV,72,3,192,0,0,0,0,1,0,0,0,0,2
RES,E3P,25,1,0,0,2,1
EP,EV,73,3,192,0,0,0,0,1,0,0,0,0,2
RES,E3P,26,2,0,0,3,1
EP,EV,74,4,256,0,0,0,0,1,0,0,0,0,3
RES,E3P,27,3,0,0,4,1
EP,EV,75,3,192,0,0,0,0,1,0,0,0,0,2
RES,E3P,28,4,0,0,5,1
EP,EV,76,3,192,0,0,0,0,1,0,0,0,0,2
RES,E3P,29,5,0,0,6,1
EP,EV,77,3,192,0,0,0,0,1,0,0,0,0,2
RES,E3P,30,0,1,0,1,1
EP,EV,78,3,192,0,0,0,0,1,0,0,0,0,2
RES,E3P,31,1,1,0,4,0
EP,EV,79,3,192,0,0,0,0,1,0,0,0,0,2
RES,E3P,32,2,1,0,3,1
EP,EV,80,4,256,0,0,0,0,1,0,0,0,0,3
RES,E3P,33,3,1,0,4,1
EP,EV,81,3,192,0,0,0,0,1,0,0,0,0,2
RES,E3P,34,4,1,0,5,1
EP,EV,82,3,192,0,0,0,0,1,0,0,0,0,2
RES,E3P,35,5,1,0,6,1
EP,EV,83,3,192,0,0,0,0,1,0,0,0,0,2
RES,E3P,36,0,2,0,1,1
EP,EV,84,3,192,0,0,0,0,1,0,0,0,0,2
RES,E3P,37,1,2,0,4,0
EP,EV,85,3,192,0,0,0,0,1,0,0,0,0,2
RES,E3P,38,2,2,0,3,1
EP,EV,86,4,256,0,0,0,0,1,0,0,0,0,3
RES,E3P,39,3,2,0,4,1
EP,EV,87,3,192,0,0,0,0,1,0,0,0,0,2
RES,E3P,40,4,2,0,5,1
EP,EV,88,3,192,0,0,0,0,1,0,0,0,0,2
RES,E3P,41,5,2,0,6,1
EP,EV,89,3,192,0,0,0,0,1,0,0,0,0,2
RES,E3P,42,0,0,1,1,1
EP,EV,90,3,192,0,0,0,0,1,0,0,0,0,2
RES,E3P,43,1,0,1,2,1
EP,EV,91,3,192,0,0,0,0,1,0,0,0,0,2
RES,E3P,44,2,0,1,3,0
EP,EV,92,4,256,0,0,0,0,1,0,0,0,0,3
RES,E3P,45,3,0,1,4,0
EP,EV,93,3,192,0,0,0,0,1,0,0,0,0,2
RES,E3P,46,4,0,1,5,1
EP,EV,94,3,192,0,0,0,0,1,0,0,0,0,2
RES,E3P,47,5,0,1,6,1
EP,EV,95,3,192,0,0,0,0,1,0,0,0,0,2
DISC,E3,48,48,48,48,0,1
STAGE,E3EVAL,end
STAGE,E4,start
RES,E4,0,160602,1,900,3,403,203
EP,E4,0,2,128,0,0,0,0,2,0,0,0,0,0
RES,E4,1,201209,1,900,4,406,210
EP,E4,1,2,128,0,0,0,0,2,0,0,0,0,0
RES,E4,2,241816,1,900,5,409,217
EP,E4,2,2,128,0,0,0,0,2,0,0,0,0,0
RES,E4,3,282423,1,900,6,412,224
EP,E4,3,2,128,0,0,0,0,2,0,0,0,0,0
RES,E4,4,323044,1,900,7,415,245
EP,E4,4,2,128,0,0,0,0,2,0,0,0,0,0
RES,E4,5,363651,1,900,8,418,252
EP,E4,5,2,128,0,0,0,0,2,0,0,0,0,0
RES,E4,6,404258,1,900,9,421,259
EP,E4,6,2,128,0,0,0,0,2,0,0,0,0,0
RES,E4,7,444865,1,900,10,424,266
EP,E4,7,2,128,0,0,0,0,2,0,0,0,0,0
RES,E4,8,485486,1,900,11,427,287
EP,E4,8,2,128,0,0,0,0,2,0,0,0,0,0
RES,E4,9,528893,1,900,12,444,294
EP,E4,9,2,128,0,0,0,0,2,0,0,0,0,0
RES,E4,10,569500,1,900,13,447,301
EP,E4,10,2,128,0,0,0,0,2,0,0,0,0,0
RES,E4,11,610107,1,900,14,450,308
EP,E4,11,2,128,0,0,0,0,2,0,0,0,0,0
RES,E4,12,650728,1,900,15,453,329
EP,E4,12,2,128,0,0,0,0,2,0,0,0,0,0
RES,E4,13,691335,1,900,16,456,336
EP,E4,13,2,128,0,0,0,0,2,0,0,0,0,0
RES,E4,14,731942,1,900,17,459,343
EP,E4,14,2,128,0,0,0,0,2,0,0,0,0,0
RES,E4,15,772563,1,900,18,462,364
EP,E4,15,2,128,0,0,0,0,2,0,0,0,0,0
RES,E4,16,813170,1,900,19,465,371
EP,E4,16,2,128,0,0,0,0,2,0,0,0,0,0
RES,E4,17,853777,1,900,20,468,378
EP,E4,17,2,128,0,0,0,0,2,0,0,0,0,0
RES,E4,18,897184,1,900,21,485,385
EP,E4,18,2,128,0,0,0,0,2,0,0,0,0,0
RES,E4,19,937605,1,900,22,488,206
EP,E4,19,2,128,0,0,0,0,2,0,0,0,0,0
RES,E4,20,978212,1,900,23,491,213
EP,E4,20,2,128,0,0,0,0,2,0,0,0,0,0
RES,E4,21,1018819,1,900,24,494,220
EP,E4,21,2,128,0,0,0,0,2,0,0,0,0,0
RES,E4,22,1059426,1,900,25,497,227
EP,E4,22,2,128,0,0,0,0,2,0,0,0,0,0
RES,E4,23,1100047,1,900,26,500,248
EP,E4,23,2,128,0,0,0,0,2,0,0,0,0,0
RES,E4,24,1140654,1,900,27,503,255
EP,E4,24,2,128,0,0,0,0,2,0,0,0,0,0
RES,E4,25,1181261,1,900,28,506,262
EP,E4,25,2,128,0,0,0,0,2,0,0,0,0,0
RES,E4,26,1784682,1,900,43,523,283
EP,E4,26,2,128,0,0,0,0,2,0,0,0,0,0
RES,E4,27,1825289,1,900,44,526,290
EP,E4,27,2,128,0,0,0,0,2,0,0,0,0,0
RES,E4,28,1865896,1,900,45,529,297
EP,E4,28,2,128,0,0,0,0,2,0,0,0,0,0
RES,E4,29,1906503,1,900,46,532,304
EP,E4,29,2,128,0,0,0,0,2,0,0,0,0,0
RES,E4,30,1947124,1,900,47,535,325
EP,E4,30,2,128,0,0,0,0,2,0,0,0,0,0
RES,E4,31,1987731,1,900,48,538,332
EP,E4,31,2,128,0,0,0,0,2,0,0,0,0,0
RES,E4,32,2028338,1,900,49,541,339
EP,E4,32,2,128,0,0,0,0,2,0,0,0,0,0
RES,E4,33,2068945,1,900,50,544,346
EP,E4,33,2,128,0,0,0,0,2,0,0,0,0,0
RES,E4,34,2109566,1,900,51,547,367
EP,E4,34,2,128,0,0,0,0,2,0,0,0,0,0
RES,E4,35,2152973,1,900,52,564,374
EP,E4,35,2,128,0,0,0,0,2,0,0,0,0,0
RES,E4,36,2193580,1,900,53,567,381
EP,E4,36,2,128,0,0,0,0,2,0,0,0,0,0
RES,E4,37,2234187,1,900,54,570,388
EP,E4,37,2,128,0,0,0,0,2,0,0,0,0,0
RES,E4,38,2274608,1,900,55,573,209
EP,E4,38,2,128,0,0,0,0,2,0,0,0,0,0
RES,E4,39,2315215,1,900,56,576,216
EP,E4,39,2,128,0,0,0,0,2,0,0,0,0,0
RES,E4,40,2355822,1,900,57,579,223
EP,E4,40,2,128,0,0,0,0,2,0,0,0,0,0
RES,E4,41,2396443,1,900,58,582,244
EP,E4,41,2,128,0,0,0,0,2,0,0,0,0,0
RES,E4,42,2437050,1,900,59,585,251
EP,E4,42,2,128,0,0,0,0,2,0,0,0,0,0
RES,E4,43,2477657,1,900,60,588,258
EP,E4,43,2,128,0,0,0,0,2,0,0,0,0,0
RES,E4,44,2481064,1,900,61,405,265
EP,E4,44,2,128,0,0,0,0,2,0,0,0,0,0
RES,E4,45,2521685,1,900,62,408,286
EP,E4,45,2,128,0,0,0,0,2,0,0,0,0,0
RES,E4,46,2562292,1,900,63,411,293
EP,E4,46,2,128,0,0,0,0,2,0,0,0,0,0
RES,E4,47,2602899,1,900,64,414,300
EP,E4,47,2,128,0,0,0,0,2,0,0,0,0,0
RES,E4,48,2643506,1,900,65,417,307
EP,E4,48,2,128,0,0,0,0,2,0,0,0,0,0
RES,E4,49,2684127,1,900,66,420,328
EP,E4,49,2,128,0,0,0,0,2,0,0,0,0,0
RES,E4,50,2724734,1,900,67,423,335
EP,E4,50,2,128,0,0,0,0,2,0,0,0,0,0
RES,E4,51,2765341,1,900,68,426,342
EP,E4,51,2,128,0,0,0,0,2,0,0,0,0,0
RES,E4,52,3368762,1,900,83,443,363
EP,E4,52,2,128,0,0,0,0,2,0,0,0,0,0
RES,E4,53,3409369,1,900,84,446,370
EP,E4,53,2,128,0,0,0,0,2,0,0,0,0,0
RES,E4,54,3449976,1,900,85,449,377
EP,E4,54,2,128,0,0,0,0,2,0,0,0,0,0
RES,E4,55,3490583,1,900,86,452,384
EP,E4,55,2,128,0,0,0,0,2,0,0,0,0,0
RES,E4,56,3531004,1,900,87,455,205
EP,E4,56,2,128,0,0,0,0,2,0,0,0,0,0
RES,E4,57,3571611,0,900,88,458,212
EP,E4,57,2,128,0,0,0,0,2,0,0,0,0,0
RES,E4,58,3612218,1,900,89,461,219
EP,E4,58,2,128,0,0,0,0,2,0,0,0,0,0
RES,E4,59,3652825,1,900,90,464,226
EP,E4,59,2,128,0,0,0,0,2,0,0,0,0,0
RES,E4,60,3693446,1,900,91,467,247
EP,E4,60,2,128,0,0,0,0,2,0,0,0,0,0
RES,E4,61,3736853,1,900,92,484,254
EP,E4,61,2,128,0,0,0,0,2,0,0,0,0,0
RES,E4,62,3777460,1,900,93,487,261
EP,E4,62,2,128,0,0,0,0,2,0,0,0,0,0
RES,E4,63,3818067,1,900,94,490,268
EP,E4,63,2,128,0,0,0,0,2,0,0,0,0,0
RES,E4,64,3858688,1,900,95,493,289
EP,E4,64,2,128,0,0,0,0,2,0,0,0,0,0
RES,E4,65,3899295,1,900,96,496,296
EP,E4,65,2,128,0,0,0,0,2,0,0,0,0,0
RES,E4,66,3939902,1,900,97,499,303
EP,E4,66,2,128,0,0,0,0,2,0,0,0,0,0
RES,E4,67,3980523,1,900,98,502,324
EP,E4,67,2,128,0,0,0,0,2,0,0,0,0,0
RES,E4,68,4021130,0,900,99,505,331
EP,E4,68,2,128,0,0,0,0,2,0,0,0,0,0
RES,E4,69,4061737,1,900,100,508,338
EP,E4,69,2,128,0,0,0,0,2,0,0,0,0,0
RES,E4,70,4105144,1,900,101,525,345
EP,E4,70,2,128,0,0,0,0,2,0,0,0,0,0
RES,E4,71,4145765,1,900,102,528,366
EP,E4,71,2,128,0,0,0,0,2,0,0,0,0,0
RES,E4,72,4186372,1,900,103,531,373
EP,E4,72,2,128,0,0,0,0,2,0,0,0,0,0
RES,E4,73,4226979,1,900,104,534,380
EP,E4,73,2,128,0,0,0,0,2,0,0,0,0,0
RES,E4,74,4267586,1,900,105,537,387
EP,E4,74,2,128,0,0,0,0,2,0,0,0,0,0
RES,E4,75,4308007,1,900,106,540,208
EP,E4,75,2,128,0,0,0,0,2,0,0,0,0,0
RES,E4,76,4348614,1,900,107,543,215
EP,E4,76,2,128,0,0,0,0,2,0,0,0,0,0
RES,E4,77,4389221,1,900,108,546,222
EP,E4,77,2,128,0,0,0,0,2,0,0,0,0,0
RES,E4,78,4992642,1,900,123,563,243
EP,E4,78,2,128,0,0,0,0,2,0,0,0,0,0
RES,E4,79,5033249,1,900,124,566,250
EP,E4,79,2,128,0,0,0,0,2,0,0,0,0,0
RES,E4,80,5073856,1,900,125,569,257
EP,E4,80,2,128,0,0,0,0,2,0,0,0,0,0
RES,E4,81,5114463,1,900,126,572,264
EP,E4,81,2,128,0,0,0,0,2,0,0,0,0,0
RES,E4,82,5155084,1,900,127,575,285
EP,E4,82,2,128,0,0,0,0,2,0,0,0,0,0
RES,E4,83,5195691,1,900,128,578,292
EP,E4,83,2,128,0,0,0,0,2,0,0,0,0,0
RES,E4,84,5236298,1,900,129,581,299
EP,E4,84,2,128,0,0,0,0,2,0,0,0,0,0
RES,E4,85,5276905,1,900,130,584,306
EP,E4,85,2,128,0,0,0,0,2,0,0,0,0,0
RES,E4,86,5317526,1,900,131,587,327
EP,E4,86,2,128,0,0,0,0,2,0,0,0,0,0
RES,E4,87,5320933,1,900,132,404,334
EP,E4,87,2,128,0,0,0,0,2,0,0,0,0,0
RES,E4,88,5361540,1,900,133,407,341
EP,E4,88,2,128,0,0,0,0,2,0,0,0,0,0
RES,E4,89,5402147,1,900,134,410,348
EP,E4,89,2,128,0,0,0,0,2,0,0,0,0,0
RES,E4,90,5442768,1,900,135,413,369
EP,E4,90,2,128,0,0,0,0,2,0,0,0,0,0
RES,E4,91,5483375,1,900,136,416,376
EP,E4,91,2,128,0,0,0,0,2,0,0,0,0,0
RES,E4,92,5523982,1,900,137,419,383
EP,E4,92,2,128,0,0,0,0,2,0,0,0,0,0
RES,E4,93,5564403,1,900,138,422,204
EP,E4,93,2,128,0,0,0,0,2,0,0,0,0,0
RES,E4,94,5605010,1,900,139,425,211
EP,E4,94,2,128,0,0,0,0,2,0,0,0,0,0
RES,E4,95,5645617,1,900,140,428,218
EP,E4,95,2,128,0,0,0,0,2,0,0,0,0,0
RES,E4,96,5689024,1,900,141,445,225
EP,E4,96,2,128,0,0,0,0,2,0,0,0,0,0
RES,E4,97,5729645,1,900,142,448,246
EP,E4,97,2,128,0,0,0,0,2,0,0,0,0,0
RES,E4,98,5770252,1,900,143,451,253
EP,E4,98,2,128,0,0,0,0,2,0,0,0,0,0
RES,E4,99,5810859,1,900,144,454,260
EP,E4,99,2,128,0,0,0,0,2,0,0,0,0,0
RES,E4,100,5851466,1,900,145,457,267
EP,E4,100,2,128,0,0,0,0,2,0,0,0,0,0
RES,E4,101,5892087,1,900,146,460,288
EP,E4,101,2,128,0,0,0,0,2,0,0,0,0,0
RES,E4,102,5932694,1,900,147,463,295
EP,E4,102,2,128,0,0,0,0,2,0,0,0,0,0
RES,E4,103,5973301,1,900,148,466,302
EP,E4,103,2,128,0,0,0,0,2,0,0,0,0,0
RES,E4,104,6576722,1,900,163,483,323
EP,E4,104,2,128,0,0,0,0,2,0,0,0,0,0
RES,E4,105,6617329,1,900,164,486,330
EP,E4,105,2,128,0,0,0,0,2,0,0,0,0,0
RES,E4,106,6657936,1,900,165,489,337
EP,E4,106,2,128,0,0,0,0,2,0,0,0,0,0
RES,E4,107,6698543,1,900,166,492,344
EP,E4,107,2,128,0,0,0,0,2,0,0,0,0,0
RES,E4,108,6739164,1,900,167,495,365
EP,E4,108,2,128,0,0,0,0,2,0,0,0,0,0
RES,E4,109,6779771,1,900,168,498,372
EP,E4,109,2,128,0,0,0,0,2,0,0,0,0,0
RES,E4,110,6820378,1,900,169,501,379
EP,E4,110,2,128,0,0,0,0,2,0,0,0,0,0
RES,E4,111,6860985,1,900,170,504,386
EP,E4,111,2,128,0,0,0,0,2,0,0,0,0,0
RES,E4,112,6901406,1,900,171,507,207
EP,E4,112,2,128,0,0,0,0,2,0,0,0,0,0
RES,E4,113,6944813,1,900,172,524,214
EP,E4,113,2,128,0,0,0,0,2,0,0,0,0,0
RES,E4,114,6985420,1,900,173,527,221
EP,E4,114,2,128,0,0,0,0,2,0,0,0,0,0
RES,E4,115,7026027,1,900,174,530,228
EP,E4,115,2,128,0,0,0,0,2,0,0,0,0,0
RES,E4,116,7066648,1,900,175,533,249
EP,E4,116,2,128,0,0,0,0,2,0,0,0,0,0
RES,E4,117,7107255,1,900,176,536,256
EP,E4,117,2,128,0,0,0,0,2,0,0,0,0,0
RES,E4,118,7147862,1,900,177,539,263
EP,E4,118,2,128,0,0,0,0,2,0,0,0,0,0
RES,E4,119,7188483,1,900,178,542,284
EP,E4,119,2,128,0,0,0,0,2,0,0,0,0,0
RES,E4,120,7229090,1,900,179,545,291
EP,E4,120,2,128,0,0,0,0,2,0,0,0,0,0
RES,E4,121,7269697,1,900,180,548,298
EP,E4,121,2,128,0,0,0,0,2,0,0,0,0,0
RES,E4,122,7313104,1,900,181,565,305
EP,E4,122,2,128,0,0,0,0,2,0,0,0,0,0
RES,E4,123,7353725,1,900,182,568,326
EP,E4,123,2,128,0,0,0,0,2,0,0,0,0,0
RES,E4,124,7394332,1,900,183,571,333
EP,E4,124,2,128,0,0,0,0,2,0,0,0,0,0
RES,E4,125,7434939,1,900,184,574,340
EP,E4,125,2,128,0,0,0,0,2,0,0,0,0,0
RES,E4,126,7475546,1,900,185,577,347
EP,E4,126,2,128,0,0,0,0,2,0,0,0,0,0
RES,E4,127,7516167,1,900,186,580,368
EP,E4,127,2,128,0,0,0,0,2,0,0,0,0,0
RES,E4,128,7556774,1,900,187,583,375
EP,E4,128,2,128,0,0,0,0,2,0,0,0,0,0
RES,E4,129,7597381,1,900,188,586,382
EP,E4,129,2,128,0,0,0,0,2,0,0,0,0,0
RES,E4,130,160602,1,900,3,403,203
EP,E4,130,2,128,0,0,0,0,2,0,0,0,0,0
RES,E4,131,201209,1,900,4,406,210
EP,E4,131,2,128,0,0,0,0,2,0,0,0,0,0
RES,E4,132,241816,1,900,5,409,217
EP,E4,132,2,128,0,0,0,0,2,0,0,0,0,0
RES,E4,133,282423,1,900,6,412,224
EP,E4,133,2,128,0,0,0,0,2,0,0,0,0,0
RES,E4,134,323044,1,900,7,415,245
EP,E4,134,2,128,0,0,0,0,2,0,0,0,0,0
RES,E4,135,363651,1,900,8,418,252
EP,E4,135,2,128,0,0,0,0,2,0,0,0,0,0
RES,E4,136,404258,1,900,9,421,259
EP,E4,136,2,128,0,0,0,0,2,0,0,0,0,0
RES,E4,137,444865,1,900,10,424,266
EP,E4,137,2,128,0,0,0,0,2,0,0,0,0,0
RES,E4,138,485486,1,900,11,427,287
EP,E4,138,2,128,0,0,0,0,2,0,0,0,0,0
RES,E4,139,528893,1,900,12,444,294
EP,E4,139,2,128,0,0,0,0,2,0,0,0,0,0
RES,E4,140,569500,1,900,13,447,301
EP,E4,140,2,128,0,0,0,0,2,0,0,0,0,0
RES,E4,141,610107,1,900,14,450,308
EP,E4,141,2,128,0,0,0,0,2,0,0,0,0,0
RES,E4,142,650728,1,900,15,453,329
EP,E4,142,2,128,0,0,0,0,2,0,0,0,0,0
RES,E4,143,691335,1,900,16,456,336
EP,E4,143,2,128,0,0,0,0,2,0,0,0,0,0
RES,E4,144,731942,1,900,17,459,343
EP,E4,144,2,128,0,0,0,0,2,0,0,0,0,0
RES,E4,145,772563,1,900,18,462,364
EP,E4,145,2,128,0,0,0,0,2,0,0,0,0,0
RES,E4,146,813170,1,900,19,465,371
EP,E4,146,2,128,0,0,0,0,2,0,0,0,0,0
RES,E4,147,853777,1,900,20,468,378
EP,E4,147,2,128,0,0,0,0,2,0,0,0,0,0
RES,E4,148,897184,1,900,21,485,385
EP,E4,148,2,128,0,0,0,0,2,0,0,0,0,0
RES,E4,149,937605,1,900,22,488,206
EP,E4,149,2,128,0,0,0,0,2,0,0,0,0,0
RES,E4,150,978212,1,900,23,491,213
EP,E4,150,2,128,0,0,0,0,2,0,0,0,0,0
RES,E4,151,1018819,1,900,24,494,220
EP,E4,151,2,128,0,0,0,0,2,0,0,0,0,0
RES,E4,152,1059426,1,900,25,497,227
EP,E4,152,2,128,0,0,0,0,2,0,0,0,0,0
RES,E4,153,1100047,1,900,26,500,248
EP,E4,153,2,128,0,0,0,0,2,0,0,0,0,0
RES,E4,154,1140654,1,900,27,503,255
EP,E4,154,2,128,0,0,0,0,2,0,0,0,0,0
RES,E4,155,1181261,1,900,28,506,262
EP,E4,155,2,128,0,0,0,0,2,0,0,0,0,0
RES,E4,156,1784682,1,900,43,523,283
EP,E4,156,2,128,0,0,0,0,2,0,0,0,0,0
RES,E4,157,1825289,1,900,44,526,290
EP,E4,157,2,128,0,0,0,0,2,0,0,0,0,0
RES,E4,158,1865896,1,900,45,529,297
EP,E4,158,2,128,0,0,0,0,2,0,0,0,0,0
RES,E4,159,1906503,1,900,46,532,304
EP,E4,159,2,128,0,0,0,0,2,0,0,0,0,0
RES,E4,160,1947124,1,900,47,535,325
EP,E4,160,2,128,0,0,0,0,2,0,0,0,0,0
RES,E4,161,1987731,1,900,48,538,332
EP,E4,161,2,128,0,0,0,0,2,0,0,0,0,0
RES,E4,162,2028338,1,900,49,541,339
EP,E4,162,2,128,0,0,0,0,2,0,0,0,0,0
RES,E4,163,2068945,1,900,50,544,346
EP,E4,163,2,128,0,0,0,0,2,0,0,0,0,0
RES,E4,164,2109566,1,900,51,547,367
EP,E4,164,2,128,0,0,0,0,2,0,0,0,0,0
RES,E4,165,2152973,1,900,52,564,374
EP,E4,165,2,128,0,0,0,0,2,0,0,0,0,0
RES,E4,166,2193580,1,900,53,567,381
EP,E4,166,2,128,0,0,0,0,2,0,0,0,0,0
RES,E4,167,2234187,1,900,54,570,388
EP,E4,167,2,128,0,0,0,0,2,0,0,0,0,0
RES,E4,168,2274608,1,900,55,573,209
EP,E4,168,2,128,0,0,0,0,2,0,0,0,0,0
RES,E4,169,2315215,1,900,56,576,216
EP,E4,169,2,128,0,0,0,0,2,0,0,0,0,0
RES,E4,170,2355822,1,900,57,579,223
EP,E4,170,2,128,0,0,0,0,2,0,0,0,0,0
RES,E4,171,2396443,1,900,58,582,244
EP,E4,171,2,128,0,0,0,0,2,0,0,0,0,0
RES,E4,172,2437050,1,900,59,585,251
EP,E4,172,2,128,0,0,0,0,2,0,0,0,0,0
RES,E4,173,2477657,1,900,60,588,258
EP,E4,173,2,128,0,0,0,0,2,0,0,0,0,0
RES,E4,174,2481064,1,900,61,405,265
EP,E4,174,2,128,0,0,0,0,2,0,0,0,0,0
RES,E4,175,2521685,1,900,62,408,286
EP,E4,175,2,128,0,0,0,0,2,0,0,0,0,0
RES,E4,176,2562292,1,900,63,411,293
EP,E4,176,2,128,0,0,0,0,2,0,0,0,0,0
RES,E4,177,2602899,1,900,64,414,300
EP,E4,177,2,128,0,0,0,0,2,0,0,0,0,0
RES,E4,178,2643506,1,900,65,417,307
EP,E4,178,2,128,0,0,0,0,2,0,0,0,0,0
RES,E4,179,2684127,1,900,66,420,328
EP,E4,179,2,128,0,0,0,0,2,0,0,0,0,0
RES,E4,180,2724734,1,900,67,423,335
EP,E4,180,2,128,0,0,0,0,2,0,0,0,0,0
RES,E4,181,2765341,1,900,68,426,342
EP,E4,181,2,128,0,0,0,0,2,0,0,0,0,0
RES,E4,182,3368762,1,900,83,443,363
EP,E4,182,2,128,0,0,0,0,2,0,0,0,0,0
RES,E4,183,3409369,1,900,84,446,370
EP,E4,183,2,128,0,0,0,0,2,0,0,0,0,0
RES,E4,184,3449976,1,900,85,449,377
EP,E4,184,2,128,0,0,0,0,2,0,0,0,0,0
RES,E4,185,3490583,1,900,86,452,384
EP,E4,185,2,128,0,0,0,0,2,0,0,0,0,0
RES,E4,186,3531004,1,900,87,455,205
EP,E4,186,2,128,0,0,0,0,2,0,0,0,0,0
RES,E4,187,3571611,0,900,88,458,212
EP,E4,187,2,128,0,0,0,0,2,0,0,0,0,0
RES,E4,188,3612218,1,900,89,461,219
EP,E4,188,2,128,0,0,0,0,2,0,0,0,0,0
RES,E4,189,3652825,1,900,90,464,226
EP,E4,189,2,128,0,0,0,0,2,0,0,0,0,0
RES,E4,190,3693446,1,900,91,467,247
EP,E4,190,2,128,0,0,0,0,2,0,0,0,0,0
RES,E4,191,3736853,1,900,92,484,254
EP,E4,191,2,128,0,0,0,0,2,0,0,0,0,0
RES,E4,192,3777460,1,900,93,487,261
EP,E4,192,2,128,0,0,0,0,2,0,0,0,0,0
RES,E4,193,3818067,1,900,94,490,268
EP,E4,193,2,128,0,0,0,0,2,0,0,0,0,0
RES,E4,194,3858688,1,900,95,493,289
EP,E4,194,2,128,0,0,0,0,2,0,0,0,0,0
RES,E4,195,3899295,1,900,96,496,296
EP,E4,195,2,128,0,0,0,0,2,0,0,0,0,0
RES,E4,196,3939902,1,900,97,499,303
EP,E4,196,2,128,0,0,0,0,2,0,0,0,0,0
RES,E4,197,3980523,1,900,98,502,324
EP,E4,197,2,128,0,0,0,0,2,0,0,0,0,0
RES,E4,198,4021130,0,900,99,505,331
EP,E4,198,2,128,0,0,0,0,2,0,0,0,0,0
RES,E4,199,4061737,1,900,100,508,338
EP,E4,199,2,128,0,0,0,0,2,0,0,0,0,0
RES,E4,200,4105144,1,900,101,525,345
EP,E4,200,2,128,0,0,0,0,2,0,0,0,0,0
RES,E4,201,4145765,1,900,102,528,366
EP,E4,201,2,128,0,0,0,0,2,0,0,0,0,0
RES,E4,202,4186372,1,900,103,531,373
EP,E4,202,2,128,0,0,0,0,2,0,0,0,0,0
RES,E4,203,4226979,1,900,104,534,380
EP,E4,203,2,128,0,0,0,0,2,0,0,0,0,0
RES,E4,204,4267586,1,900,105,537,387
EP,E4,204,2,128,0,0,0,0,2,0,0,0,0,0
RES,E4,205,4308007,1,900,106,540,208
EP,E4,205,2,128,0,0,0,0,2,0,0,0,0,0
RES,E4,206,4348614,1,900,107,543,215
EP,E4,206,2,128,0,0,0,0,2,0,0,0,0,0
RES,E4,207,4389221,1,900,108,546,222
EP,E4,207,2,128,0,0,0,0,2,0,0,0,0,0
RES,E4,208,4992642,1,900,123,563,243
EP,E4,208,2,128,0,0,0,0,2,0,0,0,0,0
RES,E4,209,5033249,1,900,124,566,250
EP,E4,209,2,128,0,0,0,0,2,0,0,0,0,0
RES,E4,210,5073856,1,900,125,569,257
EP,E4,210,2,128,0,0,0,0,2,0,0,0,0,0
RES,E4,211,5114463,1,900,126,572,264
EP,E4,211,2,128,0,0,0,0,2,0,0,0,0,0
RES,E4,212,5155084,1,900,127,575,285
EP,E4,212,2,128,0,0,0,0,2,0,0,0,0,0
RES,E4,213,5195691,1,900,128,578,292
EP,E4,213,2,128,0,0,0,0,2,0,0,0,0,0
RES,E4,214,5236298,1,900,129,581,299
EP,E4,214,2,128,0,0,0,0,2,0,0,0,0,0
RES,E4,215,5276905,1,900,130,584,306
EP,E4,215,2,128,0,0,0,0,2,0,0,0,0,0
RES,E4,216,5317526,1,900,131,587,327
EP,E4,216,2,128,0,0,0,0,2,0,0,0,0,0
RES,E4,217,5320933,1,900,132,404,334
EP,E4,217,2,128,0,0,0,0,2,0,0,0,0,0
RES,E4,218,5361540,1,900,133,407,341
EP,E4,218,2,128,0,0,0,0,2,0,0,0,0,0
RES,E4,219,5402147,1,900,134,410,348
EP,E4,219,2,128,0,0,0,0,2,0,0,0,0,0
RES,E4,220,5442768,1,900,135,413,369
EP,E4,220,2,128,0,0,0,0,2,0,0,0,0,0
RES,E4,221,5483375,1,900,136,416,376
EP,E4,221,2,128,0,0,0,0,2,0,0,0,0,0
RES,E4,222,5523982,1,900,137,419,383
EP,E4,222,2,128,0,0,0,0,2,0,0,0,0,0
RES,E4,223,5564403,1,900,138,422,204
EP,E4,223,2,128,0,0,0,0,2,0,0,0,0,0
RES,E4,224,5605010,1,900,139,425,211
EP,E4,224,2,128,0,0,0,0,2,0,0,0,0,0
RES,E4,225,5645617,1,900,140,428,218
EP,E4,225,2,128,0,0,0,0,2,0,0,0,0,0
RES,E4,226,5689024,1,900,141,445,225
EP,E4,226,2,128,0,0,0,0,2,0,0,0,0,0
RES,E4,227,5729645,1,900,142,448,246
EP,E4,227,2,128,0,0,0,0,2,0,0,0,0,0
RES,E4,228,5770252,1,900,143,451,253
EP,E4,228,2,128,0,0,0,0,2,0,0,0,0,0
RES,E4,229,5810859,1,900,144,454,260
EP,E4,229,2,128,0,0,0,0,2,0,0,0,0,0
RES,E4,230,5851466,1,900,145,457,267
EP,E4,230,2,128,0,0,0,0,2,0,0,0,0,0
RES,E4,231,5892087,1,900,146,460,288
EP,E4,231,2,128,0,0,0,0,2,0,0,0,0,0
RES,E4,232,5932694,1,900,147,463,295
EP,E4,232,2,128,0,0,0,0,2,0,0,0,0,0
RES,E4,233,5973301,1,900,148,466,302
EP,E4,233,2,128,0,0,0,0,2,0,0,0,0,0
RES,E4,234,6576722,1,900,163,483,323
EP,E4,234,2,128,0,0,0,0,2,0,0,0,0,0
RES,E4,235,6617329,1,900,164,486,330
EP,E4,235,2,128,0,0,0,0,2,0,0,0,0,0
RES,E4,236,6657936,1,900,165,489,337
EP,E4,236,2,128,0,0,0,0,2,0,0,0,0,0
RES,E4,237,6698543,1,900,166,492,344
EP,E4,237,2,128,0,0,0,0,2,0,0,0,0,0
RES,E4,238,6739164,1,900,167,495,365
EP,E4,238,2,128,0,0,0,0,2,0,0,0,0,0
RES,E4,239,6779771,1,900,168,498,372
EP,E4,239,2,128,0,0,0,0,2,0,0,0,0,0
RES,E4,240,6820378,1,900,169,501,379
EP,E4,240,2,128,0,0,0,0,2,0,0,0,0,0
RES,E4,241,6860985,1,900,170,504,386
EP,E4,241,2,128,0,0,0,0,2,0,0,0,0,0
RES,E4,242,6901406,1,900,171,507,207
EP,E4,242,2,128,0,0,0,0,2,0,0,0,0,0
RES,E4,243,6944813,1,900,172,524,214
EP,E4,243,2,128,0,0,0,0,2,0,0,0,0,0
RES,E4,244,6985420,1,900,173,527,221
EP,E4,244,2,128,0,0,0,0,2,0,0,0,0,0
RES,E4,245,7026027,1,900,174,530,228
EP,E4,245,2,128,0,0,0,0,2,0,0,0,0,0
RES,E4,246,7066648,1,900,175,533,249
EP,E4,246,2,128,0,0,0,0,2,0,0,0,0,0
RES,E4,247,7107255,1,900,176,536,256
EP,E4,247,2,128,0,0,0,0,2,0,0,0,0,0
RES,E4,248,7147862,1,900,177,539,263
EP,E4,248,2,128,0,0,0,0,2,0,0,0,0,0
RES,E4,249,7188483,1,900,178,542,284
EP,E4,249,2,128,0,0,0,0,2,0,0,0,0,0
RES,E4,250,7229090,1,900,179,545,291
EP,E4,250,2,128,0,0,0,0,2,0,0,0,0,0
RES,E4,251,7269697,1,900,180,548,298
EP,E4,251,2,128,0,0,0,0,2,0,0,0,0,0
RES,E4,252,7313104,1,900,181,565,305
EP,E4,252,2,128,0,0,0,0,2,0,0,0,0,0
RES,E4,253,7353725,1,900,182,568,326
EP,E4,253,2,128,0,0,0,0,2,0,0,0,0,0
RES,E4,254,7394332,1,900,183,571,333
EP,E4,254,2,128,0,0,0,0,2,0,0,0,0,0
RES,E4,255,7434939,1,900,184,574,340
EP,E4,255,2,128,0,0,0,0,2,0,0,0,0,0
RES,E4,256,7475546,1,900,185,577,347
EP,E4,256,2,128,0,0,0,0,2,0,0,0,0,0
RES,E4,257,7516167,1,900,186,580,368
EP,E4,257,2,128,0,0,0,0,2,0,0,0,0,0
RES,E4,258,7556774,1,900,187,583,375
EP,E4,258,2,128,0,0,0,0,2,0,0,0,0,0
RES,E4,259,7597381,1,900,188,586,382
EP,E4,259,2,128,0,0,0,0,2,0,0,0,0,0
RES,E4,260,160602,1,900,3,403,203
EP,E4,260,2,128,0,0,0,0,2,0,0,0,0,0
RES,E4,261,201209,1,900,4,406,210
EP,E4,261,2,128,0,0,0,0,2,0,0,0,0,0
RES,E4,262,241816,1,900,5,409,217
EP,E4,262,2,128,0,0,0,0,2,0,0,0,0,0
RES,E4,263,282423,1,900,6,412,224
EP,E4,263,2,128,0,0,0,0,2,0,0,0,0,0
RES,E4,264,323044,1,900,7,415,245
EP,E4,264,2,128,0,0,0,0,2,0,0,0,0,0
RES,E4,265,363651,1,900,8,418,252
EP,E4,265,2,128,0,0,0,0,2,0,0,0,0,0
RES,E4,266,404258,1,900,9,421,259
EP,E4,266,2,128,0,0,0,0,2,0,0,0,0,0
RES,E4,267,444865,1,900,10,424,266
EP,E4,267,2,128,0,0,0,0,2,0,0,0,0,0
RES,E4,268,485486,1,900,11,427,287
EP,E4,268,2,128,0,0,0,0,2,0,0,0,0,0
RES,E4,269,528893,1,900,12,444,294
EP,E4,269,2,128,0,0,0,0,2,0,0,0,0,0
RES,E4,270,569500,1,900,13,447,301
EP,E4,270,2,128,0,0,0,0,2,0,0,0,0,0
RES,E4,271,610107,1,900,14,450,308
EP,E4,271,2,128,0,0,0,0,2,0,0,0,0,0
RES,E4,272,650728,1,900,15,453,329
EP,E4,272,2,128,0,0,0,0,2,0,0,0,0,0
RES,E4,273,691335,1,900,16,456,336
EP,E4,273,2,128,0,0,0,0,2,0,0,0,0,0
RES,E4,274,731942,1,900,17,459,343
EP,E4,274,2,128,0,0,0,0,2,0,0,0,0,0
RES,E4,275,772563,1,900,18,462,364
EP,E4,275,2,128,0,0,0,0,2,0,0,0,0,0
RES,E4,276,813170,1,900,19,465,371
EP,E4,276,2,128,0,0,0,0,2,0,0,0,0,0
RES,E4,277,853777,1,900,20,468,378
EP,E4,277,2,128,0,0,0,0,2,0,0,0,0,0
RES,E4,278,897184,1,900,21,485,385
EP,E4,278,2,128,0,0,0,0,2,0,0,0,0,0
RES,E4,279,937605,1,900,22,488,206
EP,E4,279,2,128,0,0,0,0,2,0,0,0,0,0
RES,E4,280,978212,1,900,23,491,213
EP,E4,280,2,128,0,0,0,0,2,0,0,0,0,0
RES,E4,281,1018819,1,900,24,494,220
EP,E4,281,2,128,0,0,0,0,2,0,0,0,0,0
RES,E4,282,1059426,1,900,25,497,227
EP,E4,282,2,128,0,0,0,0,2,0,0,0,0,0
RES,E4,283,1100047,1,900,26,500,248
EP,E4,283,2,128,0,0,0,0,2,0,0,0,0,0
RES,E4,284,1140654,1,900,27,503,255
EP,E4,284,2,128,0,0,0,0,2,0,0,0,0,0
RES,E4,285,1181261,1,900,28,506,262
EP,E4,285,2,128,0,0,0,0,2,0,0,0,0,0
RES,E4,286,1784682,1,900,43,523,283
EP,E4,286,2,128,0,0,0,0,2,0,0,0,0,0
RES,E4,287,1825289,1,900,44,526,290
EP,E4,287,2,128,0,0,0,0,2,0,0,0,0,0
RES,E4,288,1865896,1,900,45,529,297
EP,E4,288,2,128,0,0,0,0,2,0,0,0,0,0
RES,E4,289,1906503,1,900,46,532,304
EP,E4,289,2,128,0,0,0,0,2,0,0,0,0,0
RES,E4,290,1947124,1,900,47,535,325
EP,E4,290,2,128,0,0,0,0,2,0,0,0,0,0
RES,E4,291,1987731,1,900,48,538,332
EP,E4,291,2,128,0,0,0,0,2,0,0,0,0,0
RES,E4,292,2028338,1,900,49,541,339
EP,E4,292,2,128,0,0,0,0,2,0,0,0,0,0
RES,E4,293,2068945,1,900,50,544,346
EP,E4,293,2,128,0,0,0,0,2,0,0,0,0,0
RES,E4,294,2109566,1,900,51,547,367
EP,E4,294,2,128,0,0,0,0,2,0,0,0,0,0
RES,E4,295,2152973,1,900,52,564,374
EP,E4,295,2,128,0,0,0,0,2,0,0,0,0,0
RES,E4,296,2193580,1,900,53,567,381
EP,E4,296,2,128,0,0,0,0,2,0,0,0,0,0
RES,E4,297,2234187,1,900,54,570,388
EP,E4,297,2,128,0,0,0,0,2,0,0,0,0,0
RES,E4,298,2274608,1,900,55,573,209
EP,E4,298,2,128,0,0,0,0,2,0,0,0,0,0
RES,E4,299,2315215,1,900,56,576,216
EP,E4,299,2,128,0,0,0,0,2,0,0,0,0,0
RES,E4,300,2355822,1,900,57,579,223
EP,E4,300,2,128,0,0,0,0,2,0,0,0,0,0
RES,E4,301,2396443,1,900,58,582,244
EP,E4,301,2,128,0,0,0,0,2,0,0,0,0,0
RES,E4,302,2437050,1,900,59,585,251
EP,E4,302,2,128,0,0,0,0,2,0,0,0,0,0
RES,E4,303,2477657,1,900,60,588,258
EP,E4,303,2,128,0,0,0,0,2,0,0,0,0,0
RES,E4,304,2481064,1,900,61,405,265
EP,E4,304,2,128,0,0,0,0,2,0,0,0,0,0
RES,E4,305,2521685,1,900,62,408,286
EP,E4,305,2,128,0,0,0,0,2,0,0,0,0,0
RES,E4,306,2562292,1,900,63,411,293
EP,E4,306,2,128,0,0,0,0,2,0,0,0,0,0
RES,E4,307,2602899,1,900,64,414,300
EP,E4,307,2,128,0,0,0,0,2,0,0,0,0,0
RES,E4,308,2643506,1,900,65,417,307
EP,E4,308,2,128,0,0,0,0,2,0,0,0,0,0
RES,E4,309,2684127,1,900,66,420,328
EP,E4,309,2,128,0,0,0,0,2,0,0,0,0,0
RES,E4,310,2724734,1,900,67,423,335
EP,E4,310,2,128,0,0,0,0,2,0,0,0,0,0
RES,E4,311,2765341,1,900,68,426,342
EP,E4,311,2,128,0,0,0,0,2,0,0,0,0,0
RES,E4,312,3368762,1,900,83,443,363
EP,E4,312,2,128,0,0,0,0,2,0,0,0,0,0
RES,E4,313,3409369,1,900,84,446,370
EP,E4,313,2,128,0,0,0,0,2,0,0,0,0,0
RES,E4,314,3449976,1,900,85,449,377
EP,E4,314,2,128,0,0,0,0,2,0,0,0,0,0
RES,E4,315,3490583,1,900,86,452,384
EP,E4,315,2,128,0,0,0,0,2,0,0,0,0,0
RES,E4,316,3531004,1,900,87,455,205
EP,E4,316,2,128,0,0,0,0,2,0,0,0,0,0
RES,E4,317,3571611,0,900,88,458,212
EP,E4,317,2,128,0,0,0,0,2,0,0,0,0,0
RES,E4,318,3612218,1,900,89,461,219
EP,E4,318,2,128,0,0,0,0,2,0,0,0,0,0
RES,E4,319,3652825,1,900,90,464,226
EP,E4,319,2,128,0,0,0,0,2,0,0,0,0,0
RES,E4,320,3693446,1,900,91,467,247
EP,E4,320,2,128,0,0,0,0,2,0,0,0,0,0
RES,E4,321,3736853,1,900,92,484,254
EP,E4,321,2,128,0,0,0,0,2,0,0,0,0,0
RES,E4,322,3777460,1,900,93,487,261
EP,E4,322,2,128,0,0,0,0,2,0,0,0,0,0
RES,E4,323,3818067,1,900,94,490,268
EP,E4,323,2,128,0,0,0,0,2,0,0,0,0,0
RES,E4,324,3858688,1,900,95,493,289
EP,E4,324,2,128,0,0,0,0,2,0,0,0,0,0
RES,E4,325,3899295,1,900,96,496,296
EP,E4,325,2,128,0,0,0,0,2,0,0,0,0,0
RES,E4,326,3939902,1,900,97,499,303
EP,E4,326,2,128,0,0,0,0,2,0,0,0,0,0
RES,E4,327,3980523,1,900,98,502,324
EP,E4,327,2,128,0,0,0,0,2,0,0,0,0,0
RES,E4,328,4021130,0,900,99,505,331
EP,E4,328,2,128,0,0,0,0,2,0,0,0,0,0
RES,E4,329,4061737,1,900,100,508,338
EP,E4,329,2,128,0,0,0,0,2,0,0,0,0,0
RES,E4,330,4105144,1,900,101,525,345
EP,E4,330,2,128,0,0,0,0,2,0,0,0,0,0
RES,E4,331,4145765,1,900,102,528,366
EP,E4,331,2,128,0,0,0,0,2,0,0,0,0,0
RES,E4,332,4186372,1,900,103,531,373
EP,E4,332,2,128,0,0,0,0,2,0,0,0,0,0
RES,E4,333,4226979,1,900,104,534,380
EP,E4,333,2,128,0,0,0,0,2,0,0,0,0,0
RES,E4,334,4267586,1,900,105,537,387
EP,E4,334,2,128,0,0,0,0,2,0,0,0,0,0
RES,E4,335,4308007,1,900,106,540,208
EP,E4,335,2,128,0,0,0,0,2,0,0,0,0,0
RES,E4,336,4348614,1,900,107,543,215
EP,E4,336,2,128,0,0,0,0,2,0,0,0,0,0
RES,E4,337,4389221,1,900,108,546,222
EP,E4,337,2,128,0,0,0,0,2,0,0,0,0,0
RES,E4,338,4992642,1,900,123,563,243
EP,E4,338,2,128,0,0,0,0,2,0,0,0,0,0
RES,E4,339,5033249,1,900,124,566,250
EP,E4,339,2,128,0,0,0,0,2,0,0,0,0,0
RES,E4,340,5073856,1,900,125,569,257
EP,E4,340,2,128,0,0,0,0,2,0,0,0,0,0
RES,E4,341,5114463,1,900,126,572,264
EP,E4,341,2,128,0,0,0,0,2,0,0,0,0,0
RES,E4,342,5155084,1,900,127,575,285
EP,E4,342,2,128,0,0,0,0,2,0,0,0,0,0
RES,E4,343,5195691,1,900,128,578,292
EP,E4,343,2,128,0,0,0,0,2,0,0,0,0,0
RES,E4,344,5236298,1,900,129,581,299
EP,E4,344,2,128,0,0,0,0,2,0,0,0,0,0
RES,E4,345,5276905,1,900,130,584,306
EP,E4,345,2,128,0,0,0,0,2,0,0,0,0,0
RES,E4,346,5317526,1,900,131,587,327
EP,E4,346,2,128,0,0,0,0,2,0,0,0,0,0
RES,E4,347,5320933,1,900,132,404,334
EP,E4,347,2,128,0,0,0,0,2,0,0,0,0,0
RES,E4,348,5361540,1,900,133,407,341
EP,E4,348,2,128,0,0,0,0,2,0,0,0,0,0
RES,E4,349,5402147,1,900,134,410,348
EP,E4,349,2,128,0,0,0,0,2,0,0,0,0,0
RES,E4,350,5442768,1,900,135,413,369
EP,E4,350,2,128,0,0,0,0,2,0,0,0,0,0
RES,E4,351,5483375,1,900,136,416,376
EP,E4,351,2,128,0,0,0,0,2,0,0,0,0,0
RES,E4,352,5523982,1,900,137,419,383
EP,E4,352,2,128,0,0,0,0,2,0,0,0,0,0
RES,E4,353,5564403,1,900,138,422,204
EP,E4,353,2,128,0,0,0,0,2,0,0,0,0,0
RES,E4,354,5605010,1,900,139,425,211
EP,E4,354,2,128,0,0,0,0,2,0,0,0,0,0
RES,E4,355,5645617,1,900,140,428,218
EP,E4,355,2,128,0,0,0,0,2,0,0,0,0,0
RES,E4,356,5689024,1,900,141,445,225
EP,E4,356,2,128,0,0,0,0,2,0,0,0,0,0
RES,E4,357,5729645,1,900,142,448,246
EP,E4,357,2,128,0,0,0,0,2,0,0,0,0,0
RES,E4,358,5770252,1,900,143,451,253
EP,E4,358,2,128,0,0,0,0,2,0,0,0,0,0
RES,E4,359,5810859,1,900,144,454,260
EP,E4,359,2,128,0,0,0,0,2,0,0,0,0,0
RES,E4,360,5851466,1,900,145,457,267
EP,E4,360,2,128,0,0,0,0,2,0,0,0,0,0
RES,E4,361,5892087,1,900,146,460,288
EP,E4,361,2,128,0,0,0,0,2,0,0,0,0,0
RES,E4,362,5932694,1,900,147,463,295
EP,E4,362,2,128,0,0,0,0,2,0,0,0,0,0
RES,E4,363,5973301,1,900,148,466,302
EP,E4,363,2,128,0,0,0,0,2,0,0,0,0,0
RES,E4,364,6576722,1,900,163,483,323
EP,E4,364,2,128,0,0,0,0,2,0,0,0,0,0
RES,E4,365,6617329,1,900,164,486,330
EP,E4,365,2,128,0,0,0,0,2,0,0,0,0,0
RES,E4,366,6657936,1,900,165,489,337
EP,E4,366,2,128,0,0,0,0,2,0,0,0,0,0
RES,E4,367,6698543,1,900,166,492,344
EP,E4,367,2,128,0,0,0,0,2,0,0,0,0,0
RES,E4,368,6739164,1,900,167,495,365
EP,E4,368,2,128,0,0,0,0,2,0,0,0,0,0
RES,E4,369,6779771,1,900,168,498,372
EP,E4,369,2,128,0,0,0,0,2,0,0,0,0,0
RES,E4,370,6820378,1,900,169,501,379
EP,E4,370,2,128,0,0,0,0,2,0,0,0,0,0
RES,E4,371,6860985,1,900,170,504,386
EP,E4,371,2,128,0,0,0,0,2,0,0,0,0,0
RES,E4,372,6901406,1,900,171,507,207
EP,E4,372,2,128,0,0,0,0,2,0,0,0,0,0
RES,E4,373,6944813,1,900,172,524,214
EP,E4,373,2,128,0,0,0,0,2,0,0,0,0,0
RES,E4,374,6985420,1,900,173,527,221
EP,E4,374,2,128,0,0,0,0,2,0,0,0,0,0
RES,E4,375,7026027,1,900,174,530,228
EP,E4,375,2,128,0,0,0,0,2,0,0,0,0,0
RES,E4,376,7066648,1,900,175,533,249
EP,E4,376,2,128,0,0,0,0,2,0,0,0,0,0
RES,E4,377,7107255,1,900,176,536,256
EP,E4,377,2,128,0,0,0,0,2,0,0,0,0,0
RES,E4,378,7147862,1,900,177,539,263
EP,E4,378,2,128,0,0,0,0,2,0,0,0,0,0
RES,E4,379,7188483,1,900,178,542,284
EP,E4,379,2,128,0,0,0,0,2,0,0,0,0,0
RES,E4,380,7229090,1,900,179,545,291
EP,E4,380,2,128,0,0,0,0,2,0,0,0,0,0
RES,E4,381,7269697,1,900,180,548,298
EP,E4,381,2,128,0,0,0,0,2,0,0,0,0,0
RES,E4,382,7313104,1,900,181,565,305
EP,E4,382,2,128,0,0,0,0,2,0,0,0,0,0
RES,E4,383,7353725,1,900,182,568,326
EP,E4,383,2,128,0,0,0,0,2,0,0,0,0,0
RES,E4,384,7394332,1,900,183,571,333
EP,E4,384,2,128,0,0,0,0,2,0,0,0,0,0
RES,E4,385,7434939,1,900,184,574,340
EP,E4,385,2,128,0,0,0,0,2,0,0,0,0,0
RES,E4,386,7475546,1,900,185,577,347
EP,E4,386,2,128,0,0,0,0,2,0,0,0,0,0
RES,E4,387,7516167,1,900,186,580,368
EP,E4,387,2,128,0,0,0,0,2,0,0,0,0,0
RES,E4,388,7556774,1,900,187,583,375
EP,E4,388,2,128,0,0,0,0,2,0,0,0,0,0
RES,E4,389,7597381,1,900,188,586,382
EP,E4,389,2,128,0,0,0,0,2,0,0,0,0,0
RES,E4,390,160602,1,900,3,403,203
EP,E4,390,2,128,0,0,0,0,2,0,0,0,0,0
RES,E4,391,201209,1,900,4,406,210
EP,E4,391,2,128,0,0,0,0,2,0,0,0,0,0
RES,E4,392,241816,1,900,5,409,217
EP,E4,392,2,128,0,0,0,0,2,0,0,0,0,0
RES,E4,393,282423,1,900,6,412,224
EP,E4,393,2,128,0,0,0,0,2,0,0,0,0,0
RES,E4,394,323044,1,900,7,415,245
EP,E4,394,2,128,0,0,0,0,2,0,0,0,0,0
RES,E4,395,363651,1,900,8,418,252
EP,E4,395,2,128,0,0,0,0,2,0,0,0,0,0
RES,E4,396,404258,1,900,9,421,259
EP,E4,396,2,128,0,0,0,0,2,0,0,0,0,0
RES,E4,397,444865,1,900,10,424,266
EP,E4,397,2,128,0,0,0,0,2,0,0,0,0,0
RES,E4,398,485486,1,900,11,427,287
EP,E4,398,2,128,0,0,0,0,2,0,0,0,0,0
RES,E4,399,528893,1,900,12,444,294
EP,E4,399,2,128,0,0,0,0,2,0,0,0,0,0
RES,E4,400,569500,1,900,13,447,301
EP,E4,400,2,128,0,0,0,0,2,0,0,0,0,0
RES,E4,401,610107,1,900,14,450,308
EP,E4,401,2,128,0,0,0,0,2,0,0,0,0,0
RES,E4,402,650728,1,900,15,453,329
EP,E4,402,2,128,0,0,0,0,2,0,0,0,0,0
RES,E4,403,691335,1,900,16,456,336
EP,E4,403,2,128,0,0,0,0,2,0,0,0,0,0
RES,E4,404,731942,1,900,17,459,343
EP,E4,404,2,128,0,0,0,0,2,0,0,0,0,0
RES,E4,405,772563,1,900,18,462,364
EP,E4,405,2,128,0,0,0,0,2,0,0,0,0,0
RES,E4,406,813170,1,900,19,465,371
EP,E4,406,2,128,0,0,0,0,2,0,0,0,0,0
RES,E4,407,853777,1,900,20,468,378
EP,E4,407,2,128,0,0,0,0,2,0,0,0,0,0
RES,E4,408,897184,1,900,21,485,385
EP,E4,408,2,128,0,0,0,0,2,0,0,0,0,0
RES,E4,409,937605,1,900,22,488,206
EP,E4,409,2,128,0,0,0,0,2,0,0,0,0,0
RES,E4,410,978212,1,900,23,491,213
EP,E4,410,2,128,0,0,0,0,2,0,0,0,0,0
RES,E4,411,1018819,1,900,24,494,220
EP,E4,411,2,128,0,0,0,0,2,0,0,0,0,0
RES,E4,412,1059426,1,900,25,497,227
EP,E4,412,2,128,0,0,0,0,2,0,0,0,0,0
RES,E4,413,1100047,1,900,26,500,248
EP,E4,413,2,128,0,0,0,0,2,0,0,0,0,0
RES,E4,414,1140654,1,900,27,503,255
EP,E4,414,2,128,0,0,0,0,2,0,0,0,0,0
RES,E4,415,1181261,1,900,28,506,262
EP,E4,415,2,128,0,0,0,0,2,0,0,0,0,0
RES,E4,416,1784682,1,900,43,523,283
EP,E4,416,2,128,0,0,0,0,2,0,0,0,0,0
RES,E4,417,1825289,1,900,44,526,290
EP,E4,417,2,128,0,0,0,0,2,0,0,0,0,0
RES,E4,418,1865896,1,900,45,529,297
EP,E4,418,2,128,0,0,0,0,2,0,0,0,0,0
RES,E4,419,1906503,1,900,46,532,304
EP,E4,419,2,128,0,0,0,0,2,0,0,0,0,0
RES,E4,420,1947124,1,900,47,535,325
EP,E4,420,2,128,0,0,0,0,2,0,0,0,0,0
RES,E4,421,1987731,1,900,48,538,332
EP,E4,421,2,128,0,0,0,0,2,0,0,0,0,0
RES,E4,422,2028338,1,900,49,541,339
EP,E4,422,2,128,0,0,0,0,2,0,0,0,0,0
RES,E4,423,2068945,1,900,50,544,346
EP,E4,423,2,128,0,0,0,0,2,0,0,0,0,0
RES,E4,424,2109566,1,900,51,547,367
EP,E4,424,2,128,0,0,0,0,2,0,0,0,0,0
RES,E4,425,2152973,1,900,52,564,374
EP,E4,425,2,128,0,0,0,0,2,0,0,0,0,0
RES,E4,426,2193580,1,900,53,567,381
EP,E4,426,2,128,0,0,0,0,2,0,0,0,0,0
RES,E4,427,2234187,1,900,54,570,388
EP,E4,427,2,128,0,0,0,0,2,0,0,0,0,0
RES,E4,428,2274608,1,900,55,573,209
EP,E4,428,2,128,0,0,0,0,2,0,0,0,0,0
RES,E4,429,2315215,1,900,56,576,216
EP,E4,429,2,128,0,0,0,0,2,0,0,0,0,0
RES,E4,430,2355822,1,900,57,579,223
EP,E4,430,2,128,0,0,0,0,2,0,0,0,0,0
RES,E4,431,2396443,1,900,58,582,244
EP,E4,431,2,128,0,0,0,0,2,0,0,0,0,0
RES,E4,432,2437050,1,900,59,585,251
EP,E4,432,2,128,0,0,0,0,2,0,0,0,0,0
RES,E4,433,2477657,1,900,60,588,258
EP,E4,433,2,128,0,0,0,0,2,0,0,0,0,0
RES,E4,434,2481064,1,900,61,405,265
EP,E4,434,2,128,0,0,0,0,2,0,0,0,0,0
RES,E4,435,2521685,1,900,62,408,286
EP,E4,435,2,128,0,0,0,0,2,0,0,0,0,0
RES,E4,436,2562292,1,900,63,411,293
EP,E4,436,2,128,0,0,0,0,2,0,0,0,0,0
RES,E4,437,2602899,1,900,64,414,300
EP,E4,437,2,128,0,0,0,0,2,0,0,0,0,0
RES,E4,438,2643506,1,900,65,417,307
EP,E4,438,2,128,0,0,0,0,2,0,0,0,0,0
RES,E4,439,2684127,1,900,66,420,328
EP,E4,439,2,128,0,0,0,0,2,0,0,0,0,0
RES,E4,440,2724734,1,900,67,423,335
EP,E4,440,2,128,0,0,0,0,2,0,0,0,0,0
RES,E4,441,2765341,1,900,68,426,342
EP,E4,441,2,128,0,0,0,0,2,0,0,0,0,0
RES,E4,442,3368762,1,900,83,443,363
EP,E4,442,2,128,0,0,0,0,2,0,0,0,0,0
RES,E4,443,3409369,1,900,84,446,370
EP,E4,443,2,128,0,0,0,0,2,0,0,0,0,0
RES,E4,444,3449976,1,900,85,449,377
EP,E4,444,2,128,0,0,0,0,2,0,0,0,0,0
RES,E4,445,3490583,1,900,86,452,384
EP,E4,445,2,128,0,0,0,0,2,0,0,0,0,0
RES,E4,446,3531004,1,900,87,455,205
EP,E4,446,2,128,0,0,0,0,2,0,0,0,0,0
RES,E4,447,3571611,0,900,88,458,212
EP,E4,447,2,128,0,0,0,0,2,0,0,0,0,0
RES,E4,448,3612218,1,900,89,461,219
EP,E4,448,2,128,0,0,0,0,2,0,0,0,0,0
RES,E4,449,3652825,1,900,90,464,226
EP,E4,449,2,128,0,0,0,0,2,0,0,0,0,0
RES,E4,450,3693446,1,900,91,467,247
EP,E4,450,2,128,0,0,0,0,2,0,0,0,0,0
RES,E4,451,3736853,1,900,92,484,254
EP,E4,451,2,128,0,0,0,0,2,0,0,0,0,0
RES,E4,452,3777460,1,900,93,487,261
EP,E4,452,2,128,0,0,0,0,2,0,0,0,0,0
RES,E4,453,3818067,1,900,94,490,268
EP,E4,453,2,128,0,0,0,0,2,0,0,0,0,0
RES,E4,454,3858688,1,900,95,493,289
EP,E4,454,2,128,0,0,0,0,2,0,0,0,0,0
RES,E4,455,3899295,1,900,96,496,296
EP,E4,455,2,128,0,0,0,0,2,0,0,0,0,0
RES,E4,456,3939902,1,900,97,499,303
EP,E4,456,2,128,0,0,0,0,2,0,0,0,0,0
RES,E4,457,3980523,1,900,98,502,324
EP,E4,457,2,128,0,0,0,0,2,0,0,0,0,0
RES,E4,458,4021130,0,900,99,505,331
EP,E4,458,2,128,0,0,0,0,2,0,0,0,0,0
RES,E4,459,4061737,1,900,100,508,338
EP,E4,459,2,128,0,0,0,0,2,0,0,0,0,0
RES,E4,460,4105144,1,900,101,525,345
EP,E4,460,2,128,0,0,0,0,2,0,0,0,0,0
RES,E4,461,4145765,1,900,102,528,366
EP,E4,461,2,128,0,0,0,0,2,0,0,0,0,0
RES,E4,462,4186372,1,900,103,531,373
EP,E4,462,2,128,0,0,0,0,2,0,0,0,0,0
RES,E4,463,4226979,1,900,104,534,380
EP,E4,463,2,128,0,0,0,0,2,0,0,0,0,0
RES,E4,464,4267586,1,900,105,537,387
EP,E4,464,2,128,0,0,0,0,2,0,0,0,0,0
RES,E4,465,4308007,1,900,106,540,208
EP,E4,465,2,128,0,0,0,0,2,0,0,0,0,0
RES,E4,466,4348614,1,900,107,543,215
EP,E4,466,2,128,0,0,0,0,2,0,0,0,0,0
RES,E4,467,4389221,1,900,108,546,222
EP,E4,467,2,128,0,0,0,0,2,0,0,0,0,0
RES,E4,468,4992642,1,900,123,563,243
EP,E4,468,2,128,0,0,0,0,2,0,0,0,0,0
RES,E4,469,5033249,1,900,124,566,250
EP,E4,469,2,128,0,0,0,0,2,0,0,0,0,0
RES,E4,470,5073856,1,900,125,569,257
EP,E4,470,2,128,0,0,0,0,2,0,0,0,0,0
RES,E4,471,5114463,1,900,126,572,264
EP,E4,471,2,128,0,0,0,0,2,0,0,0,0,0
RES,E4,472,5155084,1,900,127,575,285
EP,E4,472,2,128,0,0,0,0,2,0,0,0,0,0
RES,E4,473,5195691,1,900,128,578,292
EP,E4,473,2,128,0,0,0,0,2,0,0,0,0,0
RES,E4,474,5236298,1,900,129,581,299
EP,E4,474,2,128,0,0,0,0,2,0,0,0,0,0
RES,E4,475,5276905,1,900,130,584,306
EP,E4,475,2,128,0,0,0,0,2,0,0,0,0,0
RES,E4,476,5317526,1,900,131,587,327
EP,E4,476,2,128,0,0,0,0,2,0,0,0,0,0
RES,E4,477,5320933,1,900,132,404,334
EP,E4,477,2,128,0,0,0,0,2,0,0,0,0,0
RES,E4,478,5361540,1,900,133,407,341
EP,E4,478,2,128,0,0,0,0,2,0,0,0,0,0
RES,E4,479,5402147,1,900,134,410,348
EP,E4,479,2,128,0,0,0,0,2,0,0,0,0,0
RES,E4,480,5442768,1,900,135,413,369
EP,E4,480,2,128,0,0,0,0,2,0,0,0,0,0
RES,E4,481,5483375,1,900,136,416,376
EP,E4,481,2,128,0,0,0,0,2,0,0,0,0,0
RES,E4,482,5523982,1,900,137,419,383
EP,E4,482,2,128,0,0,0,0,2,0,0,0,0,0
RES,E4,483,5564403,1,900,138,422,204
EP,E4,483,2,128,0,0,0,0,2,0,0,0,0,0
RES,E4,484,5605010,1,900,139,425,211
EP,E4,484,2,128,0,0,0,0,2,0,0,0,0,0
RES,E4,485,5645617,1,900,140,428,218
EP,E4,485,2,128,0,0,0,0,2,0,0,0,0,0
RES,E4,486,5689024,1,900,141,445,225
EP,E4,486,2,128,0,0,0,0,2,0,0,0,0,0
RES,E4,487,5729645,1,900,142,448,246
EP,E4,487,2,128,0,0,0,0,2,0,0,0,0,0
RES,E4,488,5770252,1,900,143,451,253
EP,E4,488,2,128,0,0,0,0,2,0,0,0,0,0
RES,E4,489,5810859,1,900,144,454,260
EP,E4,489,2,128,0,0,0,0,2,0,0,0,0,0
RES,E4,490,5851466,1,900,145,457,267
EP,E4,490,2,128,0,0,0,0,2,0,0,0,0,0
RES,E4,491,5892087,1,900,146,460,288
EP,E4,491,2,128,0,0,0,0,2,0,0,0,0,0
RES,E4,492,5932694,1,900,147,463,295
EP,E4,492,2,128,0,0,0,0,2,0,0,0,0,0
RES,E4,493,5973301,1,900,148,466,302
EP,E4,493,2,128,0,0,0,0,2,0,0,0,0,0
RES,E4,494,6576722,1,900,163,483,323
EP,E4,494,2,128,0,0,0,0,2,0,0,0,0,0
RES,E4,495,6617329,1,900,164,486,330
EP,E4,495,2,128,0,0,0,0,2,0,0,0,0,0
RES,E4,496,6657936,1,900,165,489,337
EP,E4,496,2,128,0,0,0,0,2,0,0,0,0,0
RES,E4,497,6698543,1,900,166,492,344
EP,E4,497,2,128,0,0,0,0,2,0,0,0,0,0
RES,E4,498,6739164,1,900,167,495,365
EP,E4,498,2,128,0,0,0,0,2,0,0,0,0,0
RES,E4,499,6779771,1,900,168,498,372
EP,E4,499,2,128,0,0,0,0,2,0,0,0,0,0
E4RT,492
STAGE,E4,end
STAGE,E4EVAL,start
RES,E4N,0,160602,1
EP,EV,0,2,128,0,0,0,0,2,0,0,0,0,0
RES,E4N,1,1970857,1
EP,EV,1,2,128,0,0,0,0,2,0,0,0,0,0
RES,E4N,2,3781126,1
EP,EV,2,2,128,0,0,0,0,2,0,0,0,0,0
RES,E4N,3,5594181,1
EP,EV,3,2,128,0,0,0,0,2,0,0,0,0,0
RES,E4N,4,7364250,1
EP,EV,4,2,128,0,0,0,0,2,0,0,0,0,0
RES,E4N,5,1177305,1
EP,EV,5,2,128,0,0,0,0,2,0,0,0,0,0
RES,E4N,6,3547574,1
EP,EV,6,2,128,0,0,0,0,2,0,0,0,0,0
RES,E4N,7,5357643,1
EP,EV,7,2,128,0,0,0,0,2,0,0,0,0,0
RES,E4N,8,7130698,1
EP,EV,8,2,128,0,0,0,0,2,0,0,0,0,0
RES,E4N,9,940967,1
EP,EV,9,2,128,0,0,0,0,2,0,0,0,0,0
RES,E4N,10,2753822,1
EP,EV,10,2,128,0,0,0,0,2,0,0,0,0,0
RES,E4N,11,5084091,1
EP,EV,11,2,128,0,0,0,0,2,0,0,0,0,0
RES,E4N,12,6897146,1
EP,EV,12,2,128,0,0,0,0,2,0,0,0,0,0
RES,E4N,13,707215,1
EP,EV,13,2,128,0,0,0,0,2,0,0,0,0,0
RES,E4N,14,2517484,1
EP,EV,14,2,128,0,0,0,0,2,0,0,0,0,0
RES,E4N,15,4290539,1
EP,EV,15,2,128,0,0,0,0,2,0,0,0,0,0
RES,E4N,16,6660608,1
EP,EV,16,2,128,0,0,0,0,2,0,0,0,0,0
RES,E4N,17,473663,1
EP,EV,17,2,128,0,0,0,0,2,0,0,0,0,0
RES,E4N,18,2243932,1
EP,EV,18,2,128,0,0,0,0,2,0,0,0,0,0
RES,E4N,19,4056987,1
EP,EV,19,2,128,0,0,0,0,2,0,0,0,0,0
RES,E4N,20,5867056,1
EP,EV,20,2,128,0,0,0,0,2,0,0,0,0,0
RES,E4N,21,237325,1
EP,EV,21,2,128,0,0,0,0,2,0,0,0,0,0
RES,E4N,22,2010380,1
EP,EV,22,2,128,0,0,0,0,2,0,0,0,0,0
RES,E4N,23,3820449,1
EP,EV,23,2,128,0,0,0,0,2,0,0,0,0,0
RES,E4N,24,5633504,1
EP,EV,24,2,128,0,0,0,0,2,0,0,0,0,0
RES,E4N,25,7403773,1
EP,EV,25,2,128,0,0,0,0,2,0,0,0,0,0
RES,E4N,26,1776642,1
EP,EV,26,2,128,0,0,0,0,2,0,0,0,0,0
RES,E4N,27,3586897,0
EP,EV,27,2,128,0,0,0,0,2,0,0,0,0,0
RES,E4N,28,5397166,1
EP,EV,28,2,128,0,0,0,0,2,0,0,0,0,0
RES,E4N,29,7170021,1
EP,EV,29,2,128,0,0,0,0,2,0,0,0,0,0
RES,E4N,30,980290,1
EP,EV,30,2,128,0,0,0,0,2,0,0,0,0,0
RES,E4N,31,2793345,1
EP,EV,31,2,128,0,0,0,0,2,0,0,0,0,0
RES,E4N,32,5123414,1
EP,EV,32,2,128,0,0,0,0,2,0,0,0,0,0
RES,E4N,33,6933683,1
EP,EV,33,2,128,0,0,0,0,2,0,0,0,0,0
RES,E4N,34,746738,1
EP,EV,34,2,128,0,0,0,0,2,0,0,0,0,0
RES,E4N,35,2556807,1
EP,EV,35,2,128,0,0,0,0,2,0,0,0,0,0
RES,E4N,36,4329862,1
EP,EV,36,2,128,0,0,0,0,2,0,0,0,0,0
RES,E4N,37,6700131,1
EP,EV,37,2,128,0,0,0,0,2,0,0,0,0,0
RES,E4N,38,513186,1
EP,EV,38,2,128,0,0,0,0,2,0,0,0,0,0
RES,E4N,39,2283255,1
EP,EV,39,2,128,0,0,0,0,2,0,0,0,0,0
DISC,E4,500,500,39,40,0,0
STAGE,E4EVAL,end
STAGE,E5,start
RES,E5,0,0,160602,1,4,920,3,403,203
EP,E5,0,2,128,0,0,0,0,2,0,0,0,0,0
RES,E5,1,1,201209,1,4,921,4,210,406
EP,E5,1,2,128,0,0,0,0,2,0,0,0,0,0
RES,E5,2,2,241816,1,4,922,409,5,217
EP,E5,2,2,128,0,0,0,0,2,0,0,0,0,0
RES,E5,3,3,282423,1,4,923,224,6,412
EP,E5,3,2,128,0,0,0,0,2,0,0,0,0,0
RES,E5,4,4,323044,1,4,924,7,415,245
EP,E5,4,2,128,0,0,0,0,2,0,0,0,0,0
RES,E5,5,5,363651,1,4,925,8,252,418
EP,E5,5,2,128,0,0,0,0,2,0,0,0,0,0
RES,E5,6,6,404258,1,4,926,421,9,259
EP,E5,6,2,128,0,0,0,0,2,0,0,0,0,0
RES,E5,7,7,444865,1,4,927,266,10,424
EP,E5,7,2,128,0,0,0,0,2,0,0,0,0,0
RES,E5,8,8,485486,1,4,928,11,427,287
EP,E5,8,2,128,0,0,0,0,2,0,0,0,0,0
RES,E5,9,9,528893,1,4,929,12,294,444
EP,E5,9,2,128,0,0,0,0,2,0,0,0,0,0
RES,E5,10,0,569500,1,4,920,13,447,301
EP,E5,10,2,128,0,0,0,0,2,0,0,0,0,0
RES,E5,11,1,610107,1,4,921,14,308,450
EP,E5,11,2,128,0,0,0,0,2,0,0,0,0,0
RES,E5,12,2,650728,1,4,922,453,15,329
EP,E5,12,2,128,0,0,0,0,2,0,0,0,0,0
RES,E5,13,3,691335,1,4,923,336,16,456
EP,E5,13,2,128,0,0,0,0,2,0,0,0,0,0
RES,E5,14,4,731942,1,4,924,17,459,343
EP,E5,14,2,128,0,0,0,0,2,0,0,0,0,0
RES,E5,15,5,772563,1,4,925,18,364,462
EP,E5,15,2,128,0,0,0,0,2,0,0,0,0,0
RES,E5,16,6,813170,1,4,926,465,19,371
EP,E5,16,2,128,0,0,0,0,2,0,0,0,0,0
RES,E5,17,7,853777,1,4,927,378,20,468
EP,E5,17,2,128,0,0,0,0,2,0,0,0,0,0
RES,E5,18,8,897184,1,4,928,21,485,385
EP,E5,18,2,128,0,0,0,0,2,0,0,0,0,0
RES,E5,19,9,937605,1,4,929,22,206,488
EP,E5,19,2,128,0,0,0,0,2,0,0,0,0,0
RES,E5,20,0,978212,1,4,920,23,491,213
EP,E5,20,2,128,0,0,0,0,2,0,0,0,0,0
RES,E5,21,1,1018819,1,4,921,24,220,494
EP,E5,21,2,128,0,0,0,0,2,0,0,0,0,0
RES,E5,22,2,1059426,1,4,922,497,25,227
EP,E5,22,2,128,0,0,0,0,2,0,0,0,0,0
RES,E5,23,3,1100047,1,4,923,248,26,500
EP,E5,23,2,128,0,0,0,0,2,0,0,0,0,0
RES,E5,24,4,1140654,1,4,924,27,503,255
EP,E5,24,2,128,0,0,0,0,2,0,0,0,0,0
RES,E5,25,5,1181261,1,4,925,28,262,506
EP,E5,25,2,128,0,0,0,0,2,0,0,0,0,0
RES,E5,26,6,1784682,1,4,926,523,43,283
EP,E5,26,2,128,0,0,0,0,2,0,0,0,0,0
RES,E5,27,7,1825289,1,4,927,290,44,526
EP,E5,27,2,128,0,0,0,0,2,0,0,0,0,0
RES,E5,28,8,1865896,1,4,928,45,529,297
EP,E5,28,2,128,0,0,0,0,2,0,0,0,0,0
RES,E5,29,9,1906503,1,4,929,46,304,532
EP,E5,29,2,128,0,0,0,0,2,0,0,0,0,0
RES,E5,30,0,1947124,1,4,920,47,535,325
EP,E5,30,2,128,0,0,0,0,2,0,0,0,0,0
RES,E5,31,1,1987731,1,4,921,48,332,538
EP,E5,31,2,128,0,0,0,0,2,0,0,0,0,0
RES,E5,32,2,2028338,1,4,922,541,49,339
EP,E5,32,2,128,0,0,0,0,2,0,0,0,0,0
RES,E5,33,3,2068945,1,4,923,346,50,544
EP,E5,33,2,128,0,0,0,0,2,0,0,0,0,0
RES,E5,34,4,2109566,1,4,924,51,547,367
EP,E5,34,2,128,0,0,0,0,2,0,0,0,0,0
RES,E5,35,5,2152973,1,4,925,52,374,564
EP,E5,35,2,128,0,0,0,0,2,0,0,0,0,0
RES,E5,36,6,2193580,1,4,926,567,53,381
EP,E5,36,2,128,0,0,0,0,2,0,0,0,0,0
RES,E5,37,7,2234187,1,4,927,388,54,570
EP,E5,37,2,128,0,0,0,0,2,0,0,0,0,0
RES,E5,38,8,2274608,1,4,928,55,573,209
EP,E5,38,2,128,0,0,0,0,2,0,0,0,0,0
RES,E5,39,9,2315215,1,4,929,56,216,576
EP,E5,39,2,128,0,0,0,0,2,0,0,0,0,0
RES,E5,40,0,2355822,1,4,920,57,579,223
EP,E5,40,2,128,0,0,0,0,2,0,0,0,0,0
RES,E5,41,1,2396443,1,4,921,58,244,582
EP,E5,41,2,128,0,0,0,0,2,0,0,0,0,0
RES,E5,42,2,2437050,1,4,922,585,59,251
EP,E5,42,2,128,0,0,0,0,2,0,0,0,0,0
RES,E5,43,3,2477657,1,4,923,258,60,588
EP,E5,43,2,128,0,0,0,0,2,0,0,0,0,0
RES,E5,44,4,2481064,1,4,924,61,405,265
EP,E5,44,2,128,0,0,0,0,2,0,0,0,0,0
RES,E5,45,5,2521685,1,4,925,62,286,408
EP,E5,45,2,128,0,0,0,0,2,0,0,0,0,0
RES,E5,46,6,2562292,1,4,926,411,63,293
EP,E5,46,2,128,0,0,0,0,2,0,0,0,0,0
RES,E5,47,7,2602899,1,4,927,300,64,414
EP,E5,47,2,128,0,0,0,0,2,0,0,0,0,0
RES,E5,48,8,2643506,1,4,928,65,417,307
EP,E5,48,2,128,0,0,0,0,2,0,0,0,0,0
RES,E5,49,9,2684127,1,4,929,66,328,420
EP,E5,49,2,128,0,0,0,0,2,0,0,0,0,0
RES,E5,50,0,2724734,1,4,920,67,423,335
EP,E5,50,2,128,0,0,0,0,2,0,0,0,0,0
RES,E5,51,1,2765341,1,4,921,68,342,426
EP,E5,51,2,128,0,0,0,0,2,0,0,0,0,0
RES,E5,52,2,3368762,1,4,922,443,83,363
EP,E5,52,2,128,0,0,0,0,2,0,0,0,0,0
RES,E5,53,3,3409369,1,4,923,370,84,446
EP,E5,53,2,128,0,0,0,0,2,0,0,0,0,0
RES,E5,54,4,3449976,1,4,924,85,449,377
EP,E5,54,2,128,0,0,0,0,2,0,0,0,0,0
RES,E5,55,5,3490583,1,4,925,86,384,452
EP,E5,55,2,128,0,0,0,0,2,0,0,0,0,0
RES,E5,56,6,3531004,1,4,926,455,87,205
EP,E5,56,2,128,0,0,0,0,2,0,0,0,0,0
RES,E5,57,7,3571611,0,4,927,212,88,458
EP,E5,57,2,128,0,0,0,0,2,0,0,0,0,0
RES,E5,58,8,3612218,1,4,928,89,461,219
EP,E5,58,2,128,0,0,0,0,2,0,0,0,0,0
RES,E5,59,9,3652825,1,4,929,90,226,464
EP,E5,59,2,128,0,0,0,0,2,0,0,0,0,0
RES,E5,60,0,3693446,1,4,920,91,467,247
EP,E5,60,2,128,0,0,0,0,2,0,0,0,0,0
RES,E5,61,1,3736853,1,4,921,92,254,484
EP,E5,61,2,128,0,0,0,0,2,0,0,0,0,0
RES,E5,62,2,3777460,1,4,922,487,93,261
EP,E5,62,2,128,0,0,0,0,2,0,0,0,0,0
RES,E5,63,3,3818067,1,4,923,268,94,490
EP,E5,63,2,128,0,0,0,0,2,0,0,0,0,0
RES,E5,64,4,3858688,1,4,924,95,493,289
EP,E5,64,2,128,0,0,0,0,2,0,0,0,0,0
RES,E5,65,5,3899295,1,4,925,96,296,496
EP,E5,65,2,128,0,0,0,0,2,0,0,0,0,0
RES,E5,66,6,3939902,1,4,926,499,97,303
EP,E5,66,2,128,0,0,0,0,2,0,0,0,0,0
RES,E5,67,7,3980523,1,4,927,324,98,502
EP,E5,67,2,128,0,0,0,0,2,0,0,0,0,0
RES,E5,68,8,4021130,0,4,928,99,505,331
EP,E5,68,2,128,0,0,0,0,2,0,0,0,0,0
RES,E5,69,9,4061737,1,4,929,100,338,508
EP,E5,69,2,128,0,0,0,0,2,0,0,0,0,0
RES,E5,70,0,4105144,1,4,920,101,525,345
EP,E5,70,2,128,0,0,0,0,2,0,0,0,0,0
RES,E5,71,1,4145765,1,4,921,102,366,528
EP,E5,71,2,128,0,0,0,0,2,0,0,0,0,0
RES,E5,72,2,4186372,1,4,922,531,103,373
EP,E5,72,2,128,0,0,0,0,2,0,0,0,0,0
RES,E5,73,3,4226979,1,4,923,380,104,534
EP,E5,73,2,128,0,0,0,0,2,0,0,0,0,0
RES,E5,74,4,4267586,1,4,924,105,537,387
EP,E5,74,2,128,0,0,0,0,2,0,0,0,0,0
RES,E5,75,5,4308007,1,4,925,106,208,540
EP,E5,75,2,128,0,0,0,0,2,0,0,0,0,0
RES,E5,76,6,4348614,1,4,926,543,107,215
EP,E5,76,2,128,0,0,0,0,2,0,0,0,0,0
RES,E5,77,7,4389221,1,4,927,222,108,546
EP,E5,77,2,128,0,0,0,0,2,0,0,0,0,0
RES,E5,78,8,4992642,1,4,928,123,563,243
EP,E5,78,2,128,0,0,0,0,2,0,0,0,0,0
RES,E5,79,9,5033249,1,4,929,124,250,566
EP,E5,79,2,128,0,0,0,0,2,0,0,0,0,0
RES,E5,80,0,5073856,1,4,920,125,569,257
EP,E5,80,2,128,0,0,0,0,2,0,0,0,0,0
RES,E5,81,1,5114463,1,4,921,126,264,572
EP,E5,81,2,128,0,0,0,0,2,0,0,0,0,0
RES,E5,82,2,5155084,1,4,922,575,127,285
EP,E5,82,2,128,0,0,0,0,2,0,0,0,0,0
RES,E5,83,3,5195691,1,4,923,292,128,578
EP,E5,83,2,128,0,0,0,0,2,0,0,0,0,0
RES,E5,84,4,5236298,1,4,924,129,581,299
EP,E5,84,2,128,0,0,0,0,2,0,0,0,0,0
RES,E5,85,5,5276905,1,4,925,130,306,584
EP,E5,85,2,128,0,0,0,0,2,0,0,0,0,0
RES,E5,86,6,5317526,1,4,926,587,131,327
EP,E5,86,2,128,0,0,0,0,2,0,0,0,0,0
RES,E5,87,7,5320933,1,4,927,334,132,404
EP,E5,87,2,128,0,0,0,0,2,0,0,0,0,0
RES,E5,88,8,5361540,1,4,928,133,407,341
EP,E5,88,2,128,0,0,0,0,2,0,0,0,0,0
RES,E5,89,9,5402147,1,4,929,134,348,410
EP,E5,89,2,128,0,0,0,0,2,0,0,0,0,0
RES,E5,90,0,5442768,1,4,920,135,413,369
EP,E5,90,2,128,0,0,0,0,2,0,0,0,0,0
RES,E5,91,1,5483375,1,4,921,136,376,416
EP,E5,91,2,128,0,0,0,0,2,0,0,0,0,0
RES,E5,92,2,5523982,1,4,922,419,137,383
EP,E5,92,2,128,0,0,0,0,2,0,0,0,0,0
RES,E5,93,3,5564403,1,4,923,204,138,422
EP,E5,93,2,128,0,0,0,0,2,0,0,0,0,0
RES,E5,94,4,5605010,1,4,924,139,425,211
EP,E5,94,2,128,0,0,0,0,2,0,0,0,0,0
RES,E5,95,5,5645617,1,4,925,140,218,428
EP,E5,95,2,128,0,0,0,0,2,0,0,0,0,0
RES,E5,96,6,5689024,1,4,926,445,141,225
EP,E5,96,2,128,0,0,0,0,2,0,0,0,0,0
RES,E5,97,7,5729645,1,4,927,246,142,448
EP,E5,97,2,128,0,0,0,0,2,0,0,0,0,0
RES,E5,98,8,5770252,1,4,928,143,451,253
EP,E5,98,2,128,0,0,0,0,2,0,0,0,0,0
RES,E5,99,9,5810859,1,4,929,144,260,454
EP,E5,99,2,128,0,0,0,0,2,0,0,0,0,0
RES,E5,100,0,5851466,1,4,920,145,457,267
EP,E5,100,2,128,0,0,0,0,2,0,0,0,0,0
RES,E5,101,1,5892087,1,4,921,146,288,460
EP,E5,101,2,128,0,0,0,0,2,0,0,0,0,0
RES,E5,102,2,5932694,1,4,922,463,147,295
EP,E5,102,2,128,0,0,0,0,2,0,0,0,0,0
RES,E5,103,3,5973301,1,4,923,302,148,466
EP,E5,103,2,128,0,0,0,0,2,0,0,0,0,0
RES,E5,104,4,6576722,1,4,924,163,483,323
EP,E5,104,2,128,0,0,0,0,2,0,0,0,0,0
RES,E5,105,5,6617329,1,4,925,164,330,486
EP,E5,105,2,128,0,0,0,0,2,0,0,0,0,0
RES,E5,106,6,6657936,1,4,926,489,165,337
EP,E5,106,2,128,0,0,0,0,2,0,0,0,0,0
RES,E5,107,7,6698543,1,4,927,344,166,492
EP,E5,107,2,128,0,0,0,0,2,0,0,0,0,0
RES,E5,108,8,6739164,1,4,928,167,495,365
EP,E5,108,2,128,0,0,0,0,2,0,0,0,0,0
RES,E5,109,9,6779771,1,4,929,168,372,498
EP,E5,109,2,128,0,0,0,0,2,0,0,0,0,0
RES,E5,110,0,6820378,1,4,920,169,501,379
EP,E5,110,2,128,0,0,0,0,2,0,0,0,0,0
RES,E5,111,1,6860985,1,4,921,170,386,504
EP,E5,111,2,128,0,0,0,0,2,0,0,0,0,0
RES,E5,112,2,6901406,1,4,922,507,171,207
EP,E5,112,2,128,0,0,0,0,2,0,0,0,0,0
RES,E5,113,3,6944813,1,4,923,214,172,524
EP,E5,113,2,128,0,0,0,0,2,0,0,0,0,0
RES,E5,114,4,6985420,1,4,924,173,527,221
EP,E5,114,2,128,0,0,0,0,2,0,0,0,0,0
RES,E5,115,5,7026027,1,4,925,174,228,530
EP,E5,115,2,128,0,0,0,0,2,0,0,0,0,0
RES,E5,116,6,7066648,1,4,926,533,175,249
EP,E5,116,2,128,0,0,0,0,2,0,0,0,0,0
RES,E5,117,7,7107255,1,4,927,256,176,536
EP,E5,117,2,128,0,0,0,0,2,0,0,0,0,0
RES,E5,118,8,7147862,1,4,928,177,539,263
EP,E5,118,2,128,0,0,0,0,2,0,0,0,0,0
RES,E5,119,9,7188483,1,4,929,178,284,542
EP,E5,119,2,128,0,0,0,0,2,0,0,0,0,0
RES,E5,120,0,7229090,1,4,920,179,545,291
EP,E5,120,2,128,0,0,0,0,2,0,0,0,0,0
RES,E5,121,1,7269697,1,4,921,180,298,548
EP,E5,121,2,128,0,0,0,0,2,0,0,0,0,0
RES,E5,122,2,7313104,1,4,922,565,181,305
EP,E5,122,2,128,0,0,0,0,2,0,0,0,0,0
RES,E5,123,3,7353725,1,4,923,326,182,568
EP,E5,123,2,128,0,0,0,0,2,0,0,0,0,0
RES,E5,124,4,7394332,1,4,924,183,571,333
EP,E5,124,2,128,0,0,0,0,2,0,0,0,0,0
RES,E5,125,5,7434939,1,4,925,184,340,574
EP,E5,125,2,128,0,0,0,0,2,0,0,0,0,0
RES,E5,126,6,7475546,1,4,926,577,185,347
EP,E5,126,2,128,0,0,0,0,2,0,0,0,0,0
RES,E5,127,7,7516167,1,4,927,368,186,580
EP,E5,127,2,128,0,0,0,0,2,0,0,0,0,0
RES,E5,128,8,7556774,1,4,928,187,583,375
EP,E5,128,2,128,0,0,0,0,2,0,0,0,0,0
RES,E5,129,9,7597381,1,4,929,188,382,586
EP,E5,129,2,128,0,0,0,0,2,0,0,0,0,0
RES,E5,130,0,160602,1,4,920,3,403,203
EP,E5,130,2,128,0,0,0,0,2,0,0,0,0,0
RES,E5,131,1,201209,1,4,921,4,210,406
EP,E5,131,2,128,0,0,0,0,2,0,0,0,0,0
RES,E5,132,2,241816,1,4,922,409,5,217
EP,E5,132,2,128,0,0,0,0,2,0,0,0,0,0
RES,E5,133,3,282423,1,4,923,224,6,412
EP,E5,133,2,128,0,0,0,0,2,0,0,0,0,0
RES,E5,134,4,323044,1,4,924,7,415,245
EP,E5,134,2,128,0,0,0,0,2,0,0,0,0,0
RES,E5,135,5,363651,1,4,925,8,252,418
EP,E5,135,2,128,0,0,0,0,2,0,0,0,0,0
RES,E5,136,6,404258,1,4,926,421,9,259
EP,E5,136,2,128,0,0,0,0,2,0,0,0,0,0
RES,E5,137,7,444865,1,4,927,266,10,424
EP,E5,137,2,128,0,0,0,0,2,0,0,0,0,0
RES,E5,138,8,485486,1,4,928,11,427,287
EP,E5,138,2,128,0,0,0,0,2,0,0,0,0,0
RES,E5,139,9,528893,1,4,929,12,294,444
EP,E5,139,2,128,0,0,0,0,2,0,0,0,0,0
RES,E5,140,0,569500,1,4,920,13,447,301
EP,E5,140,2,128,0,0,0,0,2,0,0,0,0,0
RES,E5,141,1,610107,1,4,921,14,308,450
EP,E5,141,2,128,0,0,0,0,2,0,0,0,0,0
RES,E5,142,2,650728,1,4,922,453,15,329
EP,E5,142,2,128,0,0,0,0,2,0,0,0,0,0
RES,E5,143,3,691335,1,4,923,336,16,456
EP,E5,143,2,128,0,0,0,0,2,0,0,0,0,0
RES,E5,144,4,731942,1,4,924,17,459,343
EP,E5,144,2,128,0,0,0,0,2,0,0,0,0,0
RES,E5,145,5,772563,1,4,925,18,364,462
EP,E5,145,2,128,0,0,0,0,2,0,0,0,0,0
RES,E5,146,6,813170,1,4,926,465,19,371
EP,E5,146,2,128,0,0,0,0,2,0,0,0,0,0
RES,E5,147,7,853777,1,4,927,378,20,468
EP,E5,147,2,128,0,0,0,0,2,0,0,0,0,0
RES,E5,148,8,897184,1,4,928,21,485,385
EP,E5,148,2,128,0,0,0,0,2,0,0,0,0,0
RES,E5,149,9,937605,1,4,929,22,206,488
EP,E5,149,2,128,0,0,0,0,2,0,0,0,0,0
RES,E5,150,0,978212,1,4,920,23,491,213
EP,E5,150,2,128,0,0,0,0,2,0,0,0,0,0
RES,E5,151,1,1018819,1,4,921,24,220,494
EP,E5,151,2,128,0,0,0,0,2,0,0,0,0,0
RES,E5,152,2,1059426,1,4,922,497,25,227
EP,E5,152,2,128,0,0,0,0,2,0,0,0,0,0
RES,E5,153,3,1100047,1,4,923,248,26,500
EP,E5,153,2,128,0,0,0,0,2,0,0,0,0,0
RES,E5,154,4,1140654,1,4,924,27,503,255
EP,E5,154,2,128,0,0,0,0,2,0,0,0,0,0
RES,E5,155,5,1181261,1,4,925,28,262,506
EP,E5,155,2,128,0,0,0,0,2,0,0,0,0,0
RES,E5,156,6,1784682,1,4,926,523,43,283
EP,E5,156,2,128,0,0,0,0,2,0,0,0,0,0
RES,E5,157,7,1825289,1,4,927,290,44,526
EP,E5,157,2,128,0,0,0,0,2,0,0,0,0,0
RES,E5,158,8,1865896,1,4,928,45,529,297
EP,E5,158,2,128,0,0,0,0,2,0,0,0,0,0
RES,E5,159,9,1906503,1,4,929,46,304,532
EP,E5,159,2,128,0,0,0,0,2,0,0,0,0,0
RES,E5,160,0,1947124,1,4,920,47,535,325
EP,E5,160,2,128,0,0,0,0,2,0,0,0,0,0
RES,E5,161,1,1987731,1,4,921,48,332,538
EP,E5,161,2,128,0,0,0,0,2,0,0,0,0,0
RES,E5,162,2,2028338,1,4,922,541,49,339
EP,E5,162,2,128,0,0,0,0,2,0,0,0,0,0
RES,E5,163,3,2068945,1,4,923,346,50,544
EP,E5,163,2,128,0,0,0,0,2,0,0,0,0,0
RES,E5,164,4,2109566,1,4,924,51,547,367
EP,E5,164,2,128,0,0,0,0,2,0,0,0,0,0
RES,E5,165,5,2152973,1,4,925,52,374,564
EP,E5,165,2,128,0,0,0,0,2,0,0,0,0,0
RES,E5,166,6,2193580,1,4,926,567,53,381
EP,E5,166,2,128,0,0,0,0,2,0,0,0,0,0
RES,E5,167,7,2234187,1,4,927,388,54,570
EP,E5,167,2,128,0,0,0,0,2,0,0,0,0,0
RES,E5,168,8,2274608,1,4,928,55,573,209
EP,E5,168,2,128,0,0,0,0,2,0,0,0,0,0
RES,E5,169,9,2315215,1,4,929,56,216,576
EP,E5,169,2,128,0,0,0,0,2,0,0,0,0,0
RES,E5,170,0,2355822,1,4,920,57,579,223
EP,E5,170,2,128,0,0,0,0,2,0,0,0,0,0
RES,E5,171,1,2396443,1,4,921,58,244,582
EP,E5,171,2,128,0,0,0,0,2,0,0,0,0,0
RES,E5,172,2,2437050,1,4,922,585,59,251
EP,E5,172,2,128,0,0,0,0,2,0,0,0,0,0
RES,E5,173,3,2477657,1,4,923,258,60,588
EP,E5,173,2,128,0,0,0,0,2,0,0,0,0,0
RES,E5,174,4,2481064,1,4,924,61,405,265
EP,E5,174,2,128,0,0,0,0,2,0,0,0,0,0
RES,E5,175,5,2521685,1,4,925,62,286,408
EP,E5,175,2,128,0,0,0,0,2,0,0,0,0,0
RES,E5,176,6,2562292,1,4,926,411,63,293
EP,E5,176,2,128,0,0,0,0,2,0,0,0,0,0
RES,E5,177,7,2602899,1,4,927,300,64,414
EP,E5,177,2,128,0,0,0,0,2,0,0,0,0,0
RES,E5,178,8,2643506,1,4,928,65,417,307
EP,E5,178,2,128,0,0,0,0,2,0,0,0,0,0
RES,E5,179,9,2684127,1,4,929,66,328,420
EP,E5,179,2,128,0,0,0,0,2,0,0,0,0,0
RES,E5,180,0,2724734,1,4,920,67,423,335
EP,E5,180,2,128,0,0,0,0,2,0,0,0,0,0
RES,E5,181,1,2765341,1,4,921,68,342,426
EP,E5,181,2,128,0,0,0,0,2,0,0,0,0,0
RES,E5,182,2,3368762,1,4,922,443,83,363
EP,E5,182,2,128,0,0,0,0,2,0,0,0,0,0
RES,E5,183,3,3409369,1,4,923,370,84,446
EP,E5,183,2,128,0,0,0,0,2,0,0,0,0,0
RES,E5,184,4,3449976,1,4,924,85,449,377
EP,E5,184,2,128,0,0,0,0,2,0,0,0,0,0
RES,E5,185,5,3490583,1,4,925,86,384,452
EP,E5,185,2,128,0,0,0,0,2,0,0,0,0,0
RES,E5,186,6,3531004,1,4,926,455,87,205
EP,E5,186,2,128,0,0,0,0,2,0,0,0,0,0
RES,E5,187,7,3571611,0,4,927,212,88,458
EP,E5,187,2,128,0,0,0,0,2,0,0,0,0,0
RES,E5,188,8,3612218,1,4,928,89,461,219
EP,E5,188,2,128,0,0,0,0,2,0,0,0,0,0
RES,E5,189,9,3652825,1,4,929,90,226,464
EP,E5,189,2,128,0,0,0,0,2,0,0,0,0,0
RES,E5,190,0,3693446,1,4,920,91,467,247
EP,E5,190,2,128,0,0,0,0,2,0,0,0,0,0
RES,E5,191,1,3736853,1,4,921,92,254,484
EP,E5,191,2,128,0,0,0,0,2,0,0,0,0,0
RES,E5,192,2,3777460,1,4,922,487,93,261
EP,E5,192,2,128,0,0,0,0,2,0,0,0,0,0
RES,E5,193,3,3818067,1,4,923,268,94,490
EP,E5,193,2,128,0,0,0,0,2,0,0,0,0,0
RES,E5,194,4,3858688,1,4,924,95,493,289
EP,E5,194,2,128,0,0,0,0,2,0,0,0,0,0
RES,E5,195,5,3899295,1,4,925,96,296,496
EP,E5,195,2,128,0,0,0,0,2,0,0,0,0,0
RES,E5,196,6,3939902,1,4,926,499,97,303
EP,E5,196,2,128,0,0,0,0,2,0,0,0,0,0
RES,E5,197,7,3980523,1,4,927,324,98,502
EP,E5,197,2,128,0,0,0,0,2,0,0,0,0,0
RES,E5,198,8,4021130,0,4,928,99,505,331
EP,E5,198,2,128,0,0,0,0,2,0,0,0,0,0
RES,E5,199,9,4061737,1,4,929,100,338,508
EP,E5,199,2,128,0,0,0,0,2,0,0,0,0,0
RES,E5,200,0,4105144,1,4,920,101,525,345
EP,E5,200,2,128,0,0,0,0,2,0,0,0,0,0
RES,E5,201,1,4145765,1,4,921,102,366,528
EP,E5,201,2,128,0,0,0,0,2,0,0,0,0,0
RES,E5,202,2,4186372,1,4,922,531,103,373
EP,E5,202,2,128,0,0,0,0,2,0,0,0,0,0
RES,E5,203,3,4226979,1,4,923,380,104,534
EP,E5,203,2,128,0,0,0,0,2,0,0,0,0,0
RES,E5,204,4,4267586,1,4,924,105,537,387
EP,E5,204,2,128,0,0,0,0,2,0,0,0,0,0
RES,E5,205,5,4308007,1,4,925,106,208,540
EP,E5,205,2,128,0,0,0,0,2,0,0,0,0,0
RES,E5,206,6,4348614,1,4,926,543,107,215
EP,E5,206,2,128,0,0,0,0,2,0,0,0,0,0
RES,E5,207,7,4389221,1,4,927,222,108,546
EP,E5,207,2,128,0,0,0,0,2,0,0,0,0,0
RES,E5,208,8,4992642,1,4,928,123,563,243
EP,E5,208,2,128,0,0,0,0,2,0,0,0,0,0
RES,E5,209,9,5033249,1,4,929,124,250,566
EP,E5,209,2,128,0,0,0,0,2,0,0,0,0,0
RES,E5,210,0,5073856,1,4,920,125,569,257
EP,E5,210,2,128,0,0,0,0,2,0,0,0,0,0
RES,E5,211,1,5114463,1,4,921,126,264,572
EP,E5,211,2,128,0,0,0,0,2,0,0,0,0,0
RES,E5,212,2,5155084,1,4,922,575,127,285
EP,E5,212,2,128,0,0,0,0,2,0,0,0,0,0
RES,E5,213,3,5195691,1,4,923,292,128,578
EP,E5,213,2,128,0,0,0,0,2,0,0,0,0,0
RES,E5,214,4,5236298,1,4,924,129,581,299
EP,E5,214,2,128,0,0,0,0,2,0,0,0,0,0
RES,E5,215,5,5276905,1,4,925,130,306,584
EP,E5,215,2,128,0,0,0,0,2,0,0,0,0,0
RES,E5,216,6,5317526,1,4,926,587,131,327
EP,E5,216,2,128,0,0,0,0,2,0,0,0,0,0
RES,E5,217,7,5320933,1,4,927,334,132,404
EP,E5,217,2,128,0,0,0,0,2,0,0,0,0,0
RES,E5,218,8,5361540,1,4,928,133,407,341
EP,E5,218,2,128,0,0,0,0,2,0,0,0,0,0
RES,E5,219,9,5402147,1,4,929,134,348,410
EP,E5,219,2,128,0,0,0,0,2,0,0,0,0,0
RES,E5,220,0,5442768,1,4,920,135,413,369
EP,E5,220,2,128,0,0,0,0,2,0,0,0,0,0
RES,E5,221,1,5483375,1,4,921,136,376,416
EP,E5,221,2,128,0,0,0,0,2,0,0,0,0,0
RES,E5,222,2,5523982,1,4,922,419,137,383
EP,E5,222,2,128,0,0,0,0,2,0,0,0,0,0
RES,E5,223,3,5564403,1,4,923,204,138,422
EP,E5,223,2,128,0,0,0,0,2,0,0,0,0,0
RES,E5,224,4,5605010,1,4,924,139,425,211
EP,E5,224,2,128,0,0,0,0,2,0,0,0,0,0
RES,E5,225,5,5645617,1,4,925,140,218,428
EP,E5,225,2,128,0,0,0,0,2,0,0,0,0,0
RES,E5,226,6,5689024,1,4,926,445,141,225
EP,E5,226,2,128,0,0,0,0,2,0,0,0,0,0
RES,E5,227,7,5729645,1,4,927,246,142,448
EP,E5,227,2,128,0,0,0,0,2,0,0,0,0,0
RES,E5,228,8,5770252,1,4,928,143,451,253
EP,E5,228,2,128,0,0,0,0,2,0,0,0,0,0
RES,E5,229,9,5810859,1,4,929,144,260,454
EP,E5,229,2,128,0,0,0,0,2,0,0,0,0,0
RES,E5,230,0,5851466,1,4,920,145,457,267
EP,E5,230,2,128,0,0,0,0,2,0,0,0,0,0
RES,E5,231,1,5892087,1,4,921,146,288,460
EP,E5,231,2,128,0,0,0,0,2,0,0,0,0,0
RES,E5,232,2,5932694,1,4,922,463,147,295
EP,E5,232,2,128,0,0,0,0,2,0,0,0,0,0
RES,E5,233,3,5973301,1,4,923,302,148,466
EP,E5,233,2,128,0,0,0,0,2,0,0,0,0,0
RES,E5,234,4,6576722,1,4,924,163,483,323
EP,E5,234,2,128,0,0,0,0,2,0,0,0,0,0
RES,E5,235,5,6617329,1,4,925,164,330,486
EP,E5,235,2,128,0,0,0,0,2,0,0,0,0,0
RES,E5,236,6,6657936,1,4,926,489,165,337
EP,E5,236,2,128,0,0,0,0,2,0,0,0,0,0
RES,E5,237,7,6698543,1,4,927,344,166,492
EP,E5,237,2,128,0,0,0,0,2,0,0,0,0,0
RES,E5,238,8,6739164,1,4,928,167,495,365
EP,E5,238,2,128,0,0,0,0,2,0,0,0,0,0
RES,E5,239,9,6779771,1,4,929,168,372,498
EP,E5,239,2,128,0,0,0,0,2,0,0,0,0,0
RES,E5,240,0,6820378,1,4,920,169,501,379
EP,E5,240,2,128,0,0,0,0,2,0,0,0,0,0
RES,E5,241,1,6860985,1,4,921,170,386,504
EP,E5,241,2,128,0,0,0,0,2,0,0,0,0,0
RES,E5,242,2,6901406,1,4,922,507,171,207
EP,E5,242,2,128,0,0,0,0,2,0,0,0,0,0
RES,E5,243,3,6944813,1,4,923,214,172,524
EP,E5,243,2,128,0,0,0,0,2,0,0,0,0,0
RES,E5,244,4,6985420,1,4,924,173,527,221
EP,E5,244,2,128,0,0,0,0,2,0,0,0,0,0
RES,E5,245,5,7026027,1,4,925,174,228,530
EP,E5,245,2,128,0,0,0,0,2,0,0,0,0,0
RES,E5,246,6,7066648,1,4,926,533,175,249
EP,E5,246,2,128,0,0,0,0,2,0,0,0,0,0
RES,E5,247,7,7107255,1,4,927,256,176,536
EP,E5,247,2,128,0,0,0,0,2,0,0,0,0,0
RES,E5,248,8,7147862,1,4,928,177,539,263
EP,E5,248,2,128,0,0,0,0,2,0,0,0,0,0
RES,E5,249,9,7188483,1,4,929,178,284,542
EP,E5,249,2,128,0,0,0,0,2,0,0,0,0,0
RES,E5,250,0,7229090,1,4,920,179,545,291
EP,E5,250,2,128,0,0,0,0,2,0,0,0,0,0
RES,E5,251,1,7269697,1,4,921,180,298,548
EP,E5,251,2,128,0,0,0,0,2,0,0,0,0,0
RES,E5,252,2,7313104,1,4,922,565,181,305
EP,E5,252,2,128,0,0,0,0,2,0,0,0,0,0
RES,E5,253,3,7353725,1,4,923,326,182,568
EP,E5,253,2,128,0,0,0,0,2,0,0,0,0,0
RES,E5,254,4,7394332,1,4,924,183,571,333
EP,E5,254,2,128,0,0,0,0,2,0,0,0,0,0
RES,E5,255,5,7434939,1,4,925,184,340,574
EP,E5,255,2,128,0,0,0,0,2,0,0,0,0,0
RES,E5,256,6,7475546,1,4,926,577,185,347
EP,E5,256,2,128,0,0,0,0,2,0,0,0,0,0
RES,E5,257,7,7516167,1,4,927,368,186,580
EP,E5,257,2,128,0,0,0,0,2,0,0,0,0,0
RES,E5,258,8,7556774,1,4,928,187,583,375
EP,E5,258,2,128,0,0,0,0,2,0,0,0,0,0
RES,E5,259,9,7597381,1,4,929,188,382,586
EP,E5,259,2,128,0,0,0,0,2,0,0,0,0,0
RES,E5,260,0,160602,1,4,920,3,403,203
EP,E5,260,2,128,0,0,0,0,2,0,0,0,0,0
RES,E5,261,1,201209,1,4,921,4,210,406
EP,E5,261,2,128,0,0,0,0,2,0,0,0,0,0
RES,E5,262,2,241816,1,4,922,409,5,217
EP,E5,262,2,128,0,0,0,0,2,0,0,0,0,0
RES,E5,263,3,282423,1,4,923,224,6,412
EP,E5,263,2,128,0,0,0,0,2,0,0,0,0,0
RES,E5,264,4,323044,1,4,924,7,415,245
EP,E5,264,2,128,0,0,0,0,2,0,0,0,0,0
RES,E5,265,5,363651,1,4,925,8,252,418
EP,E5,265,2,128,0,0,0,0,2,0,0,0,0,0
RES,E5,266,6,404258,1,4,926,421,9,259
EP,E5,266,2,128,0,0,0,0,2,0,0,0,0,0
RES,E5,267,7,444865,1,4,927,266,10,424
EP,E5,267,2,128,0,0,0,0,2,0,0,0,0,0
RES,E5,268,8,485486,1,4,928,11,427,287
EP,E5,268,2,128,0,0,0,0,2,0,0,0,0,0
RES,E5,269,9,528893,1,4,929,12,294,444
EP,E5,269,2,128,0,0,0,0,2,0,0,0,0,0
RES,E5,270,0,569500,1,4,920,13,447,301
EP,E5,270,2,128,0,0,0,0,2,0,0,0,0,0
RES,E5,271,1,610107,1,4,921,14,308,450
EP,E5,271,2,128,0,0,0,0,2,0,0,0,0,0
RES,E5,272,2,650728,1,4,922,453,15,329
EP,E5,272,2,128,0,0,0,0,2,0,0,0,0,0
RES,E5,273,3,691335,1,4,923,336,16,456
EP,E5,273,2,128,0,0,0,0,2,0,0,0,0,0
RES,E5,274,4,731942,1,4,924,17,459,343
EP,E5,274,2,128,0,0,0,0,2,0,0,0,0,0
RES,E5,275,5,772563,1,4,925,18,364,462
EP,E5,275,2,128,0,0,0,0,2,0,0,0,0,0
RES,E5,276,6,813170,1,4,926,465,19,371
EP,E5,276,2,128,0,0,0,0,2,0,0,0,0,0
RES,E5,277,7,853777,1,4,927,378,20,468
EP,E5,277,2,128,0,0,0,0,2,0,0,0,0,0
RES,E5,278,8,897184,1,4,928,21,485,385
EP,E5,278,2,128,0,0,0,0,2,0,0,0,0,0
RES,E5,279,9,937605,1,4,929,22,206,488
EP,E5,279,2,128,0,0,0,0,2,0,0,0,0,0
RES,E5,280,0,978212,1,4,920,23,491,213
EP,E5,280,2,128,0,0,0,0,2,0,0,0,0,0
RES,E5,281,1,1018819,1,4,921,24,220,494
EP,E5,281,2,128,0,0,0,0,2,0,0,0,0,0
RES,E5,282,2,1059426,1,4,922,497,25,227
EP,E5,282,2,128,0,0,0,0,2,0,0,0,0,0
RES,E5,283,3,1100047,1,4,923,248,26,500
EP,E5,283,2,128,0,0,0,0,2,0,0,0,0,0
RES,E5,284,4,1140654,1,4,924,27,503,255
EP,E5,284,2,128,0,0,0,0,2,0,0,0,0,0
RES,E5,285,5,1181261,1,4,925,28,262,506
EP,E5,285,2,128,0,0,0,0,2,0,0,0,0,0
RES,E5,286,6,1784682,1,4,926,523,43,283
EP,E5,286,2,128,0,0,0,0,2,0,0,0,0,0
RES,E5,287,7,1825289,1,4,927,290,44,526
EP,E5,287,2,128,0,0,0,0,2,0,0,0,0,0
RES,E5,288,8,1865896,1,4,928,45,529,297
EP,E5,288,2,128,0,0,0,0,2,0,0,0,0,0
RES,E5,289,9,1906503,1,4,929,46,304,532
EP,E5,289,2,128,0,0,0,0,2,0,0,0,0,0
RES,E5,290,0,1947124,1,4,920,47,535,325
EP,E5,290,2,128,0,0,0,0,2,0,0,0,0,0
RES,E5,291,1,1987731,1,4,921,48,332,538
EP,E5,291,2,128,0,0,0,0,2,0,0,0,0,0
RES,E5,292,2,2028338,1,4,922,541,49,339
EP,E5,292,2,128,0,0,0,0,2,0,0,0,0,0
RES,E5,293,3,2068945,1,4,923,346,50,544
EP,E5,293,2,128,0,0,0,0,2,0,0,0,0,0
RES,E5,294,4,2109566,1,4,924,51,547,367
EP,E5,294,2,128,0,0,0,0,2,0,0,0,0,0
RES,E5,295,5,2152973,1,4,925,52,374,564
EP,E5,295,2,128,0,0,0,0,2,0,0,0,0,0
RES,E5,296,6,2193580,1,4,926,567,53,381
EP,E5,296,2,128,0,0,0,0,2,0,0,0,0,0
RES,E5,297,7,2234187,1,4,927,388,54,570
EP,E5,297,2,128,0,0,0,0,2,0,0,0,0,0
RES,E5,298,8,2274608,1,4,928,55,573,209
EP,E5,298,2,128,0,0,0,0,2,0,0,0,0,0
RES,E5,299,9,2315215,1,4,929,56,216,576
EP,E5,299,2,128,0,0,0,0,2,0,0,0,0,0
RES,E5,300,0,2355822,1,4,920,57,579,223
EP,E5,300,2,128,0,0,0,0,2,0,0,0,0,0
RES,E5,301,1,2396443,1,4,921,58,244,582
EP,E5,301,2,128,0,0,0,0,2,0,0,0,0,0
RES,E5,302,2,2437050,1,4,922,585,59,251
EP,E5,302,2,128,0,0,0,0,2,0,0,0,0,0
RES,E5,303,3,2477657,1,4,923,258,60,588
EP,E5,303,2,128,0,0,0,0,2,0,0,0,0,0
RES,E5,304,4,2481064,1,4,924,61,405,265
EP,E5,304,2,128,0,0,0,0,2,0,0,0,0,0
RES,E5,305,5,2521685,1,4,925,62,286,408
EP,E5,305,2,128,0,0,0,0,2,0,0,0,0,0
RES,E5,306,6,2562292,1,4,926,411,63,293
EP,E5,306,2,128,0,0,0,0,2,0,0,0,0,0
RES,E5,307,7,2602899,1,4,927,300,64,414
EP,E5,307,2,128,0,0,0,0,2,0,0,0,0,0
RES,E5,308,8,2643506,1,4,928,65,417,307
EP,E5,308,2,128,0,0,0,0,2,0,0,0,0,0
RES,E5,309,9,2684127,1,4,929,66,328,420
EP,E5,309,2,128,0,0,0,0,2,0,0,0,0,0
RES,E5,310,0,2724734,1,4,920,67,423,335
EP,E5,310,2,128,0,0,0,0,2,0,0,0,0,0
RES,E5,311,1,2765341,1,4,921,68,342,426
EP,E5,311,2,128,0,0,0,0,2,0,0,0,0,0
RES,E5,312,2,3368762,1,4,922,443,83,363
EP,E5,312,2,128,0,0,0,0,2,0,0,0,0,0
RES,E5,313,3,3409369,1,4,923,370,84,446
EP,E5,313,2,128,0,0,0,0,2,0,0,0,0,0
RES,E5,314,4,3449976,1,4,924,85,449,377
EP,E5,314,2,128,0,0,0,0,2,0,0,0,0,0
RES,E5,315,5,3490583,1,4,925,86,384,452
EP,E5,315,2,128,0,0,0,0,2,0,0,0,0,0
RES,E5,316,6,3531004,1,4,926,455,87,205
EP,E5,316,2,128,0,0,0,0,2,0,0,0,0,0
RES,E5,317,7,3571611,0,4,927,212,88,458
EP,E5,317,2,128,0,0,0,0,2,0,0,0,0,0
RES,E5,318,8,3612218,1,4,928,89,461,219
EP,E5,318,2,128,0,0,0,0,2,0,0,0,0,0
RES,E5,319,9,3652825,1,4,929,90,226,464
EP,E5,319,2,128,0,0,0,0,2,0,0,0,0,0
RES,E5,320,0,3693446,1,4,920,91,467,247
EP,E5,320,2,128,0,0,0,0,2,0,0,0,0,0
RES,E5,321,1,3736853,1,4,921,92,254,484
EP,E5,321,2,128,0,0,0,0,2,0,0,0,0,0
RES,E5,322,2,3777460,1,4,922,487,93,261
EP,E5,322,2,128,0,0,0,0,2,0,0,0,0,0
RES,E5,323,3,3818067,1,4,923,268,94,490
EP,E5,323,2,128,0,0,0,0,2,0,0,0,0,0
RES,E5,324,4,3858688,1,4,924,95,493,289
EP,E5,324,2,128,0,0,0,0,2,0,0,0,0,0
RES,E5,325,5,3899295,1,4,925,96,296,496
EP,E5,325,2,128,0,0,0,0,2,0,0,0,0,0
RES,E5,326,6,3939902,1,4,926,499,97,303
EP,E5,326,2,128,0,0,0,0,2,0,0,0,0,0
RES,E5,327,7,3980523,1,4,927,324,98,502
EP,E5,327,2,128,0,0,0,0,2,0,0,0,0,0
RES,E5,328,8,4021130,0,4,928,99,505,331
EP,E5,328,2,128,0,0,0,0,2,0,0,0,0,0
RES,E5,329,9,4061737,1,4,929,100,338,508
EP,E5,329,2,128,0,0,0,0,2,0,0,0,0,0
RES,E5,330,0,4105144,1,4,920,101,525,345
EP,E5,330,2,128,0,0,0,0,2,0,0,0,0,0
RES,E5,331,1,4145765,1,4,921,102,366,528
EP,E5,331,2,128,0,0,0,0,2,0,0,0,0,0
RES,E5,332,2,4186372,1,4,922,531,103,373
EP,E5,332,2,128,0,0,0,0,2,0,0,0,0,0
RES,E5,333,3,4226979,1,4,923,380,104,534
EP,E5,333,2,128,0,0,0,0,2,0,0,0,0,0
RES,E5,334,4,4267586,1,4,924,105,537,387
EP,E5,334,2,128,0,0,0,0,2,0,0,0,0,0
RES,E5,335,5,4308007,1,4,925,106,208,540
EP,E5,335,2,128,0,0,0,0,2,0,0,0,0,0
RES,E5,336,6,4348614,1,4,926,543,107,215
EP,E5,336,2,128,0,0,0,0,2,0,0,0,0,0
RES,E5,337,7,4389221,1,4,927,222,108,546
EP,E5,337,2,128,0,0,0,0,2,0,0,0,0,0
RES,E5,338,8,4992642,1,4,928,123,563,243
EP,E5,338,2,128,0,0,0,0,2,0,0,0,0,0
RES,E5,339,9,5033249,1,4,929,124,250,566
EP,E5,339,2,128,0,0,0,0,2,0,0,0,0,0
RES,E5,340,0,5073856,1,4,920,125,569,257
EP,E5,340,2,128,0,0,0,0,2,0,0,0,0,0
RES,E5,341,1,5114463,1,4,921,126,264,572
EP,E5,341,2,128,0,0,0,0,2,0,0,0,0,0
RES,E5,342,2,5155084,1,4,922,575,127,285
EP,E5,342,2,128,0,0,0,0,2,0,0,0,0,0
RES,E5,343,3,5195691,1,4,923,292,128,578
EP,E5,343,2,128,0,0,0,0,2,0,0,0,0,0
RES,E5,344,4,5236298,1,4,924,129,581,299
EP,E5,344,2,128,0,0,0,0,2,0,0,0,0,0
RES,E5,345,5,5276905,1,4,925,130,306,584
EP,E5,345,2,128,0,0,0,0,2,0,0,0,0,0
RES,E5,346,6,5317526,1,4,926,587,131,327
EP,E5,346,2,128,0,0,0,0,2,0,0,0,0,0
RES,E5,347,7,5320933,1,4,927,334,132,404
EP,E5,347,2,128,0,0,0,0,2,0,0,0,0,0
RES,E5,348,8,5361540,1,4,928,133,407,341
EP,E5,348,2,128,0,0,0,0,2,0,0,0,0,0
RES,E5,349,9,5402147,1,4,929,134,348,410
EP,E5,349,2,128,0,0,0,0,2,0,0,0,0,0
RES,E5,350,0,5442768,1,4,920,135,413,369
EP,E5,350,2,128,0,0,0,0,2,0,0,0,0,0
