PILOT,step5b,english,1x
STAGE,E1,start
RES,E1B,0,1,2200,2,1
EP,E1,0,4,256,1,0,0,0,3,0,0,0,0,0
RES,E1B,1,2,2201,3,1
EP,E1,1,4,256,1,0,0,0,3,0,0,0,0,0
RES,E1B,2,3,2002,4,1
EP,E1,2,4,256,1,0,0,0,3,0,0,0,0,0
RES,E1B,3,4,2003,5,1
EP,E1,3,4,256,1,0,0,0,3,0,0,0,0,0
RES,E1B,4,5,2004,6,1
EP,E1,4,4,256,1,0,0,0,3,0,0,0,0,0
RES,E1B,5,6,2005,7,1
EP,E1,5,4,256,1,0,0,0,3,0,0,0,0,0
RES,E1B,6,7,2006,8,1
EP,E1,6,4,256,1,0,0,0,3,0,0,0,0,0
RES,E1B,7,8,2007,9,1
EP,E1,7,4,256,1,0,0,0,3,0,0,0,0,0
RES,E1B,8,9,2008,10,1
EP,E1,8,4,256,1,0,0,0,3,0,0,0,0,0
RES,E1B,9,10,2009,11,1
EP,E1,9,4,256,1,0,0,0,3,0,0,0,0,0
RES,E1B,10,11,2010,12,1
EP,E1,10,4,256,1,0,0,0,3,0,0,0,0,0
RES,E1B,11,12,2011,13,1
EP,E1,11,4,256,1,0,0,0,3,0,0,0,0,0
RES,E1B,12,13,2012,14,1
EP,E1,12,4,256,1,0,0,0,3,0,0,0,0,0
RES,E1B,13,14,2013,15,1
EP,E1,13,4,256,1,0,0,0,3,0,0,0,0,0
RES,E1B,14,15,2014,16,1
EP,E1,14,4,256,1,0,0,0,3,0,0,0,0,0
RES,E1B,15,16,2015,17,1
EP,E1,15,4,256,1,0,0,0,3,0,0,0,0,0
RES,E1B,16,17,2016,18,1
EP,E1,16,4,256,1,0,0,0,3,0,0,0,0,0
RES,E1B,17,18,2017,19,1
EP,E1,17,4,256,1,0,0,0,3,0,0,0,0,0
RES,E1B,18,19,2018,20,1
EP,E1,18,4,256,1,0,0,0,3,0,0,0,0,0
RES,E1B,19,20,2019,21,1
EP,E1,19,4,256,1,0,0,0,3,0,0,0,0,0
RES,E1B,20,21,2020,22,1
EP,E1,20,4,256,1,0,0,0,3,0,0,0,0,0
RES,E1B,21,22,2021,23,1
EP,E1,21,4,256,1,0,0,0,3,0,0,0,0,0
RES,E1B,22,23,2022,24,1
EP,E1,22,4,256,1,0,0,0,3,0,0,0,0,0
RES,E1B,23,24,2023,25,1
EP,E1,23,4,256,1,0,0,0,3,0,0,0,0,0
RES,E1B,24,25,2024,26,1
EP,E1,24,4,256,1,0,0,0,3,0,0,0,0,0
RES,E1B,25,26,2025,27,1
EP,E1,25,4,256,1,0,0,0,3,0,0,0,0,0
RES,E1B,26,27,2026,28,1
EP,E1,26,4,256,1,0,0,0,3,0,0,0,0,0
RES,E1B,27,28,2027,29,1
EP,E1,27,4,256,1,0,0,0,3,0,0,0,0,0
RES,E1K,28,1,2000,2200,0,1
EP,E1,28,7,448,1,0,0,1,5,0,0,0,0,0
RES,E1K,29,2,2001,2201,0,1
EP,E1,29,7,448,1,0,0,1,5,0,0,0,0,0
RES,E1G,30,31,WITHHOLD
EP,E1,30,1,64,0,0,0,0,1,0,0,0,0,0
RES,E1G,31,32,WITHHOLD
EP,E1,31,1,64,0,0,0,0,1,0,0,0,0,0
RES,E1G,32,33,WITHHOLD
EP,E1,32,1,64,0,0,0,0,1,0,0,0,0,0
RES,E1G,33,34,WITHHOLD
EP,E1,33,1,64,0,0,0,0,1,0,0,0,0,0
RES,E1B,34,31,2030,30,1
EP,E1,34,4,256,1,0,0,0,3,0,0,0,0,0
RES,E1B,35,32,2031,31,1
EP,E1,35,4,256,1,0,0,0,3,0,0,0,0,0
RES,E1B,36,33,2032,32,1
EP,E1,36,4,256,1,0,0,0,3,0,0,0,0,0
RES,E1B,37,34,2033,33,1
EP,E1,37,4,256,1,0,0,0,3,0,0,0,0,0
RES,E1P,38,39,2266,WITHHOLD
EP,E1,38,1,64,0,0,0,0,1,0,0,0,0,0
RES,E1P,39,40,2273,WITHHOLD
EP,E1,39,1,64,0,0,0,0,1,0,0,0,0,0
RES,E1B,40,41,2240,34,1
EP,E1,40,4,256,1,0,0,0,3,0,0,0,0,0
RES,E1B,41,42,2241,35,1
EP,E1,41,4,256,1,0,0,0,3,0,0,0,0,0
RES,E1B,42,43,2042,36,1
EP,E1,42,4,256,1,0,0,0,3,0,0,0,0,0
RES,E1B,43,44,2043,37,1
EP,E1,43,4,256,1,0,0,0,3,0,0,0,0,0
RES,E1B,44,45,2044,38,1
EP,E1,44,4,256,1,0,0,0,3,0,0,0,0,0
RES,E1B,45,46,2045,39,1
EP,E1,45,4,256,1,0,0,0,3,0,0,0,0,0
RES,E1B,46,47,2046,40,1
EP,E1,46,4,256,1,0,0,0,3,0,0,0,0,0
RES,E1B,47,48,2047,41,1
EP,E1,47,4,256,1,0,0,0,3,0,0,0,0,0
RES,E1B,48,49,2048,42,1
EP,E1,48,4,256,1,0,0,0,3,0,0,0,0,0
RES,E1B,49,50,2049,43,1
EP,E1,49,4,256,1,0,0,0,3,0,0,0,0,0
RES,E1B,50,51,2050,44,1
EP,E1,50,4,256,1,0,0,0,3,0,0,0,0,0
RES,E1B,51,52,2051,45,1
EP,E1,51,4,256,1,0,0,0,3,0,0,0,0,0
RES,E1B,52,53,2052,46,1
EP,E1,52,4,256,1,0,0,0,3,0,0,0,0,0
RES,E1B,53,54,2053,47,1
EP,E1,53,4,256,1,0,0,0,3,0,0,0,0,0
RES,E1B,54,55,2054,48,1
EP,E1,54,4,256,1,0,0,0,3,0,0,0,0,0
RES,E1B,55,56,2055,49,1
EP,E1,55,4,256,1,0,0,0,3,0,0,0,0,0
RES,E1B,56,57,2056,50,1
EP,E1,56,4,256,1,0,0,0,3,0,0,0,0,0
RES,E1B,57,58,2057,51,1
EP,E1,57,4,256,1,0,0,0,3,0,0,0,0,0
RES,E1B,58,59,2058,52,1
EP,E1,58,4,256,1,0,0,0,3,0,0,0,0,0
RES,E1B,59,60,2059,53,1
EP,E1,59,4,256,1,0,0,0,3,0,0,0,0,0
RES,E1B,60,61,2060,54,1
EP,E1,60,4,256,1,0,0,0,3,0,0,0,0,0
RES,E1B,61,62,2061,55,1
EP,E1,61,4,256,1,0,0,0,3,0,0,0,0,0
RES,E1B,62,63,2062,56,1
EP,E1,62,4,256,1,0,0,0,3,0,0,0,0,0
RES,E1B,63,64,2063,57,1
EP,E1,63,4,256,1,0,0,0,3,0,0,0,0,0
RES,E1B,64,65,2064,58,1
EP,E1,64,4,256,1,0,0,0,3,0,0,0,0,0
RES,E1B,65,66,2065,59,1
EP,E1,65,4,256,1,0,0,0,3,0,0,0,0,0
RES,E1B,66,67,2066,60,1
EP,E1,66,4,256,1,0,0,0,3,0,0,0,0,0
RES,E1B,67,68,2067,61,1
EP,E1,67,4,256,1,0,0,0,3,0,0,0,0,0
RES,E1K,68,41,2040,2240,0,1
EP,E1,68,7,448,1,0,0,1,5,0,0,0,0,0
RES,E1K,69,42,2041,2241,0,1
EP,E1,69,7,448,1,0,0,1,5,0,0,0,0,0
RES,E1G,70,71,WITHHOLD
EP,E1,70,1,64,0,0,0,0,1,0,0,0,0,0
RES,E1G,71,72,WITHHOLD
EP,E1,71,1,64,0,0,0,0,1,0,0,0,0,0
RES,E1G,72,73,WITHHOLD
EP,E1,72,1,64,0,0,0,0,1,0,0,0,0,0
RES,E1G,73,74,WITHHOLD
EP,E1,73,1,64,0,0,0,0,1,0,0,0,0,0
RES,E1B,74,71,2070,62,1
EP,E1,74,4,256,1,0,0,0,3,0,0,0,0,0
RES,E1B,75,72,2071,63,1
EP,E1,75,4,256,1,0,0,0,3,0,0,0,0,0
RES,E1B,76,73,2072,64,1
EP,E1,76,4,256,1,0,0,0,3,0,0,0,0,0
RES,E1B,77,74,2073,65,1
EP,E1,77,4,256,1,0,0,0,3,0,0,0,0,0
RES,E1P,78,79,2546,WITHHOLD
EP,E1,78,1,64,0,0,0,0,1,0,0,0,0,0
RES,E1P,79,80,2553,WITHHOLD
EP,E1,79,1,64,0,0,0,0,1,0,0,0,0,0
RES,E1B,80,81,2280,66,1
EP,E1,80,4,256,1,0,0,0,3,0,0,0,0,0
RES,E1B,81,82,2281,67,1
EP,E1,81,4,256,1,0,0,0,3,0,0,0,0,0
RES,E1B,82,83,2082,68,1
EP,E1,82,4,256,1,0,0,0,3,0,0,0,0,0
RES,E1B,83,84,2083,69,1
EP,E1,83,4,256,1,0,0,0,3,0,0,0,0,0
RES,E1B,84,85,2084,70,1
EP,E1,84,4,256,1,0,0,0,3,0,0,0,0,0
RES,E1B,85,86,2085,71,1
EP,E1,85,4,256,1,0,0,0,3,0,0,0,0,0
RES,E1B,86,87,2086,72,1
EP,E1,86,4,256,1,0,0,0,3,0,0,0,0,0
RES,E1B,87,88,2087,73,0
EP,E1,87,4,256,1,0,0,0,3,0,0,0,0,0
RES,E1B,88,89,2088,74,1
EP,E1,88,4,256,1,0,0,0,3,0,0,0,0,0
RES,E1B,89,90,2089,75,1
EP,E1,89,4,256,1,0,0,0,3,0,0,0,0,0
RES,E1B,90,91,2090,76,1
EP,E1,90,4,256,1,0,0,0,3,0,0,0,0,0
RES,E1B,91,92,2091,77,1
EP,E1,91,4,256,1,0,0,0,3,0,0,0,0,0
RES,E1B,92,93,2092,78,1
EP,E1,92,4,256,1,0,0,0,3,0,0,0,0,0
RES,E1B,93,94,2093,79,1
EP,E1,93,4,256,1,0,0,0,3,0,0,0,0,0
RES,E1B,94,95,2094,80,1
EP,E1,94,4,256,1,0,0,0,3,0,0,0,0,0
RES,E1B,95,96,2095,81,1
EP,E1,95,4,256,1,0,0,0,3,0,0,0,0,0
RES,E1B,96,97,2096,82,1
EP,E1,96,4,256,1,0,0,0,3,0,0,0,0,0
RES,E1B,97,98,2097,83,1
EP,E1,97,4,256,1,0,0,0,3,0,0,0,0,0
RES,E1B,98,99,2098,84,0
EP,E1,98,4,256,1,0,0,0,3,0,0,0,0,0
RES,E1B,99,100,2099,85,1
EP,E1,99,4,256,1,0,0,0,3,0,0,0,0,0
RES,E1B,100,101,2100,86,1
EP,E1,100,4,256,1,0,0,0,3,0,0,0,0,0
RES,E1B,101,102,2101,87,1
EP,E1,101,4,256,1,0,0,0,3,0,0,0,0,0
RES,E1B,102,103,2102,88,1
EP,E1,102,4,256,1,0,0,0,3,0,0,0,0,0
RES,E1B,103,104,2103,89,1
EP,E1,103,4,256,1,0,0,0,3,0,0,0,0,0
RES,E1B,104,105,2104,90,1
EP,E1,104,4,256,1,0,0,0,3,0,0,0,0,0
RES,E1B,105,106,2105,91,1
EP,E1,105,4,256,1,0,0,0,3,0,0,0,0,0
RES,E1B,106,107,2106,92,1
EP,E1,106,4,256,1,0,0,0,3,0,0,0,0,0
RES,E1B,107,108,2107,93,1
EP,E1,107,4,256,1,0,0,0,3,0,0,0,0,0
RES,E1K,108,81,2080,2280,0,1
EP,E1,108,7,448,1,0,0,1,5,0,0,0,0,0
RES,E1K,109,82,2081,2281,0,1
EP,E1,109,7,448,1,0,0,1,5,0,0,0,0,0
RES,E1G,110,111,WITHHOLD
EP,E1,110,1,64,0,0,0,0,1,0,0,0,0,0
RES,E1G,111,112,WITHHOLD
EP,E1,111,1,64,0,0,0,0,1,0,0,0,0,0
RES,E1G,112,113,WITHHOLD
EP,E1,112,1,64,0,0,0,0,1,0,0,0,0,0
RES,E1G,113,114,WITHHOLD
EP,E1,113,1,64,0,0,0,0,1,0,0,0,0,0
RES,E1B,114,111,2110,94,1
EP,E1,114,4,256,1,0,0,0,3,0,0,0,0,0
RES,E1B,115,112,2111,95,1
EP,E1,115,4,256,1,0,0,0,3,0,0,0,0,0
RES,E1B,116,113,2112,96,1
EP,E1,116,4,256,1,0,0,0,3,0,0,0,0,0
RES,E1B,117,114,2113,97,1
EP,E1,117,4,256,1,0,0,0,3,0,0,0,0,0
RES,E1P,118,119,2026,WITHHOLD
EP,E1,118,1,64,0,0,0,0,1,0,0,0,0,0
RES,E1P,119,120,2033,WITHHOLD
EP,E1,119,1,64,0,0,0,0,1,0,0,0,0,0
RES,E1B,120,121,2320,98,1
EP,E1,120,4,256,1,0,0,0,3,0,0,0,0,0
RES,E1B,121,122,2321,99,1
EP,E1,121,4,256,1,0,0,0,3,0,0,0,0,0
RES,E1B,122,123,2122,100,1
EP,E1,122,4,256,1,0,0,0,3,0,0,0,0,0
RES,E1B,123,124,2123,101,1
EP,E1,123,4,256,1,0,0,0,3,0,0,0,0,0
RES,E1B,124,125,2124,102,1
EP,E1,124,4,256,1,0,0,0,3,0,0,0,0,0
RES,E1B,125,126,2125,103,1
EP,E1,125,4,256,1,0,0,0,3,0,0,0,0,0
RES,E1B,126,127,2126,104,1
EP,E1,126,4,256,1,0,0,0,3,0,0,0,0,0
RES,E1B,127,128,2127,105,1
EP,E1,127,4,256,1,0,0,0,3,0,0,0,0,0
RES,E1B,128,129,2128,106,1
EP,E1,128,4,256,1,0,0,0,3,0,0,0,0,0
RES,E1B,129,130,2129,107,1
EP,E1,129,4,256,1,0,0,0,3,0,0,0,0,0
RES,E1B,130,131,2130,108,1
EP,E1,130,4,256,1,0,0,0,3,0,0,0,0,0
RES,E1B,131,132,2131,109,1
EP,E1,131,4,256,1,0,0,0,3,0,0,0,0,0
RES,E1B,132,133,2132,110,1
EP,E1,132,4,256,1,0,0,0,3,0,0,0,0,0
RES,E1B,133,134,2133,111,1
EP,E1,133,4,256,1,0,0,0,3,0,0,0,0,0
RES,E1B,134,135,2134,112,1
EP,E1,134,4,256,1,0,0,0,3,0,0,0,0,0
RES,E1B,135,136,2135,113,1
EP,E1,135,4,256,1,0,0,0,3,0,0,0,0,0
RES,E1B,136,137,2136,114,1
EP,E1,136,4,256,1,0,0,0,3,0,0,0,0,0
RES,E1B,137,138,2137,115,1
EP,E1,137,4,256,1,0,0,0,3,0,0,0,0,0
RES,E1B,138,139,2138,116,1
EP,E1,138,4,256,1,0,0,0,3,0,0,0,0,0
RES,E1B,139,140,2139,117,1
EP,E1,139,4,256,1,0,0,0,3,0,0,0,0,0
RES,E1B,140,141,2140,118,1
EP,E1,140,4,256,1,0,0,0,3,0,0,0,0,0
RES,E1B,141,142,2141,119,1
EP,E1,141,4,256,1,0,0,0,3,0,0,0,0,0
RES,E1B,142,143,2142,120,1
EP,E1,142,4,256,1,0,0,0,3,0,0,0,0,0
RES,E1B,143,144,2143,121,1
EP,E1,143,4,256,1,0,0,0,3,0,0,0,0,0
RES,E1B,144,145,2144,122,1
EP,E1,144,4,256,1,0,0,0,3,0,0,0,0,0
RES,E1B,145,146,2145,123,1
EP,E1,145,4,256,1,0,0,0,3,0,0,0,0,0
RES,E1B,146,147,2146,124,1
EP,E1,146,4,256,1,0,0,0,3,0,0,0,0,0
RES,E1B,147,148,2147,125,1
EP,E1,147,4,256,1,0,0,0,3,0,0,0,0,0
RES,E1K,148,121,2120,2320,0,1
EP,E1,148,7,448,1,0,0,1,5,0,0,0,0,0
RES,E1K,149,122,2121,2321,0,1
EP,E1,149,7,448,1,0,0,1,5,0,0,0,0,0
RES,E1G,150,151,WITHHOLD
EP,E1,150,1,64,0,0,0,0,1,0,0,0,0,0
RES,E1G,151,152,WITHHOLD
EP,E1,151,1,64,0,0,0,0,1,0,0,0,0,0
RES,E1G,152,153,WITHHOLD
EP,E1,152,1,64,0,0,0,0,1,0,0,0,0,0
RES,E1G,153,154,WITHHOLD
EP,E1,153,1,64,0,0,0,0,1,0,0,0,0,0
RES,E1B,154,151,2150,126,1
EP,E1,154,4,256,1,0,0,0,3,0,0,0,0,0
RES,E1B,155,152,2151,127,1
EP,E1,155,4,256,1,0,0,0,3,0,0,0,0,0
RES,E1B,156,153,2152,128,1
EP,E1,156,4,256,1,0,0,0,3,0,0,0,0,0
RES,E1B,157,154,2153,129,1
EP,E1,157,4,256,1,0,0,0,3,0,0,0,0,0
RES,E1P,158,159,2306,WITHHOLD
EP,E1,158,1,64,0,0,0,0,1,0,0,0,0,0
RES,E1P,159,160,2313,WITHHOLD
EP,E1,159,1,64,0,0,0,0,1,0,0,0,0,0
RES,E1B,160,161,2360,130,1
EP,E1,160,4,256,1,0,0,0,3,0,0,0,0,0
RES,E1B,161,162,2361,131,1
EP,E1,161,4,256,1,0,0,0,3,0,0,0,0,0
RES,E1B,162,163,2162,132,1
EP,E1,162,4,256,1,0,0,0,3,0,0,0,0,0
RES,E1B,163,164,2163,133,1
EP,E1,163,4,256,1,0,0,0,3,0,0,0,0,0
RES,E1B,164,165,2164,134,1
EP,E1,164,4,256,1,0,0,0,3,0,0,0,0,0
RES,E1B,165,166,2165,135,1
EP,E1,165,4,256,1,0,0,0,3,0,0,0,0,0
RES,E1B,166,167,2166,136,1
EP,E1,166,4,256,1,0,0,0,3,0,0,0,0,0
RES,E1B,167,168,2167,137,1
EP,E1,167,4,256,1,0,0,0,3,0,0,0,0,0
RES,E1B,168,169,2168,138,1
EP,E1,168,4,256,1,0,0,0,3,0,0,0,0,0
RES,E1B,169,170,2169,139,1
EP,E1,169,4,256,1,0,0,0,3,0,0,0,0,0
RES,E1B,170,171,2170,140,1
EP,E1,170,4,256,1,0,0,0,3,0,0,0,0,0
RES,E1B,171,172,2171,141,1
EP,E1,171,4,256,1,0,0,0,3,0,0,0,0,0
RES,E1B,172,173,2172,142,1
EP,E1,172,4,256,1,0,0,0,3,0,0,0,0,0
RES,E1B,173,174,2173,143,1
EP,E1,173,4,256,1,0,0,0,3,0,0,0,0,0
RES,E1B,174,175,2174,144,1
EP,E1,174,4,256,1,0,0,0,3,0,0,0,0,0
RES,E1B,175,176,2175,145,1
EP,E1,175,4,256,1,0,0,0,3,0,0,0,0,0
RES,E1B,176,177,2176,146,1
EP,E1,176,4,256,1,0,0,0,3,0,0,0,0,0
RES,E1B,177,178,2177,147,1
EP,E1,177,4,256,1,0,0,0,3,0,0,0,0,0
RES,E1B,178,179,2178,148,1
EP,E1,178,4,256,1,0,0,0,3,0,0,0,0,0
RES,E1B,179,180,2179,149,1
EP,E1,179,4,256,1,0,0,0,3,0,0,0,0,0
RES,E1B,180,181,2180,150,1
EP,E1,180,4,256,1,0,0,0,3,0,0,0,0,0
RES,E1B,181,182,2181,151,1
EP,E1,181,4,256,1,0,0,0,3,0,0,0,0,0
RES,E1B,182,183,2182,152,1
EP,E1,182,4,256,1,0,0,0,3,0,0,0,0,0
RES,E1B,183,184,2183,153,1
EP,E1,183,4,256,1,0,0,0,3,0,0,0,0,0
RES,E1B,184,185,2184,154,1
EP,E1,184,4,256,1,0,0,0,3,0,0,0,0,0
RES,E1B,185,186,2185,155,1
EP,E1,185,4,256,1,0,0,0,3,0,0,0,0,0
RES,E1B,186,187,2186,156,1
EP,E1,186,4,256,1,0,0,0,3,0,0,0,0,0
RES,E1B,187,188,2187,157,1
EP,E1,187,4,256,1,0,0,0,3,0,0,0,0,0
RES,E1K,188,161,2160,2360,0,1
EP,E1,188,7,448,1,0,0,1,5,0,0,0,0,0
RES,E1K,189,162,2161,2361,0,1
EP,E1,189,7,448,1,0,0,1,5,0,0,0,0,0
RES,E1G,190,191,WITHHOLD
EP,E1,190,1,64,0,0,0,0,1,0,0,0,0,0
RES,E1G,191,192,WITHHOLD
EP,E1,191,1,64,0,0,0,0,1,0,0,0,0,0
RES,E1G,192,193,WITHHOLD
EP,E1,192,1,64,0,0,0,0,1,0,0,0,0,0
RES,E1G,193,194,WITHHOLD
EP,E1,193,1,64,0,0,0,0,1,0,0,0,0,0
RES,E1B,194,191,2190,158,1
EP,E1,194,4,256,1,0,0,0,3,0,0,0,0,0
RES,E1B,195,192,2191,159,1
EP,E1,195,4,256,1,0,0,0,3,0,0,0,0,0
RES,E1B,196,193,2192,160,1
EP,E1,196,4,256,1,0,0,0,3,0,0,0,0,0
RES,E1B,197,194,2193,161,1
EP,E1,197,4,256,1,0,0,0,3,0,0,0,0,0
RES,E1P,198,199,2586,WITHHOLD
EP,E1,198,1,64,0,0,0,0,1,0,0,0,0,0
RES,E1P,199,200,2593,WITHHOLD
EP,E1,199,1,64,0,0,0,0,1,0,0,0,0,0
RES,E1B,200,201,2400,162,1
EP,E1,200,4,256,1,0,0,0,3,0,0,0,0,0
RES,E1B,201,202,2401,163,1
EP,E1,201,4,256,1,0,0,0,3,0,0,0,0,0
RES,E1B,202,203,2202,164,1
EP,E1,202,4,256,1,0,0,0,3,0,0,0,0,0
RES,E1B,203,204,2203,165,1
EP,E1,203,4,256,1,0,0,0,3,0,0,0,0,0
RES,E1B,204,205,2204,166,1
EP,E1,204,4,256,1,0,0,0,3,0,0,0,0,0
RES,E1B,205,206,2205,167,1
EP,E1,205,4,256,1,0,0,0,3,0,0,0,0,0
RES,E1B,206,207,2206,168,1
EP,E1,206,4,256,1,0,0,0,3,0,0,0,0,0
RES,E1B,207,208,2207,169,1
EP,E1,207,4,256,1,0,0,0,3,0,0,0,0,0
RES,E1B,208,209,2208,170,1
EP,E1,208,4,256,1,0,0,0,3,0,0,0,0,0
RES,E1B,209,210,2209,171,1
EP,E1,209,4,256,1,0,0,0,3,0,0,0,0,0
RES,E1B,210,211,2210,172,1
EP,E1,210,4,256,1,0,0,0,3,0,0,0,0,0
RES,E1B,211,212,2211,173,1
EP,E1,211,4,256,1,0,0,0,3,0,0,0,0,0
RES,E1B,212,213,2212,174,1
EP,E1,212,4,256,1,0,0,0,3,0,0,0,0,0
RES,E1B,213,214,2213,175,1
EP,E1,213,4,256,1,0,0,0,3,0,0,0,0,0
RES,E1B,214,215,2214,176,1
EP,E1,214,4,256,1,0,0,0,3,0,0,0,0,0
RES,E1B,215,216,2215,177,1
EP,E1,215,4,256,1,0,0,0,3,0,0,0,0,0
RES,E1B,216,217,2216,178,1
EP,E1,216,4,256,1,0,0,0,3,0,0,0,0,0
RES,E1B,217,218,2217,179,1
EP,E1,217,4,256,1,0,0,0,3,0,0,0,0,0
RES,E1B,218,219,2218,180,1
EP,E1,218,4,256,1,0,0,0,3,0,0,0,0,0
RES,E1B,219,220,2219,181,1
EP,E1,219,4,256,1,0,0,0,3,0,0,0,0,0
RES,E1B,220,221,2220,182,1
EP,E1,220,4,256,1,0,0,0,3,0,0,0,0,0
RES,E1B,221,222,2221,183,1
EP,E1,221,4,256,1,0,0,0,3,0,0,0,0,0
RES,E1B,222,223,2222,184,1
EP,E1,222,4,256,1,0,0,0,3,0,0,0,0,0
RES,E1B,223,224,2223,185,1
EP,E1,223,4,256,1,0,0,0,3,0,0,0,0,0
RES,E1B,224,225,2224,186,1
EP,E1,224,4,256,1,0,0,0,3,0,0,0,0,0
RES,E1B,225,226,2225,187,1
EP,E1,225,4,256,1,0,0,0,3,0,0,0,0,0
RES,E1B,226,227,2226,188,1
EP,E1,226,4,256,1,0,0,0,3,0,0,0,0,0
RES,E1B,227,228,2227,189,1
EP,E1,227,4,256,1,0,0,0,3,0,0,0,0,0
RES,E1K,228,201,2200,2400,0,1
EP,E1,228,7,448,1,0,0,1,5,0,0,0,0,0
RES,E1K,229,202,2201,2401,0,1
EP,E1,229,7,448,1,0,0,1,5,0,0,0,0,0
RES,E1G,230,231,WITHHOLD
EP,E1,230,1,64,0,0,0,0,1,0,0,0,0,0
RES,E1G,231,232,WITHHOLD
EP,E1,231,1,64,0,0,0,0,1,0,0,0,0,0
RES,E1G,232,233,WITHHOLD
EP,E1,232,1,64,0,0,0,0,1,0,0,0,0,0
RES,E1G,233,234,WITHHOLD
EP,E1,233,1,64,0,0,0,0,1,0,0,0,0,0
RES,E1B,234,231,2230,190,1
EP,E1,234,4,256,1,0,0,0,3,0,0,0,0,0
RES,E1B,235,232,2231,191,1
EP,E1,235,4,256,1,0,0,0,3,0,0,0,0,0
RES,E1B,236,233,2232,192,1
EP,E1,236,4,256,1,0,0,0,3,0,0,0,0,0
RES,E1B,237,234,2233,193,1
EP,E1,237,4,256,1,0,0,0,3,0,0,0,0,0
RES,E1P,238,239,2066,WITHHOLD
EP,E1,238,1,64,0,0,0,0,1,0,0,0,0,0
RES,E1P,239,240,2073,WITHHOLD
EP,E1,239,1,64,0,0,0,0,1,0,0,0,0,0
RES,E1B,240,241,2440,194,1
EP,E1,240,4,256,1,0,0,0,3,0,0,0,0,0
RES,E1B,241,242,2441,195,1
EP,E1,241,4,256,1,0,0,0,3,0,0,0,0,0
RES,E1B,242,243,2242,196,1
EP,E1,242,4,256,1,0,0,0,3,0,0,0,0,0
RES,E1B,243,244,2243,197,1
EP,E1,243,4,256,1,0,0,0,3,0,0,0,0,0
RES,E1B,244,245,2244,198,1
EP,E1,244,4,256,1,0,0,0,3,0,0,0,0,0
RES,E1B,245,246,2245,199,1
EP,E1,245,4,256,1,0,0,0,3,0,0,0,0,0
RES,E1B,246,247,2246,200,1
EP,E1,246,4,256,1,0,0,0,3,0,0,0,0,0
RES,E1B,247,248,2247,201,1
EP,E1,247,4,256,1,0,0,0,3,0,0,0,0,0
RES,E1B,248,249,2248,202,1
EP,E1,248,4,256,1,0,0,0,3,0,0,0,0,0
RES,E1B,249,250,2249,203,1
EP,E1,249,4,256,1,0,0,0,3,0,0,0,0,0
RES,E1B,250,251,2250,204,1
EP,E1,250,4,256,1,0,0,0,3,0,0,0,0,0
RES,E1B,251,252,2251,205,1
EP,E1,251,4,256,1,0,0,0,3,0,0,0,0,0
RES,E1B,252,253,2252,206,1
EP,E1,252,4,256,1,0,0,0,3,0,0,0,0,0
RES,E1B,253,254,2253,207,1
EP,E1,253,4,256,1,0,0,0,3,0,0,0,0,0
RES,E1B,254,255,2254,208,1
EP,E1,254,4,256,1,0,0,0,3,0,0,0,0,0
RES,E1B,255,256,2255,209,1
EP,E1,255,4,256,1,0,0,0,3,0,0,0,0,0
RES,E1B,256,257,2256,210,1
EP,E1,256,4,256,1,0,0,0,3,0,0,0,0,0
RES,E1B,257,258,2257,211,1
EP,E1,257,4,256,1,0,0,0,3,0,0,0,0,0
RES,E1B,258,259,2258,212,1
EP,E1,258,4,256,1,0,0,0,3,0,0,0,0,0
RES,E1B,259,260,2259,213,1
EP,E1,259,4,256,1,0,0,0,3,0,0,0,0,0
RES,E1B,260,261,2260,214,1
EP,E1,260,4,256,1,0,0,0,3,0,0,0,0,0
RES,E1B,261,262,2261,215,1
EP,E1,261,4,256,1,0,0,0,3,0,0,0,0,0
RES,E1B,262,263,2262,216,1
EP,E1,262,4,256,1,0,0,0,3,0,0,0,0,0
RES,E1B,263,264,2263,217,1
EP,E1,263,4,256,1,0,0,0,3,0,0,0,0,0
RES,E1B,264,265,2264,218,1
EP,E1,264,4,256,1,0,0,0,3,0,0,0,0,0
RES,E1B,265,266,2265,219,1
EP,E1,265,4,256,1,0,0,0,3,0,0,0,0,0
RES,E1B,266,267,2266,220,1
EP,E1,266,4,256,1,0,0,0,3,0,0,0,0,0
RES,E1B,267,268,2267,221,1
EP,E1,267,4,256,1,0,0,0,3,0,0,0,0,0
RES,E1K,268,241,2240,2440,0,1
EP,E1,268,7,448,1,0,0,1,5,0,0,0,0,0
RES,E1K,269,242,2241,2441,0,1
EP,E1,269,7,448,1,0,0,1,5,0,0,0,0,0
RES,E1G,270,271,WITHHOLD
EP,E1,270,1,64,0,0,0,0,1,0,0,0,0,0
RES,E1G,271,272,WITHHOLD
EP,E1,271,1,64,0,0,0,0,1,0,0,0,0,0
RES,E1G,272,273,WITHHOLD
EP,E1,272,1,64,0,0,0,0,1,0,0,0,0,0
RES,E1G,273,274,WITHHOLD
EP,E1,273,1,64,0,0,0,0,1,0,0,0,0,0
RES,E1B,274,271,2270,222,1
EP,E1,274,4,256,1,0,0,0,3,0,0,0,0,0
RES,E1B,275,272,2271,223,1
EP,E1,275,4,256,1,0,0,0,3,0,0,0,0,0
RES,E1B,276,273,2272,224,1
EP,E1,276,4,256,1,0,0,0,3,0,0,0,0,0
RES,E1B,277,274,2273,225,1
EP,E1,277,4,256,1,0,0,0,3,0,0,0,0,0
RES,E1P,278,279,2346,WITHHOLD
EP,E1,278,1,64,0,0,0,0,1,0,0,0,0,0
RES,E1P,279,280,2353,WITHHOLD
EP,E1,279,1,64,0,0,0,0,1,0,0,0,0,0
RES,E1B,280,281,2480,226,1
EP,E1,280,4,256,1,0,0,0,3,0,0,0,0,0
RES,E1B,281,282,2481,227,1
EP,E1,281,4,256,1,0,0,0,3,0,0,0,0,0
RES,E1B,282,283,2282,228,1
EP,E1,282,4,256,1,0,0,0,3,0,0,0,0,0
RES,E1B,283,284,2283,229,1
EP,E1,283,4,256,1,0,0,0,3,0,0,0,0,0
RES,E1B,284,285,2284,230,1
EP,E1,284,4,256,1,0,0,0,3,0,0,0,0,0
RES,E1B,285,286,2285,231,1
EP,E1,285,4,256,1,0,0,0,3,0,0,0,0,0
RES,E1B,286,287,2286,232,1
EP,E1,286,4,256,1,0,0,0,3,0,0,0,0,0
RES,E1B,287,288,2287,233,1
EP,E1,287,4,256,1,0,0,0,3,0,0,0,0,0
RES,E1B,288,289,2288,234,1
EP,E1,288,4,256,1,0,0,0,3,0,0,0,0,0
RES,E1B,289,290,2289,235,1
EP,E1,289,4,256,1,0,0,0,3,0,0,0,0,0
RES,E1B,290,291,2290,236,1
EP,E1,290,4,256,1,0,0,0,3,0,0,0,0,0
RES,E1B,291,292,2291,237,1
EP,E1,291,4,256,1,0,0,0,3,0,0,0,0,0
RES,E1B,292,293,2292,238,1
EP,E1,292,4,256,1,0,0,0,3,0,0,0,0,0
RES,E1B,293,294,2293,239,1
EP,E1,293,4,256,1,0,0,0,3,0,0,0,0,0
RES,E1B,294,295,2294,240,1
EP,E1,294,4,256,1,0,0,0,3,0,0,0,0,0
RES,E1B,295,296,2295,241,1
EP,E1,295,4,256,1,0,0,0,3,0,0,0,0,0
RES,E1B,296,297,2296,242,1
EP,E1,296,4,256,1,0,0,0,3,0,0,0,0,0
RES,E1B,297,298,2297,243,1
EP,E1,297,4,256,1,0,0,0,3,0,0,0,0,0
RES,E1B,298,299,2298,244,1
EP,E1,298,4,256,1,0,0,0,3,0,0,0,0,0
RES,E1B,299,300,2299,245,1
EP,E1,299,4,256,1,0,0,0,3,0,0,0,0,0
RES,E1B,300,301,2300,246,1
EP,E1,300,4,256,1,0,0,0,3,0,0,0,0,0
RES,E1B,301,302,2301,247,1
EP,E1,301,4,256,1,0,0,0,3,0,0,0,0,0
RES,E1B,302,303,2302,248,1
EP,E1,302,4,256,1,0,0,0,3,0,0,0,0,0
RES,E1B,303,304,2303,249,1
EP,E1,303,4,256,1,0,0,0,3,0,0,0,0,0
RES,E1B,304,305,2304,250,1
EP,E1,304,4,256,1,0,0,0,3,0,0,0,0,0
RES,E1B,305,306,2305,251,1
EP,E1,305,4,256,1,0,0,0,3,0,0,0,0,0
RES,E1B,306,307,2306,252,1
EP,E1,306,4,256,1,0,0,0,3,0,0,0,0,0
RES,E1B,307,308,2307,253,1
EP,E1,307,4,256,1,0,0,0,3,0,0,0,0,0
RES,E1K,308,281,2280,2480,0,1
EP,E1,308,7,448,1,0,0,1,5,0,0,0,0,0
RES,E1K,309,282,2281,2481,0,1
EP,E1,309,7,448,1,0,0,1,5,0,0,0,0,0
RES,E1G,310,311,WITHHOLD
EP,E1,310,1,64,0,0,0,0,1,0,0,0,0,0
RES,E1G,311,312,WITHHOLD
EP,E1,311,1,64,0,0,0,0,1,0,0,0,0,0
RES,E1G,312,313,WITHHOLD
EP,E1,312,1,64,0,0,0,0,1,0,0,0,0,0
RES,E1G,313,314,WITHHOLD
EP,E1,313,1,64,0,0,0,0,1,0,0,0,0,0
RES,E1B,314,311,2310,254,1
EP,E1,314,4,256,1,0,0,0,3,0,0,0,0,0
RES,E1B,315,312,2311,255,1
EP,E1,315,4,256,1,0,0,0,3,0,0,0,0,0
RES,E1B,316,313,2312,256,1
EP,E1,316,4,256,1,0,0,0,3,0,0,0,0,0
RES,E1B,317,314,2313,257,1
EP,E1,317,4,256,1,0,0,0,3,0,0,0,0,0
RES,E1P,318,319,2626,WITHHOLD
EP,E1,318,1,64,0,0,0,0,1,0,0,0,0,0
RES,E1P,319,320,2633,WITHHOLD
EP,E1,319,1,64,0,0,0,0,1,0,0,0,0,0
RES,E1B,320,321,2520,258,1
EP,E1,320,4,256,1,0,0,0,3,0,0,0,0,0
RES,E1B,321,322,2521,259,1
EP,E1,321,4,256,1,0,0,0,3,0,0,0,0,0
RES,E1B,322,323,2322,260,1
EP,E1,322,4,256,1,0,0,0,3,0,0,0,0,0
RES,E1B,323,324,2323,261,1
EP,E1,323,4,256,1,0,0,0,3,0,0,0,0,0
RES,E1B,324,325,2324,262,1
EP,E1,324,4,256,1,0,0,0,3,0,0,0,0,0
RES,E1B,325,326,2325,263,1
EP,E1,325,4,256,1,0,0,0,3,0,0,0,0,0
RES,E1B,326,327,2326,264,1
EP,E1,326,4,256,1,0,0,0,3,0,0,0,0,0
RES,E1B,327,328,2327,265,1
EP,E1,327,4,256,1,0,0,0,3,0,0,0,0,0
RES,E1B,328,329,2328,266,1
EP,E1,328,4,256,1,0,0,0,3,0,0,0,0,0
RES,E1B,329,330,2329,267,1
EP,E1,329,4,256,1,0,0,0,3,0,0,0,0,0
RES,E1B,330,331,2330,268,1
EP,E1,330,4,256,1,0,0,0,3,0,0,0,0,0
RES,E1B,331,332,2331,269,1
EP,E1,331,4,256,1,0,0,0,3,0,0,0,0,0
RES,E1B,332,333,2332,270,1
EP,E1,332,4,256,1,0,0,0,3,0,0,0,0,0
RES,E1B,333,334,2333,271,1
EP,E1,333,4,256,1,0,0,0,3,0,0,0,0,0
RES,E1B,334,335,2334,272,1
EP,E1,334,4,256,1,0,0,0,3,0,0,0,0,0
RES,E1B,335,336,2335,273,1
EP,E1,335,4,256,1,0,0,0,3,0,0,0,0,0
RES,E1B,336,337,2336,274,1
EP,E1,336,4,256,1,0,0,0,3,0,0,0,0,0
RES,E1B,337,338,2337,275,1
EP,E1,337,4,256,1,0,0,0,3,0,0,0,0,0
RES,E1B,338,339,2338,276,1
EP,E1,338,4,256,1,0,0,0,3,0,0,0,0,0
RES,E1B,339,340,2339,277,1
EP,E1,339,4,256,1,0,0,0,3,0,0,0,0,0
RES,E1B,340,341,2340,278,1
EP,E1,340,4,256,1,0,0,0,3,0,0,0,0,0
RES,E1B,341,342,2341,279,1
EP,E1,341,4,256,1,0,0,0,3,0,0,0,0,0
RES,E1B,342,343,2342,280,1
EP,E1,342,4,256,1,0,0,0,3,0,0,0,0,0
RES,E1B,343,344,2343,281,1
EP,E1,343,4,256,1,0,0,0,3,0,0,0,0,0
RES,E1B,344,345,2344,282,1
EP,E1,344,4,256,1,0,0,0,3,0,0,0,0,0
RES,E1B,345,346,2345,283,1
EP,E1,345,4,256,1,0,0,0,3,0,0,0,0,0
RES,E1B,346,347,2346,284,1
EP,E1,346,4,256,1,0,0,0,3,0,0,0,0,0
RES,E1B,347,348,2347,285,1
EP,E1,347,4,256,1,0,0,0,3,0,0,0,0,0
RES,E1K,348,321,2320,2520,0,1
EP,E1,348,7,448,1,0,0,1,5,0,0,0,0,0
RES,E1K,349,322,2321,2521,0,1
EP,E1,349,7,448,1,0,0,1,5,0,0,0,0,0
RES,E1G,350,351,WITHHOLD
EP,E1,350,1,64,0,0,0,0,1,0,0,0,0,0
RES,E1G,351,352,WITHHOLD
EP,E1,351,1,64,0,0,0,0,1,0,0,0,0,0
RES,E1G,352,353,WITHHOLD
EP,E1,352,1,64,0,0,0,0,1,0,0,0,0,0
RES,E1G,353,354,WITHHOLD
EP,E1,353,1,64,0,0,0,0,1,0,0,0,0,0
RES,E1B,354,351,2350,286,1
EP,E1,354,4,256,1,0,0,0,3,0,0,0,0,0
RES,E1B,355,352,2351,287,1
EP,E1,355,4,256,1,0,0,0,3,0,0,0,0,0
RES,E1B,356,353,2352,288,1
EP,E1,356,4,256,1,0,0,0,3,0,0,0,0,0
RES,E1B,357,354,2353,289,1
EP,E1,357,4,256,1,0,0,0,3,0,0,0,0,0
RES,E1P,358,359,2106,WITHHOLD
EP,E1,358,1,64,0,0,0,0,1,0,0,0,0,0
RES,E1P,359,360,2113,WITHHOLD
EP,E1,359,1,64,0,0,0,0,1,0,0,0,0,0
RES,E1B,360,361,2560,290,1
EP,E1,360,4,256,1,0,0,0,3,0,0,0,0,0
RES,E1B,361,362,2561,291,1
EP,E1,361,4,256,1,0,0,0,3,0,0,0,0,0
RES,E1B,362,363,2362,292,1
EP,E1,362,4,256,1,0,0,0,3,0,0,0,0,0
RES,E1B,363,364,2363,293,1
EP,E1,363,4,256,1,0,0,0,3,0,0,0,0,0
RES,E1B,364,365,2364,294,1
EP,E1,364,4,256,1,0,0,0,3,0,0,0,0,0
RES,E1B,365,366,2365,295,1
EP,E1,365,4,256,1,0,0,0,3,0,0,0,0,0
RES,E1B,366,367,2366,296,1
EP,E1,366,4,256,1,0,0,0,3,0,0,0,0,0
RES,E1B,367,368,2367,297,1
EP,E1,367,4,256,1,0,0,0,3,0,0,0,0,0
RES,E1B,368,369,2368,298,1
EP,E1,368,4,256,1,0,0,0,3,0,0,0,0,0
RES,E1B,369,370,2369,299,1
EP,E1,369,4,256,1,0,0,0,3,0,0,0,0,0
RES,E1B,370,371,2370,300,1
EP,E1,370,4,256,1,0,0,0,3,0,0,0,0,0
RES,E1B,371,372,2371,301,1
EP,E1,371,4,256,1,0,0,0,3,0,0,0,0,0
RES,E1B,372,373,2372,302,1
EP,E1,372,4,256,1,0,0,0,3,0,0,0,0,0
RES,E1B,373,374,2373,303,1
EP,E1,373,4,256,1,0,0,0,3,0,0,0,0,0
RES,E1B,374,375,2374,304,1
EP,E1,374,4,256,1,0,0,0,3,0,0,0,0,0
RES,E1B,375,376,2375,305,1
EP,E1,375,4,256,1,0,0,0,3,0,0,0,0,0
RES,E1B,376,377,2376,306,1
EP,E1,376,4,256,1,0,0,0,3,0,0,0,0,0
RES,E1B,377,378,2377,307,1
EP,E1,377,4,256,1,0,0,0,3,0,0,0,0,0
RES,E1B,378,379,2378,308,1
EP,E1,378,4,256,1,0,0,0,3,0,0,0,0,0
RES,E1B,379,380,2379,309,1
EP,E1,379,4,256,1,0,0,0,3,0,0,0,0,0
RES,E1B,380,381,2380,310,1
EP,E1,380,4,256,1,0,0,0,3,0,0,0,0,0
RES,E1B,381,382,2381,311,1
EP,E1,381,4,256,1,0,0,0,3,0,0,0,0,0
RES,E1B,382,383,2382,312,1
EP,E1,382,4,256,1,0,0,0,3,0,0,0,0,0
RES,E1B,383,384,2383,313,1
EP,E1,383,4,256,1,0,0,0,3,0,0,0,0,0
RES,E1B,384,385,2384,314,1
EP,E1,384,4,256,1,0,0,0,3,0,0,0,0,0
RES,E1B,385,386,2385,315,1
EP,E1,385,4,256,1,0,0,0,3,0,0,0,0,0
RES,E1B,386,387,2386,316,1
EP,E1,386,4,256,1,0,0,0,3,0,0,0,0,0
RES,E1B,387,388,2387,317,1
EP,E1,387,4,256,1,0,0,0,3,0,0,0,0,0
RES,E1K,388,361,2360,2560,0,1
EP,E1,388,7,448,1,0,0,1,5,0,0,0,0,0
RES,E1K,389,362,2361,2561,0,1
EP,E1,389,7,448,1,0,0,1,5,0,0,0,0,0
RES,E1G,390,391,WITHHOLD
EP,E1,390,1,64,0,0,0,0,1,0,0,0,0,0
RES,E1G,391,392,WITHHOLD
EP,E1,391,1,64,0,0,0,0,1,0,0,0,0,0
RES,E1G,392,393,WITHHOLD
EP,E1,392,1,64,0,0,0,0,1,0,0,0,0,0
RES,E1G,393,394,WITHHOLD
EP,E1,393,1,64,0,0,0,0,1,0,0,0,0,0
RES,E1B,394,391,2390,318,1
EP,E1,394,4,256,1,0,0,0,3,0,0,0,0,0
RES,E1B,395,392,2391,319,1
EP,E1,395,4,256,1,0,0,0,3,0,0,0,0,0
RES,E1B,396,393,2392,320,1
EP,E1,396,4,256,1,0,0,0,3,0,0,0,0,0
RES,E1B,397,394,2393,321,1
EP,E1,397,4,256,1,0,0,0,3,0,0,0,0,0
RES,E1P,398,399,2386,WITHHOLD
EP,E1,398,1,64,0,0,0,0,1,0,0,0,0,0
RES,E1P,399,400,2393,WITHHOLD
EP,E1,399,1,64,0,0,0,0,1,0,0,0,0,0
RES,E1B,400,401,2600,322,1
EP,E1,400,4,256,1,0,0,0,3,0,0,0,0,0
RES,E1B,401,402,2601,323,1
EP,E1,401,4,256,1,0,0,0,3,0,0,0,0,0
RES,E1B,402,403,2402,324,1
EP,E1,402,4,256,1,0,0,0,3,0,0,0,0,0
RES,E1B,403,404,2403,325,1
EP,E1,403,4,256,1,0,0,0,3,0,0,0,0,0
RES,E1B,404,405,2404,326,1
EP,E1,404,4,256,1,0,0,0,3,0,0,0,0,0
RES,E1B,405,406,2405,327,1
EP,E1,405,4,256,1,0,0,0,3,0,0,0,0,0
RES,E1B,406,407,2406,328,1
EP,E1,406,4,256,1,0,0,0,3,0,0,0,0,0
RES,E1B,407,408,2407,329,1
EP,E1,407,4,256,1,0,0,0,3,0,0,0,0,0
RES,E1B,408,409,2408,330,1
EP,E1,408,4,256,1,0,0,0,3,0,0,0,0,0
RES,E1B,409,410,2409,331,1
EP,E1,409,4,256,1,0,0,0,3,0,0,0,0,0
RES,E1B,410,411,2410,332,1
EP,E1,410,4,256,1,0,0,0,3,0,0,0,0,0
RES,E1B,411,412,2411,333,1
EP,E1,411,4,256,1,0,0,0,3,0,0,0,0,0
RES,E1B,412,413,2412,334,1
EP,E1,412,4,256,1,0,0,0,3,0,0,0,0,0
RES,E1B,413,414,2413,335,1
EP,E1,413,4,256,1,0,0,0,3,0,0,0,0,0
RES,E1B,414,415,2414,336,1
EP,E1,414,4,256,1,0,0,0,3,0,0,0,0,0
RES,E1B,415,416,2415,337,1
EP,E1,415,4,256,1,0,0,0,3,0,0,0,0,0
RES,E1B,416,417,2416,338,1
EP,E1,416,4,256,1,0,0,0,3,0,0,0,0,0
RES,E1B,417,418,2417,339,1
EP,E1,417,4,256,1,0,0,0,3,0,0,0,0,0
RES,E1B,418,419,2418,340,1
EP,E1,418,4,256,1,0,0,0,3,0,0,0,0,0
RES,E1B,419,420,2419,341,1
EP,E1,419,4,256,1,0,0,0,3,0,0,0,0,0
RES,E1B,420,421,2420,342,1
EP,E1,420,4,256,1,0,0,0,3,0,0,0,0,0
RES,E1B,421,422,2421,343,1
EP,E1,421,4,256,1,0,0,0,3,0,0,0,0,0
RES,E1B,422,423,2422,344,1
EP,E1,422,4,256,1,0,0,0,3,0,0,0,0,0
RES,E1B,423,424,2423,345,1
EP,E1,423,4,256,1,0,0,0,3,0,0,0,0,0
RES,E1B,424,425,2424,346,1
EP,E1,424,4,256,1,0,0,0,3,0,0,0,0,0
RES,E1B,425,426,2425,347,1
EP,E1,425,4,256,1,0,0,0,3,0,0,0,0,0
RES,E1B,426,427,2426,348,1
EP,E1,426,4,256,1,0,0,0,3,0,0,0,0,0
RES,E1B,427,428,2427,349,1
EP,E1,427,4,256,1,0,0,0,3,0,0,0,0,0
RES,E1K,428,401,2400,2600,0,1
EP,E1,428,7,448,1,0,0,1,5,0,0,0,0,0
RES,E1K,429,402,2401,2601,0,1
EP,E1,429,7,448,1,0,0,1,5,0,0,0,0,0
RES,E1G,430,431,WITHHOLD
EP,E1,430,1,64,0,0,0,0,1,0,0,0,0,0
RES,E1G,431,432,WITHHOLD
EP,E1,431,1,64,0,0,0,0,1,0,0,0,0,0
RES,E1G,432,433,WITHHOLD
EP,E1,432,1,64,0,0,0,0,1,0,0,0,0,0
RES,E1G,433,434,WITHHOLD
EP,E1,433,1,64,0,0,0,0,1,0,0,0,0,0
RES,E1B,434,431,2430,350,1
EP,E1,434,4,256,1,0,0,0,3,0,0,0,0,0
RES,E1B,435,432,2431,351,1
EP,E1,435,4,256,1,0,0,0,3,0,0,0,0,0
RES,E1B,436,433,2432,352,1
EP,E1,436,4,256,1,0,0,0,3,0,0,0,0,0
RES,E1B,437,434,2433,353,1
EP,E1,437,4,256,1,0,0,0,3,0,0,0,0,0
RES,E1P,438,439,2666,WITHHOLD
EP,E1,438,1,64,0,0,0,0,1,0,0,0,0,0
RES,E1P,439,440,2673,WITHHOLD
EP,E1,439,1,64,0,0,0,0,1,0,0,0,0,0
RES,E1B,440,441,2640,354,1
EP,E1,440,4,256,1,0,0,0,3,0,0,0,0,0
RES,E1B,441,442,2641,355,1
EP,E1,441,4,256,1,0,0,0,3,0,0,0,0,0
RES,E1B,442,443,2442,356,1
EP,E1,442,4,256,1,0,0,0,3,0,0,0,0,0
RES,E1B,443,444,2443,357,1
EP,E1,443,4,256,1,0,0,0,3,0,0,0,0,0
RES,E1B,444,445,2444,358,1
EP,E1,444,4,256,1,0,0,0,3,0,0,0,0,0
RES,E1B,445,446,2445,359,1
EP,E1,445,4,256,1,0,0,0,3,0,0,0,0,0
RES,E1B,446,447,2446,360,1
EP,E1,446,4,256,1,0,0,0,3,0,0,0,0,0
RES,E1B,447,448,2447,361,1
EP,E1,447,4,256,1,0,0,0,3,0,0,0,0,0
RES,E1B,448,449,2448,362,1
EP,E1,448,4,256,1,0,0,0,3,0,0,0,0,0
RES,E1B,449,450,2449,363,1
EP,E1,449,4,256,1,0,0,0,3,0,0,0,0,0
RES,E1B,450,451,2450,364,1
EP,E1,450,4,256,1,0,0,0,3,0,0,0,0,0
RES,E1B,451,452,2451,365,1
EP,E1,451,4,256,1,0,0,0,3,0,0,0,0,0
RES,E1B,452,453,2452,366,1
EP,E1,452,4,256,1,0,0,0,3,0,0,0,0,0
RES,E1B,453,454,2453,367,1
EP,E1,453,4,256,1,0,0,0,3,0,0,0,0,0
RES,E1B,454,455,2454,368,1
EP,E1,454,4,256,1,0,0,0,3,0,0,0,0,0
RES,E1B,455,456,2455,369,1
EP,E1,455,4,256,1,0,0,0,3,0,0,0,0,0
RES,E1B,456,457,2456,370,1
EP,E1,456,4,256,1,0,0,0,3,0,0,0,0,0
RES,E1B,457,458,2457,371,1
EP,E1,457,4,256,1,0,0,0,3,0,0,0,0,0
RES,E1B,458,459,2458,372,1
EP,E1,458,4,256,1,0,0,0,3,0,0,0,0,0
RES,E1B,459,460,2459,373,1
EP,E1,459,4,256,1,0,0,0,3,0,0,0,0,0
RES,E1B,460,461,2460,374,1
EP,E1,460,4,256,1,0,0,0,3,0,0,0,0,0
RES,E1B,461,462,2461,375,1
EP,E1,461,4,256,1,0,0,0,3,0,0,0,0,0
RES,E1B,462,463,2462,376,1
EP,E1,462,4,256,1,0,0,0,3,0,0,0,0,0
RES,E1B,463,464,2463,377,1
EP,E1,463,4,256,1,0,0,0,3,0,0,0,0,0
RES,E1B,464,465,2464,378,1
EP,E1,464,4,256,1,0,0,0,3,0,0,0,0,0
RES,E1B,465,466,2465,379,1
EP,E1,465,4,256,1,0,0,0,3,0,0,0,0,0
RES,E1B,466,467,2466,380,1
EP,E1,466,4,256,1,0,0,0,3,0,0,0,0,0
RES,E1B,467,468,2467,381,1
EP,E1,467,4,256,1,0,0,0,3,0,0,0,0,0
RES,E1K,468,441,2440,2640,0,1
EP,E1,468,7,448,1,0,0,1,5,0,0,0,0,0
RES,E1K,469,442,2441,2641,0,1
EP,E1,469,7,448,1,0,0,1,5,0,0,0,0,0
RES,E1G,470,471,WITHHOLD
EP,E1,470,1,64,0,0,0,0,1,0,0,0,0,0
RES,E1G,471,472,WITHHOLD
EP,E1,471,1,64,0,0,0,0,1,0,0,0,0,0
RES,E1G,472,473,WITHHOLD
EP,E1,472,1,64,0,0,0,0,1,0,0,0,0,0
RES,E1G,473,474,WITHHOLD
EP,E1,473,1,64,0,0,0,0,1,0,0,0,0,0
RES,E1B,474,471,2470,382,1
EP,E1,474,4,256,1,0,0,0,3,0,0,0,0,0
RES,E1B,475,472,2471,383,1
EP,E1,475,4,256,1,0,0,0,3,0,0,0,0,0
RES,E1B,476,473,2472,384,1
EP,E1,476,4,256,1,0,0,0,3,0,0,0,0,0
RES,E1B,477,474,2473,385,1
EP,E1,477,4,256,1,0,0,0,3,0,0,0,0,0
RES,E1P,478,479,2146,WITHHOLD
EP,E1,478,1,64,0,0,0,0,1,0,0,0,0,0
RES,E1P,479,480,2153,WITHHOLD
EP,E1,479,1,64,0,0,0,0,1,0,0,0,0,0
RES,E1B,480,481,2680,386,1
EP,E1,480,4,256,1,0,0,0,3,0,0,0,0,0
RES,E1B,481,482,2681,387,1
EP,E1,481,4,256,1,0,0,0,3,0,0,0,0,0
RES,E1B,482,483,2482,388,1
EP,E1,482,4,256,1,0,0,0,3,0,0,0,0,0
RES,E1B,483,484,2483,389,1
EP,E1,483,4,256,1,0,0,0,3,0,0,0,0,0
RES,E1B,484,485,2484,390,1
EP,E1,484,4,256,1,0,0,0,3,0,0,0,0,0
RES,E1B,485,486,2485,391,1
EP,E1,485,4,256,1,0,0,0,3,0,0,0,0,0
RES,E1B,486,487,2486,392,1
EP,E1,486,4,256,1,0,0,0,3,0,0,0,0,0
RES,E1B,487,488,2487,393,1
EP,E1,487,4,256,1,0,0,0,3,0,0,0,0,0
RES,E1B,488,489,2488,394,1
EP,E1,488,4,256,1,0,0,0,3,0,0,0,0,0
RES,E1B,489,490,2489,395,1
EP,E1,489,4,256,1,0,0,0,3,0,0,0,0,0
RES,E1B,490,491,2490,396,1
EP,E1,490,4,256,1,0,0,0,3,0,0,0,0,0
RES,E1B,491,492,2491,397,1
EP,E1,491,4,256,1,0,0,0,3,0,0,0,0,0
RES,E1B,492,493,2492,398,1
EP,E1,492,4,256,1,0,0,0,3,0,0,0,0,0
RES,E1B,493,494,2493,399,1
EP,E1,493,4,256,1,0,0,0,3,0,0,0,0,0
RES,E1B,494,495,2494,400,1
EP,E1,494,4,256,1,0,0,0,3,0,0,0,0,0
RES,E1B,495,496,2495,401,1
EP,E1,495,4,256,1,0,0,0,3,0,0,0,0,0
RES,E1B,496,497,2496,402,1
EP,E1,496,4,256,1,0,0,0,3,0,0,0,0,0
RES,E1B,497,498,2497,403,1
EP,E1,497,4,256,1,0,0,0,3,0,0,0,0,0
RES,E1B,498,499,2498,404,1
EP,E1,498,4,256,1,0,0,0,3,0,0,0,0,0
RES,E1B,499,500,2499,405,1
EP,E1,499,4,256,1,0,0,0,3,0,0,0,0,0
RES,E1B,500,501,2500,406,1
EP,E1,500,4,256,1,0,0,0,3,0,0,0,0,0
RES,E1B,501,502,2501,407,1
EP,E1,501,4,256,1,0,0,0,3,0,0,0,0,0
RES,E1B,502,503,2502,408,1
EP,E1,502,4,256,1,0,0,0,3,0,0,0,0,0
RES,E1B,503,504,2503,409,1
EP,E1,503,4,256,1,0,0,0,3,0,0,0,0,0
RES,E1B,504,505,2504,410,1
EP,E1,504,4,256,1,0,0,0,3,0,0,0,0,0
RES,E1B,505,506,2505,411,1
EP,E1,505,4,256,1,0,0,0,3,0,0,0,0,0
RES,E1B,506,507,2506,412,1
EP,E1,506,4,256,1,0,0,0,3,0,0,0,0,0
RES,E1B,507,508,2507,413,1
EP,E1,507,4,256,1,0,0,0,3,0,0,0,0,0
RES,E1K,508,481,2480,2680,0,1
EP,E1,508,7,448,1,0,0,1,5,0,0,0,0,0
RES,E1K,509,482,2481,2681,0,1
EP,E1,509,7,448,1,0,0,1,5,0,0,0,0,0
RES,E1G,510,511,WITHHOLD
EP,E1,510,1,64,0,0,0,0,1,0,0,0,0,0
RES,E1G,511,512,WITHHOLD
EP,E1,511,1,64,0,0,0,0,1,0,0,0,0,0
RES,E1G,512,513,WITHHOLD
EP,E1,512,1,64,0,0,0,0,1,0,0,0,0,0
RES,E1G,513,514,WITHHOLD
EP,E1,513,1,64,0,0,0,0,1,0,0,0,0,0
RES,E1B,514,511,2510,414,1
EP,E1,514,4,256,1,0,0,0,3,0,0,0,0,0
RES,E1B,515,512,2511,415,1
EP,E1,515,4,256,1,0,0,0,3,0,0,0,0,0
RES,E1B,516,513,2512,416,1
EP,E1,516,4,256,1,0,0,0,3,0,0,0,0,0
RES,E1B,517,514,2513,417,1
EP,E1,517,4,256,1,0,0,0,3,0,0,0,0,0
RES,E1P,518,519,2426,WITHHOLD
EP,E1,518,1,64,0,0,0,0,1,0,0,0,0,0
RES,E1P,519,520,2433,WITHHOLD
EP,E1,519,1,64,0,0,0,0,1,0,0,0,0,0
RES,E1B,520,521,2720,418,1
EP,E1,520,4,256,1,0,0,0,3,0,0,0,0,0
RES,E1B,521,522,2721,419,1
EP,E1,521,4,256,1,0,0,0,3,0,0,0,0,0
RES,E1B,522,523,2522,420,1
EP,E1,522,4,256,1,0,0,0,3,0,0,0,0,0
RES,E1B,523,524,2523,421,1
EP,E1,523,4,256,1,0,0,0,3,0,0,0,0,0
RES,E1B,524,525,2524,422,1
EP,E1,524,4,256,1,0,0,0,3,0,0,0,0,0
RES,E1B,525,526,2525,423,1
EP,E1,525,4,256,1,0,0,0,3,0,0,0,0,0
RES,E1B,526,527,2526,424,1
EP,E1,526,4,256,1,0,0,0,3,0,0,0,0,0
RES,E1B,527,528,2527,425,1
EP,E1,527,4,256,1,0,0,0,3,0,0,0,0,0
RES,E1B,528,529,2528,426,1
EP,E1,528,4,256,1,0,0,0,3,0,0,0,0,0
RES,E1B,529,530,2529,427,1
EP,E1,529,4,256,1,0,0,0,3,0,0,0,0,0
RES,E1B,530,531,2530,428,1
EP,E1,530,4,256,1,0,0,0,3,0,0,0,0,0
RES,E1B,531,532,2531,429,1
EP,E1,531,4,256,1,0,0,0,3,0,0,0,0,0
RES,E1B,532,533,2532,430,1
EP,E1,532,4,256,1,0,0,0,3,0,0,0,0,0
RES,E1B,533,534,2533,431,1
EP,E1,533,4,256,1,0,0,0,3,0,0,0,0,0
RES,E1B,534,535,2534,432,1
EP,E1,534,4,256,1,0,0,0,3,0,0,0,0,0
RES,E1B,535,536,2535,433,1
EP,E1,535,4,256,1,0,0,0,3,0,0,0,0,0
RES,E1B,536,537,2536,434,1
EP,E1,536,4,256,1,0,0,0,3,0,0,0,0,0
RES,E1B,537,538,2537,435,1
EP,E1,537,4,256,1,0,0,0,3,0,0,0,0,0
RES,E1B,538,539,2538,436,1
EP,E1,538,4,256,1,0,0,0,3,0,0,0,0,0
RES,E1B,539,540,2539,437,1
EP,E1,539,4,256,1,0,0,0,3,0,0,0,0,0
RES,E1B,540,541,2540,438,1
EP,E1,540,4,256,1,0,0,0,3,0,0,0,0,0
RES,E1B,541,542,2541,439,1
EP,E1,541,4,256,1,0,0,0,3,0,0,0,0,0
RES,E1B,542,543,2542,440,1
EP,E1,542,4,256,1,0,0,0,3,0,0,0,0,0
RES,E1B,543,544,2543,441,1
EP,E1,543,4,256,1,0,0,0,3,0,0,0,0,0
RES,E1B,544,545,2544,442,1
EP,E1,544,4,256,1,0,0,0,3,0,0,0,0,0
RES,E1B,545,546,2545,443,1
EP,E1,545,4,256,1,0,0,0,3,0,0,0,0,0
RES,E1B,546,547,2546,444,1
EP,E1,546,4,256,1,0,0,0,3,0,0,0,0,0
RES,E1B,547,548,2547,445,1
EP,E1,547,4,256,1,0,0,0,3,0,0,0,0,0
RES,E1K,548,521,2520,2720,0,1
EP,E1,548,7,448,1,0,0,1,5,0,0,0,0,0
RES,E1K,549,522,2521,2721,0,1
EP,E1,549,7,448,1,0,0,1,5,0,0,0,0,0
RES,E1G,550,551,WITHHOLD
EP,E1,550,1,64,0,0,0,0,1,0,0,0,0,0
RES,E1G,551,552,WITHHOLD
EP,E1,551,1,64,0,0,0,0,1,0,0,0,0,0
RES,E1G,552,553,WITHHOLD
EP,E1,552,1,64,0,0,0,0,1,0,0,0,0,0
RES,E1G,553,554,WITHHOLD
EP,E1,553,1,64,0,0,0,0,1,0,0,0,0,0
RES,E1B,554,551,2550,446,1
EP,E1,554,4,256,1,0,0,0,3,0,0,0,0,0
RES,E1B,555,552,2551,447,1
EP,E1,555,4,256,1,0,0,0,3,0,0,0,0,0
RES,E1B,556,553,2552,448,1
EP,E1,556,4,256,1,0,0,0,3,0,0,0,0,0
RES,E1B,557,554,2553,449,1
EP,E1,557,4,256,1,0,0,0,3,0,0,0,0,0
RES,E1P,558,559,2706,WITHHOLD
EP,E1,558,1,64,0,0,0,0,1,0,0,0,0,0
RES,E1P,559,560,2713,WITHHOLD
EP,E1,559,1,64,0,0,0,0,1,0,0,0,0,0
RES,E1B,560,561,2760,450,1
EP,E1,560,4,256,1,0,0,0,3,0,0,0,0,0
RES,E1B,561,562,2761,451,1
EP,E1,561,4,256,1,0,0,0,3,0,0,0,0,0
RES,E1B,562,563,2562,452,1
EP,E1,562,4,256,1,0,0,0,3,0,0,0,0,0
RES,E1B,563,564,2563,453,1
EP,E1,563,4,256,1,0,0,0,3,0,0,0,0,0
RES,E1B,564,565,2564,454,1
EP,E1,564,4,256,1,0,0,0,3,0,0,0,0,0
RES,E1B,565,566,2565,455,1
EP,E1,565,4,256,1,0,0,0,3,0,0,0,0,0
RES,E1B,566,567,2566,456,1
EP,E1,566,4,256,1,0,0,0,3,0,0,0,0,0
RES,E1B,567,568,2567,457,1
EP,E1,567,4,256,1,0,0,0,3,0,0,0,0,0
RES,E1B,568,569,2568,458,1
EP,E1,568,4,256,1,0,0,0,3,0,0,0,0,0
RES,E1B,569,570,2569,459,1
EP,E1,569,4,256,1,0,0,0,3,0,0,0,0,0
RES,E1B,570,571,2570,460,1
EP,E1,570,4,256,1,0,0,0,3,0,0,0,0,0
RES,E1B,571,572,2571,461,1
EP,E1,571,4,256,1,0,0,0,3,0,0,0,0,0
RES,E1B,572,573,2572,462,1
EP,E1,572,4,256,1,0,0,0,3,0,0,0,0,0
RES,E1B,573,574,2573,463,1
EP,E1,573,4,256,1,0,0,0,3,0,0,0,0,0
RES,E1B,574,575,2574,464,1
EP,E1,574,4,256,1,0,0,0,3,0,0,0,0,0
RES,E1B,575,576,2575,465,1
EP,E1,575,4,256,1,0,0,0,3,0,0,0,0,0
RES,E1B,576,577,2576,466,1
EP,E1,576,4,256,1,0,0,0,3,0,0,0,0,0
RES,E1B,577,578,2577,467,1
EP,E1,577,4,256,1,0,0,0,3,0,0,0,0,0
RES,E1B,578,579,2578,468,1
EP,E1,578,4,256,1,0,0,0,3,0,0,0,0,0
RES,E1B,579,580,2579,469,1
EP,E1,579,4,256,1,0,0,0,3,0,0,0,0,0
RES,E1B,580,581,2580,470,1
EP,E1,580,4,256,1,0,0,0,3,0,0,0,0,0
RES,E1B,581,582,2581,471,1
EP,E1,581,4,256,1,0,0,0,3,0,0,0,0,0
RES,E1B,582,583,2582,472,1
EP,E1,582,4,256,1,0,0,0,3,0,0,0,0,0
RES,E1B,583,584,2583,473,1
EP,E1,583,4,256,1,0,0,0,3,0,0,0,0,0
RES,E1B,584,585,2584,474,1
EP,E1,584,4,256,1,0,0,0,3,0,0,0,0,0
RES,E1B,585,586,2585,475,1
EP,E1,585,4,256,1,0,0,0,3,0,0,0,0,0
RES,E1B,586,587,2586,476,1
EP,E1,586,4,256,1,0,0,0,3,0,0,0,0,0
RES,E1B,587,588,2587,477,1
EP,E1,587,4,256,1,0,0,0,3,0,0,0,0,0
RES,E1K,588,561,2560,2760,0,1
EP,E1,588,7,448,1,0,0,1,5,0,0,0,0,0
RES,E1K,589,562,2561,2761,0,1
EP,E1,589,7,448,1,0,0,1,5,0,0,0,0,0
RES,E1G,590,591,WITHHOLD
EP,E1,590,1,64,0,0,0,0,1,0,0,0,0,0
RES,E1G,591,592,WITHHOLD
EP,E1,591,1,64,0,0,0,0,1,0,0,0,0,0
RES,E1G,592,593,WITHHOLD
EP,E1,592,1,64,0,0,0,0,1,0,0,0,0,0
RES,E1G,593,594,WITHHOLD
EP,E1,593,1,64,0,0,0,0,1,0,0,0,0,0
RES,E1B,594,591,2590,478,1
EP,E1,594,4,256,1,0,0,0,3,0,0,0,0,0
RES,E1B,595,592,2591,479,1
EP,E1,595,4,256,1,0,0,0,3,0,0,0,0,0
RES,E1B,596,593,2592,480,1
EP,E1,596,4,256,1,0,0,0,3,0,0,0,0,0
RES,E1B,597,594,2593,481,1
EP,E1,597,4,256,1,0,0,0,3,0,0,0,0,0
RES,E1P,598,599,2186,WITHHOLD
EP,E1,598,1,64,0,0,0,0,1,0,0,0,0,0
RES,E1P,599,600,2193,WITHHOLD
EP,E1,599,1,64,0,0,0,0,1,0,0,0,0,0
RES,E1B,600,601,2800,482,1
EP,E1,600,4,256,1,0,0,0,3,0,0,0,0,0
RES,E1B,601,602,2801,483,1
EP,E1,601,4,256,1,0,0,0,3,0,0,0,0,0
RES,E1B,602,603,2602,484,1
EP,E1,602,4,256,1,0,0,0,3,0,0,0,0,0
RES,E1B,603,604,2603,485,1
EP,E1,603,4,256,1,0,0,0,3,0,0,0,0,0
RES,E1B,604,605,2604,486,1
EP,E1,604,4,256,1,0,0,0,3,0,0,0,0,0
RES,E1B,605,606,2605,487,1
EP,E1,605,4,256,1,0,0,0,3,0,0,0,0,0
RES,E1B,606,607,2606,488,1
EP,E1,606,4,256,1,0,0,0,3,0,0,0,0,0
RES,E1B,607,608,2607,489,1
EP,E1,607,4,256,1,0,0,0,3,0,0,0,0,0
RES,E1B,608,609,2608,490,1
EP,E1,608,4,256,1,0,0,0,3,0,0,0,0,0
RES,E1B,609,610,2609,491,1
EP,E1,609,4,256,1,0,0,0,3,0,0,0,0,0
RES,E1B,610,611,2610,492,1
EP,E1,610,4,256,1,0,0,0,3,0,0,0,0,0
RES,E1B,611,612,2611,493,1
EP,E1,611,4,256,1,0,0,0,3,0,0,0,0,0
RES,E1B,612,613,2612,494,1
EP,E1,612,4,256,1,0,0,0,3,0,0,0,0,0
RES,E1B,613,614,2613,495,1
EP,E1,613,4,256,1,0,0,0,3,0,0,0,0,0
RES,E1B,614,615,2614,496,1
EP,E1,614,4,256,1,0,0,0,3,0,0,0,0,0
RES,E1B,615,616,2615,497,1
EP,E1,615,4,256,1,0,0,0,3,0,0,0,0,0
RES,E1B,616,617,2616,498,1
EP,E1,616,4,256,1,0,0,0,3,0,0,0,0,0
RES,E1B,617,618,2617,499,1
EP,E1,617,4,256,1,0,0,0,3,0,0,0,0,0
RES,E1B,618,619,2618,500,1
EP,E1,618,4,256,1,0,0,0,3,0,0,0,0,0
RES,E1B,619,620,2619,501,1
EP,E1,619,4,256,1,0,0,0,3,0,0,0,0,0
RES,E1B,620,621,2620,502,1
EP,E1,620,4,256,1,0,0,0,3,0,0,0,0,0
RES,E1B,621,622,2621,503,1
EP,E1,621,4,256,1,0,0,0,3,0,0,0,0,0
RES,E1B,622,623,2622,504,1
EP,E1,622,4,256,1,0,0,0,3,0,0,0,0,0
RES,E1B,623,624,2623,505,1
EP,E1,623,4,256,1,0,0,0,3,0,0,0,0,0
RES,E1B,624,625,2624,506,1
EP,E1,624,4,256,1,0,0,0,3,0,0,0,0,0
RES,E1B,625,626,2625,507,1
EP,E1,625,4,256,1,0,0,0,3,0,0,0,0,0
RES,E1B,626,627,2626,508,1
EP,E1,626,4,256,1,0,0,0,3,0,0,0,0,0
RES,E1B,627,628,2627,509,1
EP,E1,627,4,256,1,0,0,0,3,0,0,0,0,0
RES,E1K,628,601,2600,2800,0,1
EP,E1,628,7,448,1,0,0,1,5,0,0,0,0,0
RES,E1K,629,602,2601,2801,0,1
EP,E1,629,7,448,1,0,0,1,5,0,0,0,0,0
RES,E1G,630,631,WITHHOLD
EP,E1,630,1,64,0,0,0,0,1,0,0,0,0,0
RES,E1G,631,632,WITHHOLD
EP,E1,631,1,64,0,0,0,0,1,0,0,0,0,0
RES,E1G,632,633,WITHHOLD
EP,E1,632,1,64,0,0,0,0,1,0,0,0,0,0
RES,E1G,633,634,WITHHOLD
EP,E1,633,1,64,0,0,0,0,1,0,0,0,0,0
RES,E1B,634,631,2630,510,1
EP,E1,634,4,256,1,0,0,0,3,0,0,0,0,0
RES,E1B,635,632,2631,511,1
EP,E1,635,4,256,1,0,0,0,3,0,0,0,0,0
RES,E1B,636,633,2632,512,1
EP,E1,636,4,256,1,0,0,0,3,0,0,0,0,0
RES,E1B,637,634,2633,513,1
EP,E1,637,4,256,1,0,0,0,3,0,0,0,0,0
RES,E1P,638,639,2466,WITHHOLD
EP,E1,638,1,64,0,0,0,0,1,0,0,0,0,0
RES,E1P,639,640,2473,WITHHOLD
EP,E1,639,1,64,0,0,0,0,1,0,0,0,0,0
RES,E1B,640,641,2840,514,1
EP,E1,640,4,256,1,0,0,0,3,0,0,0,0,0
RES,E1B,641,642,2841,515,1
EP,E1,641,4,256,1,0,0,0,3,0,0,0,0,0
RES,E1B,642,643,2642,516,1
EP,E1,642,4,256,1,0,0,0,3,0,0,0,0,0
RES,E1B,643,644,2643,517,1
EP,E1,643,4,256,1,0,0,0,3,0,0,0,0,0
RES,E1B,644,645,2644,518,1
EP,E1,644,4,256,1,0,0,0,3,0,0,0,0,0
RES,E1B,645,646,2645,519,1
EP,E1,645,4,256,1,0,0,0,3,0,0,0,0,0
RES,E1B,646,647,2646,520,1
EP,E1,646,4,256,1,0,0,0,3,0,0,0,0,0
RES,E1B,647,648,2647,521,1
EP,E1,647,4,256,1,0,0,0,3,0,0,0,0,0
RES,E1B,648,649,2648,522,1
EP,E1,648,4,256,1,0,0,0,3,0,0,0,0,0
RES,E1B,649,650,2649,523,1
EP,E1,649,4,256,1,0,0,0,3,0,0,0,0,0
RES,E1B,650,651,2650,524,1
EP,E1,650,4,256,1,0,0,0,3,0,0,0,0,0
RES,E1B,651,652,2651,525,1
EP,E1,651,4,256,1,0,0,0,3,0,0,0,0,0
RES,E1B,652,653,2652,526,1
EP,E1,652,4,256,1,0,0,0,3,0,0,0,0,0
RES,E1B,653,654,2653,527,1
EP,E1,653,4,256,1,0,0,0,3,0,0,0,0,0
RES,E1B,654,655,2654,528,1
EP,E1,654,4,256,1,0,0,0,3,0,0,0,0,0
RES,E1B,655,656,2655,529,1
EP,E1,655,4,256,1,0,0,0,3,0,0,0,0,0
RES,E1B,656,657,2656,530,1
EP,E1,656,4,256,1,0,0,0,3,0,0,0,0,0
RES,E1B,657,658,2657,531,1
EP,E1,657,4,256,1,0,0,0,3,0,0,0,0,0
RES,E1B,658,659,2658,532,1
EP,E1,658,4,256,1,0,0,0,3,0,0,0,0,0
RES,E1B,659,660,2659,533,1
EP,E1,659,4,256,1,0,0,0,3,0,0,0,0,0
RES,E1B,660,661,2660,534,1
EP,E1,660,4,256,1,0,0,0,3,0,0,0,0,0
RES,E1B,661,662,2661,535,1
EP,E1,661,4,256,1,0,0,0,3,0,0,0,0,0
RES,E1B,662,663,2662,536,1
EP,E1,662,4,256,1,0,0,0,3,0,0,0,0,0
RES,E1B,663,664,2663,537,1
EP,E1,663,4,256,1,0,0,0,3,0,0,0,0,0
RES,E1B,664,665,2664,538,1
EP,E1,664,4,256,1,0,0,0,3,0,0,0,0,0
RES,E1B,665,666,2665,539,1
EP,E1,665,4,256,1,0,0,0,3,0,0,0,0,0
RES,E1B,666,667,2666,540,1
EP,E1,666,4,256,1,0,0,0,3,0,0,0,0,0
RES,E1B,667,668,2667,541,1
EP,E1,667,4,256,1,0,0,0,3,0,0,0,0,0
RES,E1K,668,641,2640,2840,0,1
EP,E1,668,7,448,1,0,0,1,5,0,0,0,0,0
RES,E1K,669,642,2641,2841,0,1
EP,E1,669,7,448,1,0,0,1,5,0,0,0,0,0
RES,E1G,670,671,WITHHOLD
EP,E1,670,1,64,0,0,0,0,1,0,0,0,0,0
RES,E1G,671,672,WITHHOLD
EP,E1,671,1,64,0,0,0,0,1,0,0,0,0,0
RES,E1G,672,673,WITHHOLD
EP,E1,672,1,64,0,0,0,0,1,0,0,0,0,0
RES,E1G,673,674,WITHHOLD
EP,E1,673,1,64,0,0,0,0,1,0,0,0,0,0
RES,E1B,674,671,2670,542,1
EP,E1,674,4,256,1,0,0,0,3,0,0,0,0,0
RES,E1B,675,672,2671,543,1
EP,E1,675,4,256,1,0,0,0,3,0,0,0,0,0
RES,E1B,676,673,2672,544,1
EP,E1,676,4,256,1,0,0,0,3,0,0,0,0,0
RES,E1B,677,674,2673,545,1
EP,E1,677,4,256,1,0,0,0,3,0,0,0,0,0
RES,E1P,678,679,2746,WITHHOLD
EP,E1,678,1,64,0,0,0,0,1,0,0,0,0,0
RES,E1P,679,680,2753,WITHHOLD
EP,E1,679,1,64,0,0,0,0,1,0,0,0,0,0
RES,E1B,680,681,2880,546,1
EP,E1,680,4,256,1,0,0,0,3,0,0,0,0,0
RES,E1B,681,682,2881,547,1
EP,E1,681,4,256,1,0,0,0,3,0,0,0,0,0
RES,E1B,682,683,2682,548,1
EP,E1,682,4,256,1,0,0,0,3,0,0,0,0,0
RES,E1B,683,684,2683,549,1
EP,E1,683,4,256,1,0,0,0,3,0,0,0,0,0
RES,E1B,684,685,2684,550,1
EP,E1,684,4,256,1,0,0,0,3,0,0,0,0,0
RES,E1B,685,686,2685,551,1
EP,E1,685,4,256,1,0,0,0,3,0,0,0,0,0
RES,E1B,686,687,2686,552,1
EP,E1,686,4,256,1,0,0,0,3,0,0,0,0,0
RES,E1B,687,688,2687,553,1
EP,E1,687,4,256,1,0,0,0,3,0,0,0,0,0
RES,E1B,688,689,2688,554,1
EP,E1,688,4,256,1,0,0,0,3,0,0,0,0,0
RES,E1B,689,690,2689,555,1
EP,E1,689,4,256,1,0,0,0,3,0,0,0,0,0
RES,E1B,690,691,2690,556,1
EP,E1,690,4,256,1,0,0,0,3,0,0,0,0,0
RES,E1B,691,692,2691,557,1
EP,E1,691,4,256,1,0,0,0,3,0,0,0,0,0
RES,E1B,692,693,2692,558,1
EP,E1,692,4,256,1,0,0,0,3,0,0,0,0,0
RES,E1B,693,694,2693,559,1
EP,E1,693,4,256,1,0,0,0,3,0,0,0,0,0
RES,E1B,694,695,2694,560,1
EP,E1,694,4,256,1,0,0,0,3,0,0,0,0,0
RES,E1B,695,696,2695,561,1
EP,E1,695,4,256,1,0,0,0,3,0,0,0,0,0
RES,E1B,696,697,2696,562,1
EP,E1,696,4,256,1,0,0,0,3,0,0,0,0,0
RES,E1B,697,698,2697,563,1
EP,E1,697,4,256,1,0,0,0,3,0,0,0,0,0
RES,E1B,698,699,2698,564,1
EP,E1,698,4,256,1,0,0,0,3,0,0,0,0,0
RES,E1B,699,700,2699,565,1
EP,E1,699,4,256,1,0,0,0,3,0,0,0,0,0
RES,E1B,700,701,2700,566,1
EP,E1,700,4,256,1,0,0,0,3,0,0,0,0,0
RES,E1B,701,702,2701,567,1
EP,E1,701,4,256,1,0,0,0,3,0,0,0,0,0
RES,E1B,702,703,2702,568,1
EP,E1,702,4,256,1,0,0,0,3,0,0,0,0,0
RES,E1B,703,704,2703,569,1
EP,E1,703,4,256,1,0,0,0,3,0,0,0,0,0
RES,E1B,704,705,2704,570,1
EP,E1,704,4,256,1,0,0,0,3,0,0,0,0,0
RES,E1B,705,706,2705,571,1
EP,E1,705,4,256,1,0,0,0,3,0,0,0,0,0
RES,E1B,706,707,2706,572,1
EP,E1,706,4,256,1,0,0,0,3,0,0,0,0,0
RES,E1B,707,708,2707,573,1
EP,E1,707,4,256,1,0,0,0,3,0,0,0,0,0
RES,E1K,708,681,2680,2880,0,1
EP,E1,708,7,448,1,0,0,1,5,0,0,0,0,0
RES,E1K,709,682,2681,2881,0,1
EP,E1,709,7,448,1,0,0,1,5,0,0,0,0,0
RES,E1G,710,711,WITHHOLD
EP,E1,710,1,64,0,0,0,0,1,0,0,0,0,0
RES,E1G,711,712,WITHHOLD
EP,E1,711,1,64,0,0,0,0,1,0,0,0,0,0
RES,E1G,712,713,WITHHOLD
EP,E1,712,1,64,0,0,0,0,1,0,0,0,0,0
RES,E1G,713,714,WITHHOLD
EP,E1,713,1,64,0,0,0,0,1,0,0,0,0,0
RES,E1B,714,711,2710,574,1
EP,E1,714,4,256,1,0,0,0,3,0,0,0,0,0
RES,E1B,715,712,2711,575,1
EP,E1,715,4,256,1,0,0,0,3,0,0,0,0,0
RES,E1B,716,713,2712,576,1
EP,E1,716,4,256,1,0,0,0,3,0,0,0,0,0
RES,E1B,717,714,2713,577,1
EP,E1,717,4,256,1,0,0,0,3,0,0,0,0,0
RES,E1P,718,719,2226,WITHHOLD
EP,E1,718,1,64,0,0,0,0,1,0,0,0,0,0
RES,E1P,719,720,2233,WITHHOLD
EP,E1,719,1,64,0,0,0,0,1,0,0,0,0,0
RES,E1B,720,721,2920,578,1
EP,E1,720,4,256,1,0,0,0,3,0,0,0,0,0
RES,E1B,721,722,2921,579,1
EP,E1,721,4,256,1,0,0,0,3,0,0,0,0,0
RES,E1B,722,723,2722,580,1
EP,E1,722,4,256,1,0,0,0,3,0,0,0,0,0
RES,E1B,723,724,2723,581,1
EP,E1,723,4,256,1,0,0,0,3,0,0,0,0,0
RES,E1B,724,725,2724,582,1
EP,E1,724,4,256,1,0,0,0,3,0,0,0,0,0
RES,E1B,725,726,2725,583,1
EP,E1,725,4,256,1,0,0,0,3,0,0,0,0,0
RES,E1B,726,727,2726,584,1
EP,E1,726,4,256,1,0,0,0,3,0,0,0,0,0
RES,E1B,727,728,2727,585,1
EP,E1,727,4,256,1,0,0,0,3,0,0,0,0,0
RES,E1B,728,729,2728,586,1
EP,E1,728,4,256,1,0,0,0,3,0,0,0,0,0
RES,E1B,729,730,2729,587,1
EP,E1,729,4,256,1,0,0,0,3,0,0,0,0,0
RES,E1B,730,731,2730,588,1
EP,E1,730,4,256,1,0,0,0,3,0,0,0,0,0
RES,E1B,731,732,2731,589,1
EP,E1,731,4,256,1,0,0,0,3,0,0,0,0,0
RES,E1B,732,733,2732,590,1
EP,E1,732,4,256,1,0,0,0,3,0,0,0,0,0
RES,E1B,733,734,2733,591,1
EP,E1,733,4,256,1,0,0,0,3,0,0,0,0,0
RES,E1B,734,735,2734,592,1
EP,E1,734,4,256,1,0,0,0,3,0,0,0,0,0
RES,E1B,735,736,2735,593,1
EP,E1,735,4,256,1,0,0,0,3,0,0,0,0,0
RES,E1B,736,737,2736,594,1
EP,E1,736,4,256,1,0,0,0,3,0,0,0,0,0
RES,E1B,737,738,2737,595,1
EP,E1,737,4,256,1,0,0,0,3,0,0,0,0,0
RES,E1B,738,739,2738,596,1
EP,E1,738,4,256,1,0,0,0,3,0,0,0,0,0
RES,E1B,739,740,2739,597,1
EP,E1,739,4,256,1,0,0,0,3,0,0,0,0,0
RES,E1B,740,741,2740,598,1
EP,E1,740,4,256,1,0,0,0,3,0,0,0,0,0
RES,E1B,741,742,2741,599,1
EP,E1,741,4,256,1,0,0,0,3,0,0,0,0,0
RES,E1B,742,743,2742,600,1
EP,E1,742,4,256,1,0,0,0,3,0,0,0,0,0
RES,E1B,743,744,2743,601,1
EP,E1,743,4,256,1,0,0,0,3,0,0,0,0,0
RES,E1B,744,745,2744,602,1
EP,E1,744,4,256,1,0,0,0,3,0,0,0,0,0
RES,E1B,745,746,2745,603,1
EP,E1,745,4,256,1,0,0,0,3,0,0,0,0,0
RES,E1B,746,747,2746,604,1
EP,E1,746,4,256,1,0,0,0,3,0,0,0,0,0
RES,E1B,747,748,2747,605,1
EP,E1,747,4,256,1,0,0,0,3,0,0,0,0,0
RES,E1K,748,721,2720,2920,0,1
EP,E1,748,7,448,1,0,0,1,5,0,0,0,0,0
RES,E1K,749,722,2721,2921,0,1
EP,E1,749,7,448,1,0,0,1,5,0,0,0,0,0
RES,E1G,750,751,WITHHOLD
EP,E1,750,1,64,0,0,0,0,1,0,0,0,0,0
RES,E1G,751,752,WITHHOLD
EP,E1,751,1,64,0,0,0,0,1,0,0,0,0,0
RES,E1G,752,753,WITHHOLD
EP,E1,752,1,64,0,0,0,0,1,0,0,0,0,0
RES,E1G,753,754,WITHHOLD
EP,E1,753,1,64,0,0,0,0,1,0,0,0,0,0
RES,E1B,754,751,2750,606,1
EP,E1,754,4,256,1,0,0,0,3,0,0,0,0,0
RES,E1B,755,752,2751,607,1
EP,E1,755,4,256,1,0,0,0,3,0,0,0,0,0
RES,E1B,756,753,2752,608,1
EP,E1,756,4,256,1,0,0,0,3,0,0,0,0,0
RES,E1B,757,754,2753,609,1
EP,E1,757,4,256,1,0,0,0,3,0,0,0,0,0
RES,E1P,758,759,2506,WITHHOLD
EP,E1,758,1,64,0,0,0,0,1,0,0,0,0,0
RES,E1P,759,760,2513,WITHHOLD
EP,E1,759,1,64,0,0,0,0,1,0,0,0,0,0
RES,E1B,760,761,2960,610,1
EP,E1,760,4,256,1,0,0,0,3,0,0,0,0,0
RES,E1B,761,762,2961,611,1
EP,E1,761,4,256,1,0,0,0,3,0,0,0,0,0
RES,E1B,762,763,2762,612,1
EP,E1,762,4,256,1,0,0,0,3,0,0,0,0,0
RES,E1B,763,764,2763,613,1
EP,E1,763,4,256,1,0,0,0,3,0,0,0,0,0
RES,E1B,764,765,2764,614,1
EP,E1,764,4,256,1,0,0,0,3,0,0,0,0,0
RES,E1B,765,766,2765,615,1
EP,E1,765,4,256,1,0,0,0,3,0,0,0,0,0
RES,E1B,766,767,2766,616,1
EP,E1,766,4,256,1,0,0,0,3,0,0,0,0,0
RES,E1B,767,768,2767,617,1
EP,E1,767,4,256,1,0,0,0,3,0,0,0,0,0
RES,E1B,768,769,2768,618,1
EP,E1,768,4,256,1,0,0,0,3,0,0,0,0,0
RES,E1B,769,770,2769,619,1
EP,E1,769,4,256,1,0,0,0,3,0,0,0,0,0
RES,E1B,770,771,2770,620,1
EP,E1,770,4,256,1,0,0,0,3,0,0,0,0,0
RES,E1B,771,772,2771,621,1
EP,E1,771,4,256,1,0,0,0,3,0,0,0,0,0
RES,E1B,772,773,2772,622,1
EP,E1,772,4,256,1,0,0,0,3,0,0,0,0,0
RES,E1B,773,774,2773,623,1
EP,E1,773,4,256,1,0,0,0,3,0,0,0,0,0
RES,E1B,774,775,2774,624,1
EP,E1,774,4,256,1,0,0,0,3,0,0,0,0,0
RES,E1B,775,776,2775,625,1
EP,E1,775,4,256,1,0,0,0,3,0,0,0,0,0
RES,E1B,776,777,2776,626,1
EP,E1,776,4,256,1,0,0,0,3,0,0,0,0,0
RES,E1B,777,778,2777,627,1
EP,E1,777,4,256,1,0,0,0,3,0,0,0,0,0
RES,E1B,778,779,2778,628,1
EP,E1,778,4,256,1,0,0,0,3,0,0,0,0,0
RES,E1B,779,780,2779,629,1
EP,E1,779,4,256,1,0,0,0,3,0,0,0,0,0
RES,E1B,780,781,2780,630,1
EP,E1,780,4,256,1,0,0,0,3,0,0,0,0,0
RES,E1B,781,782,2781,631,1
EP,E1,781,4,256,1,0,0,0,3,0,0,0,0,0
RES,E1B,782,783,2782,632,1
EP,E1,782,4,256,1,0,0,0,3,0,0,0,0,0
RES,E1B,783,784,2783,633,1
EP,E1,783,4,256,1,0,0,0,3,0,0,0,0,0
RES,E1B,784,785,2784,634,1
EP,E1,784,4,256,1,0,0,0,3,0,0,0,0,0
RES,E1B,785,786,2785,635,1
EP,E1,785,4,256,1,0,0,0,3,0,0,0,0,0
RES,E1B,786,787,2786,636,1
EP,E1,786,4,256,1,0,0,0,3,0,0,0,0,0
RES,E1B,787,788,2787,637,1
EP,E1,787,4,256,1,0,0,0,3,0,0,0,0,0
RES,E1K,788,761,2760,2960,0,1
EP,E1,788,7,448,1,0,0,1,5,0,0,0,0,0
RES,E1K,789,762,2761,2961,0,1
EP,E1,789,7,448,1,0,0,1,5,0,0,0,0,0
RES,E1G,790,791,WITHHOLD
EP,E1,790,1,64,0,0,0,0,1,0,0,0,0,0
RES,E1G,791,792,WITHHOLD
EP,E1,791,1,64,0,0,0,0,1,0,0,0,0,0
RES,E1G,792,793,WITHHOLD
EP,E1,792,1,64,0,0,0,0,1,0,0,0,0,0
RES,E1G,793,794,WITHHOLD
EP,E1,793,1,64,0,0,0,0,1,0,0,0,0,0
RES,E1B,794,791,2790,638,1
EP,E1,794,4,256,1,0,0,0,3,0,0,0,0,0
RES,E1B,795,792,2791,639,1
EP,E1,795,4,256,1,0,0,0,3,0,0,0,0,0
RES,E1B,796,793,2792,640,1
EP,E1,796,4,256,1,0,0,0,3,0,0,0,0,0
RES,E1B,797,794,2793,641,1
EP,E1,797,4,256,1,0,0,0,3,0,0,0,0,0
RES,E1P,798,799,2786,WITHHOLD
EP,E1,798,1,64,0,0,0,0,1,0,0,0,0,0
RES,E1P,799,800,2793,WITHHOLD
EP,E1,799,1,64,0,0,0,0,1,0,0,0,0,0
STAGE,E1,end
STAGE,E1EVAL,start
RES,E1PRE,0,1,2200,2200,1
EP,EV,0,1,64,0,0,0,0,1,0,0,0,0,0
RES,E1PRE,1,2,2201,2201,1
EP,EV,1,1,64,0,0,0,0,1,0,0,0,0,0
RES,E1PRE,2,3,2002,2002,1
EP,EV,2,1,64,0,0,0,0,1,0,0,0,0,0
RES,E1PRE,3,4,2003,2003,1
EP,EV,3,1,64,0,0,0,0,1,0,0,0,0,0
RES,E1PRE,4,5,2004,2004,1
EP,EV,4,1,64,0,0,0,0,1,0,0,0,0,0
RES,E1PRE,5,6,2005,2005,1
EP,EV,5,1,64,0,0,0,0,1,0,0,0,0,0
RES,E1PRE,6,7,2006,2006,1
EP,EV,6,1,64,0,0,0,0,1,0,0,0,0,0
RES,E1PRE,7,8,2007,2007,1
EP,EV,7,1,64,0,0,0,0,1,0,0,0,0,0
RES,E1PRE,8,9,2008,2008,1
EP,EV,8,1,64,0,0,0,0,1,0,0,0,0,0
RES,E1PRE,9,10,2009,2009,1
EP,EV,9,1,64,0,0,0,0,1,0,0,0,0,0
RES,E1PRE,10,11,2010,2010,1
EP,EV,10,1,64,0,0,0,0,1,0,0,0,0,0
RES,E1PRE,11,12,2011,2011,1
EP,EV,11,1,64,0,0,0,0,1,0,0,0,0,0
RES,E1PRE,12,13,2012,2012,1
EP,EV,12,1,64,0,0,0,0,1,0,0,0,0,0
RES,E1PRE,13,14,2013,2013,1
EP,EV,13,1,64,0,0,0,0,1,0,0,0,0,0
RES,E1PRE,14,15,2014,2014,1
EP,EV,14,1,64,0,0,0,0,1,0,0,0,0,0
RES,E1PRE,15,16,2015,2015,1
EP,EV,15,1,64,0,0,0,0,1,0,0,0,0,0
RES,E1PRE,16,17,2016,2016,1
EP,EV,16,1,64,0,0,0,0,1,0,0,0,0,0
RES,E1PRE,17,18,2017,2017,1
EP,EV,17,1,64,0,0,0,0,1,0,0,0,0,0
RES,E1PRE,18,19,2018,2018,1
EP,EV,18,1,64,0,0,0,0,1,0,0,0,0,0
RES,E1PRE,19,20,2019,2019,1
EP,EV,19,1,64,0,0,0,0,1,0,0,0,0,0
RES,E1PRE,20,21,2020,2020,1
EP,EV,20,1,64,0,0,0,0,1,0,0,0,0,0
RES,E1PRE,21,22,2021,2021,1
EP,EV,21,1,64,0,0,0,0,1,0,0,0,0,0
RES,E1PRE,22,23,2022,2022,1
EP,EV,22,1,64,0,0,0,0,1,0,0,0,0,0
RES,E1PRE,23,24,2023,2023,1
EP,EV,23,1,64,0,0,0,0,1,0,0,0,0,0
RES,E1PRE,24,25,2024,2024,1
EP,EV,24,1,64,0,0,0,0,1,0,0,0,0,0
RES,E1PRE,25,26,2025,2025,1
EP,EV,25,1,64,0,0,0,0,1,0,0,0,0,0
RES,E1PRE,26,27,2026,2026,1
EP,EV,26,1,64,0,0,0,0,1,0,0,0,0,0
RES,E1PRE,27,28,2027,2027,1
EP,EV,27,1,64,0,0,0,0,1,0,0,0,0,0
RES,E1PRE,28,41,2240,2240,1
EP,EV,28,1,64,0,0,0,0,1,0,0,0,0,0
RES,E1PRE,29,42,2241,2241,1
EP,EV,29,1,64,0,0,0,0,1,0,0,0,0,0
RES,E1PRE,30,43,2042,2042,1
EP,EV,30,1,64,0,0,0,0,1,0,0,0,0,0
RES,E1PRE,31,44,2043,2043,1
EP,EV,31,1,64,0,0,0,0,1,0,0,0,0,0
RES,E1PRE,32,45,2044,2044,1
EP,EV,32,1,64,0,0,0,0,1,0,0,0,0,0
RES,E1PRE,33,46,2045,2045,1
EP,EV,33,1,64,0,0,0,0,1,0,0,0,0,0
RES,E1PRE,34,47,2046,2046,1
EP,EV,34,1,64,0,0,0,0,1,0,0,0,0,0
RES,E1PRE,35,48,2047,2047,1
EP,EV,35,1,64,0,0,0,0,1,0,0,0,0,0
RES,E1PRE,36,49,2048,2048,1
EP,EV,36,1,64,0,0,0,0,1,0,0,0,0,0
RES,E1PRE,37,50,2049,2049,1
EP,EV,37,1,64,0,0,0,0,1,0,0,0,0,0
RES,E1PRE,38,51,2050,2050,1
EP,EV,38,1,64,0,0,0,0,1,0,0,0,0,0
RES,E1PRE,39,52,2051,2051,1
EP,EV,39,1,64,0,0,0,0,1,0,0,0,0,0
RES,E1POST,0,1,2200,2200,1
EP,EV,40,1,64,0,0,0,0,1,0,0,0,0,0
RES,E1POST,1,2,2201,2201,1
EP,EV,41,1,64,0,0,0,0,1,0,0,0,0,0
RES,E1POST,2,3,2002,2002,1
EP,EV,42,1,64,0,0,0,0,1,0,0,0,0,0
RES,E1POST,3,4,2003,2003,1
EP,EV,43,1,64,0,0,0,0,1,0,0,0,0,0
RES,E1POST,4,5,2004,2004,1
EP,EV,44,1,64,0,0,0,0,1,0,0,0,0,0
RES,E1POST,5,6,2005,2005,1
EP,EV,45,1,64,0,0,0,0,1,0,0,0,0,0
RES,E1POST,6,7,2006,2006,1
EP,EV,46,1,64,0,0,0,0,1,0,0,0,0,0
RES,E1POST,7,8,2007,2007,1
EP,EV,47,1,64,0,0,0,0,1,0,0,0,0,0
RES,E1POST,8,9,2008,2008,1
EP,EV,48,1,64,0,0,0,0,1,0,0,0,0,0
RES,E1POST,9,10,2009,2009,1
EP,EV,49,1,64,0,0,0,0,1,0,0,0,0,0
RES,E1POST,10,11,2010,2010,1
EP,EV,50,1,64,0,0,0,0,1,0,0,0,0,0
RES,E1POST,11,12,2011,2011,1
EP,EV,51,1,64,0,0,0,0,1,0,0,0,0,0
RES,E1POST,12,13,2012,2012,1
EP,EV,52,1,64,0,0,0,0,1,0,0,0,0,0
RES,E1POST,13,14,2013,2013,1
EP,EV,53,1,64,0,0,0,0,1,0,0,0,0,0
RES,E1POST,14,15,2014,2014,1
EP,EV,54,1,64,0,0,0,0,1,0,0,0,0,0
RES,E1POST,15,16,2015,2015,1
EP,EV,55,1,64,0,0,0,0,1,0,0,0,0,0
RES,E1POST,16,17,2016,2016,1
EP,EV,56,1,64,0,0,0,0,1,0,0,0,0,0
RES,E1POST,17,18,2017,2017,1
EP,EV,57,1,64,0,0,0,0,1,0,0,0,0,0
RES,E1POST,18,19,2018,2018,1
EP,EV,58,1,64,0,0,0,0,1,0,0,0,0,0
RES,E1POST,19,20,2019,2019,1
EP,EV,59,1,64,0,0,0,0,1,0,0,0,0,0
RES,E1POST,20,21,2020,2020,1
EP,EV,60,1,64,0,0,0,0,1,0,0,0,0,0
RES,E1POST,21,22,2021,2021,1
EP,EV,61,1,64,0,0,0,0,1,0,0,0,0,0
RES,E1POST,22,23,2022,2022,1
EP,EV,62,1,64,0,0,0,0,1,0,0,0,0,0
RES,E1POST,23,24,2023,2023,1
EP,EV,63,1,64,0,0,0,0,1,0,0,0,0,0
RES,E1POST,24,25,2024,2024,1
EP,EV,64,1,64,0,0,0,0,1,0,0,0,0,0
RES,E1POST,25,26,2025,2025,1
EP,EV,65,1,64,0,0,0,0,1,0,0,0,0,0
RES,E1POST,26,27,2026,2026,1
EP,EV,66,1,64,0,0,0,0,1,0,0,0,0,0
RES,E1POST,27,28,2027,2027,1
EP,EV,67,1,64,0,0,0,0,1,0,0,0,0,0
RES,E1POST,28,41,2240,2240,1
EP,EV,68,1,64,0,0,0,0,1,0,0,0,0,0
RES,E1POST,29,42,2241,2241,1
EP,EV,69,1,64,0,0,0,0,1,0,0,0,0,0
RES,E1POST,30,43,2042,2042,1
EP,EV,70,1,64,0,0,0,0,1,0,0,0,0,0
RES,E1POST,31,44,2043,2043,1
EP,EV,71,1,64,0,0,0,0,1,0,0,0,0,0
RES,E1POST,32,45,2044,2044,1
EP,EV,72,1,64,0,0,0,0,1,0,0,0,0,0
RES,E1POST,33,46,2045,2045,1
EP,EV,73,1,64,0,0,0,0,1,0,0,0,0,0
RES,E1POST,34,47,2046,2046,1
EP,EV,74,1,64,0,0,0,0,1,0,0,0,0,0
RES,E1POST,35,48,2047,2047,1
EP,EV,75,1,64,0,0,0,0,1,0,0,0,0,0
RES,E1POST,36,49,2048,2048,1
EP,EV,76,1,64,0,0,0,0,1,0,0,0,0,0
RES,E1POST,37,50,2049,2049,1
EP,EV,77,1,64,0,0,0,0,1,0,0,0,0,0
RES,E1POST,38,51,2050,2050,1
EP,EV,78,1,64,0,0,0,0,1,0,0,0,0,0
RES,E1POST,39,52,2051,2051,1
EP,EV,79,1,64,0,0,0,0,1,0,0,0,0,0
RES,E1POI,0,39,0,2266,1
EP,EV,80,1,64,0,0,0,0,1,0,0,0,0,0
RES,E1POI,1,40,0,2273,1
EP,EV,81,1,64,0,0,0,0,1,0,0,0,0,0
RES,E1POI,2,79,0,2546,1
EP,EV,82,1,64,0,0,0,0,1,0,0,0,0,0
RES,E1POI,3,80,0,2553,1
EP,EV,83,1,64,0,0,0,0,1,0,0,0,0,0
RES,E1POI,4,119,0,2026,1
EP,EV,84,1,64,0,0,0,0,1,0,0,0,0,0
RES,E1POI,5,120,0,2033,1
EP,EV,85,1,64,0,0,0,0,1,0,0,0,0,0
RES,E1POI,6,159,0,2306,1
EP,EV,86,1,64,0,0,0,0,1,0,0,0,0,0
RES,E1POI,7,160,0,2313,1
EP,EV,87,1,64,0,0,0,0,1,0,0,0,0,0
RES,E1POI,8,199,0,2586,1
EP,EV,88,1,64,0,0,0,0,1,0,0,0,0,0
RES,E1POI,9,200,0,2593,1
EP,EV,89,1,64,0,0,0,0,1,0,0,0,0,0
RES,E1POI,10,239,0,2066,1
EP,EV,90,1,64,0,0,0,0,1,0,0,0,0,0
RES,E1POI,11,240,0,2073,1
EP,EV,91,1,64,0,0,0,0,1,0,0,0,0,0
RES,E1POI,12,279,0,2346,1
EP,EV,92,1,64,0,0,0,0,1,0,0,0,0,0
RES,E1POI,13,280,0,2353,1
EP,EV,93,1,64,0,0,0,0,1,0,0,0,0,0
RES,E1POI,14,319,0,2626,1
EP,EV,94,1,64,0,0,0,0,1,0,0,0,0,0
RES,E1POI,15,320,0,2633,1
EP,EV,95,1,64,0,0,0,0,1,0,0,0,0,0
RES,E1POI,16,359,0,2106,1
EP,EV,96,1,64,0,0,0,0,1,0,0,0,0,0
RES,E1POI,17,360,0,2113,1
EP,EV,97,1,64,0,0,0,0,1,0,0,0,0,0
RES,E1POI,18,399,0,2386,1
EP,EV,98,1,64,0,0,0,0,1,0,0,0,0,0
RES,E1POI,19,400,0,2393,1
EP,EV,99,1,64,0,0,0,0,1,0,0,0,0,0
RES,E1POI,20,439,0,2666,1
EP,EV,100,1,64,0,0,0,0,1,0,0,0,0,0
RES,E1POI,21,440,0,2673,1
EP,EV,101,1,64,0,0,0,0,1,0,0,0,0,0
RES,E1POI,22,479,0,2146,1
EP,EV,102,1,64,0,0,0,0,1,0,0,0,0,0
RES,E1POI,23,480,0,2153,1
EP,EV,103,1,64,0,0,0,0,1,0,0,0,0,0
RES,E1POI,24,519,0,2426,1
EP,EV,104,1,64,0,0,0,0,1,0,0,0,0,0
RES,E1POI,25,520,0,2433,1
EP,EV,105,1,64,0,0,0,0,1,0,0,0,0,0
RES,E1POI,26,559,0,2706,1
EP,EV,106,1,64,0,0,0,0,1,0,0,0,0,0
RES,E1POI,27,560,0,2713,1
EP,EV,107,1,64,0,0,0,0,1,0,0,0,0,0
RES,E1POI,28,599,0,2186,1
EP,EV,108,1,64,0,0,0,0,1,0,0,0,0,0
RES,E1POI,29,600,0,2193,1
EP,EV,109,1,64,0,0,0,0,1,0,0,0,0,0
RES,E1POI,30,639,0,2466,1
EP,EV,110,1,64,0,0,0,0,1,0,0,0,0,0
RES,E1POI,31,640,0,2473,1
EP,EV,111,1,64,0,0,0,0,1,0,0,0,0,0
RES,E1POI,32,679,0,2746,1
EP,EV,112,1,64,0,0,0,0,1,0,0,0,0,0
RES,E1POI,33,680,0,2753,1
EP,EV,113,1,64,0,0,0,0,1,0,0,0,0,0
RES,E1POI,34,719,0,2226,1
EP,EV,114,1,64,0,0,0,0,1,0,0,0,0,0
RES,E1POI,35,720,0,2233,1
EP,EV,115,1,64,0,0,0,0,1,0,0,0,0,0
RES,E1POI,36,759,0,2506,1
EP,EV,116,1,64,0,0,0,0,1,0,0,0,0,0
RES,E1POI,37,760,0,2513,1
EP,EV,117,1,64,0,0,0,0,1,0,0,0,0,0
RES,E1POI,38,799,0,2786,1
EP,EV,118,1,64,0,0,0,0,1,0,0,0,0,0
RES,E1POI,39,800,0,2793,1
EP,EV,119,1,64,0,0,0,0,1,0,0,0,0,0
RES,E1POI,40,839,0,2266,1
EP,EV,120,1,64,0,0,0,0,1,0,0,0,0,0
RES,E1POI,41,840,0,2273,1
EP,EV,121,1,64,0,0,0,0,1,0,0,0,0,0
RES,E1POI,42,879,0,2546,1
EP,EV,122,1,64,0,0,0,0,1,0,0,0,0,0
RES,E1POI,43,880,0,2553,1
EP,EV,123,1,64,0,0,0,0,1,0,0,0,0,0
RES,E1POI,44,919,0,2026,1
EP,EV,124,1,64,0,0,0,0,1,0,0,0,0,0
RES,E1POI,45,920,0,2033,1
EP,EV,125,1,64,0,0,0,0,1,0,0,0,0,0
RES,E1POI,46,959,0,2306,1
EP,EV,126,1,64,0,0,0,0,1,0,0,0,0,0
RES,E1POI,47,960,0,2313,1
EP,EV,127,1,64,0,0,0,0,1,0,0,0,0,0
RES,E1POI,48,999,0,2586,1
EP,EV,128,1,64,0,0,0,0,1,0,0,0,0,0
RES,E1POI,49,1000,0,2593,1
EP,EV,129,1,64,0,0,0,0,1,0,0,0,0,0
RES,E1POI,50,1039,0,2066,1
EP,EV,130,1,64,0,0,0,0,1,0,0,0,0,0
RES,E1POI,51,1040,0,2073,1
EP,EV,131,1,64,0,0,0,0,1,0,0,0,0,0
RES,E1POI,52,1079,0,2346,1
EP,EV,132,1,64,0,0,0,0,1,0,0,0,0,0
RES,E1POI,53,1080,0,2353,1
EP,EV,133,1,64,0,0,0,0,1,0,0,0,0,0
RES,E1POI,54,1119,0,2626,1
EP,EV,134,1,64,0,0,0,0,1,0,0,0,0,0
RES,E1POI,55,1120,0,2633,1
EP,EV,135,1,64,0,0,0,0,1,0,0,0,0,0
RES,E1POI,56,1159,0,2106,1
EP,EV,136,1,64,0,0,0,0,1,0,0,0,0,0
RES,E1POI,57,1160,0,2113,1
EP,EV,137,1,64,0,0,0,0,1,0,0,0,0,0
RES,E1POI,58,1199,0,2386,1
EP,EV,138,1,64,0,0,0,0,1,0,0,0,0,0
RES,E1POI,59,1200,0,2393,1
EP,EV,139,1,64,0,0,0,0,1,0,0,0,0,0
RES,E1POI,60,1239,0,2666,1
EP,EV,140,1,64,0,0,0,0,1,0,0,0,0,0
RES,E1POI,61,1240,0,2673,1
EP,EV,141,1,64,0,0,0,0,1,0,0,0,0,0
RES,E1POI,62,1279,0,2146,1
EP,EV,142,1,64,0,0,0,0,1,0,0,0,0,0
RES,E1POI,63,1280,0,2153,1
EP,EV,143,1,64,0,0,0,0,1,0,0,0,0,0
RES,E1POI,64,1319,0,2426,1
EP,EV,144,1,64,0,0,0,0,1,0,0,0,0,0
RES,E1POI,65,1320,0,2433,1
EP,EV,145,1,64,0,0,0,0,1,0,0,0,0,0
RES,E1POI,66,1359,0,2706,1
EP,EV,146,1,64,0,0,0,0,1,0,0,0,0,0
RES,E1POI,67,1360,0,2713,1
EP,EV,147,1,64,0,0,0,0,1,0,0,0,0,0
RES,E1POI,68,1399,0,2186,1
EP,EV,148,1,64,0,0,0,0,1,0,0,0,0,0
RES,E1POI,69,1400,0,2193,1
EP,EV,149,1,64,0,0,0,0,1,0,0,0,0,0
RES,E1POI,70,1439,0,2466,1
EP,EV,150,1,64,0,0,0,0,1,0,0,0,0,0
RES,E1POI,71,1440,0,2473,1
EP,EV,151,1,64,0,0,0,0,1,0,0,0,0,0
RES,E1POI,72,1479,0,2746,1
EP,EV,152,1,64,0,0,0,0,1,0,0,0,0,0
RES,E1POI,73,1480,0,2753,1
EP,EV,153,1,64,0,0,0,0,1,0,0,0,0,0
RES,E1POI,74,1519,0,2226,1
EP,EV,154,1,64,0,0,0,0,1,0,0,0,0,0
RES,E1POI,75,1520,0,2233,1
EP,EV,155,1,64,0,0,0,0,1,0,0,0,0,0
RES,E1POI,76,1559,0,2506,1
EP,EV,156,1,64,0,0,0,0,1,0,0,0,0,0
RES,E1POI,77,1560,0,2513,1
EP,EV,157,1,64,0,0,0,0,1,0,0,0,0,0
RES,E1POI,78,1599,0,2786,1
EP,EV,158,1,64,0,0,0,0,1,0,0,0,0,0
RES,E1POI,79,1600,0,2793,1
EP,EV,159,1,64,0,0,0,0,1,0,0,0,0,0
DISC,E1,40,40,40,40,0,1
E1ABSORB,0
STAGE,E1EVAL,end
STAGE,E2,start
RES,E2T,0,2,402,202,0,160602,1,900,3,403,203
EP,E2,0,2,128,0,0,0,0,2,0,0,0,0,0
RES,E2T,1,3,405,209,0,201209,1,901,4,210,406
EP,E2,1,1,64,0,0,0,0,1,0,0,0,0,0
RES,E2T,2,4,408,216,0,241816,1,900,5,409,217
EP,E2,2,1,64,0,0,0,0,1,0,0,0,0,0
RES,E2T,3,5,411,223,0,282423,1,901,6,224,412
EP,E2,3,1,64,0,0,0,0,1,0,0,0,0,0
RES,E2T,4,6,414,244,0,323044,1,900,7,415,245
EP,E2,4,1,64,0,0,0,0,1,0,0,0,0,0
RES,E2T,5,7,417,251,0,363651,1,901,8,252,418
EP,E2,5,1,64,0,0,0,0,1,0,0,0,0,0
RES,E2T,6,8,420,258,0,404258,1,900,9,421,259
EP,E2,6,1,64,0,0,0,0,1,0,0,0,0,0
RES,E2T,7,9,423,265,0,444865,1,901,10,266,424
EP,E2,7,1,64,0,0,0,0,1,0,0,0,0,0
RES,E2T,8,10,426,286,0,485486,1,900,11,427,287
EP,E2,8,1,64,0,0,0,0,1,0,0,0,0,0
RES,E2T,9,11,443,293,0,528893,1,901,12,294,444
EP,E2,9,1,64,0,0,0,0,1,0,0,0,0,0
RES,E2T,10,12,446,300,0,569500,1,900,13,447,301
EP,E2,10,2,128,0,0,0,0,2,0,0,0,0,0
RES,E2T,11,13,449,307,0,610107,1,901,14,308,450
EP,E2,11,1,64,0,0,0,0,1,0,0,0,0,0
RES,E2T,12,14,452,328,0,650728,1,900,15,453,329
EP,E2,12,1,64,0,0,0,0,1,0,0,0,0,0
RES,E2T,13,15,455,335,0,691335,1,901,16,336,456
EP,E2,13,1,64,0,0,0,0,1,0,0,0,0,0
RES,E2T,14,16,458,342,0,731942,1,900,17,459,343
EP,E2,14,1,64,0,0,0,0,1,0,0,0,0,0
RES,E2T,15,17,461,363,0,772563,1,901,18,364,462
EP,E2,15,1,64,0,0,0,0,1,0,0,0,0,0
RES,E2T,16,18,464,370,0,813170,1,900,19,465,371
EP,E2,16,1,64,0,0,0,0,1,0,0,0,0,0
RES,E2T,17,19,467,377,0,853777,1,901,20,378,468
EP,E2,17,1,64,0,0,0,0,1,0,0,0,0,0
RES,E2T,18,20,484,384,0,897184,1,900,21,485,385
EP,E2,18,1,64,0,0,0,0,1,0,0,0,0,0
RES,E2T,19,21,487,205,0,937605,1,901,22,206,488
EP,E2,19,1,64,0,0,0,0,1,0,0,0,0,0
RES,E2T,20,22,490,212,0,978212,1,900,23,491,213
EP,E2,20,2,128,0,0,0,0,2,0,0,0,0,0
RES,E2T,21,23,493,219,0,1018819,1,901,24,220,494
EP,E2,21,1,64,0,0,0,0,1,0,0,0,0,0
RES,E2T,22,24,496,226,0,1059426,1,900,25,497,227
EP,E2,22,1,64,0,0,0,0,1,0,0,0,0,0
RES,E2T,23,25,499,247,0,1100047,1,901,26,248,500
EP,E2,23,1,64,0,0,0,0,1,0,0,0,0,0
RES,E2T,24,26,502,254,0,1140654,1,900,27,503,255
EP,E2,24,1,64,0,0,0,0,1,0,0,0,0,0
RES,E2T,25,27,505,261,0,1181261,1,901,28,262,506
EP,E2,25,1,64,0,0,0,0,1,0,0,0,0,0
RES,E2T,26,42,522,282,0,1784682,1,900,43,523,283
EP,E2,26,1,64,0,0,0,0,1,0,0,0,0,0
RES,E2T,27,43,525,289,0,1825289,1,901,44,290,526
EP,E2,27,1,64,0,0,0,0,1,0,0,0,0,0
RES,E2T,28,44,528,296,0,1865896,1,900,45,529,297
EP,E2,28,1,64,0,0,0,0,1,0,0,0,0,0
RES,E2T,29,45,531,303,0,1906503,1,901,46,304,532
EP,E2,29,1,64,0,0,0,0,1,0,0,0,0,0
RES,E2T,30,46,534,324,0,1947124,1,900,47,535,325
EP,E2,30,2,128,0,0,0,0,2,0,0,0,0,0
RES,E2T,31,47,537,331,0,1987731,1,901,48,332,538
EP,E2,31,1,64,0,0,0,0,1,0,0,0,0,0
RES,E2T,32,48,540,338,0,2028338,1,900,49,541,339
EP,E2,32,1,64,0,0,0,0,1,0,0,0,0,0
RES,E2T,33,49,543,345,0,2068945,1,901,50,346,544
EP,E2,33,1,64,0,0,0,0,1,0,0,0,0,0
RES,E2T,34,50,546,366,0,2109566,1,900,51,547,367
EP,E2,34,1,64,0,0,0,0,1,0,0,0,0,0
RES,E2T,35,51,563,373,0,2152973,1,901,52,374,564
EP,E2,35,1,64,0,0,0,0,1,0,0,0,0,0
