HARNESS,code,episodes,200
EP,code,0,7,448,1,0,0,0,6,0,0,0,0
EP,code,1,3,192,1,0,0,0,2,0,0,0,0
EP,code,2,4,256,1,1,0,0,2,0,0,0,0
EP,code,3,4,256,1,0,0,0,3,0,0,0,0
EP,code,4,4,256,1,0,1,0,2,0,0,0,0
EP,code,5,8,512,1,0,0,1,6,0,0,0,0
EP,code,6,4,256,1,0,0,0,3,0,0,0,0
EP,code,7,3,192,1,0,0,0,2,0,0,0,0
EP,code,8,3,192,1,0,0,0,2,0,0,0,0
EP,code,9,8,512,1,1,0,1,5,0,0,0,0
EP,code,10,6,384,1,0,0,0,5,0,0,0,0
EP,code,11,3,192,1,0,0,0,2,0,0,0,0
EP,code,12,4,256,1,0,0,0,3,0,0,0,0
EP,code,13,8,512,1,0,1,1,5,0,0,0,0
EP,code,14,3,192,1,0,0,0,2,0,0,0,0
EP,code,15,7,448,1,0,0,0,6,0,0,0,0
EP,code,16,4,256,1,1,0,0,2,0,0,0,0
EP,code,17,5,320,1,0,0,1,3,0,0,0,0
EP,code,18,4,256,1,0,0,0,3,0,0,0,0
EP,code,19,3,192,1,0,0,0,2,0,0,0,0
EP,code,20,6,384,1,0,0,0,5,0,0,0,0
EP,code,21,7,448,1,0,0,1,5,0,0,0,0
EP,code,22,4,256,1,0,1,0,2,0,0,0,0
EP,code,23,4,256,1,1,0,0,2,0,0,0,0
EP,code,24,4,256,1,0,0,0,3,0,0,0,0
EP,code,25,8,512,1,0,0,1,6,0,0,0,0
EP,code,26,3,192,1,0,0,0,2,0,0,0,0
EP,code,27,4,256,1,0,0,0,3,0,0,0,0
EP,code,28,3,192,1,0,0,0,2,0,0,0,0
EP,code,29,7,448,1,0,0,1,5,0,0,0,0
EP,code,30,8,512,1,1,0,0,6,0,0,0,0
EP,code,31,4,256,1,0,1,0,2,0,0,0,0
EP,code,32,3,192,1,0,0,0,2,0,0,0,0
EP,code,33,8,512,1,0,0,1,6,0,0,0,0
EP,code,34,3,192,1,0,0,0,2,0,0,0,0
EP,code,35,6,384,1,0,0,0,5,0,0,0,0
EP,code,36,4,256,1,0,0,0,3,0,0,0,0
EP,code,37,7,448,1,1,0,1,4,0,0,0,0
EP,code,38,3,192,1,0,0,0,2,0,0,0,0
EP,code,39,4,256,1,0,0,0,3,0,0,0,0
EP,code,40,7,448,1,0,1,0,5,0,0,0,0
EP,code,41,7,448,1,0,0,1,5,0,0,0,0
EP,code,42,4,256,1,0,0,0,3,0,0,0,0
EP,code,43,3,192,1,0,0,0,2,0,0,0,0
EP,code,44,4,256,1,1,0,0,2,0,0,0,0
EP,code,45,10,640,1,0,0,1,8,0,0,0,0
EP,code,46,3,192,1,0,0,0,2,0,0,0,0
EP,code,47,3,192,1,0,0,0,2,0,0,0,0
EP,code,48,4,256,1,0,0,0,3,0,0,0,0
EP,code,49,8,512,1,0,1,1,5,0,0,0,0
EP,code,50,6,384,1,0,0,0,5,0,0,0,0
EP,code,51,5,320,1,1,0,0,3,0,0,0,0
EP,code,52,3,192,1,0,0,0,2,0,0,0,0
EP,code,53,5,320,1,0,0,1,3,0,0,0,0
EP,code,54,4,256,1,0,0,0,3,0,0,0,0
EP,code,55,6,384,1,0,0,0,5,0,0,0,0
EP,code,56,3,192,1,0,0,0,2,0,0,0,0
EP,code,57,9,576,1,0,0,1,7,0,0,0,0
EP,code,58,5,320,1,1,1,0,2,0,0,0,0
EP,code,59,3,192,1,0,0,0,2,0,0,0,0
EP,code,60,7,448,1,0,0,0,6,0,0,0,0
EP,code,61,7,448,1,0,0,1,5,0,0,0,0
EP,code,62,3,192,1,0,0,0,2,0,0,0,0
EP,code,63,4,256,1,0,0,0,3,0,0,0,0
EP,code,64,3,192,1,0,0,0,2,0,0,0,0
EP,code,65,11,704,1,1,0,1,8,0,0,0,0
EP,code,66,4,256,1,0,0,0,3,0,0,0,0
EP,code,67,4,256,1,0,1,0,2,0,0,0,0
EP,code,68,3,192,1,0,0,0,2,0,0,0,0
EP,code,69,6,384,1,0,0,1,4,0,0,0,0
EP,code,70,6,384,1,0,0,0,5,0,0,0,0
EP,code,71,3,192,1,0,0,0,2,0,0,0,0
EP,code,72,5,320,1,1,0,0,3,0,0,0,0
EP,code,73,6,384,1,0,0,1,4,0,0,0,0
EP,code,74,3,192,1,0,0,0,2,0,0,0,0
EP,code,75,7,448,1,0,0,0,6,0,0,0,0
EP,code,76,4,256,1,0,1,0,2,0,0,0,0
EP,code,77,7,448,1,0,0,1,5,0,0,0,0
EP,code,78,4,256,1,0,0,0,3,0,0,0,0
EP,code,79,4,256,1,1,0,0,2,0,0,0,0
EP,code,80,6,384,1,0,0,0,5,0,0,0,0
EP,code,81,7,448,1,0,0,1,5,0,0,0,0
EP,code,82,3,192,1,0,0,0,2,0,0,0,0
EP,code,83,3,192,1,0,0,0,2,0,0,0,0
EP,code,84,4,256,1,0,0,0,3,0,0,0,0
EP,code,85,9,576,1,0,1,1,6,0,0,0,0
EP,code,86,4,256,1,1,0,0,2,0,0,0,0
EP,code,87,4,256,1,0,0,0,3,0,0,0,0
EP,code,88,3,192,1,0,0,0,2,0,0,0,0
EP,code,89,6,384,1,0,0,1,4,0,0,0,0
EP,code,90,7,448,1,0,0,0,6,0,0,0,0
EP,code,91,3,192,1,0,0,0,2,0,0,0,0
EP,code,92,3,192,1,0,0,0,2,0,0,0,0
EP,code,93,9,576,1,1,0,1,6,0,0,0,0
EP,code,94,4,256,1,0,1,0,2,0,0,0,0
EP,code,95,6,384,1,0,0,0,5,0,0,0,0
EP,code,96,4,256,1,0,0,0,3,0,0,0,0
EP,code,97,7,448,1,0,0,1,5,0,0,0,0
EP,code,98,3,192,1,0,0,0,2,0,0,0,0
EP,code,99,4,256,1,0,0,0,3,0,0,0,0
EP,code,100,7,448,1,1,0,0,5,0,0,0,0
EP,code,101,8,512,1,0,0,1,6,0,0,0,0
EP,code,102,4,256,1,0,0,0,3,0,0,0,0
EP,code,103,4,256,1,0,1,0,2,0,0,0,0
EP,code,104,3,192,1,0,0,0,2,0,0,0,0
EP,code,105,12,768,1,0,0,1,10,0,0,0,0
EP,code,106,3,192,1,0,0,0,2,0,0,0,0
EP,code,107,4,256,1,1,0,0,2,0,0,0,0
EP,code,108,4,256,1,0,0,0,3,0,0,0,0
EP,code,109,7,448,1,0,0,1,5,0,0,0,0
EP,code,110,6,384,1,0,0,0,5,0,0,0,0
EP,code,111,4,256,1,0,0,0,3,0,0,0,0
EP,code,112,4,256,1,0,1,0,2,0,0,0,0
EP,code,113,5,320,1,0,0,1,3,0,0,0,0
EP,code,114,5,320,1,1,0,0,3,0,0,0,0
EP,code,115,6,384,1,0,0,0,5,0,0,0,0
EP,code,116,3,192,1,0,0,0,2,0,0,0,0
EP,code,117,8,512,1,0,0,1,6,0,0,0,0
EP,code,118,3,192,1,0,0,0,2,0,0,0,0
EP,code,119,3,192,1,0,0,0,2,0,0,0,0
EP,code,120,7,448,1,0,0,0,6,0,0,0,0
EP,code,121,10,640,1,1,1,1,6,0,0,0,0
EP,code,122,3,192,1,0,0,0,2,0,0,0,0
EP,code,123,4,256,1,0,0,0,3,0,0,0,0
EP,code,124,3,192,1,0,0,0,2,0,0,0,0
EP,code,125,10,640,1,0,0,1,8,0,0,0,0
EP,code,126,4,256,1,0,0,0,3,0,0,0,0
EP,code,127,3,192,1,0,0,0,2,0,0,0,0
EP,code,128,4,256,1,1,0,0,2,0,0,0,0
EP,code,129,6,384,1,0,0,1,4,0,0,0,0
EP,code,130,7,448,1,0,1,0,5,0,0,0,0
EP,code,131,3,192,1,0,0,0,2,0,0,0,0
EP,code,132,4,256,1,0,0,0,3,0,0,0,0
EP,code,133,6,384,1,0,0,1,4,0,0,0,0
EP,code,134,3,192,1,0,0,0,2,0,0,0,0
EP,code,135,8,512,1,1,0,0,6,0,0,0,0
EP,code,136,3,192,1,0,0,0,2,0,0,0,0
EP,code,137,6,384,1,0,0,1,4,0,0,0,0
EP,code,138,4,256,1,0,0,0,3,0,0,0,0
EP,code,139,4,256,1,0,1,0,2,0,0,0,0
EP,code,140,6,384,1,0,0,0,5,0,0,0,0
EP,code,141,8,512,1,0,0,1,6,0,0,0,0
EP,code,142,4,256,1,1,0,0,2,0,0,0,0
EP,code,143,3,192,1,0,0,0,2,0,0,0,0
EP,code,144,4,256,1,0,0,0,3,0,0,0,0
EP,code,145,8,512,1,0,0,1,6,0,0,0,0
EP,code,146,3,192,1,0,0,0,2,0,0,0,0
EP,code,147,4,256,1,0,0,0,3,0,0,0,0
EP,code,148,4,256,1,0,1,0,2,0,0,0,0
EP,code,149,8,512,1,1,0,1,5,0,0,0,0
EP,code,150,7,448,1,0,0,0,6,0,0,0,0
EP,code,151,3,192,1,0,0,0,2,0,0,0,0
EP,code,152,3,192,1,0,0,0,2,0,0,0,0
EP,code,153,7,448,1,0,0,1,5,0,0,0,0
EP,code,154,3,192,1,0,0,0,2,0,0,0,0
EP,code,155,6,384,1,0,0,0,5,0,0,0,0
EP,code,156,5,320,1,1,0,0,3,0,0,0,0
EP,code,157,8,512,1,0,1,1,5,0,0,0,0
EP,code,158,3,192,1,0,0,0,2,0,0,0,0
EP,code,159,4,256,1,0,0,0,3,0,0,0,0
EP,code,160,6,384,1,0,0,0,5,0,0,0,0
EP,code,161,6,384,1,0,0,1,4,0,0,0,0
EP,code,162,4,256,1,0,0,0,3,0,0,0,0
EP,code,163,4,256,1,1,0,0,2,0,0,0,0
EP,code,164,3,192,1,0,0,0,2,0,0,0,0
EP,code,165,11,704,1,0,0,1,9,0,0,0,0
EP,code,166,4,256,1,0,1,0,2,0,0,0,0
EP,code,167,3,192,1,0,0,0,2,0,0,0,0
EP,code,168,4,256,1,0,0,0,3,0,0,0,0
EP,code,169,7,448,1,0,0,1,5,0,0,0,0
EP,code,170,7,448,1,1,0,0,5,0,0,0,0
EP,code,171,4,256,1,0,0,0,3,0,0,0,0
EP,code,172,3,192,1,0,0,0,2,0,0,0,0
EP,code,173,5,320,1,0,0,1,3,0,0,0,0
EP,code,174,4,256,1,0,0,0,3,0,0,0,0
EP,code,175,7,448,1,0,1,0,5,0,0,0,0
EP,code,176,3,192,1,0,0,0,2,0,0,0,0
EP,code,177,9,576,1,1,0,1,6,0,0,0,0
EP,code,178,3,192,1,0,0,0,2,0,0,0,0
EP,code,179,3,192,1,0,0,0,2,0,0,0,0
EP,code,180,7,448,1,0,0,0,6,0,0,0,0
EP,code,181,6,384,1,0,0,1,4,0,0,0,0
EP,code,182,3,192,1,0,0,0,2,0,0,0,0
EP,code,183,4,256,1,0,0,0,3,0,0,0,0
EP,code,184,5,320,1,1,1,0,2,0,0,0,0
EP,code,185,10,640,1,0,0,1,8,0,0,0,0
EP,code,186,4,256,1,0,0,0,3,0,0,0,0
EP,code,187,3,192,1,0,0,0,2,0,0,0,0
EP,code,188,3,192,1,0,0,0,2,0,0,0,0
EP,code,189,6,384,1,0,0,1,4,0,0,0,0
EP,code,190,6,384,1,0,0,0,5,0,0,0,0
EP,code,191,4,256,1,1,0,0,2,0,0,0,0
EP,code,192,4,256,1,0,0,0,3,0,0,0,0
EP,code,193,8,512,1,0,1,1,5,0,0,0,0
EP,code,194,3,192,1,0,0,0,2,0,0,0,0
EP,code,195,7,448,1,0,0,0,6,0,0,0,0
EP,code,196,3,192,1,0,0,0,2,0,0,0,0
EP,code,197,6,384,1,0,0,1,4,0,0,0,0
EP,code,198,5,320,1,1,0,0,3,0,0,0,0
EP,code,199,3,192,1,0,0,0,2,0,0,0,0
HISTCFG,bytes_per_entry,64,entry_words,16,cap_k1_bytes,4096
HISTAGG,code,200,256,192,768,512,200,29,22,49,703,0,0,0,0,0
CL_CHECK,k1_max_bytes_le_4096,1,1
CL_CHECK,k1_other_class_zero,0,0
CL_CHECK,episodes,200,200
CL_CHECK,verify_fail,0,0
CL_CHECK,kill_fail,0,0
