SESSION 4244 1000
P 3 0 1 0 5 255
P 3 1 1 5 10 255
P 3 2 1 10 15 255
P 3 3 1 15 20 255
P 3 4 1 20 25 255
P 3 5 1 25 30 255
P 3 6 1 30 35 255
P 3 7 1 35 40 255
P 3 8 1 40 45 255
P 3 9 1 45 50 255
P 3 10 1 50 55 255
P 3 11 1 55 60 255
P 3 12 1 60 65 255
P 3 13 1 65 70 255
P 3 14 1 70 75 255
P 3 15 1 75 80 255
P 3 16 1 80 85 255
P 3 17 1 85 90 255
P 3 18 1 90 95 255
P 3 19 1 95 100 255
P 3 20 1 100 105 255
P 3 21 1 105 110 255
P 3 22 1 110 115 255
P 3 23 1 115 120 255
P 3 24 1 120 125 255
P 3 25 1 125 130 255
P 3 26 1 130 135 255
P 3 27 1 135 140 255
P 3 28 1 140 145 255
P 3 29 1 145 150 255
P 3 30 1 150 155 255
P 3 31 1 155 160 255
P 3 32 1 160 165 255
P 3 33 1 165 170 255
P 3 34 1 170 175 255
P 3 35 1 175 180 255
P 3 36 1 180 185 255
P 3 37 1 185 190 255
P 3 38 1 190 195 255
P 3 39 1 195 200 255
P 3 40 1 200 205 255
P 3 41 1 205 210 255
P 3 42 1 210 215 255
P 3 43 1 215 220 255
P 3 44 1 220 225 255
P 3 45 1 225 230 255
P 3 46 1 230 235 255
P 3 47 1 235 240 255
P 3 48 1 240 245 255
P 3 49 1 245 250 255
P 3 50 1 250 255 255
P 3 51 1 255 260 255
P 3 52 1 260 265 255
P 3 53 1 265 270 255
P 3 54 1 270 275 255
P 3 55 1 275 280 255
P 3 56 1 280 285 255
P 3 57 1 285 290 255
P 3 58 1 290 295 255
P 3 59 1 295 300 255
P 3 60 1 300 305 255
P 3 61 1 305 310 255
P 3 62 1 310 315 255
P 3 63 1 315 320 255
P 3 64 1 320 325 255
P 3 65 1 325 330 255
P 3 66 1 330 335 255
P 3 67 1 335 340 255
P 3 68 1 340 345 255
P 3 69 1 345 350 255
P 3 70 1 350 355 255
P 3 71 1 355 360 255
P 3 72 1 360 365 255
P 3 73 1 365 370 255
P 3 74 1 370 375 255
P 3 75 1 375 380 255
P 3 76 1 380 385 255
P 3 77 1 385 390 255
P 3 78 1 390 395 255
P 3 79 1 395 400 255
P 3 80 1 400 405 255
P 3 81 1 405 410 255
P 3 82 1 410 415 255
P 3 83 1 415 420 255
P 3 84 1 420 425 255
P 3 85 1 425 430 255
P 3 86 1 430 435 255
P 3 87 1 435 440 255
P 3 88 1 440 445 255
P 3 89 1 445 450 255
P 3 90 1 450 455 255
P 3 91 1 455 460 255
P 3 92 1 460 465 255
P 3 93 1 465 470 255
P 3 94 1 470 475 255
P 3 95 1 475 480 255
P 3 96 1 480 485 255
P 3 97 1 485 490 255
P 3 98 1 490 495 255
P 3 99 1 495 500 255
P 3 100 1 500 505 255
P 3 101 1 505 510 255
P 3 102 1 510 515 255
P 3 103 1 515 520 255
P 3 104 1 520 525 255
P 3 105 1 525 530 255
P 3 106 1 530 535 255
P 3 107 1 535 540 255
P 3 108 1 540 545 255
P 3 109 1 545 550 255
P 3 110 1 550 555 255
P 3 111 1 555 560 255
P 3 112 1 560 565 255
P 3 113 1 565 570 255
P 3 114 1 570 575 255
P 3 115 1 575 580 255
P 3 116 1 580 585 255
P 3 117 1 585 590 255
P 3 118 1 590 595 255
P 3 119 1 595 600 255
P 3 120 1 600 605 255
P 3 121 1 605 610 255
P 3 122 1 610 615 255
P 3 123 1 615 620 255
P 3 124 1 620 625 255
P 3 125 1 625 630 255
P 3 126 1 630 635 255
P 3 127 1 635 640 255
P 3 128 1 640 645 255
P 3 129 1 645 650 255
P 3 130 1 650 655 255
P 3 131 1 655 660 255
P 3 132 1 660 665 255
P 3 133 1 665 670 255
P 3 134 1 670 675 255
P 3 135 1 675 680 255
P 3 136 1 680 685 255
P 3 137 1 685 690 255
P 3 138 1 690 695 255
P 3 139 1 695 700 255
P 3 140 1 700 705 255
P 3 141 1 705 710 255
P 3 142 1 710 715 255
P 3 143 1 715 720 255
P 3 144 1 720 725 255
P 3 145 1 725 730 255
P 3 146 1 730 735 255
P 3 147 1 735 740 255
P 3 148 1 740 745 255
P 3 149 1 745 750 255
P 3 150 1 750 755 255
P 3 151 1 755 760 255
P 3 152 1 760 765 255
P 3 153 1 765 770 255
P 3 154 1 770 775 255
P 3 155 1 775 780 255
P 3 156 1 780 785 255
P 3 157 1 785 790 255
P 3 158 1 790 795 255
P 3 159 1 795 800 255
P 3 160 1 800 805 255
P 3 161 1 805 810 255
P 3 162 1 810 815 255
P 3 163 1 815 820 255
P 3 164 1 820 825 255
P 3 165 1 825 830 255
P 3 166 1 830 835 255
P 3 167 1 835 840 255
P 3 168 1 840 845 255
P 3 169 1 845 850 255
P 3 170 1 850 855 255
P 3 171 1 855 860 255
P 3 172 1 860 865 255
P 3 173 1 865 870 255
P 3 174 1 870 875 255
P 3 175 1 875 880 255
P 3 176 1 880 885 255
P 3 177 1 885 890 255
P 3 178 1 890 895 255
P 3 179 1 895 900 255
P 3 180 1 900 905 255
P 3 181 1 905 910 255
P 3 182 1 910 915 255
P 3 183 1 915 920 255
P 3 184 1 920 925 255
P 3 185 1 925 930 255
P 3 186 1 930 935 255
P 3 187 1 935 940 255
P 3 188 1 940 945 255
P 3 189 1 945 950 255
P 3 190 1 950 955 255
P 3 191 1 955 960 255
P 3 192 1 960 965 255
P 3 193 1 965 970 255
P 3 194 1 970 975 255
P 3 195 1 975 980 255
P 3 196 1 980 985 255
P 3 197 1 985 990 255
P 3 198 1 990 995 255
P 3 199 1 995 1000 255
D 0 ADOPT 0
D 1 ADOPT 0
D 2 ADOPT 0
D 3 ADOPT 0
D 4 ADOPT 0
D 5 ADOPT 0
D 6 ADOPT 0
D 7 ADOPT 0
D 8 ADOPT 0
D 9 ADOPT 0
D 10 ADOPT 0
D 11 ADOPT 0
D 12 ADOPT 0
D 13 ADOPT 0
D 14 ADOPT 0
D 15 ADOPT 0
D 16 ADOPT 0
D 17 ADOPT 0
D 18 ADOPT 0
D 19 ADOPT 0
D 20 ADOPT 0
D 21 ADOPT 0
D 22 ADOPT 0
D 23 ADOPT 0
D 24 ADOPT 0
D 25 ADOPT 0
D 26 ADOPT 0
D 27 ADOPT 0
D 28 ADOPT 0
D 29 ADOPT 0
D 30 ADOPT 0
D 31 ADOPT 0
D 32 ADOPT 0
D 33 ADOPT 0
D 34 ADOPT 0
D 35 ADOPT 0
D 36 ADOPT 0
D 37 ADOPT 0
D 38 ADOPT 0
D 39 ADOPT 0
D 40 ADOPT 0
D 41 ADOPT 0
D 42 ADOPT 0
D 43 ADOPT 0
D 44 ADOPT 0
D 45 ADOPT 0
D 46 ADOPT 0
D 47 ADOPT 0
D 48 ADOPT 0
D 49 ADOPT 0
D 50 ADOPT 0
D 51 ADOPT 0
D 52 ADOPT 0
D 53 ADOPT 0
D 54 ADOPT 0
D 55 ADOPT 0
D 56 ADOPT 0
D 57 ADOPT 0
D 58 ADOPT 0
D 59 ADOPT 0
D 60 ADOPT 0
D 61 ADOPT 0
D 62 ADOPT 0
D 63 ADOPT 0
D 64 ADOPT 0
D 65 ADOPT 0
D 66 ADOPT 0
D 67 ADOPT 0
D 68 ADOPT 0
D 69 ADOPT 0
D 70 ADOPT 0
D 71 ADOPT 0
D 72 ADOPT 0
D 73 ADOPT 0
D 74 ADOPT 0
D 75 ADOPT 0
D 76 ADOPT 0
D 77 ADOPT 0
D 78 ADOPT 0
D 79 ADOPT 0
D 80 ADOPT 0
D 81 ADOPT 0
D 82 ADOPT 0
D 83 ADOPT 0
D 84 ADOPT 0
D 85 ADOPT 0
D 86 ADOPT 0
D 87 ADOPT 0
D 88 ADOPT 0
D 89 ADOPT 0
D 90 ADOPT 0
D 91 ADOPT 0
D 92 ADOPT 0
D 93 ADOPT 0
D 94 ADOPT 0
D 95 ADOPT 0
D 96 ADOPT 0
D 97 ADOPT 0
D 98 ADOPT 0
D 99 ADOPT 0
D 100 ADOPT 0
D 101 ADOPT 0
D 102 ADOPT 0
D 103 ADOPT 0
D 104 ADOPT 0
D 105 ADOPT 0
D 106 ADOPT 0
D 107 ADOPT 0
D 108 ADOPT 0
D 109 ADOPT 0
D 110 ADOPT 0
D 111 ADOPT 0
D 112 ADOPT 0
D 113 ADOPT 0
D 114 ADOPT 0
D 115 ADOPT 0
D 116 ADOPT 0
D 117 ADOPT 0
D 118 ADOPT 0
D 119 ADOPT 0
D 120 ADOPT 0
D 121 ADOPT 0
D 122 ADOPT 0
D 123 ADOPT 0
D 124 ADOPT 0
D 125 ADOPT 0
D 126 ADOPT 0
D 127 ADOPT 0
D 128 ADOPT 0
D 129 ADOPT 0
D 130 ADOPT 0
D 131 ADOPT 0
D 132 ADOPT 0
D 133 ADOPT 0
D 134 ADOPT 0
D 135 ADOPT 0
D 136 ADOPT 0
D 137 ADOPT 0
D 138 ADOPT 0
D 139 ADOPT 0
D 140 ADOPT 0
D 141 ADOPT 0
D 142 ADOPT 0
D 143 ADOPT 0
D 144 ADOPT 0
D 145 ADOPT 0
D 146 ADOPT 0
D 147 ADOPT 0
D 148 ADOPT 0
D 149 ADOPT 0
D 150 ADOPT 0
D 151 ADOPT 0
D 152 ADOPT 0
D 153 ADOPT 0
D 154 ADOPT 0
D 155 ADOPT 0
D 156 ADOPT 0
D 157 ADOPT 0
D 158 ADOPT 0
D 159 ADOPT 0
D 160 ADOPT 0
D 161 ADOPT 0
D 162 ADOPT 0
D 163 ADOPT 0
D 164 ADOPT 0
D 165 ADOPT 0
D 166 ADOPT 0
D 167 ADOPT 0
D 168 ADOPT 0
D 169 ADOPT 0
D 170 ADOPT 0
D 171 ADOPT 0
D 172 ADOPT 0
D 173 ADOPT 0
D 174 ADOPT 0
D 175 ADOPT 0
D 176 ADOPT 0
D 177 ADOPT 0
D 178 ADOPT 0
D 179 ADOPT 0
D 180 ADOPT 0
D 181 ADOPT 0
D 182 ADOPT 0
D 183 ADOPT 0
D 184 ADOPT 0
D 185 ADOPT 0
D 186 ADOPT 0
D 187 ADOPT 0
D 188 ADOPT 0
D 189 ADOPT 0
D 190 ADOPT 0
D 191 ADOPT 0
D 192 ADOPT 0
D 193 ADOPT 0
D 194 ADOPT 0
D 195 ADOPT 0
D 196 ADOPT 0
D 197 ADOPT 0
D 198 ADOPT 0
D 199 ADOPT 0
END
