0000000000000000000000000000000000000000000000000000000000000000|0000000000000000000000000000000000000000000000000000000000000000|0|3|rt4_TMB-5_A15A_0000.r24|2|1|RICH|702|0|2620|0000000000000000000000000000000000000000000000000000000000000000|DARK|1|702|DISP=ACCEPT_INSTALL|DETAIL=rt2_A15A
0000000000000000000000000000000000000000000000000000000000000000|0000000000000000000000000000000000000000000000000000000000000000|0|3|rt4_TMB-5_A15A_0001.r24|2|1|RICH|703|0|2620|0000000000000000000000000000000000000000000000000000000000000000|DARK|1|703|DISP=ACCEPT_INSTALL|DETAIL=rt2_A15A
0000000000000000000000000000000000000000000000000000000000000000|0000000000000000000000000000000000000000000000000000000000000000|0|3|rt4_TMB-5_A15A_0002.r24|2|1|RICH|704|0|2620|0000000000000000000000000000000000000000000000000000000000000000|DARK|1|704|DISP=ACCEPT_INSTALL|DETAIL=rt2_A15A
0000000000000000000000000000000000000000000000000000000000000000|0000000000000000000000000000000000000000000000000000000000000000|0|3|rt4_TMB-5_A15A_0003.r24|2|1|RICH|705|0|2620|0000000000000000000000000000000000000000000000000000000000000000|DARK|1|705|DISP=ACCEPT_INSTALL|DETAIL=rt2_A15A
0000000000000000000000000000000000000000000000000000000000000000|0000000000000000000000000000000000000000000000000000000000000000|0|3|rt4_TMB-5_A15A_0004.r24|2|1|RICH|706|0|2620|0000000000000000000000000000000000000000000000000000000000000000|DARK|1|706|DISP=ACCEPT_INSTALL|DETAIL=rt2_A15A
0000000000000000000000000000000000000000000000000000000000000000|0000000000000000000000000000000000000000000000000000000000000000|0|3|rt4_TMB-5_A15A_0005.r24|2|1|RICH|707|0|2620|0000000000000000000000000000000000000000000000000000000000000000|DARK|1|707|DISP=ACCEPT_INSTALL|DETAIL=rt2_A15A
0000000000000000000000000000000000000000000000000000000000000000|0000000000000000000000000000000000000000000000000000000000000000|0|3|rt4_TMB-5_A15A_0006.r24|2|1|RICH|708|0|2620|0000000000000000000000000000000000000000000000000000000000000000|DARK|1|708|DISP=ACCEPT_INSTALL|DETAIL=rt2_A15A
0000000000000000000000000000000000000000000000000000000000000000|0000000000000000000000000000000000000000000000000000000000000000|0|3|rt4_TMB-5_A15A_0007.r24|2|1|RICH|709|0|2620|0000000000000000000000000000000000000000000000000000000000000000|DARK|1|709|DISP=ACCEPT_INSTALL|DETAIL=rt2_A15A
0000000000000000000000000000000000000000000000000000000000000000|0000000000000000000000000000000000000000000000000000000000000000|0|3|rt4_TMB-5_A15A_0008.r24|2|1|RICH|710|0|2620|0000000000000000000000000000000000000000000000000000000000000000|DARK|1|710|DISP=ACCEPT_INSTALL|DETAIL=rt2_A15A
0000000000000000000000000000000000000000000000000000000000000000|0000000000000000000000000000000000000000000000000000000000000000|0|3|rt4_TMB-5_A15A_0009.r24|2|1|RICH|711|0|2620|0000000000000000000000000000000000000000000000000000000000000000|DARK|1|711|DISP=ACCEPT_INSTALL|DETAIL=rt2_A15A
0000000000000000000000000000000000000000000000000000000000000000|0000000000000000000000000000000000000000000000000000000000000000|0|3|rt4_TMB-5_A15A_0010.r24|2|1|RICH|712|0|2620|0000000000000000000000000000000000000000000000000000000000000000|DARK|1|712|DISP=ACCEPT_INSTALL|DETAIL=rt2_A15A
0000000000000000000000000000000000000000000000000000000000000000|0000000000000000000000000000000000000000000000000000000000000000|0|3|rt4_TMB-5_A15A_0011.r24|2|1|RICH|713|0|2620|0000000000000000000000000000000000000000000000000000000000000000|DARK|1|713|DISP=ACCEPT_INSTALL|DETAIL=rt2_A15A
0000000000000000000000000000000000000000000000000000000000000000|0000000000000000000000000000000000000000000000000000000000000000|0|3|rt4_TMB-5_A15A_0012.r24|2|1|RICH|714|0|2620|0000000000000000000000000000000000000000000000000000000000000000|DARK|1|714|DISP=ACCEPT_INSTALL|DETAIL=rt2_A15A
0000000000000000000000000000000000000000000000000000000000000000|0000000000000000000000000000000000000000000000000000000000000000|0|3|rt4_TMB-5_A15A_0013.r24|2|1|RICH|715|0|2620|0000000000000000000000000000000000000000000000000000000000000000|DARK|1|715|DISP=ACCEPT_INSTALL|DETAIL=rt2_A15A
0000000000000000000000000000000000000000000000000000000000000000|0000000000000000000000000000000000000000000000000000000000000000|0|3|rt4_TMB-5_A15A_0014.r24|2|1|RICH|716|0|2620|0000000000000000000000000000000000000000000000000000000000000000|DARK|1|716|DISP=ACCEPT_INSTALL|DETAIL=rt2_A15A
0000000000000000000000000000000000000000000000000000000000000000|0000000000000000000000000000000000000000000000000000000000000000|0|3|rt4_TMB-5_A15A_0015.r24|2|1|RICH|717|0|2620|0000000000000000000000000000000000000000000000000000000000000000|DARK|1|717|DISP=ACCEPT_INSTALL|DETAIL=rt2_A15A
0000000000000000000000000000000000000000000000000000000000000000|0000000000000000000000000000000000000000000000000000000000000000|0|3|rt4_TMB-5_A15A_0016.r24|2|1|RICH|702|0|2645|0000000000000000000000000000000000000000000000000000000000000000|DARK|1|702|DISP=ACCEPT_INSTALL|DETAIL=rt2_A15A
0000000000000000000000000000000000000000000000000000000000000000|0000000000000000000000000000000000000000000000000000000000000000|0|3|rt4_TMB-5_A15A_0017.r24|2|1|RICH|703|0|2645|0000000000000000000000000000000000000000000000000000000000000000|DARK|1|703|DISP=ACCEPT_INSTALL|DETAIL=rt2_A15A
0000000000000000000000000000000000000000000000000000000000000000|0000000000000000000000000000000000000000000000000000000000000000|0|3|rt4_TMB-5_A15A_0018.r24|2|1|RICH|704|0|2645|0000000000000000000000000000000000000000000000000000000000000000|DARK|1|704|DISP=ACCEPT_INSTALL|DETAIL=rt2_A15A
0000000000000000000000000000000000000000000000000000000000000000|0000000000000000000000000000000000000000000000000000000000000000|0|3|rt4_TMB-5_A15A_0019.r24|2|1|RICH|705|0|2645|0000000000000000000000000000000000000000000000000000000000000000|DARK|1|705|DISP=ACCEPT_INSTALL|DETAIL=rt2_A15A
0000000000000000000000000000000000000000000000000000000000000000|0000000000000000000000000000000000000000000000000000000000000000|0|3|rt4_TMB-5_A15A_0020.r24|2|1|RICH|706|0|2645|0000000000000000000000000000000000000000000000000000000000000000|DARK|1|706|DISP=ACCEPT_INSTALL|DETAIL=rt2_A15A
0000000000000000000000000000000000000000000000000000000000000000|0000000000000000000000000000000000000000000000000000000000000000|0|3|rt4_TMB-5_A15A_0021.r24|2|1|RICH|707|0|2645|0000000000000000000000000000000000000000000000000000000000000000|DARK|1|707|DISP=ACCEPT_INSTALL|DETAIL=rt2_A15A
0000000000000000000000000000000000000000000000000000000000000000|0000000000000000000000000000000000000000000000000000000000000000|0|3|rt4_TMB-5_A15A_0022.r24|2|1|RICH|708|0|2645|0000000000000000000000000000000000000000000000000000000000000000|DARK|1|708|DISP=ACCEPT_INSTALL|DETAIL=rt2_A15A
0000000000000000000000000000000000000000000000000000000000000000|0000000000000000000000000000000000000000000000000000000000000000|0|3|rt4_TMB-5_A15A_0023.r24|2|1|RICH|709|0|2645|0000000000000000000000000000000000000000000000000000000000000000|DARK|1|709|DISP=ACCEPT_INSTALL|DETAIL=rt2_A15A
0000000000000000000000000000000000000000000000000000000000000000|0000000000000000000000000000000000000000000000000000000000000000|0|3|rt4_TMB-5_A15A_0024.r24|2|1|RICH|710|0|2645|0000000000000000000000000000000000000000000000000000000000000000|DARK|1|710|DISP=ACCEPT_INSTALL|DETAIL=rt2_A15A
0000000000000000000000000000000000000000000000000000000000000000|0000000000000000000000000000000000000000000000000000000000000000|0|3|rt4_TMB-5_A15A_0025.r24|2|1|RICH|711|0|2645|0000000000000000000000000000000000000000000000000000000000000000|DARK|1|711|DISP=ACCEPT_INSTALL|DETAIL=rt2_A15A
0000000000000000000000000000000000000000000000000000000000000000|0000000000000000000000000000000000000000000000000000000000000000|0|3|rt4_TMB-5_A15A_0026.r24|2|1|RICH|712|0|2645|0000000000000000000000000000000000000000000000000000000000000000|DARK|1|712|DISP=ACCEPT_INSTALL|DETAIL=rt2_A15A
0000000000000000000000000000000000000000000000000000000000000000|0000000000000000000000000000000000000000000000000000000000000000|0|3|rt4_TMB-5_A15A_0027.r24|2|1|RICH|713|0|2645|0000000000000000000000000000000000000000000000000000000000000000|DARK|1|713|DISP=ACCEPT_INSTALL|DETAIL=rt2_A15A
0000000000000000000000000000000000000000000000000000000000000000|0000000000000000000000000000000000000000000000000000000000000000|0|3|rt4_TMB-5_A15A_0028.r24|2|1|RICH|714|0|2645|0000000000000000000000000000000000000000000000000000000000000000|DARK|1|714|DISP=ACCEPT_INSTALL|DETAIL=rt2_A15A
0000000000000000000000000000000000000000000000000000000000000000|0000000000000000000000000000000000000000000000000000000000000000|0|3|rt4_TMB-5_A15A_0029.r24|2|1|RICH|715|0|2645|0000000000000000000000000000000000000000000000000000000000000000|DARK|1|715|DISP=ACCEPT_INSTALL|DETAIL=rt2_A15A
0000000000000000000000000000000000000000000000000000000000000000|0000000000000000000000000000000000000000000000000000000000000000|0|3|rt4_TMB-5_A15B_0000.r24|2|1|RICH|859|0|2632|0000000000000000000000000000000000000000000000000000000000000000|DARK|1|859|DISP=ACCEPT_INSTALL|DETAIL=rt2_A15B
0000000000000000000000000000000000000000000000000000000000000000|0000000000000000000000000000000000000000000000000000000000000000|0|3|rt4_TMB-5_A15B_0001.r24|2|1|RICH|860|0|2632|0000000000000000000000000000000000000000000000000000000000000000|DARK|1|860|DISP=ACCEPT_INSTALL|DETAIL=rt2_A15B
0000000000000000000000000000000000000000000000000000000000000000|0000000000000000000000000000000000000000000000000000000000000000|0|3|rt4_TMB-5_A15B_0002.r24|2|1|RICH|861|0|2632|0000000000000000000000000000000000000000000000000000000000000000|DARK|1|861|DISP=ACCEPT_INSTALL|DETAIL=rt2_A15B
0000000000000000000000000000000000000000000000000000000000000000|0000000000000000000000000000000000000000000000000000000000000000|0|3|rt4_TMB-5_A15B_0003.r24|2|1|RICH|862|0|2632|0000000000000000000000000000000000000000000000000000000000000000|DARK|1|862|DISP=ACCEPT_INSTALL|DETAIL=rt2_A15B
0000000000000000000000000000000000000000000000000000000000000000|0000000000000000000000000000000000000000000000000000000000000000|0|3|rt4_TMB-5_A15B_0004.r24|2|1|RICH|863|0|2632|0000000000000000000000000000000000000000000000000000000000000000|DARK|1|863|DISP=ACCEPT_INSTALL|DETAIL=rt2_A15B
0000000000000000000000000000000000000000000000000000000000000000|0000000000000000000000000000000000000000000000000000000000000000|0|3|rt4_TMB-5_A15B_0005.r24|2|1|RICH|864|0|2632|0000000000000000000000000000000000000000000000000000000000000000|DARK|1|864|DISP=ACCEPT_INSTALL|DETAIL=rt2_A15B
0000000000000000000000000000000000000000000000000000000000000000|0000000000000000000000000000000000000000000000000000000000000000|0|3|rt4_TMB-5_A15B_0006.r24|2|1|RICH|865|0|2632|0000000000000000000000000000000000000000000000000000000000000000|DARK|1|865|DISP=ACCEPT_INSTALL|DETAIL=rt2_A15B
0000000000000000000000000000000000000000000000000000000000000000|0000000000000000000000000000000000000000000000000000000000000000|0|3|rt4_TMB-5_A15B_0007.r24|2|1|RICH|866|0|2632|0000000000000000000000000000000000000000000000000000000000000000|DARK|1|866|DISP=ACCEPT_INSTALL|DETAIL=rt2_A15B
0000000000000000000000000000000000000000000000000000000000000000|0000000000000000000000000000000000000000000000000000000000000000|0|3|rt4_TMB-5_A15B_0008.r24|2|1|RICH|867|0|2632|0000000000000000000000000000000000000000000000000000000000000000|DARK|1|867|DISP=ACCEPT_INSTALL|DETAIL=rt2_A15B
0000000000000000000000000000000000000000000000000000000000000000|0000000000000000000000000000000000000000000000000000000000000000|0|3|rt4_TMB-5_A15B_0009.r24|2|1|RICH|868|0|2632|0000000000000000000000000000000000000000000000000000000000000000|DARK|1|868|DISP=ACCEPT_INSTALL|DETAIL=rt2_A15B
0000000000000000000000000000000000000000000000000000000000000000|0000000000000000000000000000000000000000000000000000000000000000|0|3|rt4_TMB-5_A15B_0010.r24|2|1|RICH|551|0|2632|0000000000000000000000000000000000000000000000000000000000000000|DARK|1|551|DISP=ACCEPT_INSTALL|DETAIL=rt2_A15B
0000000000000000000000000000000000000000000000000000000000000000|0000000000000000000000000000000000000000000000000000000000000000|0|3|rt4_TMB-5_A15B_0011.r24|2|1|RICH|552|0|2632|0000000000000000000000000000000000000000000000000000000000000000|DARK|1|552|DISP=ACCEPT_INSTALL|DETAIL=rt2_A15B
0000000000000000000000000000000000000000000000000000000000000000|0000000000000000000000000000000000000000000000000000000000000000|0|3|rt4_TMB-5_A15B_0012.r24|2|1|RICH|553|0|2632|0000000000000000000000000000000000000000000000000000000000000000|DARK|1|553|DISP=ACCEPT_INSTALL|DETAIL=rt2_A15B
0000000000000000000000000000000000000000000000000000000000000000|0000000000000000000000000000000000000000000000000000000000000000|0|3|rt4_TMB-5_A15B_0013.r24|2|1|RICH|554|0|2632|0000000000000000000000000000000000000000000000000000000000000000|DARK|1|554|DISP=ACCEPT_INSTALL|DETAIL=rt2_A15B
0000000000000000000000000000000000000000000000000000000000000000|0000000000000000000000000000000000000000000000000000000000000000|0|3|rt4_TMB-5_A15B_0014.r24|2|1|RICH|555|0|2632|0000000000000000000000000000000000000000000000000000000000000000|DARK|1|555|DISP=ACCEPT_INSTALL|DETAIL=rt2_A15B
0000000000000000000000000000000000000000000000000000000000000000|0000000000000000000000000000000000000000000000000000000000000000|0|3|rt4_TMB-5_A15B_0015.r24|2|1|RICH|556|0|2632|0000000000000000000000000000000000000000000000000000000000000000|DARK|1|556|DISP=ACCEPT_INSTALL|DETAIL=rt2_A15B
0000000000000000000000000000000000000000000000000000000000000000|0000000000000000000000000000000000000000000000000000000000000000|0|3|rt4_TMB-5_A15B_0016.r24|2|1|RICH|557|0|2632|0000000000000000000000000000000000000000000000000000000000000000|DARK|1|557|DISP=ACCEPT_INSTALL|DETAIL=rt2_A15B
0000000000000000000000000000000000000000000000000000000000000000|0000000000000000000000000000000000000000000000000000000000000000|0|3|rt4_TMB-5_A15B_0017.r24|2|1|RICH|558|0|2632|0000000000000000000000000000000000000000000000000000000000000000|DARK|1|558|DISP=ACCEPT_INSTALL|DETAIL=rt2_A15B
0000000000000000000000000000000000000000000000000000000000000000|0000000000000000000000000000000000000000000000000000000000000000|0|3|rt4_TMB-5_A15B_0018.r24|2|1|RICH|559|0|2632|0000000000000000000000000000000000000000000000000000000000000000|DARK|1|559|DISP=ACCEPT_INSTALL|DETAIL=rt2_A15B
0000000000000000000000000000000000000000000000000000000000000000|0000000000000000000000000000000000000000000000000000000000000000|0|3|rt4_TMB-5_A15B_0019.r24|2|1|RICH|560|0|2632|0000000000000000000000000000000000000000000000000000000000000000|DARK|1|560|DISP=ACCEPT_INSTALL|DETAIL=rt2_A15B
0000000000000000000000000000000000000000000000000000000000000000|0000000000000000000000000000000000000000000000000000000000000000|0|3|rt4_TMB-5_A15B_0020.r24|2|1|RICH|710|0|3798|0000000000000000000000000000000000000000000000000000000000000000|DARK|1|710|DISP=ACCEPT_INSTALL|DETAIL=rt2_A15B
0000000000000000000000000000000000000000000000000000000000000000|0000000000000000000000000000000000000000000000000000000000000000|0|3|rt4_TMB-5_A15B_0021.r24|2|1|RICH|710|0|3799|0000000000000000000000000000000000000000000000000000000000000000|DARK|1|710|DISP=ACCEPT_INSTALL|DETAIL=rt2_A15B
0000000000000000000000000000000000000000000000000000000000000000|0000000000000000000000000000000000000000000000000000000000000000|0|3|rt4_TMB-5_A15B_0022.r24|2|1|RICH|710|0|3800|0000000000000000000000000000000000000000000000000000000000000000|DARK|1|710|DISP=ACCEPT_INSTALL|DETAIL=rt2_A15B
0000000000000000000000000000000000000000000000000000000000000000|0000000000000000000000000000000000000000000000000000000000000000|0|3|rt4_TMB-5_A15B_0023.r24|2|1|RICH|710|0|3801|0000000000000000000000000000000000000000000000000000000000000000|DARK|1|710|DISP=ACCEPT_INSTALL|DETAIL=rt2_A15B
0000000000000000000000000000000000000000000000000000000000000000|0000000000000000000000000000000000000000000000000000000000000000|0|3|rt4_TMB-5_A15B_0024.r24|2|1|RICH|710|0|3802|0000000000000000000000000000000000000000000000000000000000000000|DARK|1|710|DISP=ACCEPT_INSTALL|DETAIL=rt2_A15B
0000000000000000000000000000000000000000000000000000000000000000|0000000000000000000000000000000000000000000000000000000000000000|0|3|rt4_TMB-5_A15B_0025.r24|2|1|RICH|710|0|1458|0000000000000000000000000000000000000000000000000000000000000000|DARK|1|710|DISP=ACCEPT_INSTALL|DETAIL=rt2_A15B
0000000000000000000000000000000000000000000000000000000000000000|0000000000000000000000000000000000000000000000000000000000000000|0|3|rt4_TMB-5_A15B_0026.r24|2|1|RICH|710|0|1459|0000000000000000000000000000000000000000000000000000000000000000|DARK|1|710|DISP=ACCEPT_INSTALL|DETAIL=rt2_A15B
0000000000000000000000000000000000000000000000000000000000000000|0000000000000000000000000000000000000000000000000000000000000000|0|3|rt4_TMB-5_A15B_0027.r24|2|1|RICH|710|0|1460|0000000000000000000000000000000000000000000000000000000000000000|DARK|1|710|DISP=ACCEPT_INSTALL|DETAIL=rt2_A15B
0000000000000000000000000000000000000000000000000000000000000000|0000000000000000000000000000000000000000000000000000000000000000|0|3|rt4_TMB-5_A15B_0028.r24|2|1|RICH|710|0|1461|0000000000000000000000000000000000000000000000000000000000000000|DARK|1|710|DISP=ACCEPT_INSTALL|DETAIL=rt2_A15B
0000000000000000000000000000000000000000000000000000000000000000|0000000000000000000000000000000000000000000000000000000000000000|0|3|rt4_TMB-5_A15B_0029.r24|2|1|RICH|710|0|1462|0000000000000000000000000000000000000000000000000000000000000000|DARK|1|710|DISP=ACCEPT_INSTALL|DETAIL=rt2_A15B
