0000000000000000000000000000000000000000000000000000000000000000|0000000000000000000000000000000000000000000000000000000000000000|0|3|rt4_TMB-5_A20F_0000.r24|2|1|RICH|770|0|2185|0000000000000000000000000000000000000000000000000000000000000000|DARK|1|770|DISP=ACCEPT_INSTALL|DETAIL=rt2_A20F
0000000000000000000000000000000000000000000000000000000000000000|0000000000000000000000000000000000000000000000000000000000000000|0|3|rt4_TMB-5_A20F_0001.r24|2|1|RICH|807|0|2207|0000000000000000000000000000000000000000000000000000000000000000|DARK|1|807|DISP=ACCEPT_INSTALL|DETAIL=rt2_A20F
0000000000000000000000000000000000000000000000000000000000000000|0000000000000000000000000000000000000000000000000000000000000000|0|3|rt4_TMB-5_A20F_0002.r24|2|1|RICH|783|0|2198|0000000000000000000000000000000000000000000000000000000000000000|DARK|1|783|DISP=ACCEPT_INSTALL|DETAIL=rt2_A20F
0000000000000000000000000000000000000000000000000000000000000000|0000000000000000000000000000000000000000000000000000000000000000|0|3|rt4_TMB-5_A20F_0003.r24|2|1|RICH|820|0|2189|0000000000000000000000000000000000000000000000000000000000000000|DARK|1|820|DISP=ACCEPT_INSTALL|DETAIL=rt2_A20F
0000000000000000000000000000000000000000000000000000000000000000|0000000000000000000000000000000000000000000000000000000000000000|0|3|rt4_TMB-5_A20F_0004.r24|2|1|RICH|796|0|2211|0000000000000000000000000000000000000000000000000000000000000000|DARK|1|796|DISP=ACCEPT_INSTALL|DETAIL=rt2_A20F
0000000000000000000000000000000000000000000000000000000000000000|0000000000000000000000000000000000000000000000000000000000000000|0|3|rt4_TMB-5_A20F_0005.r24|2|1|RICH|772|0|2202|0000000000000000000000000000000000000000000000000000000000000000|DARK|1|772|DISP=ACCEPT_INSTALL|DETAIL=rt2_A20F
0000000000000000000000000000000000000000000000000000000000000000|0000000000000000000000000000000000000000000000000000000000000000|0|3|rt4_TMB-5_A20F_0006.r24|2|1|RICH|809|0|2193|0000000000000000000000000000000000000000000000000000000000000000|DARK|1|809|DISP=ACCEPT_INSTALL|DETAIL=rt2_A20F
0000000000000000000000000000000000000000000000000000000000000000|0000000000000000000000000000000000000000000000000000000000000000|0|3|rt4_TMB-5_A20F_0007.r24|2|1|RICH|785|0|2215|0000000000000000000000000000000000000000000000000000000000000000|DARK|1|785|DISP=ACCEPT_INSTALL|DETAIL=rt2_A20F
0000000000000000000000000000000000000000000000000000000000000000|0000000000000000000000000000000000000000000000000000000000000000|0|3|rt4_TMB-5_A20F_0008.r24|2|1|RICH|822|0|2206|0000000000000000000000000000000000000000000000000000000000000000|DARK|1|822|DISP=ACCEPT_INSTALL|DETAIL=rt2_A20F
0000000000000000000000000000000000000000000000000000000000000000|0000000000000000000000000000000000000000000000000000000000000000|0|3|rt4_TMB-5_A20F_0009.r24|2|1|RICH|798|0|2197|0000000000000000000000000000000000000000000000000000000000000000|DARK|1|798|DISP=ACCEPT_INSTALL|DETAIL=rt2_A20F
0000000000000000000000000000000000000000000000000000000000000000|0000000000000000000000000000000000000000000000000000000000000000|0|3|rt4_TMB-5_A20F_0010.r24|2|1|RICH|774|0|2188|0000000000000000000000000000000000000000000000000000000000000000|DARK|1|774|DISP=ACCEPT_INSTALL|DETAIL=rt2_A20F
0000000000000000000000000000000000000000000000000000000000000000|0000000000000000000000000000000000000000000000000000000000000000|0|3|rt4_TMB-5_A20F_0011.r24|2|1|RICH|811|0|2210|0000000000000000000000000000000000000000000000000000000000000000|DARK|1|811|DISP=ACCEPT_INSTALL|DETAIL=rt2_A20F
0000000000000000000000000000000000000000000000000000000000000000|0000000000000000000000000000000000000000000000000000000000000000|0|3|rt4_TMB-5_A20F_0012.r24|2|1|RICH|787|0|2201|0000000000000000000000000000000000000000000000000000000000000000|DARK|1|787|DISP=ACCEPT_INSTALL|DETAIL=rt2_A20F
0000000000000000000000000000000000000000000000000000000000000000|0000000000000000000000000000000000000000000000000000000000000000|0|3|rt4_TMB-5_A20F_0013.r24|2|1|RICH|824|0|2192|0000000000000000000000000000000000000000000000000000000000000000|DARK|1|824|DISP=ACCEPT_INSTALL|DETAIL=rt2_A20F
0000000000000000000000000000000000000000000000000000000000000000|0000000000000000000000000000000000000000000000000000000000000000|0|3|rt4_TMB-5_A20F_0014.r24|2|1|RICH|800|0|2214|0000000000000000000000000000000000000000000000000000000000000000|DARK|1|800|DISP=ACCEPT_INSTALL|DETAIL=rt2_A20F
0000000000000000000000000000000000000000000000000000000000000000|0000000000000000000000000000000000000000000000000000000000000000|0|3|rt4_TMB-5_A20F_0015.r24|2|1|RICH|776|0|2205|0000000000000000000000000000000000000000000000000000000000000000|DARK|1|776|DISP=ACCEPT_INSTALL|DETAIL=rt2_A20F
0000000000000000000000000000000000000000000000000000000000000000|0000000000000000000000000000000000000000000000000000000000000000|0|3|rt4_TMB-5_A20F_0016.r24|2|1|RICH|813|0|2196|0000000000000000000000000000000000000000000000000000000000000000|DARK|1|813|DISP=ACCEPT_INSTALL|DETAIL=rt2_A20F
0000000000000000000000000000000000000000000000000000000000000000|0000000000000000000000000000000000000000000000000000000000000000|0|3|rt4_TMB-5_A20F_0017.r24|2|1|RICH|789|0|2187|0000000000000000000000000000000000000000000000000000000000000000|DARK|1|789|DISP=ACCEPT_INSTALL|DETAIL=rt2_A20F
0000000000000000000000000000000000000000000000000000000000000000|0000000000000000000000000000000000000000000000000000000000000000|0|3|rt4_TMB-5_A20F_0018.r24|2|1|RICH|826|0|2209|0000000000000000000000000000000000000000000000000000000000000000|DARK|1|826|DISP=ACCEPT_INSTALL|DETAIL=rt2_A20F
0000000000000000000000000000000000000000000000000000000000000000|0000000000000000000000000000000000000000000000000000000000000000|0|3|rt4_TMB-5_A20F_0019.r24|2|1|RICH|802|0|2200|0000000000000000000000000000000000000000000000000000000000000000|DARK|1|802|DISP=ACCEPT_INSTALL|DETAIL=rt2_A20F
0000000000000000000000000000000000000000000000000000000000000000|0000000000000000000000000000000000000000000000000000000000000000|0|3|rt4_TMB-5_A20F_0020.r24|2|1|RICH|778|0|2191|0000000000000000000000000000000000000000000000000000000000000000|DARK|1|778|DISP=ACCEPT_INSTALL|DETAIL=rt2_A20F
0000000000000000000000000000000000000000000000000000000000000000|0000000000000000000000000000000000000000000000000000000000000000|0|3|rt4_TMB-5_A20F_0021.r24|2|1|RICH|815|0|2213|0000000000000000000000000000000000000000000000000000000000000000|DARK|1|815|DISP=ACCEPT_INSTALL|DETAIL=rt2_A20F
0000000000000000000000000000000000000000000000000000000000000000|0000000000000000000000000000000000000000000000000000000000000000|0|3|rt4_TMB-5_A20F_0022.r24|2|1|RICH|791|0|2204|0000000000000000000000000000000000000000000000000000000000000000|DARK|1|791|DISP=ACCEPT_INSTALL|DETAIL=rt2_A20F
0000000000000000000000000000000000000000000000000000000000000000|0000000000000000000000000000000000000000000000000000000000000000|0|3|rt4_TMB-5_A20F_0023.r24|2|1|RICH|828|0|2195|0000000000000000000000000000000000000000000000000000000000000000|DARK|1|828|DISP=ACCEPT_INSTALL|DETAIL=rt2_A20F
0000000000000000000000000000000000000000000000000000000000000000|0000000000000000000000000000000000000000000000000000000000000000|0|3|rt4_TMB-5_A20F_0024.r24|2|1|RICH|804|0|2186|0000000000000000000000000000000000000000000000000000000000000000|DARK|1|804|DISP=ACCEPT_INSTALL|DETAIL=rt2_A20F
0000000000000000000000000000000000000000000000000000000000000000|0000000000000000000000000000000000000000000000000000000000000000|0|3|rt4_TMB-5_A20F_0025.r24|2|1|RICH|780|0|2208|0000000000000000000000000000000000000000000000000000000000000000|DARK|1|780|DISP=ACCEPT_INSTALL|DETAIL=rt2_A20F
0000000000000000000000000000000000000000000000000000000000000000|0000000000000000000000000000000000000000000000000000000000000000|0|3|rt4_TMB-5_A20F_0026.r24|2|1|RICH|817|0|2199|0000000000000000000000000000000000000000000000000000000000000000|DARK|1|817|DISP=ACCEPT_INSTALL|DETAIL=rt2_A20F
0000000000000000000000000000000000000000000000000000000000000000|0000000000000000000000000000000000000000000000000000000000000000|0|3|rt4_TMB-5_A20F_0027.r24|2|1|RICH|793|0|2190|0000000000000000000000000000000000000000000000000000000000000000|DARK|1|793|DISP=ACCEPT_INSTALL|DETAIL=rt2_A20F
0000000000000000000000000000000000000000000000000000000000000000|0000000000000000000000000000000000000000000000000000000000000000|0|3|rt4_TMB-5_A20F_0028.r24|2|1|RICH|830|0|2212|0000000000000000000000000000000000000000000000000000000000000000|DARK|1|830|DISP=ACCEPT_INSTALL|DETAIL=rt2_A20F
0000000000000000000000000000000000000000000000000000000000000000|0000000000000000000000000000000000000000000000000000000000000000|0|3|rt4_TMB-5_A20F_0029.r24|2|1|RICH|806|0|2203|0000000000000000000000000000000000000000000000000000000000000000|DARK|1|806|DISP=ACCEPT_INSTALL|DETAIL=rt2_A20F
0000000000000000000000000000000000000000000000000000000000000000|0000000000000000000000000000000000000000000000000000000000000000|0|3|rt4_TMB-5_A20F_0030.r24|2|1|RICH|782|0|2194|0000000000000000000000000000000000000000000000000000000000000000|DARK|1|782|DISP=ACCEPT_INSTALL|DETAIL=rt2_A20F
0000000000000000000000000000000000000000000000000000000000000000|0000000000000000000000000000000000000000000000000000000000000000|0|3|rt4_TMB-5_A20F_0031.r24|2|1|RICH|819|0|2185|0000000000000000000000000000000000000000000000000000000000000000|DARK|1|819|DISP=ACCEPT_INSTALL|DETAIL=rt2_A20F
0000000000000000000000000000000000000000000000000000000000000000|0000000000000000000000000000000000000000000000000000000000000000|0|3|rt4_TMB-5_A20F_0032.r24|2|1|RICH|795|0|2207|0000000000000000000000000000000000000000000000000000000000000000|DARK|1|795|DISP=ACCEPT_INSTALL|DETAIL=rt2_A20F
0000000000000000000000000000000000000000000000000000000000000000|0000000000000000000000000000000000000000000000000000000000000000|0|3|rt4_TMB-5_A20F_0033.r24|2|1|RICH|771|0|2198|0000000000000000000000000000000000000000000000000000000000000000|DARK|1|771|DISP=ACCEPT_INSTALL|DETAIL=rt2_A20F
0000000000000000000000000000000000000000000000000000000000000000|0000000000000000000000000000000000000000000000000000000000000000|0|3|rt4_TMB-5_A20F_0034.r24|2|1|RICH|808|0|2189|0000000000000000000000000000000000000000000000000000000000000000|DARK|1|808|DISP=ACCEPT_INSTALL|DETAIL=rt2_A20F
0000000000000000000000000000000000000000000000000000000000000000|0000000000000000000000000000000000000000000000000000000000000000|0|3|rt4_TMB-5_A20F_0035.r24|2|1|RICH|784|0|2211|0000000000000000000000000000000000000000000000000000000000000000|DARK|1|784|DISP=ACCEPT_INSTALL|DETAIL=rt2_A20F
0000000000000000000000000000000000000000000000000000000000000000|0000000000000000000000000000000000000000000000000000000000000000|0|3|rt4_TMB-5_A20F_0036.r24|2|1|RICH|821|0|2202|0000000000000000000000000000000000000000000000000000000000000000|DARK|1|821|DISP=ACCEPT_INSTALL|DETAIL=rt2_A20F
0000000000000000000000000000000000000000000000000000000000000000|0000000000000000000000000000000000000000000000000000000000000000|0|3|rt4_TMB-5_A20F_0037.r24|2|1|RICH|797|0|2193|0000000000000000000000000000000000000000000000000000000000000000|DARK|1|797|DISP=ACCEPT_INSTALL|DETAIL=rt2_A20F
0000000000000000000000000000000000000000000000000000000000000000|0000000000000000000000000000000000000000000000000000000000000000|0|3|rt4_TMB-5_A20F_0038.r24|2|1|RICH|773|0|2215|0000000000000000000000000000000000000000000000000000000000000000|DARK|1|773|DISP=ACCEPT_INSTALL|DETAIL=rt2_A20F
0000000000000000000000000000000000000000000000000000000000000000|0000000000000000000000000000000000000000000000000000000000000000|0|3|rt4_TMB-5_A20F_0039.r24|2|1|RICH|810|0|2206|0000000000000000000000000000000000000000000000000000000000000000|DARK|1|810|DISP=ACCEPT_INSTALL|DETAIL=rt2_A20F
0000000000000000000000000000000000000000000000000000000000000000|0000000000000000000000000000000000000000000000000000000000000000|0|3|rt4_TMB-5_A20T_0000.r24|2|1|RICH|770|0|2200|0000000000000000000000000000000000000000000000000000000000000000|RICH|1|770|DISP=ACCEPT_INSTALL|DETAIL=rt2_A20T
0000000000000000000000000000000000000000000000000000000000000000|0000000000000000000000000000000000000000000000000000000000000000|0|3|rt4_TMB-5_A20T_0001.r24|2|1|RICH|780|0|2200|0000000000000000000000000000000000000000000000000000000000000000|RICH|1|780|DISP=ACCEPT_INSTALL|DETAIL=rt2_A20T
0000000000000000000000000000000000000000000000000000000000000000|0000000000000000000000000000000000000000000000000000000000000000|0|3|rt4_TMB-5_A20T_0002.r24|2|1|RICH|790|0|2200|0000000000000000000000000000000000000000000000000000000000000000|RICH|1|790|DISP=ACCEPT_INSTALL|DETAIL=rt2_A20T
0000000000000000000000000000000000000000000000000000000000000000|0000000000000000000000000000000000000000000000000000000000000000|0|3|rt4_TMB-5_A20T_0003.r24|2|1|RICH|800|0|2200|0000000000000000000000000000000000000000000000000000000000000000|RICH|1|800|DISP=ACCEPT_INSTALL|DETAIL=rt2_A20T
0000000000000000000000000000000000000000000000000000000000000000|0000000000000000000000000000000000000000000000000000000000000000|0|3|rt4_TMB-5_A20T_0004.r24|2|1|RICH|810|0|2200|0000000000000000000000000000000000000000000000000000000000000000|RICH|1|810|DISP=ACCEPT_INSTALL|DETAIL=rt2_A20T
0000000000000000000000000000000000000000000000000000000000000000|0000000000000000000000000000000000000000000000000000000000000000|0|3|rt4_TMB-5_A20T_0005.r24|2|1|RICH|820|0|2200|0000000000000000000000000000000000000000000000000000000000000000|RICH|1|820|DISP=ACCEPT_INSTALL|DETAIL=rt2_A20T
0000000000000000000000000000000000000000000000000000000000000000|0000000000000000000000000000000000000000000000000000000000000000|0|3|rt4_TMB-5_A20T_0006.r24|2|1|RICH|830|0|2200|0000000000000000000000000000000000000000000000000000000000000000|RICH|1|830|DISP=ACCEPT_INSTALL|DETAIL=rt2_A20T
