CAL	0	0	1	0	0
CAL	0	1	14	8	571
PRIOR	0	866	923	1000	733
CAL	1	0	7	0	0
CAL	1	1	3	2	666
PRIOR	1	1000	300	500	900
CAL	2	0	12	2	166
CAL	2	1	11	7	636
PRIOR	2	478	363	583	565
CAL	3	0	7	2	285
CAL	3	1	8	2	250
PRIOR	3	400	333	666	733
CAL	4	0	11	7	636
CAL	4	1	4	4	1000
PRIOR	4	266	1000	0	1000
CAL	5	0	14	2	142
CAL	5	1	1	1	1000
PRIOR	5	133	500	0	333
THR	d1	950	1
THR	d2	0	1
F	1	0	1	950	950	1	1	2	1	1	0	0	2	2
F	3	0	1	950	950	1	1	2	1	1	0	0	2	2
F	5	0	1	950	950	1	1	2	1	1	0	0	2	2
F	7	0	1	950	950	1	1	2	1	1	0	0	2	2
F	9	0	1	950	950	1	1	2	1	1	0	0	2	2
F	11	0	1	950	950	1	1	2	1	1	0	0	2	2
F	13	0	1	950	950	1	1	2	1	1	0	0	2	2
F	15	0	1	950	950	1	1	2	1	1	0	0	2	2
F	17	0	1	950	950	1	1	2	1	1	0	0	2	2
F	19	0	1	950	950	1	1	2	1	1	0	0	2	2
F	21	0	1	950	950	0	1	2	0	1	0	0	2	2
F	23	0	1	950	700	1	1	2	1	1	0	0	2	2
F	25	0	0	950	950	0	1	0	0	1	0	0	2	0
F	27	0	0	950	750	0	1	0	0	1	0	0	2	0
F	29	0	1	950	950	1	1	2	1	1	0	0	2	2
F	61	1	1	950	950	1	0	1	1	0	0	0	2	1
F	63	1	1	850	750	1	1	1	1	1	1	0	1	1
F	65	1	1	950	700	1	0	1	1	0	0	0	2	1
F	67	1	0	700	750	0	0	0	0	0	1	1	0	0
F	69	1	0	950	700	0	1	0	0	1	0	0	2	0
F	71	1	1	950	700	1	0	1	1	0	0	0	2	1
F	73	1	1	950	950	1	1	1	1	1	0	0	1	1
F	75	1	0	950	700	0	1	0	0	1	0	0	2	0
F	77	1	1	950	750	1	1	1	1	1	0	0	1	1
F	79	1	0	950	700	0	1	0	0	1	0	0	2	0
F	101	2	0	700	950	0	0	0	0	0	1	1	0	0
F	103	2	1	700	700	0	0	1	0	0	1	0	2	2
F	105	2	0	700	400	0	1	0	0	1	1	0	2	0
F	107	2	0	950	700	0	0	0	0	0	0	0	0	0
F	109	2	1	400	400	1	0	1	1	0	1	0	2	1
F	111	2	1	950	400	1	0	1	1	0	0	0	2	1
F	113	2	0	700	950	0	1	0	0	1	1	1	2	0
F	115	2	1	950	400	0	0	1	0	0	0	0	2	2
F	117	2	0	950	700	1	0	0	1	0	0	0	0	2
F	119	2	1	700	700	0	0	1	0	0	1	0	2	2
F	121	2	0	950	700	1	0	0	1	0	0	0	0	2
F	123	2	1	950	400	0	0	1	0	0	0	0	2	2
F	125	2	0	950	700	0	0	0	0	0	0	0	0	0
F	127	2	1	950	400	1	0	1	1	0	0	0	2	1
F	129	2	1	950	400	1	0	1	1	0	0	0	2	1
F	131	2	1	400	400	1	0	1	1	0	1	0	2	1
F	133	2	1	950	400	0	0	1	0	0	0	0	2	2
F	135	2	0	950	700	0	0	0	0	0	0	0	0	0
F	137	2	1	950	400	0	0	1	0	0	0	0	2	2
F	139	2	1	400	400	1	0	1	1	0	1	0	2	1
F	141	2	0	950	700	1	0	0	1	0	0	0	0	2
F	143	2	0	950	700	0	0	0	0	0	0	0	0	0
F	191	3	0	950	600	0	1	0	0	1	0	0	2	0
F	193	3	1	950	950	1	1	0	1	1	0	0	2	2
F	195	3	0	950	600	0	1	0	0	1	0	0	2	0
F	197	3	0	950	900	0	1	0	0	1	0	0	2	0
F	199	3	1	950	950	1	1	0	1	1	0	0	2	2
F	201	3	0	950	900	0	1	0	0	1	0	0	2	0
F	203	3	1	950	950	1	1	0	1	1	0	0	2	2
F	205	3	1	950	950	1	1	0	1	1	0	0	2	2
F	207	3	0	950	600	0	1	0	0	1	0	0	2	0
F	209	3	0	950	900	0	1	0	0	1	0	0	2	0
F	211	3	1	950	950	1	1	0	1	1	0	0	2	2
F	213	3	0	950	900	0	1	0	0	1	0	0	2	0
F	215	3	0	950	600	0	1	0	0	1	0	0	2	0
F	217	3	1	950	950	1	1	0	1	1	0	0	2	2
F	219	3	1	950	950	1	1	0	1	1	0	0	2	2
F	251	4	0	950	500	0	1	1	0	1	0	0	1	2
F	253	4	1	950	950	1	1	1	1	1	0	0	1	1
F	255	4	1	750	500	1	1	1	1	1	1	0	1	1
F	257	4	0	750	950	0	1	1	0	1	1	1	1	2
F	259	4	1	750	500	1	1	1	1	1	1	0	1	1
F	261	4	0	750	950	0	1	1	0	1	1	1	1	2
F	263	4	0	750	500	0	1	1	0	1	1	0	1	2
F	265	4	1	950	950	1	1	1	1	1	0	0	1	1
F	267	4	0	950	500	0	1	1	0	1	0	0	1	2
F	269	4	1	950	950	1	1	1	1	1	0	0	1	1
F	271	4	1	750	500	1	1	1	1	1	1	0	1	1
F	273	4	1	950	950	1	1	1	1	1	0	0	1	1
F	275	4	0	750	500	0	1	1	0	1	1	0	1	2
F	277	4	1	950	950	1	1	1	1	1	0	0	1	1
F	279	4	1	500	500	1	0	1	1	0	1	0	2	1
F	311	5	1	900	900	1	1	1	1	1	1	0	1	1
F	313	5	0	800	900	0	0	0	0	0	1	1	0	0
F	315	5	1	900	900	1	0	1	1	0	1	0	2	1
F	317	5	0	800	800	0	0	0	0	0	1	0	0	0
F	319	5	0	800	900	0	1	0	0	1	1	1	2	0
F	321	5	1	900	900	1	1	1	1	1	1	0	1	1
F	323	5	0	800	950	0	0	0	0	0	1	1	0	0
F	325	5	0	800	950	0	0	0	0	0	1	1	0	0
F	327	5	0	800	900	0	1	0	0	1	1	1	2	0
F	329	5	1	800	800	1	0	1	1	0	1	0	2	1
F	331	5	0	800	800	0	0	0	0	0	1	0	0	0
F	333	5	0	800	800	0	0	0	0	0	1	0	0	0
F	335	5	1	900	900	1	1	1	1	1	1	0	1	1
F	337	5	0	900	800	0	1	0	0	1	1	0	2	0
F	339	5	0	900	800	0	1	0	0	1	1	0	2	0
DONE	92
