0000000000000000000000000000000000000000000000000000000000000000|0000000000000000000000000000000000000000000000000000000000000000|0|3|rt4_TMB-5_A16F_0000.r24|2|1|RICH|849|0|2620|0000000000000000000000000000000000000000000000000000000000000000|DARK|1|849|DISP=ACCEPT_INSTALL|DETAIL=rt2_A16F
0000000000000000000000000000000000000000000000000000000000000000|0000000000000000000000000000000000000000000000000000000000000000|0|3|rt4_TMB-5_A16F_0001.r24|2|1|RICH|850|0|2620|0000000000000000000000000000000000000000000000000000000000000000|DARK|1|850|DISP=ACCEPT_INSTALL|DETAIL=rt2_A16F
0000000000000000000000000000000000000000000000000000000000000000|0000000000000000000000000000000000000000000000000000000000000000|0|3|rt4_TMB-5_A16F_0002.r24|2|1|RICH|851|0|2620|0000000000000000000000000000000000000000000000000000000000000000|DARK|1|851|DISP=ACCEPT_INSTALL|DETAIL=rt2_A16F
0000000000000000000000000000000000000000000000000000000000000000|0000000000000000000000000000000000000000000000000000000000000000|0|3|rt4_TMB-5_A16F_0003.r24|2|1|RICH|852|0|2620|0000000000000000000000000000000000000000000000000000000000000000|DARK|1|852|DISP=ACCEPT_INSTALL|DETAIL=rt2_A16F
0000000000000000000000000000000000000000000000000000000000000000|0000000000000000000000000000000000000000000000000000000000000000|0|3|rt4_TMB-5_A16F_0004.r24|2|1|RICH|853|0|2620|0000000000000000000000000000000000000000000000000000000000000000|DARK|1|853|DISP=ACCEPT_INSTALL|DETAIL=rt2_A16F
0000000000000000000000000000000000000000000000000000000000000000|0000000000000000000000000000000000000000000000000000000000000000|0|3|rt4_TMB-5_A16F_0005.r24|2|1|RICH|854|0|2620|0000000000000000000000000000000000000000000000000000000000000000|DARK|1|854|DISP=ACCEPT_INSTALL|DETAIL=rt2_A16F
0000000000000000000000000000000000000000000000000000000000000000|0000000000000000000000000000000000000000000000000000000000000000|0|3|rt4_TMB-5_A16F_0006.r24|2|1|RICH|855|0|2620|0000000000000000000000000000000000000000000000000000000000000000|DARK|1|855|DISP=ACCEPT_INSTALL|DETAIL=rt2_A16F
0000000000000000000000000000000000000000000000000000000000000000|0000000000000000000000000000000000000000000000000000000000000000|0|3|rt4_TMB-5_A16F_0007.r24|2|1|RICH|856|0|2620|0000000000000000000000000000000000000000000000000000000000000000|DARK|1|856|DISP=ACCEPT_INSTALL|DETAIL=rt2_A16F
0000000000000000000000000000000000000000000000000000000000000000|0000000000000000000000000000000000000000000000000000000000000000|0|3|rt4_TMB-5_A16F_0008.r24|2|1|RICH|857|0|2620|0000000000000000000000000000000000000000000000000000000000000000|DARK|1|857|DISP=ACCEPT_INSTALL|DETAIL=rt2_A16F
0000000000000000000000000000000000000000000000000000000000000000|0000000000000000000000000000000000000000000000000000000000000000|0|3|rt4_TMB-5_A16F_0009.r24|2|1|RICH|858|0|2620|0000000000000000000000000000000000000000000000000000000000000000|DARK|1|858|DISP=ACCEPT_INSTALL|DETAIL=rt2_A16F
0000000000000000000000000000000000000000000000000000000000000000|0000000000000000000000000000000000000000000000000000000000000000|0|3|rt4_TMB-5_A16F_0010.r24|2|1|RICH|849|0|2645|0000000000000000000000000000000000000000000000000000000000000000|DARK|1|849|DISP=ACCEPT_INSTALL|DETAIL=rt2_A16F
0000000000000000000000000000000000000000000000000000000000000000|0000000000000000000000000000000000000000000000000000000000000000|0|3|rt4_TMB-5_A16F_0011.r24|2|1|RICH|850|0|2645|0000000000000000000000000000000000000000000000000000000000000000|DARK|1|850|DISP=ACCEPT_INSTALL|DETAIL=rt2_A16F
0000000000000000000000000000000000000000000000000000000000000000|0000000000000000000000000000000000000000000000000000000000000000|0|3|rt4_TMB-5_A16F_0012.r24|2|1|RICH|851|0|2645|0000000000000000000000000000000000000000000000000000000000000000|DARK|1|851|DISP=ACCEPT_INSTALL|DETAIL=rt2_A16F
0000000000000000000000000000000000000000000000000000000000000000|0000000000000000000000000000000000000000000000000000000000000000|0|3|rt4_TMB-5_A16F_0013.r24|2|1|RICH|852|0|2645|0000000000000000000000000000000000000000000000000000000000000000|DARK|1|852|DISP=ACCEPT_INSTALL|DETAIL=rt2_A16F
0000000000000000000000000000000000000000000000000000000000000000|0000000000000000000000000000000000000000000000000000000000000000|0|3|rt4_TMB-5_A16F_0014.r24|2|1|RICH|853|0|2645|0000000000000000000000000000000000000000000000000000000000000000|DARK|1|853|DISP=ACCEPT_INSTALL|DETAIL=rt2_A16F
0000000000000000000000000000000000000000000000000000000000000000|0000000000000000000000000000000000000000000000000000000000000000|0|3|rt4_TMB-5_A16F_0015.r24|2|1|RICH|854|0|2645|0000000000000000000000000000000000000000000000000000000000000000|DARK|1|854|DISP=ACCEPT_INSTALL|DETAIL=rt2_A16F
0000000000000000000000000000000000000000000000000000000000000000|0000000000000000000000000000000000000000000000000000000000000000|0|3|rt4_TMB-5_A16F_0016.r24|2|1|RICH|855|0|2645|0000000000000000000000000000000000000000000000000000000000000000|DARK|1|855|DISP=ACCEPT_INSTALL|DETAIL=rt2_A16F
0000000000000000000000000000000000000000000000000000000000000000|0000000000000000000000000000000000000000000000000000000000000000|0|3|rt4_TMB-5_A16F_0017.r24|2|1|RICH|856|0|2645|0000000000000000000000000000000000000000000000000000000000000000|DARK|1|856|DISP=ACCEPT_INSTALL|DETAIL=rt2_A16F
0000000000000000000000000000000000000000000000000000000000000000|0000000000000000000000000000000000000000000000000000000000000000|0|3|rt4_TMB-5_A16F_0018.r24|2|1|RICH|857|0|2645|0000000000000000000000000000000000000000000000000000000000000000|DARK|1|857|DISP=ACCEPT_INSTALL|DETAIL=rt2_A16F
0000000000000000000000000000000000000000000000000000000000000000|0000000000000000000000000000000000000000000000000000000000000000|0|3|rt4_TMB-5_A16F_0019.r24|2|1|RICH|858|0|2645|0000000000000000000000000000000000000000000000000000000000000000|DARK|1|858|DISP=ACCEPT_INSTALL|DETAIL=rt2_A16F
0000000000000000000000000000000000000000000000000000000000000000|0000000000000000000000000000000000000000000000000000000000000000|0|3|rt4_TMB-5_A16F_0020.r24|2|1|RICH|561|0|2620|0000000000000000000000000000000000000000000000000000000000000000|DARK|1|561|DISP=ACCEPT_INSTALL|DETAIL=rt2_A16F
0000000000000000000000000000000000000000000000000000000000000000|0000000000000000000000000000000000000000000000000000000000000000|0|3|rt4_TMB-5_A16F_0021.r24|2|1|RICH|562|0|2620|0000000000000000000000000000000000000000000000000000000000000000|DARK|1|562|DISP=ACCEPT_INSTALL|DETAIL=rt2_A16F
0000000000000000000000000000000000000000000000000000000000000000|0000000000000000000000000000000000000000000000000000000000000000|0|3|rt4_TMB-5_A16F_0022.r24|2|1|RICH|563|0|2620|0000000000000000000000000000000000000000000000000000000000000000|DARK|1|563|DISP=ACCEPT_INSTALL|DETAIL=rt2_A16F
0000000000000000000000000000000000000000000000000000000000000000|0000000000000000000000000000000000000000000000000000000000000000|0|3|rt4_TMB-5_A16F_0023.r24|2|1|RICH|564|0|2620|0000000000000000000000000000000000000000000000000000000000000000|DARK|1|564|DISP=ACCEPT_INSTALL|DETAIL=rt2_A16F
0000000000000000000000000000000000000000000000000000000000000000|0000000000000000000000000000000000000000000000000000000000000000|0|3|rt4_TMB-5_A16F_0024.r24|2|1|RICH|565|0|2620|0000000000000000000000000000000000000000000000000000000000000000|DARK|1|565|DISP=ACCEPT_INSTALL|DETAIL=rt2_A16F
0000000000000000000000000000000000000000000000000000000000000000|0000000000000000000000000000000000000000000000000000000000000000|0|3|rt4_TMB-5_A16F_0025.r24|2|1|RICH|566|0|2620|0000000000000000000000000000000000000000000000000000000000000000|DARK|1|566|DISP=ACCEPT_INSTALL|DETAIL=rt2_A16F
0000000000000000000000000000000000000000000000000000000000000000|0000000000000000000000000000000000000000000000000000000000000000|0|3|rt4_TMB-5_A16F_0026.r24|2|1|RICH|567|0|2620|0000000000000000000000000000000000000000000000000000000000000000|DARK|1|567|DISP=ACCEPT_INSTALL|DETAIL=rt2_A16F
0000000000000000000000000000000000000000000000000000000000000000|0000000000000000000000000000000000000000000000000000000000000000|0|3|rt4_TMB-5_A16F_0027.r24|2|1|RICH|568|0|2620|0000000000000000000000000000000000000000000000000000000000000000|DARK|1|568|DISP=ACCEPT_INSTALL|DETAIL=rt2_A16F
0000000000000000000000000000000000000000000000000000000000000000|0000000000000000000000000000000000000000000000000000000000000000|0|3|rt4_TMB-5_A16F_0028.r24|2|1|RICH|569|0|2620|0000000000000000000000000000000000000000000000000000000000000000|DARK|1|569|DISP=ACCEPT_INSTALL|DETAIL=rt2_A16F
0000000000000000000000000000000000000000000000000000000000000000|0000000000000000000000000000000000000000000000000000000000000000|0|3|rt4_TMB-5_A16F_0029.r24|2|1|RICH|570|0|2620|0000000000000000000000000000000000000000000000000000000000000000|DARK|1|570|DISP=ACCEPT_INSTALL|DETAIL=rt2_A16F
0000000000000000000000000000000000000000000000000000000000000000|0000000000000000000000000000000000000000000000000000000000000000|0|3|rt4_TMB-5_A16F_0030.r24|2|1|RICH|561|0|2645|0000000000000000000000000000000000000000000000000000000000000000|DARK|1|561|DISP=ACCEPT_INSTALL|DETAIL=rt2_A16F
0000000000000000000000000000000000000000000000000000000000000000|0000000000000000000000000000000000000000000000000000000000000000|0|3|rt4_TMB-5_A16F_0031.r24|2|1|RICH|562|0|2645|0000000000000000000000000000000000000000000000000000000000000000|DARK|1|562|DISP=ACCEPT_INSTALL|DETAIL=rt2_A16F
0000000000000000000000000000000000000000000000000000000000000000|0000000000000000000000000000000000000000000000000000000000000000|0|3|rt4_TMB-5_A16F_0032.r24|2|1|RICH|563|0|2645|0000000000000000000000000000000000000000000000000000000000000000|DARK|1|563|DISP=ACCEPT_INSTALL|DETAIL=rt2_A16F
0000000000000000000000000000000000000000000000000000000000000000|0000000000000000000000000000000000000000000000000000000000000000|0|3|rt4_TMB-5_A16F_0033.r24|2|1|RICH|564|0|2645|0000000000000000000000000000000000000000000000000000000000000000|DARK|1|564|DISP=ACCEPT_INSTALL|DETAIL=rt2_A16F
0000000000000000000000000000000000000000000000000000000000000000|0000000000000000000000000000000000000000000000000000000000000000|0|3|rt4_TMB-5_A16F_0034.r24|2|1|RICH|565|0|2645|0000000000000000000000000000000000000000000000000000000000000000|DARK|1|565|DISP=ACCEPT_INSTALL|DETAIL=rt2_A16F
0000000000000000000000000000000000000000000000000000000000000000|0000000000000000000000000000000000000000000000000000000000000000|0|3|rt4_TMB-5_A16F_0035.r24|2|1|RICH|566|0|2645|0000000000000000000000000000000000000000000000000000000000000000|DARK|1|566|DISP=ACCEPT_INSTALL|DETAIL=rt2_A16F
0000000000000000000000000000000000000000000000000000000000000000|0000000000000000000000000000000000000000000000000000000000000000|0|3|rt4_TMB-5_A16F_0036.r24|2|1|RICH|567|0|2645|0000000000000000000000000000000000000000000000000000000000000000|DARK|1|567|DISP=ACCEPT_INSTALL|DETAIL=rt2_A16F
0000000000000000000000000000000000000000000000000000000000000000|0000000000000000000000000000000000000000000000000000000000000000|0|3|rt4_TMB-5_A16F_0037.r24|2|1|RICH|568|0|2645|0000000000000000000000000000000000000000000000000000000000000000|DARK|1|568|DISP=ACCEPT_INSTALL|DETAIL=rt2_A16F
0000000000000000000000000000000000000000000000000000000000000000|0000000000000000000000000000000000000000000000000000000000000000|0|3|rt4_TMB-5_A16F_0038.r24|2|1|RICH|569|0|2645|0000000000000000000000000000000000000000000000000000000000000000|DARK|1|569|DISP=ACCEPT_INSTALL|DETAIL=rt2_A16F
0000000000000000000000000000000000000000000000000000000000000000|0000000000000000000000000000000000000000000000000000000000000000|0|3|rt4_TMB-5_A16F_0039.r24|2|1|RICH|570|0|2645|0000000000000000000000000000000000000000000000000000000000000000|DARK|1|570|DISP=ACCEPT_INSTALL|DETAIL=rt2_A16F
0000000000000000000000000000000000000000000000000000000000000000|0000000000000000000000000000000000000000000000000000000000000000|0|3|rt4_TMB-5_A16F_0040.r24|2|1|RICH|710|0|3602|0000000000000000000000000000000000000000000000000000000000000000|DARK|1|710|DISP=ACCEPT_INSTALL|DETAIL=rt2_A16F
0000000000000000000000000000000000000000000000000000000000000000|0000000000000000000000000000000000000000000000000000000000000000|0|3|rt4_TMB-5_A16F_0041.r24|2|1|RICH|710|0|3603|0000000000000000000000000000000000000000000000000000000000000000|DARK|1|710|DISP=ACCEPT_INSTALL|DETAIL=rt2_A16F
0000000000000000000000000000000000000000000000000000000000000000|0000000000000000000000000000000000000000000000000000000000000000|0|3|rt4_TMB-5_A16F_0042.r24|2|1|RICH|710|0|3604|0000000000000000000000000000000000000000000000000000000000000000|DARK|1|710|DISP=ACCEPT_INSTALL|DETAIL=rt2_A16F
0000000000000000000000000000000000000000000000000000000000000000|0000000000000000000000000000000000000000000000000000000000000000|0|3|rt4_TMB-5_A16F_0043.r24|2|1|RICH|710|0|3605|0000000000000000000000000000000000000000000000000000000000000000|DARK|1|710|DISP=ACCEPT_INSTALL|DETAIL=rt2_A16F
0000000000000000000000000000000000000000000000000000000000000000|0000000000000000000000000000000000000000000000000000000000000000|0|3|rt4_TMB-5_A16F_0044.r24|2|1|RICH|710|0|3606|0000000000000000000000000000000000000000000000000000000000000000|DARK|1|710|DISP=ACCEPT_INSTALL|DETAIL=rt2_A16F
0000000000000000000000000000000000000000000000000000000000000000|0000000000000000000000000000000000000000000000000000000000000000|0|3|rt4_TMB-5_A16F_0045.r24|2|1|RICH|710|0|3607|0000000000000000000000000000000000000000000000000000000000000000|DARK|1|710|DISP=ACCEPT_INSTALL|DETAIL=rt2_A16F
0000000000000000000000000000000000000000000000000000000000000000|0000000000000000000000000000000000000000000000000000000000000000|0|3|rt4_TMB-5_A16F_0046.r24|2|1|RICH|710|0|3608|0000000000000000000000000000000000000000000000000000000000000000|DARK|1|710|DISP=ACCEPT_INSTALL|DETAIL=rt2_A16F
0000000000000000000000000000000000000000000000000000000000000000|0000000000000000000000000000000000000000000000000000000000000000|0|3|rt4_TMB-5_A16F_0047.r24|2|1|RICH|710|0|3609|0000000000000000000000000000000000000000000000000000000000000000|DARK|1|710|DISP=ACCEPT_INSTALL|DETAIL=rt2_A16F
0000000000000000000000000000000000000000000000000000000000000000|0000000000000000000000000000000000000000000000000000000000000000|0|3|rt4_TMB-5_A16F_0048.r24|2|1|RICH|710|0|3610|0000000000000000000000000000000000000000000000000000000000000000|DARK|1|710|DISP=ACCEPT_INSTALL|DETAIL=rt2_A16F
0000000000000000000000000000000000000000000000000000000000000000|0000000000000000000000000000000000000000000000000000000000000000|0|3|rt4_TMB-5_A16F_0049.r24|2|1|RICH|710|0|3611|0000000000000000000000000000000000000000000000000000000000000000|DARK|1|710|DISP=ACCEPT_INSTALL|DETAIL=rt2_A16F
0000000000000000000000000000000000000000000000000000000000000000|0000000000000000000000000000000000000000000000000000000000000000|0|3|rt4_TMB-5_A16F_0050.r24|2|1|RICH|710|0|1653|0000000000000000000000000000000000000000000000000000000000000000|DARK|1|710|DISP=ACCEPT_INSTALL|DETAIL=rt2_A16F
0000000000000000000000000000000000000000000000000000000000000000|0000000000000000000000000000000000000000000000000000000000000000|0|3|rt4_TMB-5_A16F_0051.r24|2|1|RICH|710|0|1654|0000000000000000000000000000000000000000000000000000000000000000|DARK|1|710|DISP=ACCEPT_INSTALL|DETAIL=rt2_A16F
0000000000000000000000000000000000000000000000000000000000000000|0000000000000000000000000000000000000000000000000000000000000000|0|3|rt4_TMB-5_A16F_0052.r24|2|1|RICH|710|0|1655|0000000000000000000000000000000000000000000000000000000000000000|DARK|1|710|DISP=ACCEPT_INSTALL|DETAIL=rt2_A16F
0000000000000000000000000000000000000000000000000000000000000000|0000000000000000000000000000000000000000000000000000000000000000|0|3|rt4_TMB-5_A16F_0053.r24|2|1|RICH|710|0|1656|0000000000000000000000000000000000000000000000000000000000000000|DARK|1|710|DISP=ACCEPT_INSTALL|DETAIL=rt2_A16F
0000000000000000000000000000000000000000000000000000000000000000|0000000000000000000000000000000000000000000000000000000000000000|0|3|rt4_TMB-5_A16F_0054.r24|2|1|RICH|710|0|1657|0000000000000000000000000000000000000000000000000000000000000000|DARK|1|710|DISP=ACCEPT_INSTALL|DETAIL=rt2_A16F
0000000000000000000000000000000000000000000000000000000000000000|0000000000000000000000000000000000000000000000000000000000000000|0|3|rt4_TMB-5_A16F_0055.r24|2|1|RICH|710|0|1658|0000000000000000000000000000000000000000000000000000000000000000|DARK|1|710|DISP=ACCEPT_INSTALL|DETAIL=rt2_A16F
0000000000000000000000000000000000000000000000000000000000000000|0000000000000000000000000000000000000000000000000000000000000000|0|3|rt4_TMB-5_A16F_0056.r24|2|1|RICH|710|0|1659|0000000000000000000000000000000000000000000000000000000000000000|DARK|1|710|DISP=ACCEPT_INSTALL|DETAIL=rt2_A16F
0000000000000000000000000000000000000000000000000000000000000000|0000000000000000000000000000000000000000000000000000000000000000|0|3|rt4_TMB-5_A16F_0057.r24|2|1|RICH|710|0|1660|0000000000000000000000000000000000000000000000000000000000000000|DARK|1|710|DISP=ACCEPT_INSTALL|DETAIL=rt2_A16F
0000000000000000000000000000000000000000000000000000000000000000|0000000000000000000000000000000000000000000000000000000000000000|0|3|rt4_TMB-5_A16F_0058.r24|2|1|RICH|710|0|1661|0000000000000000000000000000000000000000000000000000000000000000|DARK|1|710|DISP=ACCEPT_INSTALL|DETAIL=rt2_A16F
0000000000000000000000000000000000000000000000000000000000000000|0000000000000000000000000000000000000000000000000000000000000000|0|3|rt4_TMB-5_A16F_0059.r24|2|1|RICH|710|0|1662|0000000000000000000000000000000000000000000000000000000000000000|DARK|1|710|DISP=ACCEPT_INSTALL|DETAIL=rt2_A16F
0000000000000000000000000000000000000000000000000000000000000000|0000000000000000000000000000000000000000000000000000000000000000|0|3|rt4_TMB-5_A16T_0000.r24|2|1|RICH|849|0|2632|0000000000000000000000000000000000000000000000000000000000000000|RICH|1|849|DISP=ACCEPT_INSTALL|DETAIL=rt2_A16T
0000000000000000000000000000000000000000000000000000000000000000|0000000000000000000000000000000000000000000000000000000000000000|0|3|rt4_TMB-5_A16T_0001.r24|2|1|RICH|850|0|2632|0000000000000000000000000000000000000000000000000000000000000000|RICH|1|850|DISP=ACCEPT_INSTALL|DETAIL=rt2_A16T
0000000000000000000000000000000000000000000000000000000000000000|0000000000000000000000000000000000000000000000000000000000000000|0|3|rt4_TMB-5_A16T_0002.r24|2|1|RICH|851|0|2632|0000000000000000000000000000000000000000000000000000000000000000|RICH|1|851|DISP=ACCEPT_INSTALL|DETAIL=rt2_A16T
0000000000000000000000000000000000000000000000000000000000000000|0000000000000000000000000000000000000000000000000000000000000000|0|3|rt4_TMB-5_A16T_0003.r24|2|1|RICH|852|0|2632|0000000000000000000000000000000000000000000000000000000000000000|RICH|1|852|DISP=ACCEPT_INSTALL|DETAIL=rt2_A16T
0000000000000000000000000000000000000000000000000000000000000000|0000000000000000000000000000000000000000000000000000000000000000|0|3|rt4_TMB-5_A16T_0004.r24|2|1|RICH|853|0|2632|0000000000000000000000000000000000000000000000000000000000000000|RICH|1|853|DISP=ACCEPT_INSTALL|DETAIL=rt2_A16T
0000000000000000000000000000000000000000000000000000000000000000|0000000000000000000000000000000000000000000000000000000000000000|0|3|rt4_TMB-5_A16T_0005.r24|2|1|RICH|854|0|2632|0000000000000000000000000000000000000000000000000000000000000000|RICH|1|854|DISP=ACCEPT_INSTALL|DETAIL=rt2_A16T
0000000000000000000000000000000000000000000000000000000000000000|0000000000000000000000000000000000000000000000000000000000000000|0|3|rt4_TMB-5_A16T_0006.r24|2|1|RICH|855|0|2632|0000000000000000000000000000000000000000000000000000000000000000|RICH|1|855|DISP=ACCEPT_INSTALL|DETAIL=rt2_A16T
0000000000000000000000000000000000000000000000000000000000000000|0000000000000000000000000000000000000000000000000000000000000000|0|3|rt4_TMB-5_A16T_0007.r24|2|1|RICH|856|0|2632|0000000000000000000000000000000000000000000000000000000000000000|RICH|1|856|DISP=ACCEPT_INSTALL|DETAIL=rt2_A16T
0000000000000000000000000000000000000000000000000000000000000000|0000000000000000000000000000000000000000000000000000000000000000|0|3|rt4_TMB-5_A16T_0008.r24|2|1|RICH|857|0|2632|0000000000000000000000000000000000000000000000000000000000000000|RICH|1|857|DISP=ACCEPT_INSTALL|DETAIL=rt2_A16T
0000000000000000000000000000000000000000000000000000000000000000|0000000000000000000000000000000000000000000000000000000000000000|0|3|rt4_TMB-5_A16T_0009.r24|2|1|RICH|858|0|2632|0000000000000000000000000000000000000000000000000000000000000000|RICH|1|858|DISP=ACCEPT_INSTALL|DETAIL=rt2_A16T
0000000000000000000000000000000000000000000000000000000000000000|0000000000000000000000000000000000000000000000000000000000000000|0|3|rt4_TMB-5_A16T_0010.r24|2|1|RICH|561|0|2632|0000000000000000000000000000000000000000000000000000000000000000|RICH|1|561|DISP=ACCEPT_INSTALL|DETAIL=rt2_A16T
0000000000000000000000000000000000000000000000000000000000000000|0000000000000000000000000000000000000000000000000000000000000000|0|3|rt4_TMB-5_A16T_0011.r24|2|1|RICH|562|0|2632|0000000000000000000000000000000000000000000000000000000000000000|RICH|1|562|DISP=ACCEPT_INSTALL|DETAIL=rt2_A16T
0000000000000000000000000000000000000000000000000000000000000000|0000000000000000000000000000000000000000000000000000000000000000|0|3|rt4_TMB-5_A16T_0012.r24|2|1|RICH|563|0|2632|0000000000000000000000000000000000000000000000000000000000000000|RICH|1|563|DISP=ACCEPT_INSTALL|DETAIL=rt2_A16T
0000000000000000000000000000000000000000000000000000000000000000|0000000000000000000000000000000000000000000000000000000000000000|0|3|rt4_TMB-5_A16T_0013.r24|2|1|RICH|564|0|2632|0000000000000000000000000000000000000000000000000000000000000000|RICH|1|564|DISP=ACCEPT_INSTALL|DETAIL=rt2_A16T
0000000000000000000000000000000000000000000000000000000000000000|0000000000000000000000000000000000000000000000000000000000000000|0|3|rt4_TMB-5_A16T_0014.r24|2|1|RICH|565|0|2632|0000000000000000000000000000000000000000000000000000000000000000|RICH|1|565|DISP=ACCEPT_INSTALL|DETAIL=rt2_A16T
0000000000000000000000000000000000000000000000000000000000000000|0000000000000000000000000000000000000000000000000000000000000000|0|3|rt4_TMB-5_A16T_0015.r24|2|1|RICH|566|0|2632|0000000000000000000000000000000000000000000000000000000000000000|RICH|1|566|DISP=ACCEPT_INSTALL|DETAIL=rt2_A16T
0000000000000000000000000000000000000000000000000000000000000000|0000000000000000000000000000000000000000000000000000000000000000|0|3|rt4_TMB-5_A16T_0016.r24|2|1|RICH|567|0|2632|0000000000000000000000000000000000000000000000000000000000000000|RICH|1|567|DISP=ACCEPT_INSTALL|DETAIL=rt2_A16T
0000000000000000000000000000000000000000000000000000000000000000|0000000000000000000000000000000000000000000000000000000000000000|0|3|rt4_TMB-5_A16T_0017.r24|2|1|RICH|568|0|2632|0000000000000000000000000000000000000000000000000000000000000000|RICH|1|568|DISP=ACCEPT_INSTALL|DETAIL=rt2_A16T
0000000000000000000000000000000000000000000000000000000000000000|0000000000000000000000000000000000000000000000000000000000000000|0|3|rt4_TMB-5_A16T_0018.r24|2|1|RICH|569|0|2632|0000000000000000000000000000000000000000000000000000000000000000|RICH|1|569|DISP=ACCEPT_INSTALL|DETAIL=rt2_A16T
0000000000000000000000000000000000000000000000000000000000000000|0000000000000000000000000000000000000000000000000000000000000000|0|3|rt4_TMB-5_A16T_0019.r24|2|1|RICH|570|0|2632|0000000000000000000000000000000000000000000000000000000000000000|RICH|1|570|DISP=ACCEPT_INSTALL|DETAIL=rt2_A16T
0000000000000000000000000000000000000000000000000000000000000000|0000000000000000000000000000000000000000000000000000000000000000|0|3|rt4_TMB-5_A16T_0020.r24|2|1|RICH|710|0|3602|0000000000000000000000000000000000000000000000000000000000000000|RICH|1|710|DISP=ACCEPT_INSTALL|DETAIL=rt2_A16T
0000000000000000000000000000000000000000000000000000000000000000|0000000000000000000000000000000000000000000000000000000000000000|0|3|rt4_TMB-5_A16T_0021.r24|2|1|RICH|710|0|3603|0000000000000000000000000000000000000000000000000000000000000000|RICH|1|710|DISP=ACCEPT_INSTALL|DETAIL=rt2_A16T
0000000000000000000000000000000000000000000000000000000000000000|0000000000000000000000000000000000000000000000000000000000000000|0|3|rt4_TMB-5_A16T_0022.r24|2|1|RICH|710|0|3604|0000000000000000000000000000000000000000000000000000000000000000|RICH|1|710|DISP=ACCEPT_INSTALL|DETAIL=rt2_A16T
0000000000000000000000000000000000000000000000000000000000000000|0000000000000000000000000000000000000000000000000000000000000000|0|3|rt4_TMB-5_A16T_0023.r24|2|1|RICH|710|0|3605|0000000000000000000000000000000000000000000000000000000000000000|RICH|1|710|DISP=ACCEPT_INSTALL|DETAIL=rt2_A16T
0000000000000000000000000000000000000000000000000000000000000000|0000000000000000000000000000000000000000000000000000000000000000|0|3|rt4_TMB-5_A16T_0024.r24|2|1|RICH|710|0|3606|0000000000000000000000000000000000000000000000000000000000000000|RICH|1|710|DISP=ACCEPT_INSTALL|DETAIL=rt2_A16T
0000000000000000000000000000000000000000000000000000000000000000|0000000000000000000000000000000000000000000000000000000000000000|0|3|rt4_TMB-5_A16T_0025.r24|2|1|RICH|710|0|1653|0000000000000000000000000000000000000000000000000000000000000000|RICH|1|710|DISP=ACCEPT_INSTALL|DETAIL=rt2_A16T
0000000000000000000000000000000000000000000000000000000000000000|0000000000000000000000000000000000000000000000000000000000000000|0|3|rt4_TMB-5_A16T_0026.r24|2|1|RICH|710|0|1654|0000000000000000000000000000000000000000000000000000000000000000|RICH|1|710|DISP=ACCEPT_INSTALL|DETAIL=rt2_A16T
0000000000000000000000000000000000000000000000000000000000000000|0000000000000000000000000000000000000000000000000000000000000000|0|3|rt4_TMB-5_A16T_0027.r24|2|1|RICH|710|0|1655|0000000000000000000000000000000000000000000000000000000000000000|RICH|1|710|DISP=ACCEPT_INSTALL|DETAIL=rt2_A16T
0000000000000000000000000000000000000000000000000000000000000000|0000000000000000000000000000000000000000000000000000000000000000|0|3|rt4_TMB-5_A16T_0028.r24|2|1|RICH|710|0|1656|0000000000000000000000000000000000000000000000000000000000000000|RICH|1|710|DISP=ACCEPT_INSTALL|DETAIL=rt2_A16T
0000000000000000000000000000000000000000000000000000000000000000|0000000000000000000000000000000000000000000000000000000000000000|0|3|rt4_TMB-5_A16T_0029.r24|2|1|RICH|710|0|1657|0000000000000000000000000000000000000000000000000000000000000000|RICH|1|710|DISP=ACCEPT_INSTALL|DETAIL=rt2_A16T
