MODE SC-B
PHASE CHAINFACTS
EV 1 98301 860 98311
EV 1 98311 861 98321
PHASE INTERFERENCE1
EV 1 99001 870 99101
EV 1 99002 871 99102
EV 1 99003 872 99103
EV 1 99004 873 99104
EV 1 99005 874 99105
EV 1 99006 870 99106
EV 1 99007 871 99107
EV 1 99008 872 99108
EV 1 99009 873 99109
EV 1 99010 874 99110
SCHED_FIRE unccount=0 evidx=12 s=98301
PROPOSAL s=98301 r=850 mech=1 node=14
EV 1 99011 870 99111
EV 1 99012 871 99112
EV 1 99013 872 99113
EV 1 99014 873 99114
EV 1 99015 874 99115
EV 1 99016 870 99116
EV 1 99017 871 99117
EV 1 99018 872 99118
PHASE MISS1
EV 2 98301 850 0MACHINERY s=98301 r=850 mech=1 prop=14 ans=98321
 ans=98321
PHASE INTERFERENCE2
EV 1 99019 870 99119
EV 1 99020 871 99120
EV 1 99021 872 99121
EV 1 99022 873 99122
EV 1 99023 874 99123
EV 1 99024 870 99124
EV 1 99025 871 99125
EV 1 99026 872 99126
EV 1 99027 873 99127
EV 1 99028 874 99128
EV 1 99029 870 99129
EV 1 99030 871 99130
EV 1 99031 872 99131
EV 1 99032 873 99132
EV 1 99033 874 99133
EV 1 99034 870 99134
EV 1 99035 871 99135
EV 1 99036 872 99136
EV 1 99037 873 99137
EV 1 99038 874 99138
EV 1 99039 870 99139
EV 1 99040 871 99140
EV 1 99041 872 99141
EV 1 99042 873 99142
EV 1 99043 874 99143
EV 1 99044 870 99144
EV 1 99045 871 99145
EV 1 99046 872 99146
EV 1 99047 873 99147
EV 1 99048 874 99148
PHASE MISS2
EV 2 98301 850 0 ans=98321
PHASE INTERFERENCE3
EV 1 99049 870 99149
EV 1 99050 871 99150
EV 1 99051 872 99151
EV 1 99052 873 99152
EV 1 99053 874 99153
EV 1 99054 870 99154
EV 1 99055 871 99155
EV 1 99056 872 99156
EV 1 99057 873 99157
EV 1 99058 874 99158
EV 1 99059 870 99159
EV 1 99060 871 99160
EV 1 99061 872 99161
EV 1 99062 873 99162
EV 1 99063 874 99163
EV 1 99064 870 99164
EV 1 99065 871 99165
EV 1 99066 872 99166
EV 1 99067 873 99167
EV 1 99068 874 99168
EV 1 99069 870 99169
EV 1 99070 871 99170
EV 1 99071 872 99171
EV 1 99072 873 99172
EV 1 99073 874 99173
EV 1 99074 870 99174
EV 1 99075 871 99175
EV 1 99076 872 99176
EV 1 99077 873 99177
EV 1 99078 874 99178
PHASE MISS3
EV 2 98301 850 0 ans=98321
PHASE EPISODE
EV 2 98301 850 0 ans=98321
EPISODE_OK 1/1
PHASE INTERFERENCE4
EV 2 99001 870 0 ans=99101
EV 2 99002 871 0 ans=99102
EV 2 99003 872 0 ans=99103
EV 2 99004 873 0 ans=99104
EV 2 99005 874 0 ans=99105
EV 2 99006 870 0 ans=99106
EV 2 99007 871 0 ans=99107
EV 2 99008 872 0 ans=99108
EV 2 99009 873 0 ans=99109
EV 2 99010 874 0 ans=99110
EV 2 99011 870 0 ans=99111
EV 2 99012 871 0 ans=99112
CAPGUARD nodes=93 edges=105
CAP_GUARD_OK
FNV 1291085855
AUDIT_PASS
