MODE XK-FULL
PHASE CAPABILITY
EV 1 95001 21 95101
EV 1 95101 21 95201
EV 1 95201 21 95301
EV 1 95002 21 95102
EV 1 95102 21 95202
EV 1 95202 21 95302
EV 1 95003 21 95103
EV 1 95103 21 95203
EV 1 95203 21 95303
EV 1 95004 21 95104
EV 1 95104 21 95204
EV 1 95204 21 95304
EV 1 95005 21 95105
EV 1 95105 21 95205
EV 1 95205 21 95305
EV 1 95006 21 95106
EV 1 95106 21 95206
EV 1 95206 21 95306
EV 2 95001 43 3 ans=3
EV 2 95002 43 3 ans=3
EV 2 95003 43 3 ans=3
EV 2 95004 43 3 ans=3
EV 2 95005 43 3 ans=3
EV 2 95006 43 3 ans=3
COUNTMAP_OK 6/6
PHASE INT1
EV 1 95501 870 95601
EV 1 95502 870 95602
EV 1 95503 870 95603
EV 1 95504 870 95604
EV 1 95505 870 95605
EV 1 95506 870 95606
EV 1 95507 870 95607
EV 1 95508 870 95608
EV 1 95509 870 95609
EV 1 95510 870 95610
EV 1 95511 870 95611
EV 1 95512 870 95612
EV 1 95513 870 95613
EV 1 95514 870 95614
EV 1 95515 870 95615
EV 1 95516 870 95616
EV 1 95517 870 95617
EV 1 95518 870 95618
EV 1 95519 870 95619
EV 1 95520 870 95620
EV 1 95521 870 95621
EV 1 95522 870 95622
EV 1 95523 870 95623
EV 1 95524 870 95624
EV 1 95525 870 95625
EV 1 95526 870 95626
EV 1 95527 870 95627
EV 1 95528 870 95628
EV 1 95529 870 95629
EV 1 95530 870 95630
EV 1 95531 870 95631
EV 1 95532 870 95632
EV 1 95533 870 95633
EV 1 95534 870 95634
EV 1 95535 870 95635
EV 1 95536 870 95636
EV 1 95537 870 95637
EV 1 95538 870 95638
EV 1 95539 870 95639
EV 1 95540 870 95640
EV 1 95541 870 95641
EV 1 95542 870 95642
EV 1 95543 870 95643
EV 1 95544 870 95644
EV 1 95545 870 95645
EV 1 95546 870 95646
EV 1 95547 870 95647
EV 1 95548 870 95648
PHASE INT2
EV 1 95701 871 95702
EV 3 95701 871 95703 rv=0
EV 1 95701 871 95703
PHASE INT3
EV 1 95801 22 95811
EV 1 95811 22 95821
EV 1 95802 22 95812
EV 1 95812 22 95822
EV 1 95803 22 95813
EV 1 95813 22 95823
EV 1 95804 22 95814
EV 1 95814 22 95824
EV 1 95805 22 95815
EV 1 95815 22 95825
EV 1 95806 22 95816
EV 1 95816 22 95826
PHASE RETENTION
EV 2 95001 43 -2 ans=3
EV 2 95002 43 -2 ans=3
EV 2 95003 43 -2 ans=3
EV 2 95004 43 -2 ans=3
EV 2 95005 43 -2 ans=3
EV 2 95006 43 -2 ans=3
RETENTION_OK 6/6
PHASE REBIND
EV 2 95001 40 -2 ans=95201
EV 2 95002 40 -2 ans=95202
EV 2 95003 40 -2 ans=95203
EV 2 95004 40 -2 ans=95204
EV 2 95005 40 -2 ans=95205
EV 2 95006 40 -2 ans=95206
CHAINMAP_OK 6/6
SIG_COUNT_OK 6/6 SIG_REBIND_OK 6/6
FACTSTABLE 18/18
CAPGUARD nodes=394 edges=292
CAP_GUARD_OK
FNV 1361513772
AUDIT_PASS
