R|0|0|0|-254|746|1000
R|1|0|0|-177|823|1000
R|2|0|0|-292|708|1000
R|3|0|0|-184|816|1000
R|4|0|0|-268|732|1000
R|5|0|0|-209|791|1000
R|6|0|0|-291|709|1000
R|7|0|0|-182|818|1000
R|8|0|0|-200|800|1000
R|9|0|0|-184|816|1000
R|10|0|0|-208|792|1000
R|11|0|0|-156|844|1000
R|12|0|0|-269|731|1000
R|13|0|0|-161|839|1000
R|14|0|0|-224|776|1000
R|15|0|0|-234|766|1000
R|16|0|0|-293|707|1000
R|17|0|0|-202|798|1000
R|18|0|0|-241|759|1000
R|19|0|0|-180|820|1000
R|20|0|0|-296|704|1000
R|21|0|0|-248|752|1000
R|22|0|0|-248|752|1000
R|23|0|0|-287|713|1000
R|24|0|0|-158|842|1000
R|25|0|0|-259|741|1000
R|26|0|0|-270|730|1000
R|27|0|0|-162|838|1000
R|28|0|0|-227|773|1000
R|29|0|0|-298|702|1000
R|30|0|0|-247|753|1000
R|31|0|0|-183|817|1000
R|32|0|0|-162|838|1000
R|33|0|0|-189|811|1000
R|34|0|0|-190|810|1000
R|35|0|0|-188|812|1000
R|36|0|0|-229|771|1000
R|37|0|0|-220|780|1000
R|38|0|0|-240|760|1000
R|39|0|0|-184|816|1000
R|40|0|0|-223|777|1000
R|41|0|0|-184|816|1000
R|42|0|0|-284|716|1000
R|43|0|0|-216|784|1000
R|44|0|0|-211|789|1000
R|45|0|0|-161|839|1000
R|46|0|0|-248|752|1000
R|47|0|0|-167|833|1000
R|48|0|0|-157|843|1000
R|49|0|0|-298|702|1000
R|50|0|0|-189|811|1000
R|51|0|0|-292|708|1000
R|52|0|0|-245|755|1000
R|53|0|0|-298|702|1000
R|54|0|0|-195|805|1000
R|55|0|0|-279|721|1000
R|56|0|0|-284|716|1000
R|57|0|0|-260|740|1000
R|58|0|0|-190|810|1000
R|59|0|0|-208|792|1000
R|60|0|0|-168|832|1000
R|61|0|0|-289|711|1000
R|62|0|0|-176|824|1000
R|63|0|0|-272|728|1000
R|64|0|1|628|814|186
R|65|0|1|692|846|154
R|66|0|1|822|911|89
R|67|0|1|706|853|147
R|68|0|1|816|908|92
R|69|0|1|756|878|122
R|70|0|1|854|927|73
R|71|0|1|770|885|115
R|72|0|1|774|887|113
R|73|0|1|494|747|253
R|74|0|1|672|836|164
R|75|0|1|758|879|121
R|76|0|1|754|877|123
R|77|0|1|684|842|158
R|78|0|1|690|845|155
R|79|0|1|478|739|261
R|80|0|1|714|857|143
R|81|0|1|782|891|109
R|82|0|1|672|836|164
R|83|0|1|596|798|202
R|84|0|1|674|837|163
R|85|0|1|654|827|173
R|86|0|1|778|889|111
R|87|0|1|696|848|152
R|88|0|1|742|871|129
R|89|0|1|678|839|161
R|90|0|1|682|841|159
R|91|0|1|772|886|114
R|92|0|1|684|842|158
R|93|0|1|838|919|81
R|94|0|1|736|868|132
R|95|0|1|714|857|143
R|96|0|1|554|777|223
R|97|0|1|764|882|118
R|98|0|1|608|804|196
R|99|0|1|752|876|124
R|100|0|1|758|879|121
R|101|0|1|650|825|175
R|102|0|1|738|869|131
R|103|0|1|584|792|208
R|104|0|1|798|899|101
R|105|0|1|542|771|229
R|106|0|1|604|802|198
R|107|0|1|700|850|150
R|108|0|1|812|906|94
R|109|0|1|796|898|102
R|110|0|1|776|888|112
R|111|0|1|798|899|101
R|112|0|1|754|877|123
R|113|0|1|528|764|236
R|114|0|0|-300|700|1000
R|115|0|1|796|898|102
R|116|0|1|446|723|277
R|117|0|1|412|706|294
R|118|0|1|676|838|162
R|119|0|1|806|903|97
R|120|0|1|716|858|142
R|121|0|1|760|880|120
R|122|0|1|700|850|150
R|123|0|1|756|878|122
R|124|0|1|656|828|172
R|125|0|1|794|897|103
R|126|0|1|440|720|280
R|127|0|1|502|751|249
R|128|0|1|698|849|151
R|129|0|1|686|843|157
R|130|0|1|792|896|104
R|131|0|1|720|860|140
R|132|0|1|732|866|134
R|133|0|1|806|903|97
R|134|0|1|712|856|144
R|135|0|1|842|921|79
R|136|0|1|486|743|257
R|137|0|1|728|864|136
R|138|0|1|866|933|67
R|139|0|1|826|913|87
R|140|0|1|752|876|124
R|141|0|1|678|839|161
R|142|0|1|752|876|124
R|143|0|1|534|767|233
R|144|0|1|738|869|131
R|145|0|1|814|907|93
R|146|0|1|794|897|103
R|147|0|1|746|873|127
R|148|0|1|590|795|205
R|149|0|1|760|880|120
R|150|0|1|544|772|228
R|151|0|1|428|714|286
R|152|0|1|458|729|271
R|153|0|1|632|816|184
R|154|0|1|450|725|275
R|155|0|1|868|934|66
R|156|0|1|708|854|146
R|157|0|1|770|885|115
R|158|0|1|824|912|88
R|159|0|1|724|862|138
R|160|0|1|480|740|260
R|161|0|0|-296|704|1000
R|162|0|1|738|869|131
R|163|0|1|688|844|156
R|164|0|1|810|905|95
R|165|0|1|860|930|70
R|166|0|1|590|795|205
R|167|0|1|544|772|228
R|168|0|1|706|853|147
R|169|0|1|604|802|198
R|170|0|1|726|863|137
R|171|0|1|762|881|119
R|172|0|1|792|896|104
R|173|0|1|644|822|178
R|174|0|1|782|891|109
R|175|0|1|760|880|120
R|176|0|1|646|823|177
R|177|0|1|818|909|91
R|178|0|1|554|777|223
R|179|0|1|848|924|76
R|180|0|1|508|754|246
R|181|0|1|600|800|200
R|182|0|1|668|834|166
R|183|0|1|640|820|180
R|184|0|1|648|824|176
R|185|0|1|704|852|148
R|186|0|1|804|902|98
R|187|0|1|846|923|77
R|188|0|1|744|872|128
R|189|0|1|492|746|254
R|190|0|1|438|719|281
R|191|0|1|440|720|280
R|192|0|1|656|828|172
R|193|0|1|744|872|128
R|194|0|1|700|850|150
R|195|0|1|688|844|156
R|196|0|1|468|734|266
R|197|0|1|782|891|109
R|198|0|1|568|784|216
R|199|0|1|724|862|138
R|200|0|1|610|805|195
R|201|0|1|660|830|170
R|202|0|1|628|814|186
R|203|0|1|644|822|178
R|204|0|1|470|735|265
R|205|0|1|636|818|182
R|206|0|1|410|705|295
R|207|0|1|576|788|212
R|208|0|1|662|831|169
R|209|0|1|684|842|158
R|210|0|1|414|707|293
R|211|0|0|-299|701|1000
R|212|0|1|706|853|147
R|213|0|1|746|873|127
R|214|0|1|484|742|258
R|215|0|1|448|724|276
R|216|0|1|818|909|91
R|217|0|1|422|711|289
R|218|0|1|628|814|186
R|219|0|1|818|909|91
R|220|0|1|644|822|178
R|221|0|1|728|864|136
R|222|0|1|608|804|196
R|223|0|1|756|878|122
R|224|0|1|444|722|278
R|225|0|1|578|789|211
R|226|0|1|718|859|141
R|227|0|1|634|817|183
R|228|0|1|790|895|105
R|229|0|1|626|813|187
R|230|0|1|606|803|197
R|231|0|1|706|853|147
R|232|0|1|752|876|124
R|233|0|1|780|890|110
R|234|0|1|786|893|107
R|235|0|1|552|776|224
R|236|0|1|800|900|100
R|237|0|1|492|746|254
R|238|0|1|722|861|139
R|239|0|1|434|717|283
R|240|0|1|724|862|138
R|241|0|1|830|915|85
R|242|0|1|818|909|91
R|243|0|1|728|864|136
R|244|0|1|438|719|281
R|245|0|1|778|889|111
R|246|0|1|750|875|125
R|247|0|1|448|724|276
R|248|0|1|738|869|131
R|249|0|1|766|883|117
R|250|0|1|742|871|129
R|251|0|1|684|842|158
R|252|0|1|710|855|145
R|253|0|1|740|870|130
R|254|0|1|740|870|130
R|255|0|1|774|887|113
R|256|0|1|646|823|177
R|257|0|1|730|865|135
R|258|0|1|456|728|272
R|259|0|1|424|712|288
R|260|0|1|738|869|131
R|261|0|1|706|853|147
R|262|0|1|768|884|116
R|263|0|1|726|863|137
R|264|0|1|556|778|222
R|265|0|1|656|828|172
R|266|0|1|778|889|111
R|267|0|1|596|798|202
R|268|0|1|604|802|198
R|269|0|1|656|828|172
R|270|0|1|784|892|108
R|271|0|1|720|860|140
R|272|0|1|566|783|217
R|273|0|1|640|820|180
R|274|0|1|724|862|138
R|275|0|1|774|887|113
R|276|0|1|560|780|220
R|277|0|1|710|855|145
R|278|0|1|756|878|122
R|279|0|1|774|887|113
R|280|0|1|652|826|174
R|281|0|1|762|881|119
R|282|0|1|492|746|254
R|283|0|1|586|793|207
R|284|0|1|768|884|116
R|285|0|1|708|854|146
R|286|0|1|764|882|118
R|287|0|1|728|864|136
R|288|0|1|762|881|119
R|289|0|1|744|872|128
R|290|0|1|746|873|127
R|291|0|1|694|847|153
R|292|0|1|662|831|169
R|293|0|1|696|848|152
R|294|0|1|466|733|267
R|295|0|1|480|740|260
R|296|0|1|612|806|194
R|297|0|1|468|734|266
R|298|0|1|746|873|127
R|299|0|1|516|758|242
R|300|0|1|780|890|110
R|301|0|1|738|869|131
R|302|0|1|768|884|116
R|303|0|1|548|774|226
R|304|0|1|752|876|124
R|305|0|1|678|839|161
R|306|0|1|754|877|123
R|307|0|1|740|870|130
R|308|0|1|718|859|141
R|309|0|1|702|851|149
R|310|0|1|766|883|117
R|311|0|1|576|788|212
R|312|0|1|686|843|157
R|313|0|1|606|803|197
R|314|0|1|738|869|131
R|315|0|1|744|872|128
R|316|0|1|782|891|109
R|317|0|1|506|753|247
R|318|0|1|460|730|270
R|319|0|1|558|779|221
R|320|0|1|414|707|293
R|321|0|1|562|781|219
R|322|0|1|744|872|128
R|323|0|1|768|884|116
R|324|0|1|744|872|128
R|325|0|1|720|860|140
R|326|0|1|522|761|239
R|327|0|1|748|874|126
R|328|0|1|766|883|117
R|329|0|1|506|753|247
R|330|0|1|710|855|145
R|331|0|1|548|774|226
R|332|0|1|672|836|164
R|333|0|1|778|889|111
R|334|0|1|708|854|146
R|335|0|1|756|878|122
R|336|0|1|462|731|269
R|337|0|1|700|850|150
R|338|0|1|620|810|190
R|339|0|1|746|873|127
R|340|0|1|542|771|229
R|341|0|1|624|812|188
R|342|0|1|672|836|164
R|343|0|1|546|773|227
R|344|0|1|450|725|275
R|345|0|1|516|758|242
R|346|0|1|784|892|108
R|347|0|1|590|795|205
R|348|0|1|752|876|124
R|349|0|1|480|740|260
R|350|0|1|712|856|144
R|351|0|1|574|787|213
R|352|0|1|740|870|130
R|353|0|1|758|879|121
R|354|0|1|764|882|118
R|355|0|1|758|879|121
R|356|0|1|582|791|209
R|357|0|1|758|879|121
R|358|0|1|758|879|121
R|359|0|1|486|743|257
R|360|0|1|724|862|138
R|361|0|1|720|860|140
R|362|0|1|746|873|127
R|363|0|1|772|886|114
R|364|0|1|772|886|114
R|365|0|1|746|873|127
R|366|0|1|740|870|130
R|367|0|1|768|884|116
R|368|0|1|606|803|197
R|369|0|1|748|874|126
R|370|0|1|746|873|127
R|371|0|1|632|816|184
R|372|0|1|558|779|221
R|373|0|1|472|736|264
R|374|0|1|524|762|238
R|375|0|1|596|798|202
R|376|0|1|776|888|112
R|377|0|1|778|889|111
R|378|0|1|764|882|118
R|379|0|1|512|756|244
R|380|0|1|554|777|223
R|381|0|1|656|828|172
R|382|0|1|694|847|153
R|383|0|1|534|767|233
R|384|0|1|752|876|124
R|385|0|1|646|823|177
R|386|0|1|772|886|114
R|387|0|1|772|886|114
R|388|0|1|710|855|145
R|389|0|1|628|814|186
R|390|0|1|732|866|134
R|391|0|1|774|887|113
R|392|0|1|772|886|114
R|393|0|1|506|753|247
R|394|0|1|756|878|122
R|395|0|1|764|882|118
R|396|0|1|700|850|150
R|397|0|1|676|838|162
R|398|0|1|774|887|113
R|399|0|1|498|749|251
R|400|0|1|714|857|143
R|401|0|1|522|761|239
R|402|0|1|770|885|115
R|403|0|1|524|762|238
R|404|0|1|494|747|253
R|405|0|1|694|847|153
R|406|0|1|666|833|167
R|407|0|1|660|830|170
R|408|0|1|638|819|181
R|409|0|1|770|885|115
R|410|0|1|756|878|122
R|411|0|1|724|862|138
R|412|0|1|490|745|255
R|413|0|1|694|847|153
R|414|0|1|584|792|208
R|415|0|1|680|840|160
R|416|0|1|548|774|226
R|417|0|1|758|879|121
R|418|0|1|776|888|112
R|419|0|1|584|792|208
R|420|0|1|564|782|218
R|421|0|1|674|837|163
R|422|0|1|754|877|123
R|423|0|1|512|756|244
R|424|0|1|478|739|261
R|425|0|1|690|845|155
R|426|0|1|676|838|162
R|427|0|1|660|830|170
R|428|0|1|400|700|300
R|429|0|1|694|847|153
R|430|0|1|762|881|119
R|431|0|1|500|750|250
R|432|0|1|582|791|209
R|433|0|1|598|799|201
R|434|0|1|682|841|159
R|435|0|1|710|855|145
R|436|0|1|578|789|211
R|437|0|1|724|862|138
R|438|0|1|642|821|179
R|439|0|1|778|889|111
R|440|0|1|686|843|157
R|441|0|1|576|788|212
R|442|0|1|738|869|131
R|443|0|1|762|881|119
R|444|0|1|588|794|206
R|445|0|1|444|722|278
R|446|0|1|778|889|111
R|447|0|1|500|750|250
R|448|0|1|698|849|151
R|449|0|1|778|889|111
R|450|0|1|760|880|120
R|451|0|1|772|886|114
R|452|0|1|754|877|123
R|453|0|1|782|891|109
R|454|0|1|728|864|136
R|455|0|1|634|817|183
R|456|0|1|780|890|110
R|457|0|1|742|871|129
R|458|0|1|644|822|178
R|459|0|1|584|792|208
R|460|0|1|528|764|236
R|461|0|1|666|833|167
R|462|0|1|706|853|147
R|463|0|1|756|878|122
R|464|0|1|728|864|136
R|465|0|1|722|861|139
R|466|0|1|600|800|200
R|467|0|1|754|877|123
R|468|0|1|558|779|221
R|469|0|1|760|880|120
R|470|0|1|768|884|116
R|471|0|1|608|804|196
R|472|0|1|728|864|136
R|473|0|1|616|808|192
R|474|0|1|582|791|209
R|475|0|1|696|848|152
R|476|0|1|742|871|129
R|477|0|1|770|885|115
R|478|0|1|754|877|123
R|479|0|1|746|873|127
R|480|0|1|736|868|132
R|481|0|1|404|702|298
R|482|0|1|772|886|114
R|483|0|1|762|881|119
R|484|0|1|768|884|116
R|485|0|1|650|825|175
R|486|0|1|706|853|147
R|487|0|1|748|874|126
R|488|0|1|622|811|189
R|489|0|1|724|862|138
R|490|0|1|686|843|157
R|491|0|1|492|746|254
R|492|0|1|538|769|231
R|493|0|1|464|732|268
R|494|0|1|542|771|229
R|495|0|1|542|771|229
R|496|0|1|670|835|165
R|497|0|1|436|718|282
R|498|0|1|448|724|276
R|499|0|1|742|871|129
R|500|0|1|674|837|163
R|501|0|1|698|849|151
R|502|0|1|778|889|111
R|503|0|1|768|884|116
R|504|0|1|684|842|158
R|505|0|1|702|851|149
R|506|0|1|742|871|129
R|507|0|1|740|870|130
R|508|0|1|674|837|163
R|509|0|1|634|817|183
R|510|0|1|456|728|272
R|511|0|1|508|754|246
R|512|0|1|774|887|113
R|513|0|1|780|890|110
R|514|0|1|668|834|166
R|515|0|1|772|886|114
R|516|0|1|504|752|248
R|517|0|1|552|776|224
R|518|0|1|760|880|120
R|519|0|1|748|874|126
R|520|0|1|534|767|233
R|521|0|1|700|850|150
R|522|0|1|772|886|114
R|523|0|1|770|885|115
R|524|0|1|708|854|146
R|525|0|1|592|796|204
R|526|0|1|756|878|122
R|527|0|1|724|862|138
R|528|0|1|628|814|186
R|529|0|1|446|723|277
R|530|0|1|508|754|246
R|531|0|1|538|769|231
R|532|0|1|692|846|154
R|533|0|1|536|768|232
R|534|0|1|608|804|196
R|535|0|1|656|828|172
R|536|0|1|494|747|253
R|537|0|1|736|868|132
R|538|0|1|400|700|300
R|539|0|1|428|714|286
R|540|0|1|656|828|172
R|541|0|1|486|743|257
R|542|0|1|480|740|260
R|543|0|1|536|768|232
R|544|0|1|710|855|145
R|545|0|1|772|886|114
R|546|0|1|656|828|172
R|547|0|1|722|861|139
R|548|0|1|700|850|150
R|549|0|1|698|849|151
R|550|0|1|660|830|170
R|551|0|1|718|859|141
R|552|0|1|770|885|115
R|553|0|1|568|784|216
R|554|0|1|612|806|194
R|555|0|1|518|759|241
R|556|0|1|752|876|124
R|557|0|1|718|859|141
R|558|0|1|742|871|129
R|559|0|1|728|864|136
R|560|0|1|762|881|119
R|561|0|1|400|700|300
R|562|0|1|626|813|187
R|563|0|1|704|852|148
R|564|0|1|560|780|220
R|565|0|1|568|784|216
R|566|0|1|778|889|111
R|567|0|1|688|844|156
R|568|0|1|666|833|167
R|569|0|1|688|844|156
R|570|0|1|438|719|281
R|571|0|1|744|872|128
R|572|0|1|478|739|261
R|573|0|1|684|842|158
R|574|0|1|700|850|150
R|575|0|1|608|804|196
R|576|0|1|782|891|109
R|577|0|1|490|745|255
R|578|0|1|772|886|114
R|579|0|1|712|856|144
R|580|0|1|414|707|293
R|581|0|1|712|856|144
R|582|0|1|592|796|204
R|583|0|1|400|700|300
R|584|0|1|526|763|237
R|585|0|1|586|793|207
R|586|0|1|552|776|224
R|587|0|1|528|764|236
R|588|0|1|590|795|205
R|589|0|1|658|829|171
R|590|0|1|660|830|170
R|591|0|1|754|877|123
R|592|0|1|712|856|144
R|593|0|1|718|859|141
R|594|0|1|602|801|199
R|595|0|1|782|891|109
R|596|0|1|764|882|118
R|597|0|1|576|788|212
R|598|0|1|440|720|280
R|599|0|1|700|850|150
R|600|0|1|466|733|267
R|601|0|1|738|869|131
R|602|0|1|510|755|245
R|603|0|1|732|866|134
R|604|0|1|674|837|163
R|605|0|1|486|743|257
R|606|0|1|706|853|147
R|607|0|1|602|801|199
R|608|0|1|510|755|245
R|609|0|1|732|866|134
R|610|0|1|498|749|251
R|611|0|1|782|891|109
R|612|0|1|764|882|118
R|613|0|1|694|847|153
R|614|0|1|564|782|218
R|615|0|1|672|836|164
R|616|0|1|728|864|136
R|617|0|1|574|787|213
R|618|0|1|598|799|201
R|619|0|1|756|878|122
R|620|0|1|550|775|225
R|621|0|1|718|859|141
R|622|0|1|718|859|141
R|623|0|1|562|781|219
R|624|0|1|716|858|142
R|625|0|1|512|756|244
R|626|0|1|648|824|176
R|627|0|1|638|819|181
R|628|0|1|756|878|122
R|629|0|1|698|849|151
R|630|0|1|566|783|217
R|631|0|1|426|713|287
R|632|0|1|622|811|189
R|633|0|1|766|883|117
R|634|0|1|438|719|281
R|635|0|1|720|860|140
R|636|0|1|514|757|243
R|637|0|1|722|861|139
R|638|0|1|502|751|249
R|639|0|1|776|888|112
R|640|0|1|762|881|119
R|641|0|1|758|879|121
R|642|0|1|740|870|130
R|643|0|1|496|748|252
R|644|0|1|502|751|249
R|645|0|1|650|825|175
R|646|0|1|772|886|114
R|647|0|1|664|832|168
R|648|0|1|490|745|255
R|649|0|1|748|874|126
R|650|0|1|740|870|130
R|651|0|1|760|880|120
R|652|0|1|562|781|219
R|653|0|1|480|740|260
R|654|0|1|720|860|140
R|655|0|1|594|797|203
R|656|0|1|734|867|133
R|657|0|1|450|725|275
R|658|0|1|712|856|144
R|659|0|1|730|865|135
R|660|0|1|620|810|190
R|661|0|1|786|893|107
R|662|0|1|760|880|120
R|663|0|1|706|853|147
R|664|0|1|744|872|128
R|665|0|1|670|835|165
R|666|0|1|768|884|116
R|667|0|1|628|814|186
R|668|0|1|604|802|198
R|669|0|1|676|838|162
R|670|0|1|782|891|109
R|671|0|1|772|886|114
R|672|0|1|724|862|138
R|673|0|1|700|850|150
R|674|0|1|756|878|122
R|675|0|1|758|879|121
R|676|0|1|610|805|195
R|677|0|1|750|875|125
R|678|0|1|674|837|163
R|679|0|1|552|776|224
R|680|0|1|542|771|229
R|681|0|1|706|853|147
R|682|0|1|750|875|125
R|683|0|1|738|869|131
R|684|0|1|716|858|142
R|685|0|1|782|891|109
R|686|0|0|-175|825|1000
R|687|0|0|-284|716|1000
R|688|0|0|-188|812|1000
R|689|0|0|-299|701|1000
R|690|0|0|-296|704|1000
R|691|0|0|-195|805|1000
R|692|0|0|-115|885|1000
R|693|0|0|-210|790|1000
R|694|0|1|746|873|127
R|695|0|1|856|928|72
R|696|0|1|762|881|119
R|697|0|1|542|771|229
R|698|0|1|772|886|114
R|699|0|1|822|911|89
R|700|0|1|746|873|127
R|701|0|1|518|759|241
R|702|0|1|690|845|155
R|703|0|1|508|754|246
R|704|0|1|582|791|209
R|705|0|1|512|756|244
R|706|0|1|660|830|170
R|707|0|1|778|889|111
R|708|0|1|580|790|210
R|709|0|1|726|863|137
R|710|0|1|974|1000|26
R|711|0|1|748|874|126
R|712|0|1|982|1000|18
R|713|0|1|975|1000|25
R|714|0|1|987|1000|13
R|715|0|1|824|912|88
R|716|0|1|984|1000|16
R|717|0|1|792|896|104
R|718|0|1|980|1000|20
R|719|0|1|986|1000|14
R|720|0|1|981|1000|19
R|721|0|1|808|904|96
R|722|0|1|973|1000|27
R|723|0|1|696|848|152
R|724|0|1|969|1000|31
R|725|0|1|984|1000|16
R|726|0|1|975|1000|25
R|727|0|1|822|911|89
R|728|0|1|978|1000|22
R|729|0|1|868|934|66
R|730|0|1|973|1000|27
R|731|0|1|981|1000|19
R|732|0|1|970|1000|30
R|733|0|1|852|926|74
R|734|0|1|971|1000|29
R|735|0|1|826|913|87
R|736|0|1|981|1000|19
R|737|0|1|985|1000|15
R|738|0|1|985|1000|15
R|739|0|0|-180|820|1000
R|740|0|0|-284|716|1000
R|741|0|0|-193|807|1000
R|742|0|0|-299|701|1000
R|743|0|0|-196|804|1000
R|744|0|0|-121|879|1000
R|745|0|0|-218|782|1000
R|746|0|1|756|878|122
R|747|0|1|856|928|72
R|748|0|1|758|879|121
R|749|0|1|540|770|230
R|750|0|1|774|887|113
R|751|0|1|824|912|88
R|752|0|1|746|873|127
R|753|0|1|520|760|240
R|754|0|1|690|845|155
R|755|0|1|526|763|237
R|756|0|1|564|782|218
R|757|0|1|496|748|252
R|758|0|1|654|827|173
R|759|0|1|780|890|110
R|760|0|1|576|788|212
R|761|0|1|724|862|138
R|762|0|1|974|1000|26
R|763|0|1|748|874|126
R|764|0|1|982|1000|18
R|765|0|1|975|1000|25
R|766|0|1|987|1000|13
R|767|0|1|824|912|88
R|768|0|1|984|1000|16
R|769|0|1|792|896|104
R|770|0|1|980|1000|20
R|771|0|1|986|1000|14
R|772|0|1|981|1000|19
R|773|0|1|808|904|96
R|774|0|1|973|1000|27
R|775|0|1|696|848|152
R|776|0|1|969|1000|31
R|777|0|1|984|1000|16
R|778|0|1|975|1000|25
R|779|0|1|822|911|89
R|780|0|1|978|1000|22
R|781|0|1|868|934|66
R|782|0|1|973|1000|27
R|783|0|1|981|1000|19
R|784|0|1|970|1000|30
R|785|0|1|852|926|74
R|786|0|1|971|1000|29
R|787|0|1|826|913|87
R|788|0|1|981|1000|19
R|789|0|1|985|1000|15
R|790|0|1|985|1000|15
R|791|0|1|738|869|131
R|792|0|1|512|756|244
R|793|0|1|870|935|65
R|794|0|1|856|928|72
R|795|0|1|420|710|290
R|796|0|1|714|857|143
R|797|0|1|716|858|142
R|798|0|1|896|948|52
R|799|0|1|480|740|260
R|800|0|1|482|741|259
R|801|0|1|444|722|278
R|802|0|1|452|726|274
R|803|0|1|502|751|249
R|804|0|1|646|823|177
R|805|0|1|556|778|222
R|806|0|1|564|782|218
R|807|0|1|624|812|188
R|808|0|1|646|823|177
R|809|0|1|600|800|200
R|810|0|1|434|717|283
R|811|0|1|636|818|182
R|812|0|1|630|815|185
R|813|0|1|580|790|210
R|814|0|1|634|817|183
R|815|0|1|602|801|199
R|816|0|1|624|812|188
R|817|0|1|530|765|235
R|818|0|1|430|715|285
R|819|0|1|456|728|272
R|820|0|1|654|827|173
R|821|0|1|544|772|228
R|822|0|1|454|727|273
R|823|0|1|506|753|247
R|824|0|1|498|749|251
R|825|0|1|648|824|176
R|826|0|1|592|796|204
R|827|0|1|604|802|198
R|828|0|1|634|817|183
R|829|0|1|584|792|208
R|830|0|1|628|814|186
R|831|0|1|460|730|270
R|832|0|1|554|777|223
R|833|0|1|492|746|254
R|834|0|1|660|830|170
R|835|0|1|644|822|178
R|836|0|1|654|827|173
R|837|0|1|596|798|202
R|838|0|1|466|733|267
R|839|0|1|656|828|172
R|840|0|1|586|793|207
R|841|0|1|578|789|211
R|842|0|1|444|722|278
R|843|0|1|562|781|219
R|844|0|1|572|786|214
R|845|0|1|664|832|168
R|846|0|1|556|778|222
R|847|0|1|552|776|224
R|848|0|1|436|718|282
R|849|0|1|614|807|193
R|850|0|1|620|810|190
R|851|0|1|622|811|189
R|852|0|1|664|832|168
R|853|0|1|506|753|247
R|854|0|1|508|754|246
R|855|0|1|604|802|198
R|856|0|1|544|772|228
R|857|0|1|534|767|233
R|858|0|1|548|774|226
R|859|0|1|650|825|175
R|860|0|1|660|830|170
R|861|0|1|478|739|261
R|862|0|1|544|772|228
R|863|0|1|538|769|231
R|864|0|1|546|773|227
R|865|0|1|438|719|281
R|866|0|1|654|827|173
R|867|0|1|528|764|236
R|868|0|1|534|767|233
R|869|0|1|658|829|171
R|870|0|1|608|804|196
R|871|0|1|608|804|196
R|872|0|1|606|803|197
R|873|0|1|662|831|169
R|874|0|1|546|773|227
R|875|0|1|482|741|259
R|876|0|1|568|784|216
R|877|0|1|548|774|226
R|878|0|1|664|832|168
R|879|0|1|626|813|187
R|880|0|1|606|803|197
R|881|0|1|644|822|178
R|882|0|1|652|826|174
R|883|0|1|636|818|182
R|884|0|1|626|813|187
R|885|0|1|588|794|206
R|886|0|1|576|788|212
R|887|0|1|498|749|251
R|888|0|1|518|759|241
R|889|0|1|422|711|289
R|890|0|1|630|815|185
R|891|0|1|620|810|190
R|892|0|1|466|733|267
R|893|0|1|632|816|184
R|894|0|1|660|830|170
R|895|0|1|660|830|170
R|896|0|1|608|804|196
R|897|0|1|454|727|273
R|898|0|1|590|795|205
R|899|0|1|602|801|199
R|900|0|1|564|782|218
R|901|0|1|574|787|213
R|902|0|1|558|779|221
R|903|0|1|622|811|189
R|904|0|1|648|824|176
R|905|0|1|460|730|270
R|906|0|1|556|778|222
R|907|0|1|564|782|218
R|908|0|1|630|815|185
R|909|0|1|570|785|215
R|910|0|1|472|736|264
R|911|0|1|554|777|223
R|912|0|1|526|763|237
R|913|0|1|626|813|187
R|914|0|1|646|823|177
R|915|0|1|656|828|172
R|916|0|1|506|753|247
R|917|0|1|636|818|182
R|918|0|1|468|734|266
R|919|0|1|666|833|167
R|920|0|1|618|809|191
R|921|0|1|634|817|183
R|922|0|1|568|784|216
R|923|0|1|464|732|268
R|924|0|1|652|826|174
R|925|0|1|642|821|179
R|926|0|1|546|773|227
R|927|0|1|618|809|191
R|928|0|1|472|736|264
R|929|0|1|640|820|180
R|930|0|1|640|820|180
R|931|0|1|464|732|268
R|932|0|1|612|806|194
R|933|0|1|464|732|268
R|934|0|1|412|706|294
R|935|0|1|588|794|206
R|936|0|1|504|752|248
R|937|0|1|450|725|275
R|938|0|1|518|759|241
R|939|0|1|602|801|199
R|940|0|1|558|779|221
R|941|0|1|648|824|176
R|942|0|1|644|822|178
R|943|0|1|650|825|175
R|944|0|1|644|822|178
R|945|0|1|546|773|227
R|946|0|1|494|747|253
R|947|0|1|594|797|203
R|948|0|1|588|794|206
R|949|0|1|414|707|293
R|950|0|1|514|757|243
R|951|0|1|546|773|227
R|952|0|1|496|748|252
R|953|0|1|446|723|277
R|954|0|1|618|809|191
R|955|0|1|488|744|256
R|956|0|1|604|802|198
R|957|0|1|528|764|236
R|958|0|1|480|740|260
R|959|0|1|642|821|179
R|960|0|1|614|807|193
R|961|0|1|480|740|260
R|962|0|1|580|790|210
R|963|0|1|520|760|240
R|964|0|1|524|762|238
R|965|0|1|660|830|170
R|966|0|1|536|768|232
R|967|0|1|598|799|201
R|968|0|1|576|788|212
R|969|0|1|640|820|180
R|970|0|1|660|830|170
R|971|0|1|522|761|239
R|972|0|1|480|740|260
R|973|0|1|640|820|180
R|974|0|1|502|751|249
R|975|0|1|400|700|300
R|976|0|1|522|761|239
R|977|0|1|668|834|166
R|978|0|1|640|820|180
R|979|0|1|588|794|206
R|980|0|1|622|811|189
R|981|0|1|636|818|182
R|982|0|1|572|786|214
R|983|0|1|520|760|240
R|984|0|1|452|726|274
R|985|0|1|514|757|243
R|986|0|1|588|794|206
R|987|0|1|624|812|188
R|988|0|1|502|751|249
R|989|0|1|604|802|198
R|990|0|1|626|813|187
R|991|0|1|516|758|242
R|992|0|1|632|816|184
R|993|0|1|524|762|238
R|994|0|1|410|705|295
R|995|0|1|406|703|297
R|996|0|1|650|825|175
R|997|0|1|616|808|192
R|998|0|1|664|832|168
R|999|0|0|-214|786|1000
R|1000|0|0|-225|775|1000
R|1001|0|0|-204|796|1000
R|1002|0|0|-209|791|1000
R|1003|0|0|-226|774|1000
R|1004|0|0|-262|738|1000
R|1005|0|0|-244|756|1000
R|1006|0|0|-219|781|1000
R|1007|0|0|-211|789|1000
R|1008|0|0|-214|786|1000
R|1009|0|0|-251|749|1000
R|1010|0|0|-234|766|1000
R|1011|0|0|-217|783|1000
R|1012|0|0|-219|781|1000
R|1013|0|0|-193|807|1000
R|1014|0|0|-186|814|1000
R|1015|0|0|-190|810|1000
R|1016|0|0|-271|729|1000
R|1017|0|0|-251|749|1000
R|1018|0|0|-131|869|1000
R|1019|0|0|-231|769|1000
R|1020|0|0|-215|785|1000
R|1021|0|0|-218|782|1000
R|1022|0|0|-192|808|1000
R|1023|0|0|-264|736|1000
R|1024|0|0|-197|803|1000
R|1025|0|0|-190|810|1000
R|1026|0|0|-258|742|1000
R|1027|0|0|-255|745|1000
R|1028|0|0|-242|758|1000
R|1029|0|0|-189|811|1000
R|1030|0|0|-264|736|1000
R|1031|0|0|-216|784|1000
R|1032|0|0|-257|743|1000
R|1033|0|0|-188|812|1000
R|1034|0|0|-226|774|1000
R|1035|0|0|-259|741|1000
R|1036|0|0|-271|729|1000
R|1037|0|0|-262|738|1000
R|1038|0|0|-224|776|1000
R|1039|0|0|-207|793|1000
R|1040|0|0|-202|798|1000
R|1041|0|0|-230|770|1000
R|1042|0|0|-200|800|1000
R|1043|0|0|-195|805|1000
R|1044|0|0|-198|802|1000
R|1045|0|0|-213|787|1000
R|1046|0|0|-255|745|1000
R|1047|0|0|-223|777|1000
R|1048|0|0|-199|801|1000
R|1049|0|0|-191|809|1000
R|1050|0|0|-207|793|1000
R|1051|0|0|-198|802|1000
R|1052|0|0|-177|823|1000
R|1053|0|0|-177|823|1000
R|1054|0|0|-177|823|1000
R|1055|0|0|-177|823|1000
R|1056|0|0|-177|823|1000
R|1057|0|0|-177|823|1000
R|1058|0|0|-177|823|1000
R|1059|0|0|-177|823|1000
R|1060|0|0|-177|823|1000
R|1061|0|0|-177|823|1000
R|1062|0|0|-177|823|1000
R|1063|0|0|-177|823|1000
R|1064|0|0|-177|823|1000
R|1065|0|0|-177|823|1000
R|1066|0|0|-177|823|1000
R|1067|0|0|-177|823|1000
R|1068|0|0|-177|823|1000
R|1069|0|0|-177|823|1000
R|1070|0|0|-177|823|1000
R|1071|0|0|-177|823|1000
R|1072|0|0|-177|823|1000
R|1073|0|0|-177|823|1000
R|1074|0|0|-177|823|1000
R|1075|0|0|-177|823|1000
R|1076|0|0|-177|823|1000
R|1077|0|0|-177|823|1000
R|1078|0|0|-177|823|1000
R|1079|0|0|-177|823|1000
R|1080|0|0|-177|823|1000
R|1081|0|0|-177|823|1000
R|1082|0|0|-177|823|1000
R|1083|0|0|-177|823|1000
R|1084|0|0|-177|823|1000
R|1085|0|0|-177|823|1000
R|1086|0|0|-177|823|1000
R|1087|0|0|-177|823|1000
R|1088|0|0|-177|823|1000
R|1089|0|0|-177|823|1000
R|1090|0|0|-177|823|1000
R|1091|0|0|-177|823|1000
R|1092|0|0|-266|734|1000
R|1093|0|0|-214|786|1000
R|1094|0|0|-147|853|1000
R|1095|0|0|-293|707|1000
R|1096|0|0|-271|729|1000
R|1097|0|0|-177|823|1000
R|1098|0|0|-177|823|1000
R|1099|0|0|-177|823|1000
R|1100|0|0|-177|823|1000
R|1101|0|0|-177|823|1000
R|1102|3|0|-245|755|1000
R|1103|3|0|-226|774|1000
R|1104|3|0|-241|759|1000
R|1105|3|0|-245|755|1000
R|1106|3|0|-253|747|1000
R|1107|3|0|-288|712|1000
R|1108|3|0|-282|718|1000
R|1109|3|0|-256|744|1000
R|1110|3|0|-247|753|1000
R|1111|3|0|-174|826|1000
R|1112|3|0|-228|772|1000
R|1113|3|0|-225|775|1000
R|1114|3|0|-224|776|1000
R|1115|3|0|-263|737|1000
R|1116|3|0|-183|817|1000
R|1117|3|0|-220|780|1000
R|1118|3|0|-290|710|1000
R|1119|3|0|-230|770|1000
R|1120|3|0|-233|767|1000
R|1121|3|0|-259|741|1000
R|1122|3|0|-293|707|1000
R|1123|3|0|-198|802|1000
R|1124|3|0|-278|722|1000
R|1125|3|0|-244|756|1000
R|1126|3|0|-202|798|1000
R|1127|3|0|-282|718|1000
R|1128|3|0|-223|777|1000
R|1129|3|0|-187|813|1000
R|1130|3|0|-191|809|1000
R|1131|3|0|-206|794|1000
R|1132|3|0|-180|820|1000
R|1133|3|0|-198|802|1000
R|1134|3|0|-258|742|1000
R|1135|3|1|748|874|126
R|1136|3|0|-150|850|1000
R|1137|3|0|-222|778|1000
R|1138|3|0|-174|826|1000
R|1139|3|0|-166|834|1000
R|1140|3|0|-244|756|1000
R|1141|3|0|-156|844|1000
R|1142|3|0|-163|837|1000
R|1143|3|0|-167|833|1000
R|1144|3|0|-148|852|1000
R|1145|3|0|-160|840|1000
R|1146|3|0|-163|837|1000
R|1147|3|0|-158|842|1000
R|1148|3|0|-193|807|1000
R|1149|3|0|-210|790|1000
R|1150|3|0|-150|850|1000
R|1151|3|0|-273|727|1000
R|1152|3|0|-206|794|1000
R|1153|3|0|-196|804|1000
R|1154|3|0|-207|793|1000
R|1155|3|0|-171|829|1000
R|1156|3|0|-170|830|1000
R|1157|3|0|-190|810|1000
R|1158|3|0|-152|848|1000
R|1159|3|0|-151|849|1000
R|1160|3|0|-153|847|1000
R|1161|3|0|-150|850|1000
R|1162|3|0|-158|842|1000
R|1163|3|0|-192|808|1000
R|1164|3|0|-166|834|1000
R|1165|3|0|-200|800|1000
R|1166|3|0|-173|827|1000
R|1167|3|0|-173|827|1000
R|1168|3|0|-150|850|1000
R|1169|3|0|-215|785|1000
R|1170|3|0|-166|834|1000
R|1171|3|0|-217|783|1000
R|1172|3|0|-151|849|1000
R|1173|3|0|-260|740|1000
R|1174|3|0|-200|800|1000
R|1175|3|0|-177|823|1000
R|1176|3|0|-165|835|1000
R|1177|3|0|-151|849|1000
R|1178|3|0|-235|765|1000
R|1179|3|0|-158|842|1000
R|1180|3|0|-151|849|1000
R|1181|3|0|-155|845|1000
R|1182|3|0|-155|845|1000
R|1183|3|0|-179|821|1000
R|1184|3|0|-156|844|1000
R|1185|3|0|-195|805|1000
R|1186|3|0|-185|815|1000
R|1187|3|0|-203|797|1000
R|1188|3|0|-217|783|1000
R|1189|3|0|-161|839|1000
R|1190|3|0|-150|850|1000
R|1191|3|0|-221|779|1000
R|1192|3|0|-198|802|1000
R|1193|3|0|-179|821|1000
R|1194|3|0|-173|827|1000
R|1195|3|0|-197|803|1000
R|1196|3|0|-178|822|1000
R|1197|3|0|-255|745|1000
R|1198|3|0|-117|883|1000
R|1199|3|0|-184|816|1000
R|1200|3|0|-175|825|1000
R|1201|3|0|-209|791|1000
R|1202|3|0|-150|850|1000
R|1203|3|0|-172|828|1000
R|1204|3|0|-173|827|1000
R|1205|3|0|-114|886|1000
R|1206|3|0|-147|853|1000
R|1207|3|0|-195|805|1000
R|1208|3|0|-291|709|1000
R|1209|3|0|-150|850|1000
R|1210|3|0|-178|822|1000
R|1211|3|0|-154|846|1000
R|1212|3|0|-217|783|1000
R|1213|3|0|-170|830|1000
R|1214|3|0|-176|824|1000
R|1215|3|0|-152|848|1000
R|1216|3|0|-151|849|1000
R|1217|3|0|-176|824|1000
R|1218|3|0|-239|761|1000
R|1219|3|0|-137|863|1000
R|1220|3|0|-287|713|1000
R|1221|3|0|-194|806|1000
R|1222|3|0|-132|868|1000
R|1223|3|0|-260|740|1000
R|1224|3|0|-155|845|1000
R|1225|3|0|-156|844|1000
R|1226|3|0|-206|794|1000
R|1227|3|0|-162|838|1000
R|1228|3|0|-170|830|1000
R|1229|3|0|-195|805|1000
R|1230|3|0|-152|848|1000
R|1231|3|0|-186|814|1000
R|1232|3|0|-150|850|1000
R|1233|3|0|-178|822|1000
R|1234|3|0|-159|841|1000
R|1235|3|0|-189|811|1000
R|1236|3|0|-233|767|1000
R|1237|3|0|-221|779|1000
R|1238|3|0|-158|842|1000
R|1239|3|0|-165|835|1000
R|1240|3|0|-189|811|1000
R|1241|3|0|-163|837|1000
R|1242|3|0|-180|820|1000
R|1243|3|0|-138|862|1000
R|1244|3|0|-153|847|1000
R|1245|3|0|-206|794|1000
R|1246|3|0|-155|845|1000
R|1247|3|0|-180|820|1000
R|1248|3|0|-150|850|1000
R|1249|3|0|-130|870|1000
R|1250|3|0|-171|829|1000
R|1251|3|0|-201|799|1000
R|1252|3|0|-218|782|1000
R|1253|3|0|-138|862|1000
R|1254|3|0|-166|834|1000
R|1255|3|0|-171|829|1000
R|1256|3|0|-203|797|1000
R|1257|3|0|-188|812|1000
R|1258|3|0|-259|741|1000
R|1259|3|0|-172|828|1000
R|1260|3|0|-174|826|1000
R|1261|3|0|-192|808|1000
R|1262|3|0|-214|786|1000
R|1263|3|0|-154|846|1000
R|1264|3|0|-150|850|1000
R|1265|3|0|-194|806|1000
R|1266|3|0|-233|767|1000
R|1267|3|0|-192|808|1000
R|1268|3|0|-161|839|1000
R|1269|3|0|-154|846|1000
R|1270|3|0|-186|814|1000
R|1271|3|0|-156|844|1000
R|1272|3|0|-212|788|1000
R|1273|3|0|-261|739|1000
R|1274|3|0|-202|798|1000
R|1275|3|0|-160|840|1000
R|1276|3|0|-222|778|1000
R|1277|3|0|-151|849|1000
R|1278|3|0|-194|806|1000
R|1279|3|0|-171|829|1000
R|1280|3|0|-196|804|1000
R|1281|3|0|-165|835|1000
R|1282|3|0|-175|825|1000
R|1283|3|0|-160|840|1000
R|1284|3|0|-156|844|1000
R|1285|3|0|-179|821|1000
R|1286|3|0|-189|811|1000
R|1287|3|0|-166|834|1000
R|1288|3|0|-150|850|1000
R|1289|3|0|-164|836|1000
R|1290|3|0|-167|833|1000
R|1291|3|0|-210|790|1000
R|1292|3|0|-170|830|1000
R|1293|3|0|-181|819|1000
R|1294|3|0|-146|854|1000
R|1295|3|0|-197|803|1000
R|1296|3|0|-182|818|1000
R|1297|3|0|-190|810|1000
R|1298|3|0|-162|838|1000
R|1299|3|0|-180|820|1000
R|1300|3|0|-212|788|1000
R|1301|3|0|-199|801|1000
R|1302|3|0|-198|802|1000
R|1303|3|0|-194|806|1000
R|1304|3|0|-201|799|1000
R|1305|3|0|-163|837|1000
R|1306|3|0|-165|835|1000
R|1307|3|0|-122|878|1000
R|1308|3|0|-178|822|1000
R|1309|3|0|-172|828|1000
R|1310|3|0|-128|872|1000
R|1311|3|0|-183|817|1000
R|1312|3|0|-201|799|1000
R|1313|3|0|-151|849|1000
R|1314|3|0|-181|819|1000
R|1315|3|0|-207|793|1000
R|1316|3|0|-179|821|1000
R|1317|3|0|-156|844|1000
R|1318|3|0|-167|833|1000
R|1319|3|0|-215|785|1000
R|1320|3|0|-222|778|1000
R|1321|3|0|-209|791|1000
R|1322|3|0|-214|786|1000
R|1323|3|0|-189|811|1000
R|1324|3|0|-192|808|1000
R|1325|3|0|-158|842|1000
R|1326|3|0|-165|835|1000
R|1327|3|0|-151|849|1000
R|1328|3|0|-180|820|1000
R|1329|3|0|-161|839|1000
R|1330|3|0|-192|808|1000
R|1331|3|0|-171|829|1000
R|1332|3|0|-153|847|1000
R|1333|3|0|-176|824|1000
R|1334|3|0|-139|861|1000
R|1335|3|0|-179|821|1000
R|1336|3|0|-158|842|1000
R|1337|3|0|-193|807|1000
R|1338|3|0|-163|837|1000
R|1339|3|0|-199|801|1000
R|1340|3|0|-121|879|1000
R|1341|3|0|-212|788|1000
R|1342|3|0|-157|843|1000
R|1343|3|0|-190|810|1000
R|1344|3|0|-245|755|1000
R|1345|3|0|-221|779|1000
R|1346|3|0|-154|846|1000
R|1347|3|0|-153|847|1000
R|1348|3|0|-194|806|1000
R|1349|3|0|-196|804|1000
R|1350|3|0|-151|849|1000
R|1351|3|0|-167|833|1000
R|1352|3|0|-153|847|1000
R|1353|3|0|-191|809|1000
R|1354|3|0|-168|832|1000
R|1355|3|0|-203|797|1000
R|1356|3|0|-270|730|1000
R|1357|3|0|-153|847|1000
R|1358|3|0|-151|849|1000
R|1359|3|0|-137|863|1000
R|1360|3|0|-171|829|1000
R|1361|3|0|-184|816|1000
R|1362|3|0|-169|831|1000
R|1363|3|0|-183|817|1000
R|1364|3|0|-198|802|1000
R|1365|3|0|-151|849|1000
R|1366|3|0|-137|863|1000
R|1367|3|0|-173|827|1000
R|1368|3|0|-174|826|1000
R|1369|3|0|-173|827|1000
R|1370|3|0|-161|839|1000
R|1371|3|0|-150|850|1000
R|1372|3|0|-187|813|1000
R|1373|3|0|-151|849|1000
R|1374|3|0|-193|807|1000
R|1375|3|0|-275|725|1000
R|1376|3|0|-161|839|1000
R|1377|3|0|-125|875|1000
R|1378|3|0|-157|843|1000
R|1379|3|0|-151|849|1000
R|1380|3|0|-153|847|1000
R|1381|3|0|-161|839|1000
R|1382|3|0|-154|846|1000
R|1383|3|0|-131|869|1000
R|1384|3|0|-152|848|1000
R|1385|3|0|-177|823|1000
R|1386|3|0|-202|798|1000
R|1387|3|0|-192|808|1000
R|1388|3|0|-165|835|1000
R|1389|3|0|-116|884|1000
R|1390|3|0|-115|885|1000
R|1391|3|0|-157|843|1000
R|1392|3|0|-153|847|1000
R|1393|3|0|-295|705|1000
R|1394|3|0|-221|779|1000
R|1395|3|0|-165|835|1000
R|1396|3|0|-152|848|1000
R|1397|3|0|-153|847|1000
R|1398|3|0|-152|848|1000
R|1399|3|0|-150|850|1000
R|1400|3|0|-159|841|1000
R|1401|3|0|-190|810|1000
R|1402|3|0|-163|837|1000
R|1403|3|0|-152|848|1000
R|1404|3|0|-177|823|1000
R|1405|3|0|-142|858|1000
R|1406|3|0|-214|786|1000
R|1407|3|0|-193|807|1000
R|1408|3|0|-159|841|1000
R|1409|3|0|-211|789|1000
R|1410|3|0|-211|789|1000
R|1411|3|0|-210|790|1000
R|1412|3|0|-228|772|1000
R|1413|3|0|-154|846|1000
R|1414|3|0|-150|850|1000
R|1415|3|0|-165|835|1000
R|1416|3|0|-286|714|1000
R|1417|3|0|-167|833|1000
R|1418|3|0|-172|828|1000
R|1419|3|0|-122|878|1000
R|1420|3|0|-155|845|1000
R|1421|3|0|-149|851|1000
R|1422|3|0|-151|849|1000
R|1423|3|0|-181|819|1000
R|1424|3|0|-172|828|1000
R|1425|3|0|-196|804|1000
R|1426|3|0|-291|709|1000
R|1427|3|0|-179|821|1000
R|1428|3|0|-167|833|1000
R|1429|3|0|-207|793|1000
R|1430|3|0|-261|739|1000
R|1431|3|0|-195|805|1000
R|1432|3|0|-204|796|1000
R|1433|3|0|-169|831|1000
R|1434|3|0|-166|834|1000
R|1435|3|0|-159|841|1000
R|1436|3|0|-160|840|1000
R|1437|3|0|-156|844|1000
R|1438|3|0|-199|801|1000
R|1439|3|0|-210|790|1000
R|1440|3|0|-197|803|1000
R|1441|3|0|-195|805|1000
R|1442|3|0|-192|808|1000
R|1443|3|0|-150|850|1000
R|1444|3|0|-187|813|1000
R|1445|3|0|-254|746|1000
R|1446|3|0|-155|845|1000
R|1447|3|0|-200|800|1000
R|1448|3|0|-152|848|1000
R|1449|3|0|-233|767|1000
R|1450|3|0|-213|787|1000
R|1451|3|0|-153|847|1000
R|1452|3|0|-180|820|1000
R|1453|3|0|-199|801|1000
R|1454|3|0|-173|827|1000
R|1455|3|0|-136|864|1000
R|1456|3|0|-174|826|1000
R|1457|3|0|-199|801|1000
R|1458|3|0|-220|780|1000
R|1459|3|0|-189|811|1000
R|1460|3|0|-187|813|1000
R|1461|3|0|-164|836|1000
R|1462|3|0|-178|822|1000
R|1463|3|0|-171|829|1000
R|1464|3|0|-185|815|1000
R|1465|3|0|-215|785|1000
R|1466|3|0|-206|794|1000
R|1467|3|0|-190|810|1000
R|1468|3|0|-151|849|1000
R|1469|3|0|-183|817|1000
R|1470|3|0|-214|786|1000
R|1471|3|0|-242|758|1000
R|1472|3|0|-256|744|1000
R|1473|3|0|-179|821|1000
R|1474|3|0|-255|745|1000
R|1475|3|0|-198|802|1000
R|1476|3|0|-227|773|1000
R|1477|3|0|-207|793|1000
R|1478|3|0|-193|807|1000
R|1479|3|0|-282|718|1000
R|1480|3|0|-235|765|1000
R|1481|3|0|-272|728|1000
R|1482|3|0|-236|764|1000
R|1483|3|0|-225|775|1000
R|1484|3|0|-290|710|1000
R|1485|3|0|-191|809|1000
R|1486|3|0|-238|762|1000
R|1487|3|0|-176|824|1000
R|1488|3|1|850|925|75
R|1489|3|1|782|891|109
R|1490|3|1|534|767|233
R|1491|3|1|674|837|163
R|1492|3|1|730|865|135
R|1493|3|1|806|903|97
R|1494|3|1|700|850|150
R|1495|3|1|842|921|79
R|1496|3|1|702|851|149
R|1497|3|1|744|872|128
R|1498|3|1|816|908|92
R|1499|3|1|816|908|92
R|1500|3|1|494|747|253
R|1501|3|1|766|883|117
R|1502|3|1|690|845|155
R|1503|3|1|764|882|118
R|1504|3|1|670|835|165
R|1505|3|1|714|857|143
R|1506|3|1|724|862|138
R|1507|3|1|676|838|162
R|1508|3|1|816|908|92
R|1509|3|1|802|901|99
R|1510|3|1|666|833|167
R|1511|3|1|788|894|106
R|1512|3|1|780|890|110
R|1513|3|1|828|914|86
R|1514|3|1|846|923|77
R|1515|3|1|702|851|149
R|1516|3|1|682|841|159
R|1517|3|1|502|751|249
R|1518|3|1|642|821|179
R|1519|3|1|674|837|163
R|1520|3|1|800|900|100
R|1521|3|1|646|823|177
R|1522|3|1|832|916|84
R|1523|3|1|660|830|170
R|1524|3|1|688|844|156
R|1525|3|1|764|882|118
R|1526|3|1|658|829|171
R|1527|3|1|464|732|268
R|1528|3|1|686|843|157
R|1529|3|1|472|736|264
R|1530|3|1|686|843|157
R|1531|3|1|478|739|261
R|1532|3|1|750|875|125
R|1533|3|1|720|860|140
R|1534|3|1|578|789|211
R|1535|3|1|656|828|172
R|1536|3|1|656|828|172
R|1537|3|1|700|700|0
R|1538|3|1|700|700|0
R|1539|3|1|700|700|0
R|1540|3|1|700|700|0
R|1541|3|1|700|700|0
R|1542|3|0|-300|700|1000
R|1543|3|1|700|700|0
R|1544|3|0|300|300|0
R|1545|3|0|108|108|0
R|1546|3|0|124|124|0
R|1547|3|0|300|300|0
R|1548|3|0|159|159|0
R|1549|3|0|79|79|0
R|1550|3|0|184|184|0
R|1551|3|0|186|186|0
R|1552|3|0|285|285|0
R|1553|3|0|115|115|0
R|1554|3|0|175|175|0
R|1555|3|1|412|412|0
R|1556|3|0|143|143|0
R|1557|3|0|128|128|0
R|1558|3|0|205|205|0
R|1559|3|0|91|91|0
R|1560|3|0|325|325|0
R|1561|3|0|335|335|0
R|1562|3|0|142|142|0
R|1563|3|0|259|259|0
R|1564|3|0|179|179|0
R|1565|3|0|127|127|0
R|1566|3|1|405|405|0
R|1567|3|0|188|188|0
R|1568|3|0|213|213|0
R|1569|3|0|176|176|0
R|1570|3|0|145|145|0
R|1571|3|0|131|131|0
R|1572|3|0|204|204|0
R|1573|3|0|141|141|0
R|1574|3|0|140|140|0
R|1575|3|0|245|245|0
R|1576|3|0|183|183|0
R|1577|3|0|264|264|0
R|1578|3|0|163|163|0
R|1579|3|0|329|329|0
R|1580|3|0|80|80|0
R|1581|3|0|143|143|0
R|1582|3|0|117|117|0
R|1583|3|0|185|185|0
R|1584|3|0|133|133|0
R|1585|3|0|191|191|0
R|1586|3|0|163|163|0
R|1587|3|0|133|133|0
R|1588|3|0|130|130|0
R|1589|3|0|217|217|0
R|1590|3|0|313|313|0
R|1591|3|0|178|178|0
R|1592|3|0|181|181|0
R|1593|3|0|195|195|0
R|1594|3|0|178|178|0
R|1595|3|0|134|134|0
R|1596|3|0|209|209|0
R|1597|3|0|211|211|0
R|1598|3|0|228|228|0
R|1599|3|0|214|214|0
R|1600|3|0|167|167|0
R|1601|3|0|117|117|0
R|1602|3|0|183|183|0
R|1603|3|0|328|328|0
R|1604|3|0|211|211|0
R|1605|3|0|86|86|0
R|1606|3|0|148|148|0
R|1607|3|0|194|194|0
R|1608|3|0|112|112|0
R|1609|3|0|126|126|0
R|1610|3|0|167|167|0
R|1611|3|0|103|103|0
R|1612|3|0|113|113|0
R|1613|3|0|103|103|0
R|1614|3|0|287|287|0
R|1615|3|0|122|122|0
R|1616|3|0|339|339|0
R|1617|3|0|187|187|0
R|1618|3|0|200|200|0
R|1619|3|0|174|174|0
R|1620|3|0|181|181|0
R|1621|3|0|256|256|0
R|1622|3|0|179|179|0
R|1623|3|0|341|341|0
R|1624|3|0|207|207|0
R|1625|3|0|226|226|0
R|1626|3|0|131|131|0
R|1627|3|0|163|163|0
R|1628|3|0|217|217|0
R|1629|3|0|287|287|0
R|1630|3|0|128|128|0
R|1631|3|0|232|232|0
R|1632|3|0|100|100|0
R|1633|3|0|198|198|0
R|1634|3|0|149|149|0
R|1635|3|0|182|182|0
R|1636|3|0|288|288|0
R|1637|3|0|194|194|0
R|1638|3|0|240|240|0
R|1639|3|0|137|137|0
R|1640|3|0|250|250|0
R|1641|3|0|176|176|0
R|1642|3|0|142|142|0
R|1643|3|0|268|268|0
R|1644|3|0|132|132|0
R|1645|3|1|512|512|0
R|1646|3|0|204|204|0
R|1647|3|0|126|126|0
R|1648|3|0|171|171|0
R|1649|3|0|130|130|0
R|1650|3|0|175|175|0
R|1651|3|0|71|71|0
R|1652|3|0|128|128|0
R|1653|3|0|301|301|0
R|1654|3|0|178|178|0
R|1655|3|0|139|139|0
R|1656|3|0|112|112|0
R|1657|3|0|132|132|0
R|1658|3|0|225|225|0
R|1659|3|0|140|140|0
R|1660|3|0|186|186|0
R|1661|3|0|123|123|0
R|1662|3|0|158|158|0
R|1663|3|0|118|118|0
R|1664|3|0|131|131|0
R|1665|3|0|105|105|0
R|1666|3|0|153|153|0
R|1667|3|0|78|78|0
R|1668|3|0|216|216|0
R|1669|3|0|338|338|0
R|1670|3|0|280|280|0
R|1671|3|0|191|191|0
R|1672|3|0|115|115|0
R|1673|3|0|181|181|0
R|1674|3|0|197|197|0
R|1675|3|0|212|212|0
R|1676|3|0|98|98|0
R|1677|3|0|173|173|0
R|1678|3|0|127|127|0
R|1679|3|0|302|302|0
R|1680|3|1|430|430|0
R|1681|3|0|120|120|0
R|1682|3|0|95|95|0
R|1683|3|0|138|138|0
R|1684|3|0|164|164|0
R|1685|3|0|170|170|0
R|1686|3|0|192|192|0
R|1687|3|0|141|141|0
R|1688|3|0|88|88|0
R|1689|3|0|134|134|0
R|1690|3|0|159|159|0
R|1691|3|0|129|129|0
R|1692|3|0|113|113|0
R|1693|3|0|144|144|0
R|1694|3|0|94|94|0
R|1695|3|0|182|182|0
R|1696|3|0|118|118|0
R|1697|3|0|258|258|0
R|1698|3|0|152|152|0
R|1699|3|0|86|86|0
R|1700|3|0|196|196|0
R|1701|3|0|172|172|0
R|1702|3|0|160|160|0
R|1703|3|0|141|141|0
R|1704|3|0|165|165|0
R|1705|3|0|146|146|0
R|1706|3|0|145|145|0
R|1707|3|0|188|188|0
R|1708|3|0|244|244|0
R|1709|3|0|136|136|0
R|1710|3|0|91|91|0
R|1711|3|0|246|246|0
R|1712|3|0|161|161|0
R|1713|3|0|233|233|0
R|1714|3|0|209|209|0
R|1715|3|0|96|96|0
R|1716|3|0|156|156|0
R|1717|3|0|197|197|0
R|1718|3|0|149|149|0
R|1719|3|0|138|138|0
R|1720|3|0|143|143|0
R|1721|3|0|91|91|0
R|1722|3|0|131|131|0
R|1723|3|0|183|183|0
R|1724|3|0|99|99|0
R|1725|3|0|158|158|0
R|1726|3|0|308|308|0
R|1727|3|0|96|96|0
R|1728|3|0|211|211|0
R|1729|3|0|147|147|0
R|1730|3|0|178|178|0
R|1731|3|0|75|75|0
R|1732|3|0|197|197|0
R|1733|3|0|179|179|0
R|1734|3|0|-929|71|1000
R|1735|3|0|146|146|0
R|1736|3|0|321|321|0
R|1737|3|0|324|324|0
R|1738|3|0|177|177|0
R|1739|3|0|159|159|0
R|1740|3|0|346|346|0
R|1741|3|0|160|160|0
R|1742|3|0|277|277|0
R|1743|3|0|266|266|0
R|1744|3|0|182|182|0
R|1745|3|0|301|301|0
R|1746|3|0|184|184|0
R|1747|3|0|149|149|0
R|1748|3|0|193|193|0
R|1749|3|0|231|231|0
R|1750|3|0|194|194|0
R|1751|3|0|147|147|0
R|1752|3|0|201|201|0
R|1753|3|0|287|287|0
R|1754|3|0|130|130|0
R|1755|3|0|141|141|0
R|1756|3|0|181|181|0
R|1757|3|0|112|112|0
R|1758|3|0|101|101|0
R|1759|3|0|278|278|0
R|1760|3|0|121|121|0
R|1761|3|0|164|164|0
R|1762|3|0|248|248|0
R|1763|3|0|226|226|0
R|1764|3|0|184|184|0
R|1765|3|0|347|347|0
R|1766|3|0|111|111|0
R|1767|3|0|174|174|0
R|1768|3|0|155|155|0
R|1769|3|0|121|121|0
R|1770|3|0|264|264|0
R|1771|3|0|133|133|0
R|1772|3|0|117|117|0
R|1773|3|0|167|167|0
R|1774|3|0|254|254|0
R|1775|3|0|389|389|0
R|1776|3|0|119|119|0
R|1777|3|0|326|326|0
R|1778|3|0|189|189|0
R|1779|3|0|167|167|0
R|1780|3|0|148|148|0
R|1781|3|0|166|166|0
R|1782|3|0|198|198|0
R|1783|3|0|357|357|0
R|1784|3|0|253|253|0
R|1785|3|0|157|157|0
R|1786|3|1|420|420|0
R|1787|3|0|204|204|0
R|1788|3|0|127|127|0
R|1789|3|0|105|105|0
R|1790|3|0|281|281|0
R|1791|3|0|211|211|0
R|1792|3|0|227|227|0
R|1793|3|0|232|232|0
R|1794|3|0|163|163|0
R|1795|3|0|150|150|0
R|1796|3|0|247|247|0
R|1797|3|0|73|73|0
R|1798|3|0|194|194|0
R|1799|3|0|161|161|0
R|1800|3|0|165|165|0
R|1801|3|1|667|667|0
R|1802|3|1|669|669|0
R|1803|3|1|668|668|0
R|1804|3|1|669|669|0
R|1805|3|1|666|666|0
R|1806|3|1|672|672|0
R|1807|3|1|670|670|0
R|1808|3|1|669|669|0
R|1809|3|1|669|669|0
R|1810|3|1|671|671|0
R|1811|3|1|666|666|0
R|1812|3|1|672|672|0
R|1813|3|1|669|669|0
R|1814|3|1|670|670|0
R|1815|3|1|668|668|0
R|1816|3|1|671|671|0
R|1817|3|1|666|666|0
R|1818|3|1|681|681|0
R|1819|3|1|672|672|0
R|1820|3|1|671|671|0
R|1821|3|1|665|665|0
R|1822|3|1|671|671|0
R|1823|3|1|668|668|0
R|1824|3|1|667|667|0
R|1825|3|1|666|666|0
R|1826|3|1|668|668|0
R|1827|3|1|667|667|0
R|1828|3|1|669|669|0
R|1829|3|1|669|669|0
R|1830|3|1|671|671|0
R|1831|3|1|668|668|0
R|1832|3|1|670|670|0
R|1833|3|1|667|667|0
R|1834|3|1|671|671|0
R|1835|3|1|667|667|0
R|1836|3|1|669|669|0
R|1837|3|1|674|674|0
R|1838|3|1|669|669|0
R|1839|3|1|669|669|0
R|1840|3|0|0|0|0
R|1841|3|0|0|0|0
R|1842|3|0|0|0|0
R|1843|3|0|0|0|0
R|1844|3|0|0|0|0
R|1845|3|0|0|0|0
R|1846|3|0|0|0|0
R|1847|3|0|0|0|0
R|1848|3|0|0|0|0
R|1849|3|0|0|0|0
R|1850|3|0|0|0|0
R|1851|3|0|0|0|0
R|1852|3|0|0|0|0
R|1853|3|0|0|0|0
R|1854|3|1|664|664|0
R|1855|3|0|0|0|0
R|1856|3|0|0|0|0
R|1857|3|0|0|0|0
R|1858|3|0|0|0|0
R|1859|3|0|0|0|0
R|1860|3|0|0|0|0
R|1861|3|0|0|0|0
R|1862|3|0|0|0|0
R|1863|3|0|0|0|0
R|1864|3|0|0|0|0
R|1865|3|0|0|0|0
R|1866|3|0|0|0|0
R|1867|3|0|0|0|0
R|1868|3|0|0|0|0
R|1869|3|0|0|0|0
R|1870|3|0|0|0|0
R|1871|3|0|0|0|0
R|1872|3|0|0|0|0
R|1873|3|0|0|0|0
R|1874|3|0|0|0|0
R|1875|3|1|676|676|0
R|1876|3|0|0|0|0
R|1877|3|0|0|0|0
R|1878|3|0|0|0|0
R|1879|3|0|0|0|0
R|1880|3|0|0|0|0
R|1881|3|0|0|0|0
R|1882|3|0|0|0|0
R|1883|3|0|0|0|0
R|1884|3|0|0|0|0
R|1885|3|0|0|0|0
R|1886|3|0|0|0|0
R|1887|3|0|0|0|0
R|1888|3|0|0|0|0
R|1889|3|0|0|0|0
R|1890|3|0|0|0|0
R|1891|3|0|0|0|0
R|1892|3|0|0|0|0
R|1893|3|0|0|0|0
R|1894|3|0|0|0|0
R|1895|3|0|0|0|0
R|1896|3|1|670|670|0
R|1897|3|0|0|0|0
R|1898|3|0|0|0|0
R|1899|3|0|0|0|0
R|1900|3|0|0|0|0
R|1901|3|0|0|0|0
R|1902|3|0|0|0|0
R|1903|3|0|0|0|0
R|1904|3|0|0|0|0
R|1905|3|0|0|0|0
R|1906|3|0|0|0|0
R|1907|3|0|0|0|0
R|1908|3|0|0|0|0
R|1909|3|0|0|0|0
R|1910|3|0|0|0|0
R|1911|3|0|0|0|0
R|1912|3|0|0|0|0
R|1913|3|0|0|0|0
R|1914|3|0|0|0|0
R|1915|3|0|0|0|0
R|1916|3|0|0|0|0
R|1917|3|1|668|668|0
R|1918|3|0|0|0|0
R|1919|3|0|0|0|0
R|1920|3|0|0|0|0
R|1921|3|0|0|0|0
R|1922|3|0|0|0|0
R|1923|3|0|0|0|0
R|1924|3|0|0|0|0
R|1925|3|0|0|0|0
R|1926|3|0|0|0|0
R|1927|3|0|0|0|0
R|1928|3|0|0|0|0
R|1929|3|0|0|0|0
R|1930|3|0|0|0|0
R|1931|3|0|0|0|0
R|1932|3|0|0|0|0
R|1933|3|0|0|0|0
R|1934|3|0|0|0|0
R|1935|3|0|0|0|0
R|1936|3|0|0|0|0
R|1937|3|0|0|0|0
R|1938|3|1|668|668|0
R|1939|3|0|0|0|0
R|1940|3|0|0|0|0
R|1941|3|0|0|0|0
R|1942|3|0|0|0|0
R|1943|3|0|0|0|0
R|1944|3|0|0|0|0
R|1945|3|0|0|0|0
R|1946|3|0|0|0|0
R|1947|3|0|0|0|0
R|1948|3|0|0|0|0
R|1949|3|0|0|0|0
R|1950|3|0|0|0|0
R|1951|3|0|0|0|0
R|1952|3|0|0|0|0
R|1953|3|0|0|0|0
R|1954|3|0|0|0|0
R|1955|3|0|0|0|0
R|1956|3|0|0|0|0
R|1957|3|0|0|0|0
R|1958|3|0|0|0|0
R|1959|3|1|669|669|0
R|1960|3|0|0|0|0
R|1961|3|0|0|0|0
R|1962|3|0|0|0|0
R|1963|3|0|0|0|0
R|1964|3|0|0|0|0
R|1965|3|0|0|0|0
R|1966|3|0|0|0|0
R|1967|3|0|0|0|0
R|1968|3|0|0|0|0
R|1969|3|0|0|0|0
R|1970|3|0|0|0|0
R|1971|3|0|0|0|0
R|1972|3|0|0|0|0
R|1973|3|0|0|0|0
R|1974|3|0|0|0|0
R|1975|3|0|0|0|0
R|1976|3|0|0|0|0
R|1977|3|0|0|0|0
R|1978|3|0|0|0|0
R|1979|3|0|0|0|0
R|1980|3|1|680|680|0
R|1981|3|0|0|0|0
R|1982|3|0|0|0|0
R|1983|3|0|0|0|0
R|1984|3|0|0|0|0
R|1985|3|0|0|0|0
R|1986|3|0|0|0|0
R|1987|3|0|0|0|0
R|1988|3|0|0|0|0
R|1989|3|0|0|0|0
R|1990|3|0|0|0|0
R|1991|3|0|0|0|0
R|1992|3|0|0|0|0
R|1993|3|0|0|0|0
R|1994|3|0|0|0|0
R|1995|3|0|0|0|0
R|1996|3|0|0|0|0
R|1997|3|0|0|0|0
R|1998|3|0|0|0|0
R|1999|3|0|0|0|0
R|2000|3|0|0|0|0
R|2001|3|1|678|678|0
R|2002|3|0|0|0|0
R|2003|3|0|0|0|0
R|2004|3|0|0|0|0
R|2005|3|0|0|0|0
R|2006|3|0|0|0|0
R|2007|3|0|0|0|0
R|2008|3|0|0|0|0
R|2009|3|0|0|0|0
R|2010|3|0|0|0|0
R|2011|3|0|0|0|0
R|2012|3|0|0|0|0
R|2013|3|0|0|0|0
R|2014|3|0|0|0|0
R|2015|3|0|0|0|0
R|2016|3|0|0|0|0
R|2017|3|0|0|0|0
R|2018|3|0|0|0|0
R|2019|3|0|0|0|0
R|2020|3|0|0|0|0
R|2021|3|0|0|0|0
R|2022|3|1|661|661|0
R|2023|3|0|0|0|0
R|2024|3|0|0|0|0
R|2025|3|0|0|0|0
R|2026|3|0|0|0|0
R|2027|3|0|0|0|0
R|2028|3|0|0|0|0
R|2029|3|0|0|0|0
R|2030|3|0|0|0|0
R|2031|3|0|0|0|0
R|2032|3|0|0|0|0
R|2033|3|0|0|0|0
R|2034|3|0|0|0|0
R|2035|3|0|0|0|0
R|2036|3|0|0|0|0
R|2037|3|0|0|0|0
R|2038|3|0|0|0|0
R|2039|3|0|0|0|0
R|2040|3|0|0|0|0
R|2041|3|0|0|0|0
R|2042|3|0|0|0|0
R|2043|3|1|669|669|0
R|2044|3|0|0|0|0
R|2045|3|0|0|0|0
R|2046|3|0|0|0|0
R|2047|3|0|0|0|0
R|2048|3|0|0|0|0
R|2049|3|0|0|0|0
R|2050|3|0|0|0|0
R|2051|3|0|0|0|0
R|2052|3|0|0|0|0
R|2053|3|0|0|0|0
R|2054|3|0|0|0|0
R|2055|3|0|0|0|0
R|2056|3|0|0|0|0
R|2057|3|0|0|0|0
R|2058|3|0|0|0|0
R|2059|3|0|0|0|0
R|2060|3|0|0|0|0
R|2061|3|0|0|0|0
R|2062|3|0|0|0|0
R|2063|3|0|0|0|0
R|2064|3|1|660|660|0
R|2065|3|0|0|0|0
R|2066|3|0|0|0|0
R|2067|3|0|0|0|0
R|2068|3|0|0|0|0
R|2069|3|0|0|0|0
R|2070|3|0|0|0|0
R|2071|3|0|0|0|0
R|2072|3|0|0|0|0
R|2073|3|0|0|0|0
R|2074|3|0|0|0|0
R|2075|3|0|0|0|0
R|2076|3|0|0|0|0
R|2077|3|0|0|0|0
R|2078|3|0|0|0|0
R|2079|3|0|0|0|0
R|2080|3|0|0|0|0
R|2081|3|0|0|0|0
R|2082|3|0|0|0|0
R|2083|3|0|0|0|0
R|2084|3|0|0|0|0
R|2085|3|1|669|669|0
R|2086|3|0|0|0|0
R|2087|3|0|0|0|0
R|2088|3|0|0|0|0
R|2089|3|0|0|0|0
R|2090|3|0|0|0|0
R|2091|3|0|0|0|0
R|2092|3|0|0|0|0
R|2093|3|0|0|0|0
R|2094|3|0|0|0|0
R|2095|3|0|0|0|0
R|2096|3|0|0|0|0
R|2097|3|0|0|0|0
R|2098|3|0|0|0|0
R|2099|3|0|0|0|0
R|2100|3|0|0|0|0
R|2101|3|0|0|0|0
R|2102|3|0|0|0|0
R|2103|3|0|0|0|0
R|2104|3|0|0|0|0
R|2105|3|0|0|0|0
R|2106|3|1|667|667|0
R|2107|3|0|0|0|0
R|2108|3|0|0|0|0
R|2109|3|0|0|0|0
R|2110|3|0|0|0|0
R|2111|3|0|0|0|0
R|2112|3|0|0|0|0
R|2113|3|0|0|0|0
R|2114|3|0|0|0|0
R|2115|3|0|0|0|0
R|2116|3|0|0|0|0
R|2117|3|0|0|0|0
R|2118|3|0|0|0|0
R|2119|3|0|0|0|0
R|2120|3|0|0|0|0
R|2121|3|0|0|0|0
R|2122|3|0|0|0|0
R|2123|3|0|0|0|0
R|2124|3|0|0|0|0
R|2125|3|0|0|0|0
R|2126|3|0|0|0|0
R|2127|3|1|682|682|0
R|2128|3|0|0|0|0
R|2129|3|0|0|0|0
R|2130|3|0|0|0|0
R|2131|3|0|0|0|0
R|2132|3|0|0|0|0
R|2133|3|0|0|0|0
R|2134|3|0|0|0|0
R|2135|3|0|0|0|0
R|2136|3|0|0|0|0
R|2137|3|0|0|0|0
R|2138|3|0|0|0|0
R|2139|3|0|0|0|0
R|2140|3|0|0|0|0
R|2141|3|0|0|0|0
R|2142|3|0|0|0|0
R|2143|3|0|0|0|0
R|2144|3|0|0|0|0
R|2145|3|0|0|0|0
R|2146|3|0|0|0|0
R|2147|3|0|0|0|0
R|2148|3|1|671|671|0
R|2149|3|0|0|0|0
R|2150|3|0|0|0|0
R|2151|3|0|0|0|0
R|2152|3|0|0|0|0
R|2153|3|0|0|0|0
R|2154|3|0|0|0|0
R|2155|3|0|0|0|0
R|2156|3|0|0|0|0
R|2157|3|0|0|0|0
R|2158|3|0|0|0|0
R|2159|3|0|0|0|0
R|2160|3|0|0|0|0
R|2161|3|0|0|0|0
R|2162|3|0|0|0|0
R|2163|3|0|0|0|0
R|2164|3|0|0|0|0
R|2165|3|0|0|0|0
R|2166|3|0|0|0|0
R|2167|3|0|0|0|0
R|2168|3|0|0|0|0
R|2169|3|1|667|667|0
R|2170|3|0|0|0|0
R|2171|3|0|0|0|0
R|2172|3|0|0|0|0
R|2173|3|0|0|0|0
R|2174|3|0|0|0|0
R|2175|3|0|0|0|0
R|2176|3|0|0|0|0
R|2177|3|0|0|0|0
R|2178|3|0|0|0|0
R|2179|3|0|0|0|0
R|2180|3|0|0|0|0
R|2181|3|0|0|0|0
R|2182|3|0|0|0|0
R|2183|3|0|0|0|0
R|2184|3|0|0|0|0
R|2185|3|0|0|0|0
R|2186|3|0|0|0|0
R|2187|3|0|0|0|0
R|2188|3|0|0|0|0
R|2189|3|0|0|0|0
R|2190|3|1|670|670|0
R|2191|3|0|0|0|0
R|2192|3|0|0|0|0
R|2193|3|0|0|0|0
R|2194|3|0|0|0|0
R|2195|3|0|0|0|0
R|2196|3|0|0|0|0
R|2197|3|0|0|0|0
R|2198|3|0|0|0|0
R|2199|3|0|0|0|0
R|2200|3|0|0|0|0
R|2201|3|1|600|600|0
R|2202|3|1|600|600|0
R|2203|3|1|600|600|0
R|2204|3|1|600|600|0
R|2205|3|1|600|600|0
R|2206|3|1|600|600|0
R|2207|3|0|0|0|0
R|2208|3|0|0|0|0
R|2209|3|0|0|0|0
R|2210|3|0|0|0|0
R|2211|1|1|600|600|0
R|2212|1|1|600|600|0
R|2213|1|1|600|600|0
R|2214|1|1|600|600|0
R|2215|1|0|0|0|0
R|2216|1|0|0|0|0
R|2217|1|0|0|0|0
R|2218|1|0|0|0|0
R|2219|1|0|0|0|0
R|2220|1|0|0|0|0
R|2221|1|0|-954|46|1000
R|2222|1|0|-953|47|1000
R|2223|2|0|-993|7|1000
R|2224|2|0|-993|7|1000
R|2225|2|0|-993|7|1000
R|2226|2|0|-993|7|1000
R|2227|2|0|-993|7|1000
R|2228|2|0|-993|7|1000
R|2229|2|0|-993|7|1000
R|2230|2|0|-993|7|1000
R|2231|2|0|-993|7|1000
R|2232|2|0|-993|7|1000
R|2233|2|0|-868|132|1000
R|2234|2|0|-868|132|1000
R|2235|2|0|-868|132|1000
R|2236|2|0|-993|7|1000
R|2237|2|0|-993|7|1000
R|2238|2|0|-993|7|1000
R|2239|2|0|-993|7|1000
R|2240|2|0|-993|7|1000
R|2241|4|0|224|224|0
R|2242|4|0|292|292|0
R|2243|4|0|378|378|0
R|2244|4|1|442|442|0
R|2245|5|0|182|182|0
R|2246|5|0|196|196|0
R|2247|5|0|214|214|0
R|2248|5|0|228|228|0
R|2249|5|0|242|242|0
R|2250|5|0|268|268|0
R|2251|6|0|158|158|0
R|2252|6|0|206|206|0
R|2253|6|0|316|316|0
R|2254|6|0|392|392|0
DESIGN=W14_AUCTION
rows_base=2241
rows_attack=14
c_admit=917
w_admit=4
p_pair_installs=0
p_member_admit=0
b_admit=123
a_admit=1
fk2a_viol=392
fk2b_min_c_admit_margin=400
deactivations=719
fork_fail=0
cred_0=51
cred_1=1015
cred_2=0
cred_3=-36
cred_4=-1
