OUT|19|C|0|3|1|1|1|1|1|1
OUT|19|C|1|7|2|1|1|1|1|1
OUT|19|C|2|11|10|1|0|0|1|1
OUT|19|C|3|19|1|1|1|1|1|1
OUT|19|C|4|31|2|1|1|1|1|1
OUT|19|C|5|45|10|1|1|1|1|1
OUT|19|C|6|55|1|1|1|1|1|1
OUT|19|C|7|69|2|1|0|0|1|1
OUT|19|C|8|77|10|1|1|1|1|1
OUT|19|C|9|85|1|1|1|1|1|1
OUT|19|C|10|97|2|1|1|1|1|1
OUT|19|C|11|109|10|1|1|1|1|1
OUT|19|C|12|113|1|1|1|1|1|1
OUT|19|C|13|119|2|1|1|1|1|1
OUT|19|C|14|123|10|1|1|1|1|1
OUT|19|C|15|131|1|1|1|1|1|1
OUT|19|C|16|151|2|1|1|1|1|1
OUT|19|C|17|153|10|1|1|1|1|1
OUT|19|C|18|159|1|1|1|1|1|1
OUT|19|C|19|167|2|1|1|1|1|1
OUT|19|C|20|217|10|1|1|1|1|1
OUT|19|C|21|227|1|1|0|0|1|1
OUT|19|C|22|229|2|1|1|1|1|1
OUT|19|C|23|263|10|1|1|1|1|1
OUT|19|C|24|289|1|1|1|1|1|1
OUT|19|C|25|307|2|1|1|1|1|1
OUT|19|C|26|317|10|1|1|1|1|1
OUT|19|C|27|327|1|1|1|1|1|1
OUT|19|C|28|331|2|1|1|1|1|1
OUT|19|C|29|339|10|1|1|1|1|1
OUT|19|C|30|345|1|1|1|1|1|1
OUT|19|C|31|367|2|1|1|1|1|1
OUT|19|C|32|373|10|1|1|1|1|1
OUT|19|C|33|397|1|1|0|0|1|1
OUT|19|C|34|399|2|1|1|1|1|1
OUT|19|C|35|401|10|1|1|1|1|1
OUT|19|C|36|407|1|1|1|1|1|1
OUT|19|C|37|421|2|1|0|0|1|1
OUT|19|C|38|431|10|1|1|1|1|1
OUT|19|C|39|445|1|1|1|1|1|1
OUT|19|C|40|481|2|1|1|1|1|1
OUT|19|C|41|495|10|1|1|1|1|1
OUT|19|C|42|511|1|1|1|1|1|1
OUT|19|C|43|513|2|1|1|1|1|1
OUT|19|C|44|517|10|1|1|1|1|1
OUT|19|C|45|523|1|1|1|1|1|1
OUT|19|C|46|541|2|1|1|1|1|1
OUT|19|C|47|571|10|1|1|1|1|1
OUT|19|C|48|583|1|1|1|1|1|1
OUT|19|C|49|587|2|1|1|1|1|1
OUT|19|C|50|605|10|1|1|1|1|1
OUT|19|C|51|609|1|1|1|1|1|1
OUT|19|C|52|619|2|1|1|1|1|1
OUT|19|C|53|621|10|1|1|1|1|1
OUT|19|C|54|631|1|1|1|1|1|1
OUT|19|C|55|671|2|1|1|1|1|1
OUT|19|C|56|673|10|1|1|1|1|1
OUT|19|C|57|677|1|1|1|1|1|1
OUT|19|C|58|681|2|1|1|1|1|1
OUT|19|C|59|683|10|1|1|1|1|1
OUT|19|C|60|687|1|1|1|1|1|1
OUT|19|C|61|691|2|1|1|1|1|1
OUT|19|C|62|713|10|1|1|1|1|1
OUT|19|C|63|717|1|1|1|1|1|1
OUT|19|C|64|1262|2|1|1|1|1|1
OUT|19|C|65|1265|10|1|1|1|1|1
OUT|19|C|66|1272|1|1|1|1|1|1
OUT|19|C|67|1274|2|1|1|1|1|1
OUT|19|C|68|1276|10|1|1|1|1|1
OUT|19|C|69|1283|1|1|1|1|1|1
OUT|19|C|70|1284|2|1|1|1|1|1
OUT|19|C|71|1285|10|1|1|1|1|1
OUT|19|C|72|1288|1|1|1|1|1|1
OUT|19|C|73|1292|2|1|1|1|1|1
OUT|19|C|74|1299|10|1|1|1|1|1
OUT|19|C|75|1301|1|1|1|1|1|1
OUT|19|C|76|1306|2|1|1|1|1|1
OUT|19|C|77|1308|10|1|1|1|1|1
OUT|19|C|78|1310|1|1|1|1|1|1
OUT|19|C|79|1316|2|1|1|1|1|1
OUT|19|C|80|1317|10|1|1|1|1|1
OUT|19|C|81|1319|1|1|1|1|1|1
OUT|19|C|82|1320|2|1|1|1|1|1
OUT|19|C|83|1323|10|1|1|1|1|1
OUT|19|C|84|1328|1|1|1|1|1|1
OUT|19|C|85|1330|2|1|1|1|1|1
OUT|19|C|86|1331|10|1|1|1|1|1
OUT|19|C|87|1336|1|1|1|1|1|1
OUT|19|C|88|1338|2|1|1|1|1|1
OUT|19|C|89|1341|10|1|1|1|1|1
OUT|19|C|90|1345|1|1|1|1|1|1
OUT|19|C|91|1347|2|1|1|1|1|1
OUT|19|C|92|1350|10|1|1|1|1|1
OUT|19|C|93|1351|1|1|1|1|1|1
OUT|19|C|94|1352|2|1|1|1|1|1
OUT|19|C|95|1357|10|1|1|1|1|1
OUT|19|C|96|1358|1|1|1|1|1|1
OUT|19|C|97|1359|2|1|1|1|1|1
OUT|19|C|98|1364|10|1|1|1|1|1
OUT|19|C|99|1369|1|1|1|1|1|1
OUT|19|C|100|1370|2|1|1|1|1|1
OUT|19|C|101|1375|10|1|1|1|1|1
OUT|19|C|102|1379|1|1|1|1|1|1
OUT|19|C|103|1385|2|1|1|1|1|1
OUT|19|C|104|1387|10|1|1|1|1|1
OUT|19|C|105|1389|1|1|1|1|1|1
OUT|19|C|106|1390|2|1|1|1|1|1
OUT|19|C|107|1391|10|1|1|1|1|1
OUT|19|C|108|1392|1|1|1|1|1|1
OUT|19|C|109|1395|2|1|1|1|1|1
OUT|19|C|110|1396|10|1|1|1|1|1
OUT|19|C|111|1397|1|1|1|1|1|1
OUT|19|C|112|1398|2|1|1|1|1|1
OUT|19|C|113|1399|10|1|1|1|1|1
OUT|19|C|114|1400|1|1|1|1|1|1
OUT|19|C|115|1401|2|1|1|1|1|1
OUT|19|C|116|1403|10|1|1|1|1|1
OUT|19|C|117|1410|1|1|1|1|1|1
OUT|19|C|118|1414|2|1|1|1|1|1
OUT|19|C|119|1423|10|1|1|1|1|1
OUT|19|C|120|1425|1|1|1|1|1|1
OUT|19|C|121|1428|2|1|1|1|1|1
OUT|19|C|122|1436|10|1|1|1|1|1
OUT|19|C|123|1437|1|1|1|1|1|1
OUT|19|C|124|1442|2|1|1|1|1|1
OUT|19|C|125|1443|10|1|1|1|1|1
OUT|19|C|126|1447|1|1|1|1|1|1
OUT|19|C|127|1450|2|1|1|1|1|1
OUT|19|C|128|1456|10|1|1|1|1|1
OUT|19|C|129|1459|1|1|1|1|1|1
OUT|19|C|130|1460|2|1|1|1|1|1
OUT|19|C|131|1461|10|1|1|1|1|1
OUT|19|C|132|1462|1|1|1|1|1|1
OUT|19|C|133|1465|2|1|1|1|1|1
OUT|19|C|134|1478|10|1|1|1|1|1
OUT|19|C|135|1480|1|1|1|1|1|1
OUT|19|C|136|1481|2|1|1|1|1|1
OUT|19|C|137|1486|10|1|1|1|1|1
OUT|19|C|138|1490|1|1|1|1|1|1
OUT|19|C|139|1499|2|1|1|1|1|1
OUT|19|C|140|1502|10|1|1|1|1|1
OUT|19|C|141|1503|1|1|1|1|1|1
OUT|19|C|142|1506|2|1|1|1|1|1
OUT|19|C|143|1507|10|1|1|1|1|1
OUT|19|C|144|1510|1|1|1|1|1|1
OUT|19|C|145|1515|2|1|1|1|1|1
OUT|19|C|146|1518|10|1|1|1|1|1
OUT|19|C|147|1520|1|1|1|1|1|1
OUT|19|C|148|1522|2|1|1|1|1|1
OUT|19|C|149|1524|10|1|1|1|1|1
OUT|19|C|150|1526|1|1|1|1|1|1
OUT|19|C|151|1528|2|1|1|1|1|1
OUT|19|C|152|1529|10|1|1|1|1|1
OUT|19|C|153|1530|1|1|1|1|1|1
OUT|19|C|154|1531|2|1|1|1|1|1
OUT|19|C|155|1536|10|1|1|1|1|1
OUT|19|C|156|1537|1|1|1|1|1|1
OUT|19|C|157|1538|2|1|1|1|1|1
OUT|19|C|158|1540|10|1|1|1|1|1
OUT|19|C|159|1542|1|1|1|1|1|1
OUT|19|C|160|1546|2|1|1|1|1|1
OUT|19|C|161|1548|10|1|1|1|1|1
OUT|19|C|162|1553|1|1|1|1|1|1
OUT|19|C|163|1563|2|1|1|1|1|1
OUT|19|C|164|1569|10|1|1|1|1|1
OUT|19|C|165|1571|1|1|1|1|1|1
OUT|19|C|166|1573|2|1|1|1|1|1
OUT|19|C|167|1580|10|1|1|1|1|1
OUT|19|C|168|1581|1|1|1|1|1|1
OUT|19|C|169|1583|2|1|1|1|1|1
OUT|19|C|170|1584|10|1|1|1|1|1
OUT|19|C|171|1585|1|1|1|1|1|1
OUT|19|C|172|1588|2|1|1|1|1|1
OUT|19|C|173|1591|10|1|1|1|1|1
OUT|19|C|174|1595|1|1|1|1|1|1
OUT|19|C|175|1597|2|1|1|1|1|1
OUT|19|C|176|1606|10|1|1|1|1|1
OUT|19|C|177|1610|1|1|1|1|1|1
OUT|19|C|178|1611|2|1|1|1|1|1
OUT|19|C|179|1617|10|1|1|1|1|1
OUT|19|C|180|1620|1|1|1|1|1|1
OUT|19|C|181|1622|2|1|1|1|1|1
OUT|19|C|182|1627|10|1|1|1|1|1
OUT|19|C|183|1628|1|1|1|1|1|1
OUT|19|C|184|1632|2|1|1|1|1|1
OUT|19|C|185|1634|10|1|1|1|1|1
OUT|19|C|186|1636|1|1|1|1|1|1
OUT|19|C|187|1638|2|1|1|1|1|1
OUT|19|C|188|1643|10|1|1|1|1|1
OUT|19|C|189|1646|1|1|1|1|1|1
OUT|19|C|190|1649|2|1|1|1|1|1
OUT|19|C|191|1650|10|1|1|1|1|1
OUT|19|C|192|1653|1|1|1|1|1|1
OUT|19|C|193|1665|2|1|1|1|1|1
OUT|19|C|194|1673|10|1|1|1|1|1
OUT|19|C|195|1674|1|1|1|1|1|1
OUT|19|C|196|1675|2|1|1|1|1|1
OUT|19|C|197|1679|10|1|1|1|1|1
OUT|19|C|198|1681|1|1|1|1|1|1
OUT|19|C|199|1682|2|1|1|1|1|1
OUT|19|C|200|1685|10|1|1|1|1|1
OUT|19|C|201|1687|1|1|1|1|1|1
OUT|19|C|202|1689|2|1|1|1|1|1
OUT|19|C|203|1694|10|1|1|1|1|1
OUT|19|C|204|1696|1|1|1|1|1|1
OUT|19|C|205|1701|2|1|1|1|1|1
OUT|19|C|206|1704|10|1|1|1|1|1
OUT|19|C|207|1706|1|1|1|1|1|1
OUT|19|C|208|1707|2|1|1|1|1|1
OUT|19|C|209|1711|10|1|1|1|1|1
OUT|19|C|210|1717|1|1|1|1|1|1
OUT|19|C|211|1718|2|1|1|1|1|1
OUT|19|C|212|1722|10|1|1|1|1|1
OUT|19|C|213|1727|1|1|1|1|1|1
OUT|19|C|214|1730|2|1|1|1|1|1
OUT|19|C|215|1733|10|1|1|1|1|1
OUT|19|C|216|1734|1|1|1|1|1|1
OUT|19|C|217|1735|2|1|1|1|1|1
OUT|19|C|218|1738|10|1|1|1|1|1
OUT|19|C|219|1740|1|1|1|1|1|1
OUT|19|C|220|1742|2|1|1|1|1|1
OUT|19|C|221|1744|10|1|1|1|1|1
OUT|19|C|222|1745|1|1|1|1|1|1
OUT|19|C|223|1748|2|1|1|1|1|1
OUT|19|C|224|1753|10|1|1|1|1|1
OUT|19|C|225|1755|1|1|1|1|1|1
OUT|19|C|226|1761|2|1|1|1|1|1
OUT|19|C|227|1762|10|1|1|1|1|1
OUT|19|C|228|1764|1|1|1|1|1|1
OUT|19|C|229|1766|2|1|1|1|1|1
OUT|19|C|230|1768|10|1|1|1|1|1
OUT|19|C|231|1770|1|1|1|1|1|1
OUT|19|C|232|1772|2|1|1|1|1|1
OUT|19|C|233|1774|10|1|1|1|1|1
OUT|19|C|234|1777|1|1|1|1|1|1
OUT|19|C|235|1778|2|1|1|1|1|1
OUT|19|C|236|1782|10|1|1|1|1|1
OUT|19|C|237|1784|1|1|1|1|1|1
OUT|19|C|238|1786|2|1|1|1|1|1
OUT|19|C|239|1787|10|1|1|1|1|1
OUT|19|C|240|1789|1|1|1|1|1|1
OUT|19|C|241|1790|2|1|1|1|1|1
OUT|19|C|242|1791|10|1|1|1|1|1
OUT|19|C|243|1793|1|1|1|1|1|1
OUT|19|C|244|1795|2|1|1|1|1|1
OUT|19|C|245|1798|10|1|1|1|1|1
OUT|19|C|246|2365|1|1|1|1|1|1
OUT|19|C|247|2366|2|1|1|1|1|1
OUT|19|C|248|2368|10|1|1|1|1|1
OUT|19|C|249|2369|1|1|1|1|1|1
OUT|19|C|250|2371|2|1|1|1|1|1
OUT|19|C|251|2372|10|1|1|1|1|1
OUT|19|C|252|2374|1|1|1|1|1|1
OUT|19|C|253|2375|2|1|1|1|1|1
OUT|19|C|254|2377|10|1|1|1|1|1
OUT|19|C|255|2378|1|1|1|1|1|1
OUT|19|C|256|2380|2|1|1|1|1|1
OUT|19|C|257|2381|10|1|1|1|1|1
OUT|19|C|258|2383|1|1|0|0|1|1
OUT|19|C|259|2384|2|1|0|0|1|1
OUT|19|C|260|2386|10|1|1|1|1|1
OUT|19|C|261|2387|1|1|1|1|1|1
OUT|19|C|262|2390|2|1|1|1|1|1
OUT|19|C|263|2392|10|1|1|1|1|1
OUT|19|C|264|2393|1|1|1|1|1|1
OUT|19|C|265|2395|2|1|1|1|1|1
OUT|19|C|266|2396|10|1|1|1|1|1
OUT|19|C|267|2398|1|1|1|1|1|1
OUT|19|C|268|2399|2|1|0|0|1|1
OUT|19|C|269|2401|10|1|1|1|1|1
OUT|19|C|270|2402|1|1|1|1|1|1
OUT|19|C|271|2404|2|1|1|1|1|1
OUT|19|C|272|2405|10|1|1|1|1|1
OUT|19|C|273|2407|1|1|1|1|1|1
OUT|19|C|274|2408|2|1|1|1|1|1
OUT|19|C|275|2410|10|1|1|1|1|1
OUT|19|C|276|2413|1|1|1|1|1|1
OUT|19|C|277|2414|2|1|1|1|1|1
OUT|19|C|278|2416|10|1|1|1|1|1
OUT|19|C|279|2417|1|1|1|1|1|1
OUT|19|C|280|2420|2|1|1|1|1|1
OUT|19|C|281|2422|10|1|1|1|1|1
OUT|19|C|282|2423|1|1|0|0|1|1
OUT|19|C|283|2425|2|1|1|1|1|1
OUT|19|C|284|2426|10|1|1|1|1|1
OUT|19|C|285|2428|1|1|1|1|1|1
OUT|19|C|286|2429|2|1|1|1|1|1
OUT|19|C|287|2431|10|1|1|1|1|1
OUT|19|C|288|2432|1|1|1|1|1|1
OUT|19|C|289|2434|2|1|1|1|1|1
OUT|19|C|290|2435|10|1|1|1|1|1
OUT|19|C|291|2437|1|1|1|1|1|1
OUT|19|C|292|2438|2|1|1|1|1|1
OUT|19|C|293|2440|10|1|1|1|1|1
OUT|19|C|294|2441|1|1|1|1|1|1
OUT|19|C|295|2443|2|1|1|1|1|1
OUT|19|C|296|2444|10|1|1|1|1|1
OUT|19|C|297|2446|1|1|0|0|1|1
OUT|19|C|298|2447|2|1|1|1|1|1
OUT|19|C|299|2449|10|1|1|1|1|1
OUT|19|C|300|2450|1|1|1|1|1|1
OUT|19|C|301|2452|2|1|1|1|1|1
OUT|19|C|302|2453|10|1|1|1|1|1
OUT|19|C|303|2455|1|1|1|1|1|1
OUT|19|C|304|2456|2|1|1|1|1|1
OUT|19|C|305|2458|10|1|1|1|1|1
OUT|19|C|306|2459|1|1|1|1|1|1
OUT|19|C|307|2461|2|1|1|1|1|1
OUT|19|C|308|2462|10|1|1|1|1|1
OUT|19|C|309|2464|1|1|1|1|1|1
OUT|19|C|310|2465|2|1|1|1|1|1
OUT|19|C|311|2467|10|1|1|1|1|1
OUT|19|C|312|2468|1|1|1|1|1|1
OUT|19|C|313|2470|2|1|1|1|1|1
OUT|19|C|314|2471|10|1|1|1|1|1
OUT|19|C|315|2473|1|1|1|1|1|1
OUT|19|C|316|2474|2|1|1|1|1|1
OUT|19|C|317|2476|10|1|1|1|1|1
OUT|19|C|318|2477|1|1|0|0|1|1
OUT|19|C|319|2479|2|1|1|1|1|1
OUT|19|C|320|2482|10|1|1|1|1|1
OUT|19|C|321|2483|1|1|1|1|1|1
OUT|19|C|322|2485|2|1|1|1|1|1
OUT|19|C|323|2486|10|1|1|1|1|1
OUT|19|C|324|2488|1|1|1|1|1|1
OUT|19|C|325|2489|2|1|1|1|1|1
OUT|19|C|326|2491|10|1|1|1|1|1
OUT|19|C|327|2492|1|1|1|1|1|1
OUT|19|C|328|2494|2|1|1|1|1|1
OUT|19|C|329|2495|10|1|1|1|1|1
OUT|19|C|330|2497|1|1|1|1|1|1
OUT|19|C|331|2500|2|1|1|1|1|1
OUT|19|C|332|2501|10|1|1|1|1|1
OUT|19|C|333|2503|1|1|1|1|1|1
OUT|19|C|334|2504|2|1|1|1|1|1
OUT|19|C|335|2506|10|1|1|1|1|1
OUT|19|C|336|2507|1|1|1|1|1|1
OUT|19|C|337|2509|2|1|1|1|1|1
OUT|19|C|338|2510|10|1|1|1|1|1
OUT|19|C|339|2512|1|1|1|1|1|1
OUT|19|C|340|2513|2|1|1|1|1|1
OUT|19|C|341|2515|10|1|1|1|1|1
OUT|19|C|342|2516|1|1|1|1|1|1
OUT|19|C|343|2518|2|1|1|1|1|1
OUT|19|C|344|2519|10|1|0|0|1|1
OUT|19|C|345|2521|1|1|1|1|1|1
OUT|19|C|346|2522|2|1|1|1|1|1
OUT|19|C|347|2524|10|1|1|1|1|1
OUT|19|C|348|2525|1|1|1|1|1|1
OUT|19|C|349|2527|2|1|1|1|1|1
OUT|19|C|350|2528|10|1|1|1|1|1
OUT|19|C|351|2530|1|1|1|1|1|1
OUT|19|C|352|2531|2|1|1|1|1|1
OUT|19|C|353|2533|10|1|1|1|1|1
OUT|19|C|354|2534|1|1|1|1|1|1
OUT|19|C|355|2536|2|1|1|1|1|1
OUT|19|C|356|2537|10|1|0|0|1|1
OUT|19|C|357|2539|1|1|1|1|1|1
OUT|19|C|358|2540|2|1|1|1|1|1
OUT|19|C|359|2542|10|1|1|1|1|1
OUT|19|C|360|2543|1|1|1|1|1|1
OUT|19|C|361|2545|2|1|1|1|1|1
OUT|19|C|362|2546|10|1|1|1|1|1
OUT|19|C|363|2548|1|1|1|1|1|1
OUT|19|C|364|2549|2|1|1|1|1|1
OUT|19|C|365|2551|10|1|1|1|1|1
OUT|19|C|366|2555|1|1|1|1|1|1
OUT|19|C|367|2558|2|1|1|1|1|1
OUT|19|C|368|2560|10|1|1|1|1|1
OUT|19|C|369|2561|1|1|1|1|1|1
OUT|19|C|370|2563|2|1|1|1|1|1
OUT|19|C|371|2564|10|1|1|1|1|1
OUT|19|C|372|2566|1|1|1|1|1|1
OUT|19|C|373|2567|2|1|0|0|1|1
OUT|19|C|374|2569|10|1|1|1|1|1
OUT|19|C|375|2570|1|1|0|0|1|1
OUT|19|C|376|2572|2|1|1|1|1|1
OUT|19|C|377|2573|10|1|1|1|1|1
OUT|19|C|378|2575|1|1|1|1|1|1
OUT|19|C|379|2576|2|1|0|0|1|1
OUT|19|C|380|2579|10|1|0|0|1|1
OUT|19|C|381|2581|1|1|1|1|1|1
OUT|19|C|382|2582|2|1|1|1|1|1
OUT|19|C|383|2584|10|1|1|1|1|1
OUT|19|C|384|2585|1|1|1|1|1|1
OUT|19|C|385|2587|2|1|1|1|1|1
OUT|19|C|386|2588|10|1|1|1|1|1
OUT|19|C|387|2590|1|1|1|1|1|1
OUT|19|C|388|2591|2|1|1|1|1|1
OUT|19|C|389|2593|10|1|1|1|1|1
OUT|19|C|390|2596|1|1|1|1|1|1
OUT|19|C|391|2597|2|1|1|1|1|1
OUT|19|C|392|2599|10|1|1|1|1|1
OUT|19|C|393|2602|1|1|1|1|1|1
OUT|19|C|394|2603|2|1|1|1|1|1
OUT|19|C|395|2605|10|1|1|1|1|1
OUT|19|C|396|2608|1|1|1|1|1|1
OUT|19|C|397|2609|2|1|1|1|1|1
OUT|19|C|398|2611|10|1|1|1|1|1
OUT|19|C|399|2612|1|1|0|0|1|1
OUT|19|C|400|2614|2|1|1|1|1|1
OUT|19|C|401|2615|10|1|0|0|1|1
OUT|19|C|402|2617|1|1|1|1|1|1
OUT|19|C|403|2618|2|1|0|0|1|1
OUT|19|C|404|2620|10|1|1|1|1|1
OUT|19|C|405|2621|1|1|1|1|1|1
OUT|19|C|406|2623|2|1|1|1|1|1
OUT|19|C|407|2624|10|1|1|1|1|1
OUT|19|C|408|2626|1|1|1|1|1|1
OUT|19|C|409|2627|2|1|1|1|1|1
OUT|19|C|410|2629|10|1|1|1|1|1
OUT|19|C|411|2630|1|1|1|1|1|1
OUT|19|C|412|2632|2|1|1|1|1|1
OUT|19|C|413|2633|10|1|1|1|1|1
OUT|19|C|414|2636|1|1|0|0|1|1
OUT|19|C|415|2638|2|1|1|1|1|1
OUT|19|C|416|2639|10|1|0|0|1|1
OUT|19|C|417|2641|1|1|1|1|1|1
OUT|19|C|418|2642|2|1|1|1|1|1
OUT|19|C|419|2644|10|1|1|1|1|1
OUT|19|C|420|2645|1|1|0|0|1|1
OUT|19|C|421|2647|2|1|1|1|1|1
OUT|19|C|422|2648|10|1|1|1|1|1
OUT|19|C|423|2650|1|1|1|1|1|1
OUT|19|C|424|2651|2|1|0|0|1|1
OUT|19|C|425|2653|10|1|1|1|1|1
OUT|19|C|426|2656|1|1|1|1|1|1
OUT|19|C|427|2657|2|1|1|1|1|1
OUT|19|C|428|2660|10|1|0|0|1|1
OUT|19|C|429|2662|1|1|1|1|1|1
OUT|19|C|430|2663|2|1|1|1|1|1
OUT|19|C|431|2665|10|1|0|0|1|1
OUT|19|C|432|2668|1|1|1|1|1|1
OUT|19|C|433|2669|2|1|1|1|1|1
OUT|19|C|434|2671|10|1|1|1|1|1
OUT|19|C|435|2672|1|1|1|1|1|1
OUT|19|C|436|2675|2|1|0|0|1|1
OUT|19|C|437|2677|10|1|1|1|1|1
OUT|19|C|438|2678|1|1|1|1|1|1
OUT|19|C|439|2681|2|1|1|1|1|1
OUT|19|C|440|2683|10|1|1|1|1|1
OUT|19|C|441|2684|1|1|0|0|1|1
OUT|19|C|442|2686|2|1|1|1|1|1
OUT|19|C|443|2687|10|1|1|1|1|1
OUT|19|C|444|2689|1|1|1|1|1|1
OUT|19|C|445|2690|2|1|0|0|1|1
OUT|19|C|446|2692|10|1|1|1|1|1
OUT|19|C|447|2693|1|1|0|0|1|1
OUT|19|C|448|2695|2|1|1|1|1|1
OUT|19|C|449|2696|10|1|1|1|1|1
OUT|19|C|450|2698|1|1|1|1|1|1
OUT|19|C|451|2699|2|1|1|1|1|1
OUT|19|C|452|2701|10|1|1|1|1|1
OUT|19|C|453|2702|1|1|1|1|1|1
OUT|19|C|454|2704|2|1|1|1|1|1
OUT|19|C|455|2705|10|1|1|1|1|1
OUT|19|C|456|2707|1|1|1|1|1|1
OUT|19|C|457|2708|2|1|1|1|1|1
OUT|19|C|458|2711|10|1|1|1|1|1
OUT|19|C|459|2713|1|1|1|1|1|1
OUT|19|C|460|2714|2|1|0|0|1|1
OUT|19|C|461|2716|10|1|1|1|1|1
OUT|19|C|462|2719|1|1|1|1|1|1
OUT|19|C|463|2720|2|1|1|1|1|1
OUT|19|C|464|2722|10|1|1|1|1|1
OUT|19|C|465|2726|1|1|1|1|1|1
OUT|19|C|466|2728|2|1|1|1|1|1
OUT|19|C|467|2729|10|1|1|1|1|1
OUT|19|C|468|2731|1|1|0|0|1|1
OUT|19|C|469|2732|2|1|1|1|1|1
OUT|19|C|470|2734|10|1|1|1|1|1
OUT|19|C|471|2735|1|1|1|1|1|1
OUT|19|C|472|2737|2|1|1|1|1|1
OUT|19|C|473|2738|10|1|1|1|1|1
OUT|19|C|474|2740|1|1|1|1|1|1
OUT|19|C|475|2741|2|1|1|1|1|1
OUT|19|C|476|2743|10|1|1|1|1|1
OUT|19|C|477|2744|1|1|1|1|1|1
OUT|19|C|478|2746|2|1|1|1|1|1
OUT|19|C|479|2747|10|1|1|1|1|1
OUT|19|C|480|2749|1|1|1|1|1|1
OUT|19|C|481|2750|2|1|0|0|1|1
OUT|19|C|482|2752|10|1|1|1|1|1
OUT|19|C|483|2753|1|1|1|1|1|1
OUT|19|C|484|2755|2|1|1|1|1|1
OUT|19|C|485|2756|10|1|1|1|1|1
OUT|19|C|486|2758|1|1|1|1|1|1
OUT|19|C|487|2759|2|1|1|1|1|1
OUT|19|C|488|2761|10|1|1|1|1|1
OUT|19|C|489|2762|1|1|1|1|1|1
OUT|19|C|490|2764|2|1|1|1|1|1
OUT|19|C|491|2765|10|1|0|0|1|1
OUT|19|C|492|2767|1|1|0|0|1|1
OUT|19|C|493|2768|2|1|0|0|1|1
OUT|19|C|494|2770|10|1|0|0|1|1
OUT|19|C|495|2771|1|1|0|0|1|1
OUT|19|C|496|2773|2|1|1|1|1|1
OUT|19|C|497|2774|10|1|0|0|1|1
OUT|19|C|498|2776|1|1|0|0|1|1
OUT|19|C|499|2777|2|1|1|1|1|1
OUT|19|C|500|2780|10|1|1|1|1|1
OUT|19|C|501|2782|1|1|1|1|1|1
OUT|19|C|502|2783|2|1|1|1|1|1
OUT|19|C|503|2785|10|1|1|1|1|1
OUT|19|C|504|2786|1|1|1|1|1|1
OUT|19|C|505|2788|2|1|1|1|1|1
OUT|19|C|506|2789|10|1|1|1|1|1
OUT|19|C|507|2792|1|1|1|1|1|1
OUT|19|C|508|2794|2|1|1|1|1|1
OUT|19|C|509|2795|10|1|1|1|1|1
OUT|19|C|510|2797|1|1|0|0|1|1
OUT|19|C|511|2798|2|1|0|0|1|1
OUT|19|C|512|2800|10|1|1|1|1|1
OUT|19|C|513|2801|1|1|1|1|1|1
OUT|19|C|514|2803|2|1|1|1|1|1
OUT|19|C|515|2804|10|1|1|1|1|1
OUT|19|C|516|2807|1|1|0|0|1|1
OUT|19|C|517|2809|2|1|0|0|1|1
OUT|19|C|518|2810|10|1|1|1|1|1
OUT|19|C|519|2812|1|1|1|1|1|1
OUT|19|C|520|2813|2|1|0|0|1|1
OUT|19|C|521|2816|10|1|1|1|1|1
OUT|19|C|522|2818|1|1|1|1|1|1
OUT|19|C|523|2819|2|1|1|1|1|1
OUT|19|C|524|2821|10|1|1|1|1|1
OUT|19|C|525|2822|1|1|0|0|1|1
OUT|19|C|526|2824|2|1|1|1|1|1
OUT|19|C|527|2825|10|1|1|1|1|1
OUT|19|C|528|2827|1|1|1|1|1|1
OUT|19|C|529|2828|2|1|0|0|1|1
OUT|19|C|530|2830|10|1|0|0|1|1
OUT|19|C|531|2831|1|1|0|0|1|1
OUT|19|C|532|2833|2|1|1|1|1|1
OUT|19|C|533|2834|10|1|0|0|1|1
OUT|19|C|534|2836|1|1|1|1|1|1
OUT|19|C|535|2837|2|1|1|1|1|1
OUT|19|C|536|2839|10|1|0|0|1|1
OUT|19|C|537|2840|1|1|1|1|1|1
OUT|19|C|538|2843|2|1|0|0|1|1
OUT|19|C|539|2845|10|1|0|0|1|1
OUT|19|C|540|2846|1|1|1|1|1|1
OUT|19|C|541|2849|2|1|0|0|1|1
OUT|19|C|542|2851|10|1|0|0|1|1
OUT|19|C|543|2852|1|1|0|0|1|1
OUT|19|C|544|2854|2|1|1|1|1|1
OUT|19|C|545|2855|10|1|1|1|1|1
OUT|19|C|546|2857|1|1|1|1|1|1
OUT|19|C|547|2858|2|1|1|1|1|1
OUT|19|C|548|2860|10|1|1|1|1|1
OUT|19|C|549|2861|1|1|1|1|1|1
OUT|19|C|550|2863|2|1|1|1|1|1
OUT|19|C|551|2864|10|1|1|1|1|1
OUT|19|C|552|2866|1|1|1|1|1|1
OUT|19|C|553|2867|2|1|0|0|1|1
OUT|19|C|554|2869|10|1|1|1|1|1
OUT|19|C|555|2870|1|1|0|0|1|1
OUT|19|C|556|2872|2|1|1|1|1|1
OUT|19|C|557|2873|10|1|1|1|1|1
OUT|19|C|558|2875|1|1|1|1|1|1
OUT|19|C|559|2876|2|1|1|1|1|1
OUT|19|C|560|2878|10|1|1|1|1|1
OUT|19|C|561|2879|1|1|0|0|1|1
OUT|19|C|562|2881|2|1|1|1|1|1
OUT|19|C|563|2882|10|1|1|1|1|1
OUT|19|C|564|2884|1|1|0|0|1|1
OUT|19|C|565|2887|2|1|1|1|1|1
OUT|19|C|566|2888|10|1|1|1|1|1
OUT|19|C|567|2890|1|1|1|1|1|1
OUT|19|C|568|2891|2|1|1|1|1|1
OUT|19|C|569|2893|10|1|1|1|1|1
OUT|19|C|570|2894|1|1|0|0|1|1
OUT|19|C|571|2896|2|1|1|1|1|1
OUT|19|C|572|2897|10|1|0|0|1|1
OUT|19|C|573|2899|1|1|1|1|1|1
OUT|19|C|574|2900|2|1|1|1|1|1
OUT|19|C|575|2902|10|1|1|1|1|1
OUT|19|C|576|2903|1|1|1|1|1|1
OUT|19|C|577|2905|2|1|0|0|1|1
OUT|19|C|578|2906|10|1|1|1|1|1
OUT|19|C|579|2909|1|1|1|1|1|1
OUT|19|C|580|2911|2|1|0|0|1|1
OUT|19|C|581|2912|10|1|1|1|1|1
OUT|19|C|582|2914|1|1|1|1|1|1
OUT|19|C|583|2915|2|1|0|0|1|1
OUT|19|C|584|2917|10|1|0|0|1|1
OUT|19|C|585|2918|1|1|0|0|1|1
OUT|19|C|586|2920|2|1|0|0|1|1
OUT|19|C|587|2921|10|1|0|0|1|1
OUT|19|C|588|2923|1|1|1|1|1|1
OUT|19|C|589|2924|2|1|1|1|1|1
OUT|19|C|590|2926|10|1|1|1|1|1
OUT|19|C|591|2927|1|1|1|1|1|1
OUT|19|C|592|2929|2|1|1|1|1|1
OUT|19|C|593|2930|10|1|1|1|1|1
OUT|19|C|594|2932|1|1|1|1|1|1
OUT|19|C|595|2933|2|1|1|1|1|1
OUT|19|C|596|2935|10|1|1|1|1|1
OUT|19|C|597|2936|1|1|0|0|1|1
OUT|19|C|598|2938|2|1|0|0|1|1
OUT|19|C|599|2941|10|1|1|1|1|1
OUT|19|C|600|2942|1|1|0|0|1|1
OUT|19|C|601|2945|2|1|1|1|1|1
OUT|19|C|602|2947|10|1|0|0|1|1
OUT|19|C|603|2948|1|1|1|1|1|1
OUT|19|C|604|2950|2|1|1|1|1|1
OUT|19|C|605|2951|10|1|0|0|1|1
OUT|19|C|606|2953|1|1|1|1|1|1
OUT|19|C|607|2954|2|1|1|1|1|1
OUT|19|C|608|2956|10|1|0|0|1|1
OUT|19|C|609|2957|1|1|1|1|1|1
OUT|19|C|610|2959|2|1|0|0|1|1
OUT|19|C|611|2960|10|1|1|1|1|1
OUT|19|C|612|2962|1|1|1|1|1|1
OUT|19|C|613|2963|2|1|1|1|1|1
OUT|19|C|614|2965|10|1|1|1|1|1
OUT|19|C|615|2966|1|1|1|1|1|1
OUT|19|C|616|2968|2|1|1|1|1|1
OUT|19|C|617|2969|10|1|0|0|1|1
OUT|19|C|618|2971|1|1|1|1|1|1
OUT|19|C|619|2972|2|1|1|1|1|1
OUT|19|C|620|2974|10|1|0|0|1|1
OUT|19|C|621|2975|1|1|1|1|1|1
OUT|19|C|622|2977|2|1|1|1|1|1
OUT|19|C|623|2978|10|1|0|0|1|1
OUT|19|C|624|2980|1|1|1|1|1|1
OUT|19|C|625|2981|2|1|0|0|1|1
OUT|19|C|626|2983|10|1|1|1|1|1
OUT|19|C|627|2984|1|1|1|1|1|1
OUT|19|C|628|2986|2|1|1|1|1|1
OUT|19|C|629|2987|10|1|1|1|1|1
OUT|19|C|630|2992|1|1|1|1|1|1
OUT|19|C|631|2993|2|1|0|0|1|1
OUT|19|C|632|2995|10|1|1|1|1|1
OUT|19|C|633|2996|1|1|1|1|1|1
OUT|19|C|634|2999|2|1|0|0|1|1
OUT|19|C|635|3002|10|1|1|1|1|1
OUT|19|C|636|3004|1|1|0|0|1|1
OUT|19|C|637|3005|2|1|1|1|1|1
OUT|19|C|638|3007|10|1|0|0|1|1
OUT|19|C|639|3008|1|1|1|1|1|1
OUT|19|C|640|3010|2|1|1|1|1|1
OUT|19|C|641|3011|10|1|1|1|1|1
OUT|19|C|642|3013|1|1|1|1|1|1
OUT|19|C|643|3014|2|1|0|0|1|1
OUT|19|C|644|3016|10|1|0|0|1|1
OUT|19|C|645|3017|1|1|1|1|1|1
OUT|19|C|646|3019|2|1|1|1|1|1
OUT|19|C|647|3020|10|1|1|1|1|1
OUT|19|C|648|3022|1|1|0|0|1|1
OUT|19|C|649|3025|2|1|1|1|1|1
OUT|19|C|650|3028|10|1|1|1|1|1
OUT|19|C|651|3029|1|1|1|1|1|1
OUT|19|C|652|3031|2|1|0|0|1|1
OUT|19|C|653|3032|10|1|0|0|1|1
OUT|19|C|654|3034|1|1|1|1|1|1
OUT|19|C|655|3035|2|1|0|0|1|1
OUT|19|C|656|3037|10|1|1|1|1|1
OUT|19|C|657|3038|1|1|0|0|1|1
OUT|19|C|658|3040|2|1|1|1|1|1
OUT|19|C|659|3041|10|1|1|1|1|1
OUT|19|C|660|3043|1|1|1|1|1|1
OUT|19|C|661|3044|2|1|1|1|1|1
OUT|19|C|662|3046|10|1|1|1|1|1
OUT|19|C|663|3049|1|1|1|1|1|1
OUT|19|C|664|3050|2|1|1|1|1|1
OUT|19|C|665|3052|10|1|1|1|1|1
OUT|19|C|666|3053|1|1|1|1|1|1
OUT|19|C|667|3055|2|1|1|1|1|1
OUT|19|C|668|3056|10|1|1|1|1|1
OUT|19|C|669|3058|1|1|1|1|1|1
OUT|19|C|670|3059|2|1|1|1|1|1
OUT|19|C|671|3061|10|1|1|1|1|1
OUT|19|C|672|3062|1|1|1|1|1|1
OUT|19|C|673|3064|2|1|1|1|1|1
OUT|19|C|674|3065|10|1|1|1|1|1
OUT|19|C|675|3067|1|1|1|1|1|1
OUT|19|C|676|3068|2|1|1|1|1|1
OUT|19|C|677|3070|10|1|1|1|1|1
OUT|19|C|678|3071|1|1|1|1|1|1
OUT|19|C|679|3073|2|1|0|0|1|1
OUT|19|C|680|3074|10|1|0|0|1|1
OUT|19|C|681|3077|1|1|1|1|1|1
OUT|19|C|682|3079|2|1|1|1|1|1
OUT|19|C|683|3080|10|1|1|1|1|1
OUT|19|C|684|3082|1|1|1|1|1|1
OUT|19|C|685|3083|2|1|1|1|1|1
OUT|19|C|686|5103|10|1|0|0|1|1
OUT|19|C|687|5105|1|1|0|0|1|1
OUT|19|C|688|5115|2|1|0|0|1|1
OUT|19|C|689|5117|10|1|0|0|1|1
OUT|19|C|690|5125|1|1|0|0|1|1
OUT|19|C|691|5127|2|1|0|0|1|1
OUT|19|C|692|5133|10|1|0|0|1|1
OUT|19|C|693|5139|1|1|0|0|1|1
OUT|19|C|694|5160|2|1|0|0|1|1
OUT|19|C|695|5161|10|1|0|0|1|1
OUT|19|C|696|5162|1|1|0|0|1|1
OUT|19|C|697|5163|2|1|0|0|1|1
OUT|19|C|698|5164|10|1|0|0|1|1
OUT|19|C|699|5165|1|1|0|0|1|1
OUT|19|C|700|5166|2|1|0|0|1|1
OUT|19|C|701|5167|10|1|0|0|1|1
OUT|19|C|702|5168|1|1|0|0|1|1
OUT|19|C|703|5169|2|1|0|0|1|1
OUT|19|C|704|5170|10|1|0|0|1|1
OUT|19|C|705|5171|1|1|0|0|1|1
OUT|19|C|706|5172|2|1|0|0|1|1
OUT|19|C|707|5173|10|1|0|0|1|1
OUT|19|C|708|5192|1|1|0|0|1|1
OUT|19|C|709|5261|2|1|0|0|1|1
OUT|19|C|710|5264|10|1|0|0|1|1
OUT|19|C|711|5265|1|1|0|0|1|1
OUT|19|C|712|5267|2|1|0|0|1|1
OUT|19|C|713|5268|10|1|0|0|1|1
OUT|19|C|714|5271|1|1|0|0|1|1
OUT|19|C|715|5273|2|1|0|0|1|1
OUT|19|C|716|5276|10|1|0|0|1|1
OUT|19|C|717|5277|1|1|0|0|1|1
OUT|19|C|718|5279|2|1|0|0|1|1
OUT|19|C|719|5280|10|1|0|0|1|1
OUT|19|C|720|5283|1|1|0|0|1|1
OUT|19|C|721|5285|2|1|0|0|1|1
OUT|19|C|722|5288|10|1|0|0|1|1
OUT|19|C|723|5289|1|1|0|0|1|1
OUT|19|C|724|5291|2|1|0|0|1|1
OUT|19|C|725|5292|10|1|0|0|1|1
OUT|19|C|726|5295|1|1|0|0|1|1
OUT|19|C|727|5297|2|1|0|0|1|1
OUT|19|C|728|5300|10|1|0|0|1|1
OUT|19|C|729|5301|1|1|0|0|1|1
OUT|19|C|730|5303|2|1|0|0|1|1
OUT|19|C|731|5304|10|1|0|0|1|1
OUT|19|C|732|5307|1|1|0|0|1|1
OUT|19|C|733|5309|2|1|0|0|1|1
OUT|19|C|734|5312|10|1|0|0|1|1
OUT|19|C|735|5313|1|1|0|0|1|1
OUT|19|C|736|5315|2|1|0|0|1|1
OUT|19|C|737|5316|10|1|0|0|1|1
OUT|19|C|738|5319|1|1|0|0|1|1
OUT|19|C|739|5473|2|1|0|0|1|1
OUT|19|C|740|5475|10|1|0|0|1|1
OUT|19|C|741|5485|1|1|0|0|1|1
OUT|19|C|742|5487|2|1|0|0|1|1
OUT|19|C|743|5497|10|1|0|0|1|1
OUT|19|C|744|5503|1|1|0|0|1|1
OUT|19|C|745|5509|2|1|0|0|1|1
OUT|19|C|746|5530|10|1|0|0|1|1
OUT|19|C|747|5531|1|1|0|0|1|1
OUT|19|C|748|5532|2|1|0|0|1|1
OUT|19|C|749|5533|10|1|0|0|1|1
OUT|19|C|750|5534|1|1|0|0|1|1
OUT|19|C|751|5535|2|1|0|0|1|1
OUT|19|C|752|5536|10|1|0|0|1|1
OUT|19|C|753|5537|1|1|0|0|1|1
OUT|19|C|754|5538|2|1|0|0|1|1
OUT|19|C|755|5539|10|1|0|0|1|1
OUT|19|C|756|5540|1|1|0|0|1|1
OUT|19|C|757|5541|2|1|0|0|1|1
OUT|19|C|758|5542|10|1|0|0|1|1
OUT|19|C|759|5543|1|1|0|0|1|1
OUT|19|C|760|5562|2|1|0|0|1|1
OUT|19|C|761|5631|10|1|0|0|1|1
OUT|19|C|762|5634|1|1|0|0|1|1
OUT|19|C|763|5635|2|1|0|0|1|1
OUT|19|C|764|5637|10|1|0|0|1|1
OUT|19|C|765|5638|1|1|0|0|1|1
OUT|19|C|766|5641|2|1|0|0|1|1
OUT|19|C|767|5643|10|1|0|0|1|1
OUT|19|C|768|5646|1|1|0|0|1|1
OUT|19|C|769|5647|2|1|0|0|1|1
OUT|19|C|770|5649|10|1|0|0|1|1
OUT|19|C|771|5650|1|1|0|0|1|1
OUT|19|C|772|5653|2|1|0|0|1|1
OUT|19|C|773|5655|10|1|0|0|1|1
OUT|19|C|774|5658|1|1|0|0|1|1
OUT|19|C|775|5659|2|1|0|0|1|1
OUT|19|C|776|5661|10|1|0|0|1|1
OUT|19|C|777|5662|1|1|0|0|1|1
OUT|19|C|778|5665|2|1|0|0|1|1
OUT|19|C|779|5667|10|1|0|0|1|1
OUT|19|C|780|5670|1|1|0|0|1|1
OUT|19|C|781|5671|2|1|0|0|1|1
OUT|19|C|782|5673|10|1|0|0|1|1
OUT|19|C|783|5674|1|1|0|0|1|1
OUT|19|C|784|5677|2|1|0|0|1|1
OUT|19|C|785|5679|10|1|0|0|1|1
OUT|19|C|786|5682|1|1|0|0|1|1
OUT|19|C|787|5683|2|1|0|0|1|1
OUT|19|C|788|5685|10|1|0|0|1|1
OUT|19|C|789|5686|1|1|0|0|1|1
OUT|19|C|790|5689|2|1|0|0|1|1
OUT|19|C|791|6521|10|1|1|1|1|1
OUT|19|C|792|6613|1|1|1|1|1|1
OUT|19|C|793|6716|2|1|0|0|1|1
OUT|19|C|794|6764|10|1|0|0|1|1
OUT|19|C|795|6904|1|1|1|1|1|1
OUT|19|C|796|7308|2|1|0|0|1|1
OUT|19|C|797|7427|10|1|0|0|1|1
OUT|19|C|798|7616|1|1|1|1|1|1
OUT|19|C|799|9416|2|1|0|0|1|1
OUT|19|C|800|9417|10|1|0|0|1|1
OUT|19|C|801|9419|1|1|0|0|1|1
OUT|19|C|802|9420|2|1|0|0|1|1
OUT|19|C|803|9422|10|1|0|0|1|1
OUT|19|C|804|9423|1|1|1|1|1|1
OUT|19|C|805|9425|2|1|0|0|1|1
OUT|19|C|806|9426|10|1|0|0|1|1
OUT|19|C|807|9428|1|1|1|1|1|1
OUT|19|C|808|9429|2|1|1|1|1|1
OUT|19|C|809|9431|10|1|1|1|1|1
OUT|19|C|810|9432|1|1|0|0|1|1
OUT|19|C|811|9434|2|1|1|1|1|1
OUT|19|C|812|9435|10|1|1|1|1|1
OUT|19|C|813|9437|1|1|1|1|1|1
OUT|19|C|814|9438|2|1|1|1|1|1
OUT|19|C|815|9440|10|1|1|1|1|1
OUT|19|C|816|9443|1|1|1|1|1|1
OUT|19|C|817|9444|2|1|0|0|1|1
OUT|19|C|818|9446|10|1|0|0|1|1
OUT|19|C|819|9449|1|1|0|0|1|1
OUT|19|C|820|9450|2|1|1|1|1|1
OUT|19|C|821|9452|10|1|0|0|1|1
OUT|19|C|822|9453|1|1|0|0|1|1
OUT|19|C|823|9456|2|1|0|0|1|1
OUT|19|C|824|9458|10|1|0|0|1|1
OUT|19|C|825|9459|1|1|1|1|1|1
OUT|19|C|826|9461|2|1|1|1|1|1
OUT|19|C|827|9462|10|1|1|1|1|1
OUT|19|C|828|9465|1|1|1|1|1|1
OUT|19|C|829|9467|2|1|1|1|1|1
OUT|19|C|830|9471|10|1|1|1|1|1
OUT|19|C|831|9473|1|1|0|0|1|1
OUT|19|C|832|9474|2|1|0|0|1|1
OUT|19|C|833|9476|10|1|0|0|1|1
OUT|19|C|834|9480|1|1|1|1|1|1
OUT|19|C|835|9488|2|1|1|1|1|1
OUT|19|C|836|9494|10|1|1|1|1|1
OUT|19|C|837|9495|1|1|0|0|1|1
OUT|19|C|838|9498|2|1|0|0|1|1
OUT|19|C|839|9500|10|1|1|1|1|1
OUT|19|C|840|9501|1|1|0|0|1|1
OUT|19|C|841|9503|2|1|1|1|1|1
OUT|19|C|842|9504|10|1|0|0|1|1
OUT|19|C|843|9506|1|1|0|0|1|1
OUT|19|C|844|9507|2|1|0|0|1|1
OUT|19|C|845|9510|10|1|1|1|1|1
OUT|19|C|846|9512|1|1|0|0|1|1
OUT|19|C|847|9516|2|1|0|0|1|1
OUT|19|C|848|9518|10|1|0|0|1|1
OUT|19|C|849|9519|1|1|1|1|1|1
OUT|19|C|850|9521|2|1|1|1|1|1
OUT|19|C|851|9522|10|1|1|1|1|1
OUT|19|C|852|9525|1|1|1|1|1|1
OUT|19|C|853|9527|2|1|0|0|1|1
OUT|19|C|854|9528|10|1|0|0|1|1
OUT|19|C|855|9531|1|1|1|1|1|1
OUT|19|C|856|9534|2|1|0|0|1|1
OUT|19|C|857|9536|10|1|0|0|1|1
OUT|19|C|858|9537|1|1|0|0|1|1
OUT|19|C|859|9539|2|1|1|1|1|1
OUT|19|C|860|9540|10|1|1|1|1|1
OUT|19|C|861|9542|1|1|0|0|1|1
OUT|19|C|862|9543|2|1|0|0|1|1
OUT|19|C|863|9545|10|1|0|0|1|1
OUT|19|C|864|9546|1|1|0|0|1|1
OUT|19|C|865|9551|2|1|0|0|1|1
OUT|19|C|866|9554|10|1|1|1|1|1
OUT|19|C|867|9555|1|1|0|0|1|1
OUT|19|C|868|9557|2|1|0|0|1|1
OUT|19|C|869|9558|10|1|1|1|1|1
OUT|19|C|870|9560|1|1|1|1|1|1
OUT|19|C|871|9561|2|1|1|1|1|1
OUT|19|C|872|9563|10|1|1|1|1|1
OUT|19|C|873|9564|1|1|1|1|1|1
OUT|19|C|874|9566|2|1|0|0|1|1
OUT|19|C|875|9567|10|1|0|0|1|1
OUT|19|C|876|9570|1|1|0|0|1|1
OUT|19|C|877|9572|2|1|0|0|1|1
OUT|19|C|878|9573|10|1|1|1|1|1
OUT|19|C|879|9576|1|1|1|1|1|1
OUT|19|C|880|9579|2|1|1|1|1|1
OUT|19|C|881|9581|10|1|1|1|1|1
OUT|19|C|882|9582|1|1|1|1|1|1
OUT|19|C|883|9584|2|1|1|1|1|1
OUT|19|C|884|9587|10|1|1|1|1|1
OUT|19|C|885|9590|1|1|1|1|1|1
OUT|19|C|886|9591|2|1|0|0|1|1
OUT|19|C|887|9596|10|1|0|0|1|1
OUT|19|C|888|9597|1|1|0|0|1|1
OUT|19|C|889|9599|2|1|0|0|1|1
OUT|19|C|890|9600|10|1|1|1|1|1
OUT|19|C|891|9602|1|1|1|1|1|1
OUT|19|C|892|9605|2|1|0|0|1|1
OUT|19|C|893|9608|10|1|1|1|1|1
OUT|19|C|894|9611|1|1|1|1|1|1
OUT|19|C|895|9612|2|1|1|1|1|1
OUT|19|C|896|9615|10|1|1|1|1|1
OUT|19|C|897|9617|1|1|0|0|1|1
OUT|19|C|898|9620|2|1|1|1|1|1
OUT|19|C|899|9621|10|1|1|1|1|1
OUT|19|C|900|9623|1|1|1|1|1|1
OUT|19|C|901|9626|2|1|1|1|1|1
OUT|19|C|902|9627|10|1|0|0|1|1
OUT|19|C|903|9629|1|1|1|1|1|1
OUT|19|C|904|9630|2|1|1|1|1|1
OUT|19|C|905|9632|10|1|0|0|1|1
OUT|19|C|906|9635|1|1|0|0|1|1
OUT|19|C|907|9636|2|1|0|0|1|1
OUT|19|C|908|9638|10|1|1|1|1|1
OUT|19|C|909|9639|1|1|0|0|1|1
OUT|19|C|910|9641|2|1|0|0|1|1
OUT|19|C|911|9642|10|1|0|0|1|1
OUT|19|C|912|9644|1|1|0|0|1|1
OUT|19|C|913|9645|2|1|1|1|1|1
OUT|19|C|914|9647|10|1|1|1|1|1
OUT|19|C|915|9648|1|1|1|1|1|1
OUT|19|C|916|9653|2|1|0|0|1|1
OUT|19|C|917|9654|10|1|1|1|1|1
OUT|19|C|918|9657|1|1|0|0|1|1
OUT|19|C|919|9660|2|1|1|1|1|1
OUT|19|C|920|9662|10|1|1|1|1|1
OUT|19|C|921|9666|1|1|1|1|1|1
OUT|19|C|922|9668|2|1|1|1|1|1
OUT|19|C|923|9669|10|1|0|0|1|1
OUT|19|C|924|9671|1|1|1|1|1|1
OUT|19|C|925|9672|2|1|1|1|1|1
OUT|19|C|926|9674|10|1|0|0|1|1
OUT|19|C|927|9675|1|1|1|1|1|1
OUT|19|C|928|9677|2|1|0|0|1|1
OUT|19|C|929|9678|10|1|1|1|1|1
OUT|19|C|930|9680|1|1|1|1|1|1
OUT|19|C|931|9681|2|1|0|0|1|1
OUT|19|C|932|9684|10|1|1|1|1|1
OUT|19|C|933|9686|1|1|0|0|1|1
OUT|19|C|934|9687|2|1|0|0|1|1
OUT|19|C|935|9689|10|1|1|1|1|1
OUT|19|C|936|9690|1|1|0|0|1|1
OUT|19|C|937|9693|2|1|0|0|1|1
OUT|19|C|938|9698|10|1|0|0|1|1
OUT|19|C|939|9699|1|1|1|1|1|1
OUT|19|C|940|9701|2|1|0|0|1|1
OUT|19|C|941|9702|10|1|1|1|1|1
OUT|19|C|942|9704|1|1|1|1|1|1
OUT|19|C|943|9708|2|1|1|1|1|1
OUT|19|C|944|9710|10|1|1|1|1|1
OUT|19|C|945|9711|1|1|0|0|1|1
OUT|19|C|946|9714|2|1|0|0|1|1
OUT|19|C|947|9719|10|1|1|1|1|1
OUT|19|C|948|9720|1|1|0|0|1|1
OUT|19|C|949|9722|2|1|0|0|1|1
OUT|19|C|950|9723|10|1|0|0|1|1
OUT|19|C|951|9725|1|1|0|0|1|1
OUT|19|C|952|9726|2|1|0|0|1|1
OUT|19|C|953|9728|10|1|0|0|1|1
OUT|19|C|954|9732|1|1|1|1|1|1
OUT|19|C|955|9734|2|1|0|0|1|1
OUT|19|C|956|9735|10|1|1|1|1|1
OUT|19|C|957|9737|1|1|0|0|1|1
OUT|19|C|958|9738|2|1|0|0|1|1
OUT|19|C|959|9740|10|1|1|1|1|1
OUT|19|C|960|9741|1|1|1|1|1|1
OUT|19|C|961|9743|2|1|0|0|1|1
OUT|19|C|962|9746|10|1|1|1|1|1
OUT|19|C|963|9747|1|1|0|0|1|1
OUT|19|C|964|9749|2|1|0|0|1|1
OUT|19|C|965|9750|10|1|1|1|1|1
OUT|19|C|966|9752|1|1|0|0|1|1
OUT|19|C|967|9755|2|1|1|1|1|1
OUT|19|C|968|9756|10|1|0|0|1|1
OUT|19|C|969|9758|1|1|1|1|1|1
OUT|19|C|970|9759|2|1|1|1|1|1
OUT|19|C|971|9761|10|1|0|0|1|1
OUT|19|C|972|9762|1|1|0|0|1|1
OUT|19|C|973|9765|2|1|1|1|1|1
OUT|19|C|974|9767|10|1|0|0|1|1
OUT|19|C|975|9768|1|1|0|0|1|1
OUT|19|C|976|9770|2|1|0|0|1|1
OUT|19|C|977|9771|10|1|1|1|1|1
OUT|19|C|978|9774|1|1|1|1|1|1
OUT|19|C|979|9776|2|1|1|1|1|1
OUT|19|C|980|9777|10|1|1|1|1|1
OUT|19|C|981|9779|1|1|1|1|1|1
OUT|19|C|982|9780|2|1|0|0|1|1
OUT|19|C|983|9782|10|1|0|0|1|1
OUT|19|C|984|9785|1|1|0|0|1|1
OUT|19|C|985|9786|2|1|0|0|1|1
OUT|19|C|986|9788|10|1|1|1|1|1
OUT|19|C|987|9789|1|1|1|1|1|1
OUT|19|C|988|9791|2|1|0|0|1|1
OUT|19|C|989|9792|10|1|1|1|1|1
OUT|19|C|990|9795|1|1|1|1|1|1
OUT|19|C|991|9798|2|1|0|0|1|1
OUT|19|C|992|9800|10|1|1|1|1|1
OUT|19|C|993|9801|1|1|0|0|1|1
OUT|19|C|994|9803|2|1|0|0|1|1
OUT|19|C|995|9804|10|1|0|0|1|1
OUT|19|C|996|9806|1|1|1|1|1|1
OUT|19|C|997|9807|2|1|1|1|1|1
OUT|19|C|998|9810|10|1|1|1|1|1
OUT|19|C|999|10966|1|1|1|1|1|1
OUT|19|C|1000|10967|2|1|1|1|1|1
OUT|19|C|1001|10970|10|1|1|1|1|1
OUT|19|C|1002|10972|1|1|1|1|1|1
OUT|19|C|1003|10985|2|1|1|1|1|1
OUT|19|C|1004|11000|10|1|1|1|1|1
OUT|19|C|1005|11009|1|1|1|1|1|1
OUT|19|C|1006|11012|2|1|1|1|1|1
OUT|19|C|1007|11013|10|1|1|1|1|1
OUT|19|C|1008|11019|1|1|1|1|1|1
OUT|19|C|1009|11023|2|1|1|1|1|1
OUT|19|C|1010|11030|10|1|1|1|1|1
OUT|19|C|1011|11032|1|1|1|1|1|1
OUT|19|C|1012|11035|2|1|1|1|1|1
OUT|19|C|1013|11036|10|1|1|1|1|1
OUT|19|C|1014|11041|1|1|1|1|1|1
OUT|19|C|1015|11050|2|1|1|1|1|1
OUT|19|C|1016|11051|10|1|1|1|1|1
OUT|19|C|1017|11055|1|1|1|1|1|1
OUT|19|C|1018|11064|2|1|1|1|1|1
OUT|19|C|1019|11066|10|1|1|1|1|1
OUT|19|C|1020|11067|1|1|1|1|1|1
OUT|19|C|1021|11071|2|1|1|1|1|1
OUT|19|C|1022|11073|10|1|1|1|1|1
OUT|19|C|1023|11074|1|1|1|1|1|1
OUT|19|C|1024|11077|2|1|1|1|1|1
OUT|19|C|1025|11079|10|1|1|1|1|1
OUT|19|C|1026|11087|1|1|1|1|1|1
OUT|19|C|1027|11088|2|1|1|1|1|1
OUT|19|C|1028|11089|10|1|1|1|1|1
OUT|19|C|1029|11091|1|1|1|1|1|1
OUT|19|C|1030|11097|2|1|1|1|1|1
OUT|19|C|1031|11099|10|1|1|1|1|1
OUT|19|C|1032|11105|1|1|1|1|1|1
OUT|19|C|1033|11125|2|1|1|1|1|1
OUT|19|C|1034|11132|10|1|1|1|1|1
OUT|19|C|1035|11143|1|1|1|1|1|1
OUT|19|C|1036|11148|2|1|1|1|1|1
OUT|19|C|1037|11150|10|1|1|1|1|1
OUT|19|C|1038|11153|1|1|1|1|1|1
OUT|19|C|1039|11158|2|1|1|1|1|1
OUT|19|C|1040|11166|10|1|1|1|1|1
OUT|19|C|1041|11170|1|1|1|1|1|1
OUT|19|C|1042|11173|2|1|1|1|1|1
OUT|19|C|1043|11177|10|1|1|1|1|1
OUT|19|C|1044|11182|1|1|1|1|1|1
OUT|19|C|1045|11187|2|1|1|1|1|1
OUT|19|C|1046|11193|10|1|1|1|1|1
OUT|19|C|1047|11204|1|1|1|1|1|1
OUT|19|C|1048|11205|2|1|1|1|1|1
OUT|19|C|1049|11209|10|1|1|1|1|1
OUT|19|C|1050|11213|1|1|1|1|1|1
OUT|19|C|1051|11214|2|1|1|1|1|1
OUT|19|C|1052|11477|10|1|1|1|1|1
OUT|19|C|1053|11478|1|1|1|1|1|1
OUT|19|C|1054|11481|2|1|1|1|1|1
OUT|19|C|1055|11484|10|1|1|1|1|1
OUT|19|C|1056|11485|1|1|1|1|1|1
OUT|19|C|1057|11493|2|1|1|1|1|1
OUT|19|C|1058|11495|10|1|1|1|1|1
OUT|19|C|1059|11497|1|1|1|1|1|1
OUT|19|C|1060|11503|2|1|1|1|1|1
OUT|19|C|1061|11505|10|1|1|1|1|1
OUT|19|C|1062|11506|1|1|1|1|1|1
OUT|19|C|1063|11518|2|1|1|1|1|1
OUT|19|C|1064|11521|10|1|1|1|1|1
OUT|19|C|1065|11526|1|1|1|1|1|1
OUT|19|C|1066|11535|2|1|1|1|1|1
OUT|19|C|1067|11536|10|1|1|1|1|1
OUT|19|C|1068|11547|1|1|1|1|1|1
OUT|19|C|1069|11551|2|1|1|1|1|1
OUT|19|C|1070|11554|10|1|1|1|1|1
OUT|19|C|1071|11561|1|1|1|1|1|1
OUT|19|C|1072|11563|2|1|1|1|1|1
OUT|19|C|1073|11567|10|1|1|1|1|1
OUT|19|C|1074|11574|1|1|1|1|1|1
OUT|19|C|1075|11575|2|1|1|1|1|1
OUT|19|C|1076|11576|10|1|1|1|1|1
OUT|19|C|1077|11580|1|1|1|1|1|1
OUT|19|C|1078|11582|2|1|1|1|1|1
OUT|19|C|1079|11584|10|1|1|1|1|1
OUT|19|C|1080|11592|1|1|1|1|1|1
OUT|19|C|1081|11593|2|1|1|1|1|1
OUT|19|C|1082|11599|10|1|1|1|1|1
OUT|19|C|1083|11603|1|1|1|1|1|1
OUT|19|C|1084|11606|2|1|1|1|1|1
OUT|19|C|1085|11613|10|1|1|1|1|1
OUT|19|C|1086|11618|1|1|1|1|1|1
OUT|19|C|1087|11631|2|1|1|1|1|1
OUT|19|C|1088|11637|10|1|1|1|1|1
OUT|19|C|1089|11641|1|1|1|1|1|1
OUT|19|C|1090|11647|2|1|1|1|1|1
OUT|19|C|1091|11652|10|1|1|1|1|1
OUT|19|C|1092|11658|1|1|0|0|1|1
OUT|19|C|1093|11664|2|1|0|0|1|1
OUT|19|C|1094|11670|10|1|0|0|1|1
OUT|19|C|1095|11672|1|1|0|0|1|1
OUT|19|C|1096|11674|2|1|0|0|1|1
OUT|19|C|1097|11810|10|1|0|0|1|1
OUT|19|C|1098|11816|1|1|0|0|1|1
OUT|19|C|1099|11828|2|1|0|0|1|1
OUT|19|C|1100|11836|10|1|0|0|1|1
OUT|19|C|1101|11839|1|1|0|0|0|-1
OUT|19|B|1102|-1|2|1|0|0|1|1
OUT|19|B|1103|-1|10|1|0|0|1|1
OUT|19|B|1104|-1|1|1|0|0|1|1
OUT|19|B|1105|-1|2|1|0|0|1|1
OUT|19|B|1106|-1|10|1|0|0|1|1
OUT|19|B|1107|-1|1|1|0|0|1|1
OUT|19|B|1108|-1|2|1|0|0|1|1
OUT|19|B|1109|-1|10|1|0|0|1|1
OUT|19|B|1110|-1|1|1|0|0|1|1
OUT|19|B|1111|-1|2|1|0|0|1|1
OUT|19|B|1112|-1|10|1|0|0|1|1
OUT|19|B|1113|-1|1|1|0|0|1|1
OUT|19|B|1114|-1|2|1|0|0|1|1
OUT|19|B|1115|-1|10|1|0|0|1|1
OUT|19|B|1116|-1|1|1|0|0|1|1
OUT|19|B|1117|-1|2|1|0|0|1|1
OUT|19|B|1118|-1|10|1|0|0|1|1
OUT|19|B|1119|-1|1|1|0|0|1|1
OUT|19|B|1120|-1|2|1|0|0|1|1
OUT|19|B|1121|-1|10|1|0|0|1|1
OUT|19|B|1122|-1|1|1|0|0|1|1
OUT|19|B|1123|-1|2|1|0|0|1|1
OUT|19|B|1124|-1|10|1|0|0|1|1
OUT|19|B|1125|-1|1|1|0|0|1|1
OUT|19|B|1126|-1|2|1|0|0|1|1
OUT|19|B|1127|-1|10|1|0|0|1|1
OUT|19|B|1128|-1|1|1|0|0|1|1
OUT|19|B|1129|-1|2|1|0|0|1|1
OUT|19|B|1130|-1|10|1|0|0|1|1
OUT|19|B|1131|-1|1|1|0|0|1|1
OUT|19|B|1132|-1|2|1|0|0|1|1
OUT|19|B|1133|-1|10|1|0|0|1|1
OUT|19|B|1134|-1|1|1|0|0|1|1
OUT|19|B|1135|-1|2|1|1|1|1|1
OUT|19|B|1136|-1|10|1|0|0|1|1
OUT|19|B|1137|-1|1|1|0|0|1|1
OUT|19|B|1138|-1|2|1|0|0|1|1
OUT|19|B|1139|-1|10|1|0|0|1|1
OUT|19|B|1140|-1|1|1|0|0|1|1
OUT|19|B|1141|-1|2|1|0|0|1|1
OUT|19|B|1142|-1|10|1|0|0|1|1
OUT|19|B|1143|-1|1|1|0|0|1|1
OUT|19|B|1144|-1|2|1|0|0|1|1
OUT|19|B|1145|-1|10|1|0|0|1|1
OUT|19|B|1146|-1|1|1|0|0|1|1
OUT|19|B|1147|-1|2|1|0|0|1|1
OUT|19|B|1148|-1|10|1|0|0|1|1
OUT|19|B|1149|-1|1|1|0|0|1|1
OUT|19|B|1150|-1|2|1|0|0|1|1
OUT|19|B|1151|-1|10|1|0|0|1|1
OUT|19|B|1152|-1|1|1|0|0|1|1
OUT|19|B|1153|-1|2|1|0|0|1|1
OUT|19|B|1154|-1|10|1|0|0|1|1
OUT|19|B|1155|-1|1|1|0|0|1|1
OUT|19|B|1156|-1|2|1|0|0|1|1
OUT|19|B|1157|-1|10|1|0|0|1|1
OUT|19|B|1158|-1|1|1|0|0|1|1
OUT|19|B|1159|-1|2|1|0|0|1|1
OUT|19|B|1160|-1|10|1|0|0|1|1
OUT|19|B|1161|-1|1|1|0|0|1|1
OUT|19|B|1162|-1|2|1|0|0|1|1
OUT|19|B|1163|-1|10|1|0|0|1|1
OUT|19|B|1164|-1|1|1|0|0|1|1
OUT|19|B|1165|-1|2|1|0|0|1|1
OUT|19|B|1166|-1|10|1|0|0|1|1
OUT|19|B|1167|-1|1|1|0|0|1|1
OUT|19|B|1168|-1|2|1|0|0|1|1
OUT|19|B|1169|-1|10|1|0|0|1|1
OUT|19|B|1170|-1|1|1|0|0|1|1
OUT|19|B|1171|-1|2|1|0|0|1|1
OUT|19|B|1172|-1|10|1|0|0|1|1
OUT|19|B|1173|-1|1|1|0|0|1|1
OUT|19|B|1174|-1|2|1|0|0|1|1
OUT|19|B|1175|-1|10|1|0|0|1|1
OUT|19|B|1176|-1|1|1|0|0|1|1
OUT|19|B|1177|-1|2|1|0|0|1|1
OUT|19|B|1178|-1|10|1|0|0|1|1
OUT|19|B|1179|-1|1|1|0|0|1|1
OUT|19|B|1180|-1|2|1|0|0|1|1
OUT|19|B|1181|-1|10|1|0|0|1|1
OUT|19|B|1182|-1|1|1|0|0|1|1
OUT|19|B|1183|-1|2|1|0|0|1|1
OUT|19|B|1184|-1|10|1|0|0|1|1
OUT|19|B|1185|-1|1|1|0|0|1|1
OUT|19|B|1186|-1|2|1|0|0|1|1
OUT|19|B|1187|-1|10|1|0|0|1|1
OUT|19|B|1188|-1|1|1|0|0|1|1
OUT|19|B|1189|-1|2|1|0|0|1|1
OUT|19|B|1190|-1|10|1|0|0|1|1
OUT|19|B|1191|-1|1|1|0|0|1|1
OUT|19|B|1192|-1|2|1|0|0|1|1
OUT|19|B|1193|-1|10|1|0|0|1|1
OUT|19|B|1194|-1|1|1|0|0|1|1
OUT|19|B|1195|-1|2|1|0|0|1|1
OUT|19|B|1196|-1|10|1|0|0|1|1
OUT|19|B|1197|-1|1|1|0|0|1|1
OUT|19|B|1198|-1|2|1|0|0|1|1
OUT|19|B|1199|-1|10|1|0|0|1|1
OUT|19|B|1200|-1|1|1|0|0|1|1
OUT|19|B|1201|-1|2|1|0|0|1|1
OUT|19|B|1202|-1|10|1|0|0|1|1
OUT|19|B|1203|-1|1|1|0|0|1|1
OUT|19|B|1204|-1|2|1|0|0|1|1
OUT|19|B|1205|-1|10|1|0|0|1|1
OUT|19|B|1206|-1|1|1|0|0|1|1
OUT|19|B|1207|-1|2|1|0|0|1|1
OUT|19|B|1208|-1|10|1|0|0|1|1
OUT|19|B|1209|-1|1|1|0|0|1|1
OUT|19|B|1210|-1|2|1|0|0|1|1
OUT|19|B|1211|-1|10|1|0|0|1|1
OUT|19|B|1212|-1|1|1|0|0|1|1
OUT|19|B|1213|-1|2|1|0|0|1|1
OUT|19|B|1214|-1|10|1|0|0|1|1
OUT|19|B|1215|-1|1|1|0|0|1|1
OUT|19|B|1216|-1|2|1|0|0|1|1
OUT|19|B|1217|-1|10|1|0|0|1|1
OUT|19|B|1218|-1|1|1|0|0|1|1
OUT|19|B|1219|-1|2|1|0|0|1|1
OUT|19|B|1220|-1|10|1|0|0|1|1
OUT|19|B|1221|-1|1|1|0|0|1|1
OUT|19|B|1222|-1|2|1|0|0|1|1
OUT|19|B|1223|-1|10|1|0|0|1|1
OUT|19|B|1224|-1|1|1|0|0|1|1
OUT|19|B|1225|-1|2|1|0|0|1|1
OUT|19|B|1226|-1|10|1|0|0|1|1
OUT|19|B|1227|-1|1|1|0|0|1|1
OUT|19|B|1228|-1|2|1|0|0|1|1
OUT|19|B|1229|-1|10|1|0|0|1|1
OUT|19|B|1230|-1|1|1|0|0|1|1
OUT|19|B|1231|-1|2|1|0|0|1|1
OUT|19|B|1232|-1|10|1|0|0|1|1
OUT|19|B|1233|-1|1|1|0|0|1|1
OUT|19|B|1234|-1|2|1|0|0|1|1
OUT|19|B|1235|-1|10|1|0|0|1|1
OUT|19|B|1236|-1|1|1|0|0|1|1
OUT|19|B|1237|-1|2|1|0|0|1|1
OUT|19|B|1238|-1|10|1|0|0|1|1
OUT|19|B|1239|-1|1|1|0|0|1|1
OUT|19|B|1240|-1|2|1|0|0|1|1
OUT|19|B|1241|-1|10|1|0|0|1|1
OUT|19|B|1242|-1|1|1|0|0|1|1
OUT|19|B|1243|-1|2|1|0|0|1|1
OUT|19|B|1244|-1|10|1|0|0|1|1
OUT|19|B|1245|-1|1|1|0|0|1|1
OUT|19|B|1246|-1|2|1|0|0|1|1
OUT|19|B|1247|-1|10|1|0|0|1|1
OUT|19|B|1248|-1|1|1|0|0|1|1
OUT|19|B|1249|-1|2|1|0|0|1|1
OUT|19|B|1250|-1|10|1|0|0|1|1
OUT|19|B|1251|-1|1|1|0|0|1|1
OUT|19|B|1252|-1|2|1|0|0|1|1
OUT|19|B|1253|-1|10|1|0|0|1|1
OUT|19|B|1254|-1|1|1|0|0|1|1
OUT|19|B|1255|-1|2|1|0|0|1|1
OUT|19|B|1256|-1|10|1|0|0|1|1
OUT|19|B|1257|-1|1|1|0|0|1|1
OUT|19|B|1258|-1|2|1|0|0|1|1
OUT|19|B|1259|-1|10|1|0|0|1|1
OUT|19|B|1260|-1|1|1|0|0|1|1
OUT|19|B|1261|-1|2|1|0|0|1|1
OUT|19|B|1262|-1|10|1|0|0|1|1
OUT|19|B|1263|-1|1|1|0|0|1|1
OUT|19|B|1264|-1|2|1|0|0|1|1
OUT|19|B|1265|-1|10|1|0|0|1|1
OUT|19|B|1266|-1|1|1|0|0|1|1
OUT|19|B|1267|-1|2|1|0|0|1|1
OUT|19|B|1268|-1|10|1|0|0|1|1
OUT|19|B|1269|-1|1|1|0|0|1|1
OUT|19|B|1270|-1|2|1|0|0|1|1
OUT|19|B|1271|-1|10|1|0|0|1|1
OUT|19|B|1272|-1|1|1|0|0|1|1
OUT|19|B|1273|-1|2|1|0|0|1|1
OUT|19|B|1274|-1|10|1|0|0|1|1
OUT|19|B|1275|-1|1|1|0|0|1|1
OUT|19|B|1276|-1|2|1|0|0|1|1
OUT|19|B|1277|-1|10|1|0|0|1|1
OUT|19|B|1278|-1|1|1|0|0|1|1
OUT|19|B|1279|-1|2|1|0|0|1|1
OUT|19|B|1280|-1|10|1|0|0|1|1
OUT|19|B|1281|-1|1|1|0|0|1|1
OUT|19|B|1282|-1|2|1|0|0|1|1
OUT|19|B|1283|-1|10|1|0|0|1|1
OUT|19|B|1284|-1|1|1|0|0|1|1
OUT|19|B|1285|-1|2|1|0|0|1|1
OUT|19|B|1286|-1|10|1|0|0|1|1
OUT|19|B|1287|-1|1|1|0|0|1|1
OUT|19|B|1288|-1|2|1|0|0|1|1
OUT|19|B|1289|-1|10|1|0|0|1|1
OUT|19|B|1290|-1|1|1|0|0|1|1
OUT|19|B|1291|-1|2|1|0|0|1|1
OUT|19|B|1292|-1|10|1|0|0|1|1
OUT|19|B|1293|-1|1|1|0|0|1|1
OUT|19|B|1294|-1|2|1|0|0|1|1
OUT|19|B|1295|-1|10|1|0|0|1|1
OUT|19|B|1296|-1|1|1|0|0|1|1
OUT|19|B|1297|-1|2|1|0|0|1|1
OUT|19|B|1298|-1|10|1|0|0|1|1
OUT|19|B|1299|-1|1|1|0|0|1|1
OUT|19|B|1300|-1|2|1|0|0|1|1
OUT|19|B|1301|-1|10|1|0|0|1|1
OUT|19|B|1302|-1|1|1|0|0|1|1
OUT|19|B|1303|-1|2|1|0|0|1|1
OUT|19|B|1304|-1|10|1|0|0|1|1
OUT|19|B|1305|-1|1|1|0|0|1|1
OUT|19|B|1306|-1|2|1|0|0|1|1
OUT|19|B|1307|-1|10|1|0|0|1|1
OUT|19|B|1308|-1|1|1|0|0|1|1
OUT|19|B|1309|-1|2|1|0|0|1|1
OUT|19|B|1310|-1|10|1|0|0|1|1
OUT|19|B|1311|-1|1|1|0|0|1|1
OUT|19|B|1312|-1|2|1|0|0|1|1
OUT|19|B|1313|-1|10|1|0|0|1|1
OUT|19|B|1314|-1|1|1|0|0|1|1
OUT|19|B|1315|-1|2|1|0|0|1|1
OUT|19|B|1316|-1|10|1|0|0|1|1
OUT|19|B|1317|-1|1|1|0|0|1|1
OUT|19|B|1318|-1|2|1|0|0|1|1
OUT|19|B|1319|-1|10|1|0|0|1|1
OUT|19|B|1320|-1|1|1|0|0|1|1
OUT|19|B|1321|-1|2|1|0|0|1|1
OUT|19|B|1322|-1|10|1|0|0|1|1
OUT|19|B|1323|-1|1|1|0|0|1|1
OUT|19|B|1324|-1|2|1|0|0|1|1
OUT|19|B|1325|-1|10|1|0|0|1|1
OUT|19|B|1326|-1|1|1|0|0|1|1
OUT|19|B|1327|-1|2|1|0|0|1|1
OUT|19|B|1328|-1|10|1|0|0|1|1
OUT|19|B|1329|-1|1|1|0|0|1|1
OUT|19|B|1330|-1|2|1|0|0|1|1
OUT|19|B|1331|-1|10|1|0|0|1|1
OUT|19|B|1332|-1|1|1|0|0|1|1
OUT|19|B|1333|-1|2|1|0|0|1|1
OUT|19|B|1334|-1|10|1|0|0|1|1
OUT|19|B|1335|-1|1|1|0|0|1|1
OUT|19|B|1336|-1|2|1|0|0|1|1
OUT|19|B|1337|-1|10|1|0|0|1|1
OUT|19|B|1338|-1|1|1|0|0|1|1
OUT|19|B|1339|-1|2|1|0|0|1|1
OUT|19|B|1340|-1|10|1|0|0|1|1
OUT|19|B|1341|-1|1|1|0|0|1|1
OUT|19|B|1342|-1|2|1|0|0|1|1
OUT|19|B|1343|-1|10|1|0|0|1|1
OUT|19|B|1344|-1|1|1|0|0|1|1
OUT|19|B|1345|-1|2|1|0|0|1|1
OUT|19|B|1346|-1|10|1|0|0|1|1
OUT|19|B|1347|-1|1|1|0|0|1|1
OUT|19|B|1348|-1|2|1|0|0|1|1
OUT|19|B|1349|-1|10|1|0|0|1|1
OUT|19|B|1350|-1|1|1|0|0|1|1
OUT|19|B|1351|-1|2|1|0|0|1|1
OUT|19|B|1352|-1|10|1|0|0|1|1
OUT|19|B|1353|-1|1|1|0|0|1|1
OUT|19|B|1354|-1|2|1|0|0|1|1
OUT|19|B|1355|-1|10|1|0|0|1|1
OUT|19|B|1356|-1|1|1|0|0|1|1
OUT|19|B|1357|-1|2|1|0|0|1|1
OUT|19|B|1358|-1|10|1|0|0|1|1
OUT|19|B|1359|-1|1|1|0|0|1|1
OUT|19|B|1360|-1|2|1|0|0|1|1
OUT|19|B|1361|-1|10|1|0|0|1|1
OUT|19|B|1362|-1|1|1|0|0|1|1
OUT|19|B|1363|-1|2|1|0|0|1|1
OUT|19|B|1364|-1|10|1|0|0|1|1
OUT|19|B|1365|-1|1|1|0|0|1|1
OUT|19|B|1366|-1|2|1|0|0|1|1
OUT|19|B|1367|-1|10|1|0|0|1|1
OUT|19|B|1368|-1|1|1|0|0|1|1
OUT|19|B|1369|-1|2|1|0|0|1|1
OUT|19|B|1370|-1|10|1|0|0|1|1
OUT|19|B|1371|-1|1|1|0|0|1|1
OUT|19|B|1372|-1|2|1|0|0|1|1
OUT|19|B|1373|-1|10|1|0|0|1|1
OUT|19|B|1374|-1|1|1|0|0|1|1
OUT|19|B|1375|-1|2|1|0|0|1|1
OUT|19|B|1376|-1|10|1|0|0|1|1
OUT|19|B|1377|-1|1|1|0|0|1|1
OUT|19|B|1378|-1|2|1|0|0|1|1
OUT|19|B|1379|-1|10|1|0|0|1|1
OUT|19|B|1380|-1|1|1|0|0|1|1
OUT|19|B|1381|-1|2|1|0|0|1|1
OUT|19|B|1382|-1|10|1|0|0|1|1
OUT|19|B|1383|-1|1|1|0|0|1|1
OUT|19|B|1384|-1|2|1|0|0|1|1
OUT|19|B|1385|-1|10|1|0|0|1|1
OUT|19|B|1386|-1|1|1|0|0|1|1
OUT|19|B|1387|-1|2|1|0|0|1|1
OUT|19|B|1388|-1|10|1|0|0|1|1
OUT|19|B|1389|-1|1|1|0|0|1|1
OUT|19|B|1390|-1|2|1|0|0|1|1
OUT|19|B|1391|-1|10|1|0|0|1|1
OUT|19|B|1392|-1|1|1|0|0|1|1
OUT|19|B|1393|-1|2|1|0|0|1|1
OUT|19|B|1394|-1|10|1|0|0|1|1
OUT|19|B|1395|-1|1|1|0|0|1|1
OUT|19|B|1396|-1|2|1|0|0|1|1
OUT|19|B|1397|-1|10|1|0|0|1|1
OUT|19|B|1398|-1|1|1|0|0|1|1
OUT|19|B|1399|-1|2|1|0|0|1|1
OUT|19|B|1400|-1|10|1|0|0|1|1
OUT|19|B|1401|-1|1|1|0|0|1|1
OUT|19|B|1402|-1|2|1|0|0|1|1
OUT|19|B|1403|-1|10|1|0|0|1|1
OUT|19|B|1404|-1|1|1|0|0|1|1
OUT|19|B|1405|-1|2|1|0|0|1|1
OUT|19|B|1406|-1|10|1|0|0|1|1
OUT|19|B|1407|-1|1|1|0|0|1|1
OUT|19|B|1408|-1|2|1|0|0|1|1
OUT|19|B|1409|-1|10|1|0|0|1|1
OUT|19|B|1410|-1|1|1|0|0|1|1
OUT|19|B|1411|-1|2|1|0|0|1|1
OUT|19|B|1412|-1|10|1|0|0|1|1
OUT|19|B|1413|-1|1|1|0|0|1|1
OUT|19|B|1414|-1|2|1|0|0|1|1
OUT|19|B|1415|-1|10|1|0|0|1|1
OUT|19|B|1416|-1|1|1|0|0|1|1
OUT|19|B|1417|-1|2|1|0|0|1|1
OUT|19|B|1418|-1|10|1|0|0|1|1
OUT|19|B|1419|-1|1|1|0|0|1|1
OUT|19|B|1420|-1|2|1|0|0|1|1
OUT|19|B|1421|-1|10|1|0|0|1|1
OUT|19|B|1422|-1|1|1|0|0|1|1
OUT|19|B|1423|-1|2|1|0|0|1|1
OUT|19|B|1424|-1|10|1|0|0|1|1
OUT|19|B|1425|-1|1|1|0|0|1|1
OUT|19|B|1426|-1|2|1|0|0|1|1
OUT|19|B|1427|-1|10|1|0|0|1|1
OUT|19|B|1428|-1|1|1|0|0|1|1
OUT|19|B|1429|-1|2|1|0|0|1|1
OUT|19|B|1430|-1|10|1|0|0|1|1
OUT|19|B|1431|-1|1|1|0|0|1|1
OUT|19|B|1432|-1|2|1|0|0|1|1
OUT|19|B|1433|-1|10|1|0|0|1|1
OUT|19|B|1434|-1|1|1|0|0|1|1
OUT|19|B|1435|-1|2|1|0|0|1|1
OUT|19|B|1436|-1|10|1|0|0|1|1
OUT|19|B|1437|-1|1|1|0|0|1|1
OUT|19|B|1438|-1|2|1|0|0|1|1
OUT|19|B|1439|-1|10|1|0|0|1|1
OUT|19|B|1440|-1|1|1|0|0|1|1
OUT|19|B|1441|-1|2|1|0|0|1|1
OUT|19|B|1442|-1|10|1|0|0|1|1
OUT|19|B|1443|-1|1|1|0|0|1|1
OUT|19|B|1444|-1|2|1|0|0|1|1
OUT|19|B|1445|-1|10|1|0|0|1|1
OUT|19|B|1446|-1|1|1|0|0|1|1
OUT|19|B|1447|-1|2|1|0|0|1|1
OUT|19|B|1448|-1|10|1|0|0|1|1
OUT|19|B|1449|-1|1|1|0|0|1|1
OUT|19|B|1450|-1|2|1|0|0|1|1
OUT|19|B|1451|-1|10|1|0|0|1|1
OUT|19|B|1452|-1|1|1|0|0|1|1
OUT|19|B|1453|-1|2|1|0|0|1|1
OUT|19|B|1454|-1|10|1|0|0|1|1
OUT|19|B|1455|-1|1|1|0|0|1|1
OUT|19|B|1456|-1|2|1|0|0|1|1
OUT|19|B|1457|-1|10|1|0|0|1|1
OUT|19|B|1458|-1|1|1|0|0|1|1
OUT|19|B|1459|-1|2|1|0|0|1|1
OUT|19|B|1460|-1|10|1|0|0|1|1
OUT|19|B|1461|-1|1|1|0|0|1|1
OUT|19|B|1462|-1|2|1|0|0|1|1
OUT|19|B|1463|-1|10|1|0|0|1|1
OUT|19|B|1464|-1|1|1|0|0|1|1
OUT|19|B|1465|-1|2|1|0|0|1|1
OUT|19|B|1466|-1|10|1|0|0|1|1
OUT|19|B|1467|-1|1|1|0|0|1|1
OUT|19|B|1468|-1|2|1|0|0|1|1
OUT|19|B|1469|-1|10|1|0|0|1|1
OUT|19|B|1470|-1|1|1|0|0|1|1
OUT|19|B|1471|-1|2|1|0|0|1|1
OUT|19|B|1472|-1|10|1|0|0|1|1
OUT|19|B|1473|-1|1|1|0|0|1|1
OUT|19|B|1474|-1|2|1|0|0|1|1
OUT|19|B|1475|-1|10|1|0|0|1|1
OUT|19|B|1476|-1|1|1|0|0|1|1
OUT|19|B|1477|-1|2|1|0|0|1|1
OUT|19|B|1478|-1|10|1|0|0|1|1
OUT|19|B|1479|-1|1|1|0|0|1|1
OUT|19|B|1480|-1|2|1|0|0|1|1
OUT|19|B|1481|-1|10|1|0|0|1|1
OUT|19|B|1482|-1|1|1|0|0|1|1
OUT|19|B|1483|-1|2|1|0|0|1|1
OUT|19|B|1484|-1|10|1|0|0|1|1
OUT|19|B|1485|-1|1|1|0|0|1|1
OUT|19|B|1486|-1|2|1|0|0|1|1
OUT|19|B|1487|-1|10|1|0|0|1|1
OUT|19|B|1488|-1|1|1|1|1|1|1
OUT|19|B|1489|-1|2|1|1|1|1|1
OUT|19|B|1490|-1|10|1|1|1|1|1
OUT|19|B|1491|-1|1|1|1|1|1|1
OUT|19|B|1492|-1|2|1|1|1|1|1
OUT|19|B|1493|-1|10|1|1|1|1|1
OUT|19|B|1494|-1|1|1|1|1|1|1
OUT|19|B|1495|-1|2|1|1|1|1|1
OUT|19|B|1496|-1|10|1|1|1|1|1
OUT|19|B|1497|-1|1|1|1|1|1|1
OUT|19|B|1498|-1|2|1|1|1|1|1
OUT|19|B|1499|-1|10|1|1|1|1|1
OUT|19|B|1500|-1|1|1|1|1|1|1
OUT|19|B|1501|-1|2|1|1|1|1|1
OUT|19|B|1502|-1|10|1|1|1|1|1
OUT|19|B|1503|-1|1|1|1|1|1|1
OUT|19|B|1504|-1|2|1|1|1|1|1
OUT|19|B|1505|-1|10|1|1|1|1|1
OUT|19|B|1506|-1|1|1|1|1|1|1
OUT|19|B|1507|-1|2|1|1|1|1|1
OUT|19|B|1508|-1|10|1|1|1|1|1
OUT|19|B|1509|-1|1|1|1|1|1|1
OUT|19|B|1510|-1|2|1|1|1|1|1
OUT|19|B|1511|-1|10|1|1|1|1|1
OUT|19|B|1512|-1|1|1|1|1|1|1
OUT|19|B|1513|-1|2|1|1|1|1|1
OUT|19|B|1514|-1|10|1|1|1|1|1
OUT|19|B|1515|-1|1|1|1|1|1|1
OUT|19|B|1516|-1|2|1|1|1|1|1
OUT|19|B|1517|-1|10|1|1|1|1|1
OUT|19|B|1518|-1|1|1|1|1|1|1
OUT|19|B|1519|-1|2|1|1|1|1|1
OUT|19|B|1520|-1|10|1|1|1|1|1
OUT|19|B|1521|-1|1|1|1|1|1|1
OUT|19|B|1522|-1|2|1|1|1|1|1
OUT|19|B|1523|-1|10|1|1|1|1|1
OUT|19|B|1524|-1|1|1|1|1|1|1
OUT|19|B|1525|-1|2|1|1|1|1|1
OUT|19|B|1526|-1|10|1|1|1|1|1
OUT|19|B|1527|-1|1|1|1|1|1|1
OUT|19|B|1528|-1|2|1|1|1|1|1
OUT|19|B|1529|-1|10|1|1|1|1|1
OUT|19|B|1530|-1|1|1|1|1|1|1
OUT|19|B|1531|-1|2|1|1|1|1|1
OUT|19|B|1532|-1|10|1|1|1|1|1
OUT|19|B|1533|-1|1|1|1|1|1|1
OUT|19|B|1534|-1|2|1|1|1|1|1
OUT|19|B|1535|-1|10|1|1|1|1|1
OUT|19|B|1536|-1|1|1|1|1|1|1
OUT|19|B|1537|-1|2|1|1|1|1|1
OUT|19|B|1538|-1|10|1|1|1|1|1
OUT|19|B|1539|-1|1|1|1|1|1|1
OUT|19|B|1540|-1|2|1|1|1|1|1
OUT|19|B|1541|-1|10|1|1|1|1|1
OUT|19|B|1542|-1|1|1|0|0|1|1
OUT|19|B|1543|-1|2|1|1|1|1|1
OUT|19|B|1544|-1|10|1|1|1|1|1
OUT|19|B|1545|-1|1|1|1|1|1|1
OUT|19|B|1546|-1|2|1|1|1|1|1
OUT|19|B|1547|-1|10|1|1|1|1|1
OUT|19|B|1548|-1|1|1|1|1|1|1
OUT|19|B|1549|-1|2|1|1|1|1|1
OUT|19|B|1550|-1|10|1|1|1|1|1
OUT|19|B|1551|-1|1|1|1|1|1|1
OUT|19|B|1552|-1|2|1|1|1|1|1
OUT|19|B|1553|-1|10|1|1|1|1|1
OUT|19|B|1554|-1|1|1|1|1|1|1
OUT|19|B|1555|-1|2|1|1|1|1|1
OUT|19|B|1556|-1|10|1|1|1|1|1
OUT|19|B|1557|-1|1|1|1|1|1|1
OUT|19|B|1558|-1|2|1|1|1|1|1
OUT|19|B|1559|-1|10|1|1|1|1|1
OUT|19|B|1560|-1|1|1|1|1|1|1
OUT|19|B|1561|-1|2|1|1|1|1|1
OUT|19|B|1562|-1|10|1|1|1|1|1
OUT|19|B|1563|-1|1|1|1|1|1|1
OUT|19|B|1564|-1|2|1|1|1|1|1
OUT|19|B|1565|-1|10|1|1|1|1|1
OUT|19|B|1566|-1|1|1|1|1|1|1
OUT|19|B|1567|-1|2|1|1|1|1|1
OUT|19|B|1568|-1|10|1|1|1|1|1
OUT|19|B|1569|-1|1|1|1|1|1|1
OUT|19|B|1570|-1|2|1|1|1|1|1
OUT|19|B|1571|-1|10|1|1|1|1|1
OUT|19|B|1572|-1|1|1|1|1|1|1
OUT|19|B|1573|-1|2|1|1|1|1|1
OUT|19|B|1574|-1|10|1|1|1|1|1
OUT|19|B|1575|-1|1|1|1|1|1|1
OUT|19|B|1576|-1|2|1|1|1|1|1
OUT|19|B|1577|-1|10|1|1|1|1|1
OUT|19|B|1578|-1|1|1|1|1|1|1
OUT|19|B|1579|-1|2|1|1|1|1|1
OUT|19|B|1580|-1|10|1|1|1|1|1
OUT|19|B|1581|-1|1|1|1|1|1|1
OUT|19|B|1582|-1|2|1|1|1|1|1
OUT|19|B|1583|-1|10|1|1|1|1|1
OUT|19|B|1584|-1|1|1|1|1|1|1
OUT|19|B|1585|-1|2|1|1|1|1|1
OUT|19|B|1586|-1|10|1|1|1|1|1
OUT|19|B|1587|-1|1|1|1|1|1|1
OUT|19|B|1588|-1|2|1|1|1|1|1
OUT|19|B|1589|-1|10|1|1|1|1|1
OUT|19|B|1590|-1|1|1|1|1|1|1
OUT|19|B|1591|-1|2|1|1|1|1|1
OUT|19|B|1592|-1|10|1|1|1|1|1
OUT|19|B|1593|-1|1|1|1|1|1|1
OUT|19|B|1594|-1|2|1|1|1|1|1
OUT|19|B|1595|-1|10|1|1|1|1|1
OUT|19|B|1596|-1|1|1|1|1|1|1
OUT|19|B|1597|-1|2|1|1|1|1|1
OUT|19|B|1598|-1|10|1|1|1|1|1
OUT|19|B|1599|-1|1|1|1|1|1|1
OUT|19|B|1600|-1|2|1|1|1|1|1
OUT|19|B|1601|-1|10|1|1|1|1|1
OUT|19|B|1602|-1|1|1|1|1|1|1
OUT|19|B|1603|-1|2|1|1|1|1|1
OUT|19|B|1604|-1|10|1|1|1|1|1
OUT|19|B|1605|-1|1|1|1|1|1|1
OUT|19|B|1606|-1|2|1|1|1|1|1
OUT|19|B|1607|-1|10|1|1|1|1|1
OUT|19|B|1608|-1|1|1|1|1|1|1
OUT|19|B|1609|-1|2|1|1|1|1|1
OUT|19|B|1610|-1|10|1|1|1|1|1
OUT|19|B|1611|-1|1|1|1|1|1|1
OUT|19|B|1612|-1|2|1|1|1|1|1
OUT|19|B|1613|-1|10|1|1|1|1|1
OUT|19|B|1614|-1|1|1|1|1|1|1
OUT|19|B|1615|-1|2|1|1|1|1|1
OUT|19|B|1616|-1|10|1|1|1|1|1
OUT|19|B|1617|-1|1|1|1|1|1|1
OUT|19|B|1618|-1|2|1|1|1|1|1
OUT|19|B|1619|-1|10|1|1|1|1|1
OUT|19|B|1620|-1|1|1|1|1|1|1
OUT|19|B|1621|-1|2|1|1|1|1|1
OUT|19|B|1622|-1|10|1|1|1|1|1
OUT|19|B|1623|-1|1|1|1|1|1|1
OUT|19|B|1624|-1|2|1|1|1|1|1
OUT|19|B|1625|-1|10|1|1|1|1|1
OUT|19|B|1626|-1|1|1|1|1|1|1
OUT|19|B|1627|-1|2|1|1|1|1|1
OUT|19|B|1628|-1|10|1|1|1|1|1
OUT|19|B|1629|-1|1|1|1|1|1|1
OUT|19|B|1630|-1|2|1|1|1|1|1
OUT|19|B|1631|-1|10|1|1|1|1|1
OUT|19|B|1632|-1|1|1|1|1|1|1
OUT|19|B|1633|-1|2|1|1|1|1|1
OUT|19|B|1634|-1|10|1|1|1|1|1
OUT|19|B|1635|-1|1|1|1|1|1|1
OUT|19|B|1636|-1|2|1|1|1|1|1
OUT|19|B|1637|-1|10|1|1|1|1|1
OUT|19|B|1638|-1|1|1|1|1|1|1
OUT|19|B|1639|-1|2|1|1|1|1|1
OUT|19|B|1640|-1|10|1|1|1|1|1
OUT|19|B|1641|-1|1|1|1|1|1|1
OUT|19|B|1642|-1|2|1|1|1|1|1
OUT|19|B|1643|-1|10|1|1|1|1|1
OUT|19|B|1644|-1|1|1|1|1|1|1
OUT|19|B|1645|-1|2|1|1|1|1|1
OUT|19|B|1646|-1|10|1|1|1|1|1
OUT|19|B|1647|-1|1|1|1|1|1|1
OUT|19|B|1648|-1|2|1|1|1|1|1
OUT|19|B|1649|-1|10|1|1|1|1|1
OUT|19|B|1650|-1|1|1|1|1|1|1
OUT|19|B|1651|-1|2|1|1|1|1|1
OUT|19|B|1652|-1|10|1|1|1|1|1
OUT|19|B|1653|-1|1|1|1|1|1|1
OUT|19|B|1654|-1|2|1|1|1|1|1
OUT|19|B|1655|-1|10|1|1|1|1|1
OUT|19|B|1656|-1|1|1|1|1|1|1
OUT|19|B|1657|-1|2|1|1|1|1|1
OUT|19|B|1658|-1|10|1|1|1|1|1
OUT|19|B|1659|-1|1|1|1|1|1|1
OUT|19|B|1660|-1|2|1|1|1|1|1
OUT|19|B|1661|-1|10|1|1|1|1|1
OUT|19|B|1662|-1|1|1|1|1|1|1
OUT|19|B|1663|-1|2|1|1|1|1|1
OUT|19|B|1664|-1|10|1|1|1|1|1
OUT|19|B|1665|-1|1|1|1|1|1|1
OUT|19|B|1666|-1|2|1|1|1|1|1
OUT|19|B|1667|-1|10|1|1|1|1|1
OUT|19|B|1668|-1|1|1|1|1|1|1
OUT|19|B|1669|-1|2|1|1|1|1|1
OUT|19|B|1670|-1|10|1|1|1|1|1
OUT|19|B|1671|-1|1|1|1|1|1|1
OUT|19|B|1672|-1|2|1|1|1|1|1
OUT|19|B|1673|-1|10|1|1|1|1|1
OUT|19|B|1674|-1|1|1|1|1|1|1
OUT|19|B|1675|-1|2|1|1|1|1|1
OUT|19|B|1676|-1|10|1|1|1|1|1
OUT|19|B|1677|-1|1|1|1|1|1|1
OUT|19|B|1678|-1|2|1|1|1|1|1
OUT|19|B|1679|-1|10|1|1|1|1|1
OUT|19|B|1680|-1|1|1|1|1|1|1
OUT|19|B|1681|-1|2|1|1|1|1|1
OUT|19|B|1682|-1|10|1|1|1|1|1
OUT|19|B|1683|-1|1|1|1|1|1|1
OUT|19|B|1684|-1|2|1|1|1|1|1
OUT|19|B|1685|-1|10|1|1|1|1|1
OUT|19|B|1686|-1|1|1|1|1|1|1
OUT|19|B|1687|-1|2|1|1|1|1|1
OUT|19|B|1688|-1|10|1|1|1|1|1
OUT|19|B|1689|-1|1|1|1|1|1|1
OUT|19|B|1690|-1|2|1|1|1|1|1
OUT|19|B|1691|-1|10|1|1|1|1|1
OUT|19|B|1692|-1|1|1|1|1|1|1
OUT|19|B|1693|-1|2|1|1|1|1|1
OUT|19|B|1694|-1|10|1|1|1|1|1
OUT|19|B|1695|-1|1|1|1|1|1|1
OUT|19|B|1696|-1|2|1|1|1|1|1
OUT|19|B|1697|-1|10|1|1|1|1|1
OUT|19|B|1698|-1|1|1|1|1|1|1
OUT|19|B|1699|-1|2|1|1|1|1|1
OUT|19|B|1700|-1|10|1|1|1|1|1
OUT|19|B|1701|-1|1|1|1|1|1|1
OUT|19|B|1702|-1|2|1|1|1|1|1
OUT|19|B|1703|-1|10|1|1|1|1|1
OUT|19|B|1704|-1|1|1|1|1|1|1
OUT|19|B|1705|-1|2|1|1|1|1|1
OUT|19|B|1706|-1|10|1|1|1|1|1
OUT|19|B|1707|-1|1|1|1|1|1|1
OUT|19|B|1708|-1|2|1|1|1|1|1
OUT|19|B|1709|-1|10|1|1|1|1|1
OUT|19|B|1710|-1|1|1|1|1|1|1
OUT|19|B|1711|-1|2|1|1|1|1|1
OUT|19|B|1712|-1|10|1|1|1|1|1
OUT|19|B|1713|-1|1|1|1|1|1|1
OUT|19|B|1714|-1|2|1|1|1|1|1
OUT|19|B|1715|-1|10|1|1|1|1|1
OUT|19|B|1716|-1|1|1|1|1|1|1
OUT|19|B|1717|-1|2|1|1|1|1|1
OUT|19|B|1718|-1|10|1|1|1|1|1
OUT|19|B|1719|-1|1|1|1|1|1|1
OUT|19|B|1720|-1|2|1|1|1|1|1
OUT|19|B|1721|-1|10|1|1|1|1|1
OUT|19|B|1722|-1|1|1|1|1|1|1
OUT|19|B|1723|-1|2|1|1|1|1|1
OUT|19|B|1724|-1|10|1|1|1|1|1
OUT|19|B|1725|-1|1|1|1|1|1|1
OUT|19|B|1726|-1|2|1|1|1|1|1
OUT|19|B|1727|-1|10|1|1|1|1|1
OUT|19|B|1728|-1|1|1|1|1|1|1
OUT|19|B|1729|-1|2|1|1|1|1|1
OUT|19|B|1730|-1|10|1|1|1|1|1
OUT|19|B|1731|-1|1|1|1|1|1|1
OUT|19|B|1732|-1|2|1|1|1|1|1
OUT|19|B|1733|-1|10|1|1|1|1|1
OUT|19|B|1734|-1|1|1|0|0|1|1
OUT|19|B|1735|-1|2|1|1|1|1|1
OUT|19|B|1736|-1|10|1|1|1|1|1
OUT|19|B|1737|-1|1|1|1|1|1|1
OUT|19|B|1738|-1|2|1|1|1|1|1
OUT|19|B|1739|-1|10|1|1|1|1|1
OUT|19|B|1740|-1|1|1|1|1|1|1
OUT|19|B|1741|-1|2|1|1|1|1|1
OUT|19|B|1742|-1|10|1|1|1|1|1
OUT|19|B|1743|-1|1|1|1|1|1|1
OUT|19|B|1744|-1|2|1|1|1|1|1
OUT|19|B|1745|-1|10|1|1|1|1|1
OUT|19|B|1746|-1|1|1|1|1|1|1
OUT|19|B|1747|-1|2|1|1|1|1|1
OUT|19|B|1748|-1|10|1|1|1|1|1
OUT|19|B|1749|-1|1|1|1|1|1|1
OUT|19|B|1750|-1|2|1|1|1|1|1
OUT|19|B|1751|-1|10|1|1|1|1|1
OUT|19|B|1752|-1|1|1|1|1|1|1
OUT|19|B|1753|-1|2|1|1|1|1|1
OUT|19|B|1754|-1|10|1|1|1|1|1
OUT|19|B|1755|-1|1|1|1|1|1|1
OUT|19|B|1756|-1|2|1|1|1|1|1
OUT|19|B|1757|-1|10|1|1|1|1|1
OUT|19|B|1758|-1|1|1|1|1|1|1
OUT|19|B|1759|-1|2|1|1|1|1|1
OUT|19|B|1760|-1|10|1|1|1|1|1
OUT|19|B|1761|-1|1|1|1|1|1|1
OUT|19|B|1762|-1|2|1|1|1|1|1
OUT|19|B|1763|-1|10|1|1|1|1|1
OUT|19|B|1764|-1|1|1|1|1|1|1
OUT|19|B|1765|-1|2|1|1|1|1|1
OUT|19|B|1766|-1|10|1|1|1|1|1
OUT|19|B|1767|-1|1|1|1|1|1|1
OUT|19|B|1768|-1|2|1|1|1|1|1
OUT|19|B|1769|-1|10|1|1|1|1|1
OUT|19|B|1770|-1|1|1|1|1|1|1
OUT|19|B|1771|-1|2|1|1|1|1|1
OUT|19|B|1772|-1|10|1|1|1|1|1
OUT|19|B|1773|-1|1|1|1|1|1|1
OUT|19|B|1774|-1|2|1|1|1|1|1
OUT|19|B|1775|-1|10|1|1|1|1|1
OUT|19|B|1776|-1|1|1|1|1|1|1
OUT|19|B|1777|-1|2|1|1|1|1|1
OUT|19|B|1778|-1|10|1|1|1|1|1
OUT|19|B|1779|-1|1|1|1|1|1|1
OUT|19|B|1780|-1|2|1|1|1|1|1
OUT|19|B|1781|-1|10|1|1|1|1|1
OUT|19|B|1782|-1|1|1|1|1|1|1
OUT|19|B|1783|-1|2|1|1|1|1|1
OUT|19|B|1784|-1|10|1|1|1|1|1
OUT|19|B|1785|-1|1|1|1|1|1|1
OUT|19|B|1786|-1|2|1|1|1|1|1
OUT|19|B|1787|-1|10|1|1|1|1|1
OUT|19|B|1788|-1|1|1|1|1|1|1
OUT|19|B|1789|-1|2|1|1|1|1|1
OUT|19|B|1790|-1|10|1|1|1|1|1
OUT|19|B|1791|-1|1|1|1|1|1|1
OUT|19|B|1792|-1|2|1|1|1|1|1
OUT|19|B|1793|-1|10|1|1|1|1|1
OUT|19|B|1794|-1|1|1|1|1|1|1
OUT|19|B|1795|-1|2|1|1|1|1|1
OUT|19|B|1796|-1|10|1|1|1|1|1
OUT|19|B|1797|-1|1|1|1|1|1|1
OUT|19|B|1798|-1|2|1|1|1|1|1
OUT|19|B|1799|-1|10|1|1|1|1|1
OUT|19|B|1800|-1|1|1|1|1|1|1
OUT|19|B|1801|-1|2|1|1|1|1|1
OUT|19|B|1802|-1|10|1|1|1|1|1
OUT|19|B|1803|-1|1|1|1|1|1|1
OUT|19|B|1804|-1|2|1|1|1|1|1
OUT|19|B|1805|-1|10|1|1|1|1|1
OUT|19|B|1806|-1|1|1|1|1|1|1
OUT|19|B|1807|-1|2|1|1|1|1|1
OUT|19|B|1808|-1|10|1|1|1|1|1
OUT|19|B|1809|-1|1|1|1|1|1|1
OUT|19|B|1810|-1|2|1|1|1|1|1
OUT|19|B|1811|-1|10|1|1|1|1|1
OUT|19|B|1812|-1|1|1|1|1|1|1
OUT|19|B|1813|-1|2|1|1|1|1|1
OUT|19|B|1814|-1|10|1|1|1|1|1
OUT|19|B|1815|-1|1|1|1|1|1|1
OUT|19|B|1816|-1|2|1|1|1|1|1
OUT|19|B|1817|-1|10|1|1|1|1|1
OUT|19|B|1818|-1|1|1|1|1|1|1
OUT|19|B|1819|-1|2|1|1|1|1|1
OUT|19|B|1820|-1|10|1|1|1|1|1
OUT|19|B|1821|-1|1|1|1|1|1|1
OUT|19|B|1822|-1|2|1|1|1|1|1
OUT|19|B|1823|-1|10|1|1|1|1|1
OUT|19|B|1824|-1|1|1|1|1|1|1
OUT|19|B|1825|-1|2|1|1|1|1|1
OUT|19|B|1826|-1|10|1|1|1|1|1
OUT|19|B|1827|-1|1|1|1|1|1|1
OUT|19|B|1828|-1|2|1|1|1|1|1
OUT|19|B|1829|-1|10|1|1|1|1|1
OUT|19|B|1830|-1|1|1|1|1|1|1
OUT|19|B|1831|-1|2|1|1|1|1|1
OUT|19|B|1832|-1|10|1|1|1|1|1
OUT|19|B|1833|-1|1|1|1|1|1|1
OUT|19|B|1834|-1|2|1|1|1|1|1
OUT|19|B|1835|-1|10|1|1|1|1|1
OUT|19|B|1836|-1|1|1|1|1|1|1
OUT|19|B|1837|-1|2|1|1|1|1|1
OUT|19|B|1838|-1|10|1|1|1|1|1
OUT|19|B|1839|-1|1|1|1|1|1|1
OUT|19|B|1840|-1|2|1|1|1|1|1
OUT|19|B|1841|-1|10|1|1|1|1|1
OUT|19|B|1842|-1|1|1|1|1|1|1
OUT|19|B|1843|-1|2|1|1|1|1|1
OUT|19|B|1844|-1|10|1|1|1|1|1
OUT|19|B|1845|-1|1|1|1|1|1|1
OUT|19|B|1846|-1|2|1|1|1|1|1
OUT|19|B|1847|-1|10|1|1|1|1|1
OUT|19|B|1848|-1|1|1|1|1|1|1
OUT|19|B|1849|-1|2|1|1|1|1|1
OUT|19|B|1850|-1|10|1|1|1|1|1
OUT|19|B|1851|-1|1|1|1|1|1|1
OUT|19|B|1852|-1|2|1|1|1|1|1
OUT|19|B|1853|-1|10|1|1|1|1|1
OUT|19|B|1854|-1|1|1|1|1|1|1
OUT|19|B|1855|-1|2|1|1|1|1|1
OUT|19|B|1856|-1|10|1|1|1|1|1
OUT|19|B|1857|-1|1|1|1|1|1|1
OUT|19|B|1858|-1|2|1|1|1|1|1
OUT|19|B|1859|-1|10|1|1|1|1|1
OUT|19|B|1860|-1|1|1|1|1|1|1
OUT|19|B|1861|-1|2|1|1|1|1|1
OUT|19|B|1862|-1|10|1|1|1|1|1
OUT|19|B|1863|-1|1|1|1|1|1|1
OUT|19|B|1864|-1|2|1|1|1|1|1
OUT|19|B|1865|-1|10|1|1|1|1|1
OUT|19|B|1866|-1|1|1|1|1|1|1
OUT|19|B|1867|-1|2|1|1|1|1|1
OUT|19|B|1868|-1|10|1|1|1|1|1
OUT|19|B|1869|-1|1|1|1|1|1|1
OUT|19|B|1870|-1|2|1|1|1|1|1
OUT|19|B|1871|-1|10|1|1|1|1|1
OUT|19|B|1872|-1|1|1|1|1|1|1
OUT|19|B|1873|-1|2|1|1|1|1|1
OUT|19|B|1874|-1|10|1|1|1|1|1
OUT|19|B|1875|-1|1|1|1|1|1|1
OUT|19|B|1876|-1|2|1|1|1|1|1
OUT|19|B|1877|-1|10|1|1|1|1|1
OUT|19|B|1878|-1|1|1|1|1|1|1
OUT|19|B|1879|-1|2|1|1|1|1|1
OUT|19|B|1880|-1|10|1|1|1|1|1
OUT|19|B|1881|-1|1|1|1|1|1|1
OUT|19|B|1882|-1|2|1|1|1|1|1
OUT|19|B|1883|-1|10|1|1|1|1|1
OUT|19|B|1884|-1|1|1|1|1|1|1
OUT|19|B|1885|-1|2|1|1|1|1|1
OUT|19|B|1886|-1|10|1|1|1|1|1
OUT|19|B|1887|-1|1|1|1|1|1|1
OUT|19|B|1888|-1|2|1|1|1|1|1
OUT|19|B|1889|-1|10|1|1|1|1|1
OUT|19|B|1890|-1|1|1|1|1|1|1
OUT|19|B|1891|-1|2|1|1|1|1|1
OUT|19|B|1892|-1|10|1|1|1|1|1
OUT|19|B|1893|-1|1|1|1|1|1|1
OUT|19|B|1894|-1|2|1|1|1|1|1
OUT|19|B|1895|-1|10|1|1|1|1|1
OUT|19|B|1896|-1|1|1|1|1|1|1
OUT|19|B|1897|-1|2|1|1|1|1|1
OUT|19|B|1898|-1|10|1|1|1|1|1
OUT|19|B|1899|-1|1|1|1|1|1|1
OUT|19|B|1900|-1|2|1|1|1|1|1
OUT|19|B|1901|-1|10|1|1|1|1|1
OUT|19|B|1902|-1|1|1|1|1|1|1
OUT|19|B|1903|-1|2|1|1|1|1|1
OUT|19|B|1904|-1|10|1|1|1|1|1
OUT|19|B|1905|-1|1|1|1|1|1|1
OUT|19|B|1906|-1|2|1|1|1|1|1
OUT|19|B|1907|-1|10|1|1|1|1|1
OUT|19|B|1908|-1|1|1|1|1|1|1
OUT|19|B|1909|-1|2|1|1|1|1|1
OUT|19|B|1910|-1|10|1|1|1|1|1
OUT|19|B|1911|-1|1|1|1|1|1|1
OUT|19|B|1912|-1|2|1|1|1|1|1
OUT|19|B|1913|-1|10|1|1|1|1|1
OUT|19|B|1914|-1|1|1|1|1|1|1
OUT|19|B|1915|-1|2|1|1|1|1|1
OUT|19|B|1916|-1|10|1|1|1|1|1
OUT|19|B|1917|-1|1|1|1|1|1|1
OUT|19|B|1918|-1|2|1|1|1|1|1
OUT|19|B|1919|-1|10|1|1|1|1|1
OUT|19|B|1920|-1|1|1|1|1|1|1
OUT|19|B|1921|-1|2|1|1|1|1|1
OUT|19|B|1922|-1|10|1|1|1|1|1
OUT|19|B|1923|-1|1|1|1|1|1|1
OUT|19|B|1924|-1|2|1|1|1|1|1
OUT|19|B|1925|-1|10|1|1|1|1|1
OUT|19|B|1926|-1|1|1|1|1|1|1
OUT|19|B|1927|-1|2|1|1|1|1|1
OUT|19|B|1928|-1|10|1|1|1|1|1
OUT|19|B|1929|-1|1|1|1|1|1|1
OUT|19|B|1930|-1|2|1|1|1|1|1
OUT|19|B|1931|-1|10|1|1|1|1|1
OUT|19|B|1932|-1|1|1|1|1|1|1
OUT|19|B|1933|-1|2|1|1|1|1|1
OUT|19|B|1934|-1|10|1|1|1|1|1
OUT|19|B|1935|-1|1|1|1|1|1|1
OUT|19|B|1936|-1|2|1|1|1|1|1
OUT|19|B|1937|-1|10|1|1|1|1|1
OUT|19|B|1938|-1|1|1|1|1|1|1
OUT|19|B|1939|-1|2|1|1|1|1|1
OUT|19|B|1940|-1|10|1|1|1|1|1
OUT|19|B|1941|-1|1|1|1|1|1|1
OUT|19|B|1942|-1|2|1|1|1|1|1
OUT|19|B|1943|-1|10|1|1|1|1|1
OUT|19|B|1944|-1|1|1|1|1|1|1
OUT|19|B|1945|-1|2|1|1|1|1|1
OUT|19|B|1946|-1|10|1|1|1|1|1
OUT|19|B|1947|-1|1|1|1|1|1|1
OUT|19|B|1948|-1|2|1|1|1|1|1
OUT|19|B|1949|-1|10|1|1|1|1|1
OUT|19|B|1950|-1|1|1|1|1|1|1
OUT|19|B|1951|-1|2|1|1|1|1|1
OUT|19|B|1952|-1|10|1|1|1|1|1
OUT|19|B|1953|-1|1|1|1|1|1|1
OUT|19|B|1954|-1|2|1|1|1|1|1
OUT|19|B|1955|-1|10|1|1|1|1|1
OUT|19|B|1956|-1|1|1|1|1|1|1
OUT|19|B|1957|-1|2|1|1|1|1|1
OUT|19|B|1958|-1|10|1|1|1|1|1
OUT|19|B|1959|-1|1|1|1|1|1|1
OUT|19|B|1960|-1|2|1|1|1|1|1
OUT|19|B|1961|-1|10|1|1|1|1|1
OUT|19|B|1962|-1|1|1|1|1|1|1
OUT|19|B|1963|-1|2|1|1|1|1|1
OUT|19|B|1964|-1|10|1|1|1|1|1
OUT|19|B|1965|-1|1|1|1|1|1|1
OUT|19|B|1966|-1|2|1|1|1|1|1
OUT|19|B|1967|-1|10|1|1|1|1|1
OUT|19|B|1968|-1|1|1|1|1|1|1
OUT|19|B|1969|-1|2|1|1|1|1|1
OUT|19|B|1970|-1|10|1|1|1|1|1
OUT|19|B|1971|-1|1|1|1|1|1|1
OUT|19|B|1972|-1|2|1|1|1|1|1
OUT|19|B|1973|-1|10|1|1|1|1|1
OUT|19|B|1974|-1|1|1|1|1|1|1
OUT|19|B|1975|-1|2|1|1|1|1|1
OUT|19|B|1976|-1|10|1|1|1|1|1
OUT|19|B|1977|-1|1|1|1|1|1|1
OUT|19|B|1978|-1|2|1|1|1|1|1
OUT|19|B|1979|-1|10|1|1|1|1|1
OUT|19|B|1980|-1|1|1|1|1|1|1
OUT|19|B|1981|-1|2|1|1|1|1|1
OUT|19|B|1982|-1|10|1|1|1|1|1
OUT|19|B|1983|-1|1|1|1|1|1|1
OUT|19|B|1984|-1|2|1|1|1|1|1
OUT|19|B|1985|-1|10|1|1|1|1|1
OUT|19|B|1986|-1|1|1|1|1|1|1
OUT|19|B|1987|-1|2|1|1|1|1|1
OUT|19|B|1988|-1|10|1|1|1|1|1
OUT|19|B|1989|-1|1|1|1|1|1|1
OUT|19|B|1990|-1|2|1|1|1|1|1
OUT|19|B|1991|-1|10|1|1|1|1|1
OUT|19|B|1992|-1|1|1|1|1|1|1
OUT|19|B|1993|-1|2|1|1|1|1|1
OUT|19|B|1994|-1|10|1|1|1|1|1
OUT|19|B|1995|-1|1|1|1|1|1|1
OUT|19|B|1996|-1|2|1|1|1|1|1
OUT|19|B|1997|-1|10|1|1|1|1|1
OUT|19|B|1998|-1|1|1|1|1|1|1
OUT|19|B|1999|-1|2|1|1|1|1|1
OUT|19|B|2000|-1|10|1|1|1|1|1
OUT|19|B|2001|-1|1|1|1|1|1|1
OUT|19|B|2002|-1|2|1|1|1|1|1
OUT|19|B|2003|-1|10|1|1|1|1|1
OUT|19|B|2004|-1|1|1|1|1|1|1
OUT|19|B|2005|-1|2|1|1|1|1|1
OUT|19|B|2006|-1|10|1|1|1|1|1
OUT|19|B|2007|-1|1|1|1|1|1|1
OUT|19|B|2008|-1|2|1|1|1|1|1
OUT|19|B|2009|-1|10|1|1|1|1|1
OUT|19|B|2010|-1|1|1|1|1|1|1
OUT|19|B|2011|-1|2|1|1|1|1|1
OUT|19|B|2012|-1|10|1|1|1|1|1
OUT|19|B|2013|-1|1|1|1|1|1|1
OUT|19|B|2014|-1|2|1|1|1|1|1
OUT|19|B|2015|-1|10|1|1|1|1|1
OUT|19|B|2016|-1|1|1|1|1|1|1
OUT|19|B|2017|-1|2|1|1|1|1|1
OUT|19|B|2018|-1|10|1|1|1|1|1
OUT|19|B|2019|-1|1|1|1|1|1|1
OUT|19|B|2020|-1|2|1|1|1|1|1
OUT|19|B|2021|-1|10|1|1|1|1|1
OUT|19|B|2022|-1|1|1|1|1|1|1
OUT|19|B|2023|-1|2|1|1|1|1|1
OUT|19|B|2024|-1|10|1|1|1|1|1
OUT|19|B|2025|-1|1|1|1|1|1|1
OUT|19|B|2026|-1|2|1|1|1|1|1
OUT|19|B|2027|-1|10|1|1|1|1|1
OUT|19|B|2028|-1|1|1|1|1|1|1
OUT|19|B|2029|-1|2|1|1|1|1|1
OUT|19|B|2030|-1|10|1|1|1|1|1
OUT|19|B|2031|-1|1|1|1|1|1|1
OUT|19|B|2032|-1|2|1|1|1|1|1
OUT|19|B|2033|-1|10|1|1|1|1|1
OUT|19|B|2034|-1|1|1|1|1|1|1
OUT|19|B|2035|-1|2|1|1|1|1|1
OUT|19|B|2036|-1|10|1|1|1|1|1
OUT|19|B|2037|-1|1|1|1|1|1|1
OUT|19|B|2038|-1|2|1|1|1|1|1
OUT|19|B|2039|-1|10|1|1|1|1|1
OUT|19|B|2040|-1|1|1|1|1|1|1
OUT|19|B|2041|-1|2|1|1|1|1|1
OUT|19|B|2042|-1|10|1|1|1|1|1
OUT|19|B|2043|-1|1|1|1|1|1|1
OUT|19|B|2044|-1|2|1|1|1|1|1
OUT|19|B|2045|-1|10|1|1|1|1|1
OUT|19|B|2046|-1|1|1|1|1|1|1
OUT|19|B|2047|-1|2|1|1|1|1|1
OUT|19|B|2048|-1|10|1|1|1|1|1
OUT|19|B|2049|-1|1|1|1|1|1|1
OUT|19|B|2050|-1|2|1|1|1|1|1
OUT|19|B|2051|-1|10|1|1|1|1|1
OUT|19|B|2052|-1|1|1|1|1|1|1
OUT|19|B|2053|-1|2|1|1|1|1|1
OUT|19|B|2054|-1|10|1|1|1|1|1
OUT|19|B|2055|-1|1|1|1|1|1|1
OUT|19|B|2056|-1|2|1|1|1|1|1
OUT|19|B|2057|-1|10|1|1|1|1|1
OUT|19|B|2058|-1|1|1|1|1|1|1
OUT|19|B|2059|-1|2|1|1|1|1|1
OUT|19|B|2060|-1|10|1|1|1|1|1
OUT|19|B|2061|-1|1|1|1|1|1|1
OUT|19|B|2062|-1|2|1|1|1|1|1
OUT|19|B|2063|-1|10|1|1|1|1|1
OUT|19|B|2064|-1|1|1|1|1|1|1
OUT|19|B|2065|-1|2|1|1|1|1|1
OUT|19|B|2066|-1|10|1|1|1|1|1
OUT|19|B|2067|-1|1|1|1|1|1|1
OUT|19|B|2068|-1|2|1|1|1|1|1
OUT|19|B|2069|-1|10|1|1|1|1|1
OUT|19|B|2070|-1|1|1|1|1|1|1
OUT|19|B|2071|-1|2|1|1|1|1|1
OUT|19|B|2072|-1|10|1|1|1|1|1
OUT|19|B|2073|-1|1|1|1|1|1|1
OUT|19|B|2074|-1|2|1|1|1|1|1
OUT|19|B|2075|-1|10|1|1|1|1|1
OUT|19|B|2076|-1|1|1|1|1|1|1
OUT|19|B|2077|-1|2|1|1|1|1|1
OUT|19|B|2078|-1|10|1|1|1|1|1
OUT|19|B|2079|-1|1|1|1|1|1|1
OUT|19|B|2080|-1|2|1|1|1|1|1
OUT|19|B|2081|-1|10|1|1|1|1|1
OUT|19|B|2082|-1|1|1|1|1|1|1
OUT|19|B|2083|-1|2|1|1|1|1|1
OUT|19|B|2084|-1|10|1|1|1|1|1
OUT|19|B|2085|-1|1|1|1|1|1|1
OUT|19|B|2086|-1|2|1|1|1|1|1
OUT|19|B|2087|-1|10|1|1|1|1|1
OUT|19|B|2088|-1|1|1|1|1|1|1
OUT|19|B|2089|-1|2|1|1|1|1|1
OUT|19|B|2090|-1|10|1|1|1|1|1
OUT|19|B|2091|-1|1|1|1|1|1|1
OUT|19|B|2092|-1|2|1|1|1|1|1
OUT|19|B|2093|-1|10|1|1|1|1|1
OUT|19|B|2094|-1|1|1|1|1|1|1
OUT|19|B|2095|-1|2|1|1|1|1|1
OUT|19|B|2096|-1|10|1|1|1|1|1
OUT|19|B|2097|-1|1|1|1|1|1|1
OUT|19|B|2098|-1|2|1|1|1|1|1
OUT|19|B|2099|-1|10|1|1|1|1|1
OUT|19|B|2100|-1|1|1|1|1|1|1
OUT|19|B|2101|-1|2|1|1|1|1|1
OUT|19|B|2102|-1|10|1|1|1|1|1
OUT|19|B|2103|-1|1|1|1|1|1|1
OUT|19|B|2104|-1|2|1|1|1|1|1
OUT|19|B|2105|-1|10|1|1|1|1|1
OUT|19|B|2106|-1|1|1|1|1|1|1
OUT|19|B|2107|-1|2|1|1|1|1|1
OUT|19|B|2108|-1|10|1|1|1|1|1
OUT|19|B|2109|-1|1|1|1|1|1|1
OUT|19|B|2110|-1|2|1|1|1|1|1
OUT|19|B|2111|-1|10|1|1|1|1|1
OUT|19|B|2112|-1|1|1|1|1|1|1
OUT|19|B|2113|-1|2|1|1|1|1|1
OUT|19|B|2114|-1|10|1|1|1|1|1
OUT|19|B|2115|-1|1|1|1|1|1|1
OUT|19|B|2116|-1|2|1|1|1|1|1
OUT|19|B|2117|-1|10|1|1|1|1|1
OUT|19|B|2118|-1|1|1|1|1|1|1
OUT|19|B|2119|-1|2|1|1|1|1|1
OUT|19|B|2120|-1|10|1|1|1|1|1
OUT|19|B|2121|-1|1|1|1|1|1|1
OUT|19|B|2122|-1|2|1|1|1|1|1
OUT|19|B|2123|-1|10|1|1|1|1|1
OUT|19|B|2124|-1|1|1|1|1|1|1
OUT|19|B|2125|-1|2|1|1|1|1|1
OUT|19|B|2126|-1|10|1|1|1|1|1
OUT|19|B|2127|-1|1|1|1|1|1|1
OUT|19|B|2128|-1|2|1|1|1|1|1
OUT|19|B|2129|-1|10|1|1|1|1|1
OUT|19|B|2130|-1|1|1|1|1|1|1
OUT|19|B|2131|-1|2|1|1|1|1|1
OUT|19|B|2132|-1|10|1|1|1|1|1
OUT|19|B|2133|-1|1|1|1|1|1|1
OUT|19|B|2134|-1|2|1|1|1|1|1
OUT|19|B|2135|-1|10|1|1|1|1|1
OUT|19|B|2136|-1|1|1|1|1|1|1
OUT|19|B|2137|-1|2|1|1|1|1|1
OUT|19|B|2138|-1|10|1|1|1|1|1
OUT|19|B|2139|-1|1|1|1|1|1|1
OUT|19|B|2140|-1|2|1|1|1|1|1
OUT|19|B|2141|-1|10|1|1|1|1|1
OUT|19|B|2142|-1|1|1|1|1|1|1
OUT|19|B|2143|-1|2|1|1|1|1|1
OUT|19|B|2144|-1|10|1|1|1|1|1
OUT|19|B|2145|-1|1|1|1|1|1|1
OUT|19|B|2146|-1|2|1|1|1|1|1
OUT|19|B|2147|-1|10|1|1|1|1|1
OUT|19|B|2148|-1|1|1|1|1|1|1
OUT|19|B|2149|-1|2|1|1|1|1|1
OUT|19|B|2150|-1|10|1|1|1|1|1
OUT|19|B|2151|-1|1|1|1|1|1|1
OUT|19|B|2152|-1|2|1|1|1|1|1
OUT|19|B|2153|-1|10|1|1|1|1|1
OUT|19|B|2154|-1|1|1|1|1|1|1
OUT|19|B|2155|-1|2|1|1|1|1|1
OUT|19|B|2156|-1|10|1|1|1|1|1
OUT|19|B|2157|-1|1|1|1|1|1|1
OUT|19|B|2158|-1|2|1|1|1|1|1
OUT|19|B|2159|-1|10|1|1|1|1|1
OUT|19|B|2160|-1|1|1|1|1|1|1
OUT|19|B|2161|-1|2|1|1|1|1|1
OUT|19|B|2162|-1|10|1|1|1|1|1
OUT|19|B|2163|-1|1|1|1|1|1|1
OUT|19|B|2164|-1|2|1|1|1|1|1
OUT|19|B|2165|-1|10|1|1|1|1|1
OUT|19|B|2166|-1|1|1|1|1|1|1
OUT|19|B|2167|-1|2|1|1|1|1|1
OUT|19|B|2168|-1|10|1|1|1|1|1
OUT|19|B|2169|-1|1|1|1|1|1|1
OUT|19|B|2170|-1|2|1|1|1|1|1
OUT|19|B|2171|-1|10|1|1|1|1|1
OUT|19|B|2172|-1|1|1|1|1|1|1
OUT|19|B|2173|-1|2|1|1|1|1|1
OUT|19|B|2174|-1|10|1|1|1|1|1
OUT|19|B|2175|-1|1|1|1|1|1|1
OUT|19|B|2176|-1|2|1|1|1|1|1
OUT|19|B|2177|-1|10|1|1|1|1|1
OUT|19|B|2178|-1|1|1|1|1|1|1
OUT|19|B|2179|-1|2|1|1|1|1|1
OUT|19|B|2180|-1|10|1|1|1|1|1
OUT|19|B|2181|-1|1|1|1|1|1|1
OUT|19|B|2182|-1|2|1|1|1|1|1
OUT|19|B|2183|-1|10|1|1|1|1|1
OUT|19|B|2184|-1|1|1|1|1|1|1
OUT|19|B|2185|-1|2|1|1|1|1|1
OUT|19|B|2186|-1|10|1|1|1|1|1
OUT|19|B|2187|-1|1|1|1|1|1|1
OUT|19|B|2188|-1|2|1|1|1|1|1
OUT|19|B|2189|-1|10|1|1|1|1|1
OUT|19|B|2190|-1|1|1|1|1|1|1
OUT|19|B|2191|-1|2|1|1|1|1|1
OUT|19|B|2192|-1|10|1|1|1|1|1
OUT|19|B|2193|-1|1|1|1|1|1|1
OUT|19|B|2194|-1|2|1|1|1|1|1
OUT|19|B|2195|-1|10|1|1|1|1|1
OUT|19|B|2196|-1|1|1|1|1|1|1
OUT|19|B|2197|-1|2|1|1|1|1|1
OUT|19|B|2198|-1|10|1|1|1|1|1
OUT|19|B|2199|-1|1|1|1|1|1|1
OUT|19|B|2200|-1|2|1|1|1|1|1
OUT|19|B|2201|-1|10|1|0|0|1|1
OUT|19|B|2202|-1|1|1|0|0|1|1
OUT|19|B|2203|-1|2|1|0|0|1|1
OUT|19|B|2204|-1|10|1|0|0|1|1
OUT|19|B|2205|-1|1|1|0|0|1|1
OUT|19|B|2206|-1|2|1|0|0|1|1
OUT|19|B|2207|-1|10|1|0|0|1|1
OUT|19|B|2208|-1|1|1|0|0|1|1
OUT|19|B|2209|-1|2|1|0|0|1|1
OUT|19|B|2210|-1|10|1|0|0|0|-1
OUT|19|W|2211|-1|1|1|0|0|1|1
OUT|19|W|2212|-1|2|1|0|0|1|1
OUT|19|W|2213|-1|10|1|0|0|1|1
OUT|19|W|2214|-1|1|1|0|0|1|1
OUT|19|W|2215|-1|2|1|0|0|1|1
OUT|19|W|2216|-1|10|1|0|0|1|1
OUT|19|W|2217|-1|1|1|0|0|1|1
OUT|19|W|2218|-1|2|1|0|0|1|1
OUT|19|W|2219|-1|10|1|0|0|1|1
OUT|19|W|2220|-1|1|1|0|0|1|1
OUT|19|W|2221|-1|2|1|0|0|1|1
OUT|19|W|2222|-1|10|1|0|0|0|-1
OUT|19|P|2223|-1|1|1|0|0|1|1
OUT|19|P|2224|-1|2|1|0|0|1|1
OUT|19|P|2225|-1|10|1|0|0|1|1
OUT|19|P|2226|-1|1|1|0|0|1|1
OUT|19|P|2227|-1|2|1|0|0|1|1
OUT|19|P|2228|-1|10|1|0|0|1|1
OUT|19|P|2229|-1|1|1|0|0|1|1
OUT|19|P|2230|-1|2|1|0|0|1|1
OUT|19|P|2231|-1|10|1|0|0|1|1
OUT|19|P|2232|-1|1|1|0|0|1|1
OUT|19|P|2233|-1|2|1|1|1|1|1
OUT|19|P|2234|-1|10|1|0|0|1|1
OUT|19|P|2235|-1|1|1|1|1|1|1
OUT|19|P|2236|-1|2|1|0|0|1|1
OUT|19|P|2237|-1|10|1|0|0|1|1
OUT|19|P|2238|-1|1|1|0|0|1|1
OUT|19|P|2239|-1|2|1|0|0|1|1
OUT|19|P|2240|-1|10|1|0|0|0|-1
OUT|19|A|0|-1|4|2|1|0|0|-1
OUT|19|A|1|-1|4|2|1|0|0|-1
OUT|19|A|2|-1|4|2|1|0|0|-1
OUT|19|A|3|-1|4|2|1|0|0|-1
OUT|19|A|4|-1|999|0|1|0|0|-1
OUT|19|A|5|-1|999|0|1|0|0|-1
OUT|19|A|6|-1|999|0|1|0|0|-1
OUT|19|A|7|-1|999|0|1|0|0|-1
OUT|19|A|8|-1|999|0|1|0|0|-1
OUT|19|A|9|-1|999|0|1|0|0|-1
OUT|19|A|10|-1|8|1|1|0|0|-1
OUT|19|A|11|-1|8|1|1|0|0|-1
OUT|19|A|12|-1|8|1|1|0|0|-1
OUT|19|A|13|-1|8|1|1|0|0|-1
SUM|19|2255|1505|1505
