R|0|0|0|1|0
R|1|0|0|1|0
R|2|0|0|1|0
R|3|0|0|1|0
R|4|0|0|1|0
R|5|0|0|1|0
R|6|0|0|1|0
R|7|0|0|1|0
R|8|0|0|1|0
R|9|0|0|1|0
R|10|0|0|1|0
R|11|0|0|1|0
R|12|0|0|1|0
R|13|0|0|1|0
R|14|0|0|1|0
R|15|0|0|1|0
R|16|0|0|1|0
R|17|0|0|1|0
R|18|0|0|1|0
R|19|0|0|1|0
R|20|0|0|1|0
R|21|0|0|1|0
R|22|0|0|1|0
R|23|0|0|1|0
R|24|0|0|1|0
R|25|0|0|1|0
R|26|0|0|1|0
R|27|0|0|1|0
R|28|0|0|1|0
R|29|0|0|1|0
R|30|0|0|1|0
R|31|0|0|1|0
R|32|0|0|1|0
R|33|0|0|1|0
R|34|0|0|1|0
R|35|0|0|1|0
R|36|0|0|1|0
R|37|0|0|1|0
R|38|0|0|1|0
R|39|0|0|1|0
R|40|0|0|1|0
R|41|0|0|1|0
R|42|0|0|1|0
R|43|0|0|1|0
R|44|0|0|1|0
R|45|0|0|1|0
R|46|0|0|1|0
R|47|0|0|1|0
R|48|0|0|1|0
R|49|0|0|1|0
R|50|0|0|1|0
R|51|0|0|1|0
R|52|0|0|1|0
R|53|0|0|1|0
R|54|0|0|1|0
R|55|0|0|1|0
R|56|0|0|1|0
R|57|0|0|1|0
R|58|0|0|1|0
R|59|0|0|1|0
R|60|0|0|1|0
R|61|0|0|1|0
R|62|0|0|1|0
R|63|0|0|1|0
R|64|0|1|1|1
R|65|0|1|1|1
R|66|0|1|1|1
R|67|0|1|1|1
R|68|0|1|1|1
R|69|0|1|1|1
R|70|0|1|1|1
R|71|0|1|1|1
R|72|0|1|1|1
R|73|0|1|1|1
R|74|0|1|1|1
R|75|0|1|1|1
R|76|0|1|1|1
R|77|0|1|1|1
R|78|0|1|1|1
R|79|0|1|1|1
R|80|0|1|1|1
R|81|0|1|1|1
R|82|0|1|1|1
R|83|0|1|1|1
R|84|0|1|1|1
R|85|0|1|1|1
R|86|0|1|1|1
R|87|0|1|1|1
R|88|0|1|1|1
R|89|0|1|1|1
R|90|0|1|1|1
R|91|0|1|1|1
R|92|0|1|1|1
R|93|0|1|1|1
R|94|0|1|1|1
R|95|0|1|1|1
R|96|0|1|1|1
R|97|0|1|1|1
R|98|0|1|1|1
R|99|0|1|1|1
R|100|0|1|1|1
R|101|0|1|1|1
R|102|0|1|1|1
R|103|0|1|1|1
R|104|0|1|1|1
R|105|0|1|1|1
R|106|0|1|1|1
R|107|0|1|1|1
R|108|0|1|1|1
R|109|0|1|1|1
R|110|0|1|1|1
R|111|0|1|1|1
R|112|0|1|1|1
R|113|0|1|1|1
R|114|0|0|1|0
R|115|0|1|1|1
R|116|0|1|1|1
R|117|0|1|1|1
R|118|0|1|1|1
R|119|0|1|1|1
R|120|0|1|1|1
R|121|0|1|1|1
R|122|0|1|1|1
R|123|0|1|1|1
R|124|0|1|1|1
R|125|0|1|1|1
R|126|0|1|1|1
R|127|0|1|1|1
R|128|0|1|1|1
R|129|0|1|1|1
R|130|0|1|1|1
R|131|0|1|1|1
R|132|0|1|1|1
R|133|0|1|1|1
R|134|0|1|1|1
R|135|0|1|1|1
R|136|0|1|1|1
R|137|0|1|1|1
R|138|0|1|1|1
R|139|0|1|1|1
R|140|0|1|1|1
R|141|0|1|1|1
R|142|0|1|1|1
R|143|0|1|1|1
R|144|0|1|1|1
R|145|0|1|1|1
R|146|0|1|1|1
R|147|0|1|1|1
R|148|0|1|1|1
R|149|0|1|1|1
R|150|0|1|1|1
R|151|0|1|1|1
R|152|0|1|1|1
R|153|0|1|1|1
R|154|0|1|1|1
R|155|0|1|1|1
R|156|0|1|1|1
R|157|0|1|1|1
R|158|0|1|1|1
R|159|0|1|1|1
R|160|0|1|1|1
R|161|0|0|1|0
R|162|0|1|1|1
R|163|0|1|1|1
R|164|0|1|1|1
R|165|0|1|1|1
R|166|0|1|1|1
R|167|0|1|1|1
R|168|0|1|1|1
R|169|0|1|1|1
R|170|0|1|1|1
R|171|0|1|1|1
R|172|0|1|1|1
R|173|0|1|1|1
R|174|0|1|1|1
R|175|0|1|1|1
R|176|0|1|1|1
R|177|0|1|1|1
R|178|0|1|1|1
R|179|0|1|1|1
R|180|0|1|1|1
R|181|0|1|1|1
R|182|0|1|1|1
R|183|0|1|1|1
R|184|0|1|1|1
R|185|0|1|1|1
R|186|0|1|1|1
R|187|0|1|1|1
R|188|0|1|1|1
R|189|0|1|1|1
R|190|0|1|1|1
R|191|0|1|1|1
R|192|0|1|1|1
R|193|0|1|1|1
R|194|0|1|1|1
R|195|0|1|1|1
R|196|0|1|1|1
R|197|0|1|1|1
R|198|0|1|1|1
R|199|0|1|1|1
R|200|0|1|1|1
R|201|0|1|1|1
R|202|0|1|1|1
R|203|0|1|1|1
R|204|0|1|1|1
R|205|0|1|1|1
R|206|0|1|1|1
R|207|0|1|1|1
R|208|0|1|1|1
R|209|0|1|1|1
R|210|0|1|1|1
R|211|0|0|1|0
R|212|0|1|1|1
R|213|0|1|1|1
R|214|0|1|1|1
R|215|0|1|1|1
R|216|0|1|1|1
R|217|0|1|1|1
R|218|0|1|1|1
R|219|0|1|1|1
R|220|0|1|1|1
R|221|0|1|1|1
R|222|0|1|1|1
R|223|0|1|1|1
R|224|0|1|1|1
R|225|0|1|1|1
R|226|0|1|1|1
R|227|0|1|1|1
R|228|0|1|1|1
R|229|0|1|1|1
R|230|0|1|1|1
R|231|0|1|1|1
R|232|0|1|1|1
R|233|0|1|1|1
R|234|0|1|1|1
R|235|0|1|1|1
R|236|0|1|1|1
R|237|0|1|1|1
R|238|0|1|1|1
R|239|0|1|1|1
R|240|0|1|1|1
R|241|0|1|1|1
R|242|0|1|1|1
R|243|0|1|1|1
R|244|0|1|1|1
R|245|0|1|1|1
R|246|0|1|1|1
R|247|0|1|1|1
R|248|0|1|1|1
R|249|0|1|1|1
R|250|0|1|1|1
R|251|0|1|1|1
R|252|0|1|1|1
R|253|0|1|1|1
R|254|0|1|1|1
R|255|0|1|1|1
R|256|0|1|1|1
R|257|0|1|1|1
R|258|0|0|1|0
R|259|0|0|1|0
R|260|0|1|1|1
R|261|0|1|1|1
R|262|0|1|1|1
R|263|0|1|1|1
R|264|0|1|1|1
R|265|0|1|1|1
R|266|0|1|1|1
R|267|0|1|1|1
R|268|0|0|1|0
R|269|0|1|1|1
R|270|0|1|1|1
R|271|0|1|1|1
R|272|0|1|1|1
R|273|0|1|1|1
R|274|0|1|1|1
R|275|0|1|1|1
R|276|0|1|1|1
R|277|0|1|1|1
R|278|0|1|1|1
R|279|0|1|1|1
R|280|0|1|1|1
R|281|0|1|1|1
R|282|0|0|1|0
R|283|0|1|1|1
R|284|0|1|1|1
R|285|0|1|1|1
R|286|0|1|1|1
R|287|0|1|1|1
R|288|0|1|1|1
R|289|0|1|1|1
R|290|0|1|1|1
R|291|0|1|1|1
R|292|0|1|1|1
R|293|0|1|1|1
R|294|0|1|1|1
R|295|0|1|1|1
R|296|0|1|1|1
R|297|0|0|1|0
R|298|0|1|1|1
R|299|0|1|1|1
R|300|0|1|1|1
R|301|0|1|1|1
R|302|0|1|1|1
R|303|0|1|1|1
R|304|0|1|1|1
R|305|0|1|1|1
R|306|0|1|1|1
R|307|0|1|1|1
R|308|0|1|1|1
R|309|0|1|1|1
R|310|0|1|1|1
R|311|0|1|1|1
R|312|0|1|1|1
R|313|0|1|1|1
R|314|0|1|1|1
R|315|0|1|1|1
R|316|0|1|1|1
R|317|0|1|1|1
R|318|0|0|1|0
R|319|0|1|1|1
R|320|0|1|1|1
R|321|0|1|1|1
R|322|0|1|1|1
R|323|0|1|1|1
R|324|0|1|1|1
R|325|0|1|1|1
R|326|0|1|1|1
R|327|0|1|1|1
R|328|0|1|1|1
R|329|0|1|1|1
R|330|0|1|1|1
R|331|0|1|1|1
R|332|0|1|1|1
R|333|0|1|1|1
R|334|0|1|1|1
R|335|0|1|1|1
R|336|0|1|1|1
R|337|0|1|1|1
R|338|0|1|1|1
R|339|0|1|1|1
R|340|0|1|1|1
R|341|0|1|1|1
R|342|0|1|1|1
R|343|0|1|1|1
R|344|0|0|1|0
R|345|0|1|1|1
R|346|0|1|1|1
R|347|0|1|1|1
R|348|0|1|1|1
R|349|0|1|1|1
R|350|0|1|1|1
R|351|0|1|1|1
R|352|0|1|1|1
R|353|0|1|1|1
R|354|0|1|1|1
R|355|0|1|1|1
R|356|0|1|1|1
R|357|0|1|1|1
R|358|0|1|1|1
R|359|0|1|1|1
R|360|0|1|1|1
R|361|0|1|1|1
R|362|0|1|1|1
R|363|0|1|1|1
R|364|0|1|1|1
R|365|0|1|1|1
R|366|0|1|1|1
R|367|0|1|1|1
R|368|0|1|1|1
R|369|0|1|1|1
R|370|0|1|1|1
R|371|0|1|1|1
R|372|0|1|1|1
R|373|0|1|1|1
R|374|0|1|1|1
R|375|0|1|1|1
R|376|0|1|1|1
R|377|0|1|1|1
R|378|0|1|1|1
R|379|0|1|1|1
R|380|0|1|1|1
R|381|0|1|1|1
R|382|0|1|1|1
R|383|0|1|1|1
R|384|0|1|1|1
R|385|0|1|1|1
R|386|0|1|1|1
R|387|0|1|1|1
R|388|0|1|1|1
R|389|0|1|1|1
R|390|0|1|1|1
R|391|0|1|1|1
R|392|0|1|1|1
R|393|0|1|1|1
R|394|0|1|1|1
R|395|0|1|1|1
R|396|0|1|1|1
R|397|0|1|1|1
R|398|0|1|1|1
R|399|0|1|1|1
R|400|0|1|1|1
R|401|0|1|1|1
R|402|0|1|1|1
R|403|0|1|1|1
R|404|0|1|1|1
R|405|0|1|1|1
R|406|0|1|1|1
R|407|0|1|1|1
R|408|0|1|1|1
R|409|0|1|1|1
R|410|0|1|1|1
R|411|0|1|1|1
R|412|0|1|1|1
R|413|0|1|1|1
R|414|0|1|1|1
R|415|0|1|1|1
R|416|0|1|1|1
R|417|0|1|1|1
R|418|0|1|1|1
R|419|0|1|1|1
R|420|0|1|1|1
R|421|0|1|1|1
R|422|0|1|1|1
R|423|0|1|1|1
R|424|0|1|1|1
R|425|0|1|1|1
R|426|0|1|1|1
R|427|0|1|1|1
R|428|0|1|1|1
R|429|0|1|1|1
R|430|0|1|1|1
R|431|0|1|1|1
R|432|0|1|1|1
R|433|0|1|1|1
R|434|0|1|1|1
R|435|0|1|1|1
R|436|0|1|1|1
R|437|0|1|1|1
R|438|0|1|1|1
R|439|0|1|1|1
R|440|0|1|1|1
R|441|0|1|1|1
R|442|0|1|1|1
R|443|0|1|1|1
R|444|0|1|1|1
R|445|0|0|1|0
R|446|0|1|1|1
R|447|0|1|1|1
R|448|0|1|1|1
R|449|0|1|1|1
R|450|0|1|1|1
R|451|0|1|1|1
R|452|0|1|1|1
R|453|0|1|1|1
R|454|0|1|1|1
R|455|0|1|1|1
R|456|0|1|1|1
R|457|0|1|1|1
R|458|0|1|1|1
R|459|0|1|1|1
R|460|0|1|1|1
R|461|0|1|1|1
R|462|0|1|1|1
R|463|0|1|1|1
R|464|0|1|1|1
R|465|0|1|1|1
R|466|0|1|1|1
R|467|0|1|1|1
R|468|0|1|1|1
R|469|0|1|1|1
R|470|0|1|1|1
R|471|0|1|1|1
R|472|0|1|1|1
R|473|0|1|1|1
R|474|0|1|1|1
R|475|0|1|1|1
R|476|0|1|1|1
R|477|0|1|1|1
R|478|0|1|1|1
R|479|0|1|1|1
R|480|0|1|1|1
R|481|0|1|1|1
R|482|0|1|1|1
R|483|0|1|1|1
R|484|0|1|1|1
R|485|0|1|1|1
R|486|0|1|1|1
R|487|0|1|1|1
R|488|0|1|1|1
R|489|0|1|1|1
R|490|0|1|1|1
R|491|0|1|1|1
R|492|0|1|1|1
R|493|0|0|1|0
R|494|0|1|1|1
R|495|0|1|1|1
R|496|0|1|1|1
R|497|0|1|1|1
R|498|0|1|1|1
R|499|0|1|1|1
R|500|0|1|1|1
R|501|0|1|1|1
R|502|0|1|1|1
R|503|0|1|1|1
R|504|0|1|1|1
R|505|0|1|1|1
R|506|0|1|1|1
R|507|0|1|1|1
R|508|0|1|1|1
R|509|0|1|1|1
R|510|0|1|1|1
R|511|0|1|1|1
R|512|0|1|1|1
R|513|0|1|1|1
R|514|0|1|1|1
R|515|0|1|1|1
R|516|0|1|1|1
R|517|0|1|1|1
R|518|0|1|1|1
R|519|0|1|1|1
R|520|0|0|1|0
R|521|0|1|1|1
R|522|0|1|1|1
R|523|0|1|1|1
R|524|0|1|1|1
R|525|0|1|1|1
R|526|0|1|1|1
R|527|0|1|1|1
R|528|0|1|1|1
R|529|0|1|1|1
R|530|0|1|1|1
R|531|0|1|1|1
R|532|0|1|1|1
R|533|0|1|1|1
R|534|0|1|1|1
R|535|0|1|1|1
R|536|0|1|1|1
R|537|0|1|1|1
R|538|0|1|1|1
R|539|0|0|1|0
R|540|0|1|1|1
R|541|0|1|1|1
R|542|0|1|1|1
R|543|0|1|1|1
R|544|0|1|1|1
R|545|0|1|1|1
R|546|0|1|1|1
R|547|0|1|1|1
R|548|0|1|1|1
R|549|0|1|1|1
R|550|0|1|1|1
R|551|0|1|1|1
R|552|0|1|1|1
R|553|0|1|1|1
R|554|0|1|1|1
R|555|0|1|1|1
R|556|0|1|1|1
R|557|0|1|1|1
R|558|0|1|1|1
R|559|0|1|1|1
R|560|0|1|1|1
R|561|0|1|1|1
R|562|0|1|1|1
R|563|0|1|1|1
R|564|0|1|1|1
R|565|0|1|1|1
R|566|0|1|1|1
R|567|0|1|1|1
R|568|0|1|1|1
R|569|0|1|1|1
R|570|0|0|1|0
R|571|0|1|1|1
R|572|0|1|1|1
R|573|0|1|1|1
R|574|0|1|1|1
R|575|0|1|1|1
R|576|0|1|1|1
R|577|0|0|1|0
R|578|0|1|1|1
R|579|0|1|1|1
R|580|0|1|1|1
R|581|0|1|1|1
R|582|0|1|1|1
R|583|0|1|1|1
R|584|0|1|1|1
R|585|0|1|1|1
R|586|0|1|1|1
R|587|0|1|1|1
R|588|0|1|1|1
R|589|0|1|1|1
R|590|0|1|1|1
R|591|0|1|1|1
R|592|0|1|1|1
R|593|0|1|1|1
R|594|0|1|1|1
R|595|0|1|1|1
R|596|0|1|1|1
R|597|0|1|1|1
R|598|0|1|1|1
R|599|0|1|1|1
R|600|0|1|1|1
R|601|0|1|1|1
R|602|0|1|1|1
R|603|0|1|1|1
R|604|0|1|1|1
R|605|0|1|1|1
R|606|0|1|1|1
R|607|0|1|1|1
R|608|0|1|1|1
R|609|0|1|1|1
R|610|0|1|1|1
R|611|0|1|1|1
R|612|0|1|1|1
R|613|0|1|1|1
R|614|0|1|1|1
R|615|0|1|1|1
R|616|0|1|1|1
R|617|0|1|1|1
R|618|0|1|1|1
R|619|0|1|1|1
R|620|0|1|1|1
R|621|0|1|1|1
R|622|0|1|1|1
R|623|0|1|1|1
R|624|0|1|1|1
R|625|0|1|1|1
R|626|0|1|1|1
R|627|0|1|1|1
R|628|0|1|1|1
R|629|0|1|1|1
R|630|0|1|1|1
R|631|0|1|1|1
R|632|0|1|1|1
R|633|0|1|1|1
R|634|0|1|1|1
R|635|0|1|1|1
R|636|0|1|1|1
R|637|0|1|1|1
R|638|0|1|1|1
R|639|0|1|1|1
R|640|0|1|1|1
R|641|0|1|1|1
R|642|0|1|1|1
R|643|0|1|1|1
R|644|0|1|1|1
R|645|0|1|1|1
R|646|0|1|1|1
R|647|0|1|1|1
R|648|0|0|1|0
R|649|0|1|1|1
R|650|0|1|1|1
R|651|0|1|1|1
R|652|0|1|1|1
R|653|0|1|1|1
R|654|0|1|1|1
R|655|0|1|1|1
R|656|0|1|1|1
R|657|0|1|1|1
R|658|0|1|1|1
R|659|0|1|1|1
R|660|0|1|1|1
R|661|0|1|1|1
R|662|0|1|1|1
R|663|0|1|1|1
R|664|0|1|1|1
R|665|0|1|1|1
R|666|0|1|1|1
R|667|0|1|1|1
R|668|0|1|1|1
R|669|0|1|1|1
R|670|0|1|1|1
R|671|0|1|1|1
R|672|0|1|1|1
R|673|0|1|1|1
R|674|0|1|1|1
R|675|0|1|1|1
R|676|0|1|1|1
R|677|0|1|1|1
R|678|0|1|1|1
R|679|0|1|1|1
R|680|0|0|1|0
R|681|0|1|1|1
R|682|0|1|1|1
R|683|0|1|1|1
R|684|0|1|1|1
R|685|0|1|1|1
R|686|0|0|1|0
R|687|0|0|1|0
R|688|0|0|1|0
R|689|0|0|1|0
R|690|0|0|1|0
R|691|0|0|1|0
R|692|0|0|1|0
R|693|0|0|1|0
R|694|0|0|1|0
R|695|0|0|1|0
R|696|0|0|1|0
R|697|0|0|1|0
R|698|0|0|1|0
R|699|0|0|1|0
R|700|0|0|1|0
R|701|0|0|1|0
R|702|0|0|1|0
R|703|0|0|1|0
R|704|0|0|1|0
R|705|0|0|1|0
R|706|0|0|1|0
R|707|0|0|1|0
R|708|0|0|1|0
R|709|0|0|1|0
R|710|0|0|1|0
R|711|0|0|1|0
R|712|0|0|1|0
R|713|0|0|1|0
R|714|0|0|1|0
R|715|0|0|1|0
R|716|0|0|1|0
R|717|0|0|1|0
R|718|0|0|1|0
R|719|0|0|1|0
R|720|0|0|1|0
R|721|0|0|1|0
R|722|0|0|1|0
R|723|0|0|1|0
R|724|0|0|1|0
R|725|0|0|1|0
R|726|0|0|1|0
R|727|0|0|1|0
R|728|0|0|1|0
R|729|0|0|1|0
R|730|0|0|1|0
R|731|0|0|1|0
R|732|0|0|1|0
R|733|0|0|1|0
R|734|0|0|1|0
R|735|0|0|1|0
R|736|0|0|1|0
R|737|0|0|1|0
R|738|0|0|1|0
R|739|0|0|1|0
R|740|0|0|1|0
R|741|0|0|1|0
R|742|0|0|1|0
R|743|0|0|1|0
R|744|0|0|1|0
R|745|0|0|1|0
R|746|0|0|1|0
R|747|0|0|1|0
R|748|0|0|1|0
R|749|0|0|1|0
R|750|0|0|1|0
R|751|0|0|1|0
R|752|0|0|1|0
R|753|0|0|1|0
R|754|0|0|1|0
R|755|0|0|1|0
R|756|0|0|1|0
R|757|0|0|1|0
R|758|0|0|1|0
R|759|0|0|1|0
R|760|0|0|1|0
R|761|0|0|1|0
R|762|0|0|1|0
R|763|0|0|1|0
R|764|0|0|1|0
R|765|0|0|1|0
R|766|0|0|1|0
R|767|0|0|1|0
R|768|0|0|1|0
R|769|0|0|1|0
R|770|0|0|1|0
R|771|0|0|1|0
R|772|0|0|1|0
R|773|0|0|1|0
R|774|0|0|1|0
R|775|0|0|1|0
R|776|0|0|1|0
R|777|0|0|1|0
R|778|0|0|1|0
R|779|0|0|1|0
R|780|0|0|1|0
R|781|0|0|1|0
R|782|0|0|1|0
R|783|0|0|1|0
R|784|0|0|1|0
R|785|0|0|1|0
R|786|0|0|1|0
R|787|0|0|1|0
R|788|0|0|1|0
R|789|0|0|1|0
R|790|0|0|1|0
R|791|0|1|1|1
R|792|0|1|1|1
R|793|0|1|1|1
R|794|0|1|1|1
R|795|0|1|1|1
R|796|0|1|1|1
R|797|0|1|1|1
R|798|0|1|1|1
R|799|0|1|1|1
R|800|0|0|1|0
R|801|0|1|1|1
R|802|0|1|1|1
R|803|0|1|1|1
R|804|0|1|1|1
R|805|0|1|1|1
R|806|0|1|1|1
R|807|0|1|1|1
R|808|0|1|1|1
R|809|0|1|1|1
R|810|0|1|1|1
R|811|0|1|1|1
R|812|0|1|1|1
R|813|0|1|1|1
R|814|0|1|1|1
R|815|0|1|1|1
R|816|0|1|1|1
R|817|0|1|1|1
R|818|0|0|1|0
R|819|0|1|1|1
R|820|0|1|1|1
R|821|0|1|1|1
R|822|0|1|1|1
R|823|0|1|1|1
R|824|0|1|1|1
R|825|0|1|1|1
R|826|0|1|1|1
R|827|0|1|1|1
R|828|0|1|1|1
R|829|0|1|1|1
R|830|0|1|1|1
R|831|0|1|1|1
R|832|0|1|1|1
R|833|0|1|1|1
R|834|0|1|1|1
R|835|0|1|1|1
R|836|0|1|1|1
R|837|0|1|1|1
R|838|0|0|1|0
R|839|0|1|1|1
R|840|0|1|1|1
R|841|0|1|1|1
R|842|0|1|1|1
R|843|0|1|1|1
R|844|0|1|1|1
R|845|0|1|1|1
R|846|0|1|1|1
R|847|0|1|1|1
R|848|0|0|1|0
R|849|0|1|1|1
R|850|0|1|1|1
R|851|0|1|1|1
R|852|0|1|1|1
R|853|0|1|1|1
R|854|0|1|1|1
R|855|0|1|1|1
R|856|0|1|1|1
R|857|0|1|1|1
R|858|0|1|1|1
R|859|0|1|1|1
R|860|0|1|1|1
R|861|0|1|1|1
R|862|0|1|1|1
R|863|0|1|1|1
R|864|0|1|1|1
R|865|0|0|1|0
R|866|0|1|1|1
R|867|0|1|1|1
R|868|0|1|1|1
R|869|0|1|1|1
R|870|0|1|1|1
R|871|0|1|1|1
R|872|0|1|1|1
R|873|0|1|1|1
R|874|0|1|1|1
R|875|0|1|1|1
R|876|0|1|1|1
R|877|0|1|1|1
R|878|0|1|1|1
R|879|0|1|1|1
R|880|0|1|1|1
R|881|0|1|1|1
R|882|0|1|1|1
R|883|0|1|1|1
R|884|0|1|1|1
R|885|0|1|1|1
R|886|0|1|1|1
R|887|0|1|1|1
R|888|0|1|1|1
R|889|0|1|1|1
R|890|0|1|1|1
R|891|0|1|1|1
R|892|0|1|1|1
R|893|0|1|1|1
R|894|0|1|1|1
R|895|0|1|1|1
R|896|0|1|1|1
R|897|0|1|1|1
R|898|0|1|1|1
R|899|0|1|1|1
R|900|0|1|1|1
R|901|0|1|1|1
R|902|0|0|1|0
R|903|0|1|1|1
R|904|0|1|1|1
R|905|0|1|1|1
R|906|0|1|1|1
R|907|0|1|1|1
R|908|0|1|1|1
R|909|0|1|1|1
R|910|0|1|1|1
R|911|0|1|1|1
R|912|0|1|1|1
R|913|0|1|1|1
R|914|0|1|1|1
R|915|0|1|1|1
R|916|0|1|1|1
R|917|0|1|1|1
R|918|0|1|1|1
R|919|0|1|1|1
R|920|0|1|1|1
R|921|0|1|1|1
R|922|0|1|1|1
R|923|0|1|1|1
R|924|0|1|1|1
R|925|0|1|1|1
R|926|0|1|1|1
R|927|0|1|1|1
R|928|0|1|1|1
R|929|0|1|1|1
R|930|0|1|1|1
R|931|0|1|1|1
R|932|0|1|1|1
R|933|0|1|1|1
R|934|0|1|1|1
R|935|0|1|1|1
R|936|0|1|1|1
R|937|0|0|1|0
R|938|0|1|1|1
R|939|0|1|1|1
R|940|0|1|1|1
R|941|0|1|1|1
R|942|0|1|1|1
R|943|0|1|1|1
R|944|0|1|1|1
R|945|0|0|1|0
R|946|0|1|1|1
R|947|0|1|1|1
R|948|0|1|1|1
R|949|0|1|1|1
R|950|0|1|1|1
R|951|0|1|1|1
R|952|0|0|1|0
R|953|0|1|1|1
R|954|0|1|1|1
R|955|0|1|1|1
R|956|0|1|1|1
R|957|0|1|1|1
R|958|0|1|1|1
R|959|0|1|1|1
R|960|0|1|1|1
R|961|0|1|1|1
R|962|0|1|1|1
R|963|0|1|1|1
R|964|0|1|1|1
R|965|0|1|1|1
R|966|0|1|1|1
R|967|0|1|1|1
R|968|0|1|1|1
R|969|0|1|1|1
R|970|0|1|1|1
R|971|0|1|1|1
R|972|0|1|1|1
R|973|0|1|1|1
R|974|0|1|1|1
R|975|0|1|1|1
R|976|0|1|1|1
R|977|0|1|1|1
R|978|0|1|1|1
R|979|0|1|1|1
R|980|0|1|1|1
R|981|0|1|1|1
R|982|0|1|1|1
R|983|0|1|1|1
R|984|0|1|1|1
R|985|0|1|1|1
R|986|0|1|1|1
R|987|0|1|1|1
R|988|0|0|1|0
R|989|0|1|1|1
R|990|0|1|1|1
R|991|0|1|1|1
R|992|0|1|1|1
R|993|0|1|1|1
R|994|0|0|1|0
R|995|0|1|1|1
R|996|0|1|1|1
R|997|0|1|1|1
R|998|0|1|1|1
R|999|0|0|1|0
R|1000|0|0|1|0
R|1001|0|0|1|0
R|1002|0|0|1|0
R|1003|0|0|1|0
R|1004|0|0|1|0
R|1005|0|0|1|0
R|1006|0|0|1|0
R|1007|0|0|1|0
R|1008|0|0|1|0
R|1009|0|0|1|0
R|1010|0|0|1|0
R|1011|0|0|1|0
R|1012|0|0|1|0
R|1013|0|0|1|0
R|1014|0|0|1|0
R|1015|0|0|1|0
R|1016|0|0|1|0
R|1017|0|0|1|0
R|1018|0|0|1|0
R|1019|0|0|1|0
R|1020|0|0|1|0
R|1021|0|0|1|0
R|1022|0|0|1|0
R|1023|0|0|1|0
R|1024|0|0|1|0
R|1025|0|0|1|0
R|1026|0|0|1|0
R|1027|0|0|1|0
R|1028|0|0|1|0
R|1029|0|0|1|0
R|1030|0|0|1|0
R|1031|0|0|1|0
R|1032|0|0|1|0
R|1033|0|0|1|0
R|1034|0|0|1|0
R|1035|0|0|1|0
R|1036|0|0|1|0
R|1037|0|0|1|0
R|1038|0|0|1|0
R|1039|0|0|1|0
R|1040|0|0|1|0
R|1041|0|0|1|0
R|1042|0|0|1|0
R|1043|0|0|1|0
R|1044|0|0|1|0
R|1045|0|0|1|0
R|1046|0|0|1|0
R|1047|0|0|1|0
R|1048|0|0|1|0
R|1049|0|0|1|0
R|1050|0|0|1|0
R|1051|0|0|1|0
R|1052|0|0|1|0
R|1053|0|0|1|0
R|1054|0|0|1|0
R|1055|0|0|1|0
R|1056|0|0|1|0
R|1057|0|0|1|0
R|1058|0|0|1|0
R|1059|0|0|1|0
R|1060|0|0|1|0
R|1061|0|0|1|0
R|1062|0|0|1|0
R|1063|0|0|1|0
R|1064|0|0|1|0
R|1065|0|0|1|0
R|1066|0|0|1|0
R|1067|0|0|1|0
R|1068|0|0|1|0
R|1069|0|0|1|0
R|1070|0|0|1|0
R|1071|0|0|1|0
R|1072|0|0|1|0
R|1073|0|0|1|0
R|1074|0|0|1|0
R|1075|0|0|1|0
R|1076|0|0|1|0
R|1077|0|0|1|0
R|1078|0|0|1|0
R|1079|0|0|1|0
R|1080|0|0|1|0
R|1081|0|0|1|0
R|1082|0|0|1|0
R|1083|0|0|1|0
R|1084|0|0|1|0
R|1085|0|0|1|0
R|1086|0|0|1|0
R|1087|0|0|1|0
R|1088|0|0|1|0
R|1089|0|0|1|0
R|1090|0|0|1|0
R|1091|0|0|1|0
R|1092|0|0|1|0
R|1093|0|0|1|0
R|1094|0|0|1|0
R|1095|0|0|1|0
R|1096|0|0|1|0
R|1097|0|0|1|0
R|1098|0|0|1|0
R|1099|0|0|1|0
R|1100|0|0|1|0
R|1101|0|0|1|0
R|1102|3|0|1|0
R|1103|3|0|1|0
R|1104|3|0|1|0
R|1105|3|0|1|0
R|1106|3|0|1|0
R|1107|3|0|1|0
R|1108|3|0|1|0
R|1109|3|0|1|0
R|1110|3|0|1|0
R|1111|3|0|1|0
R|1112|3|0|1|0
R|1113|3|0|1|0
R|1114|3|0|1|0
R|1115|3|0|1|0
R|1116|3|0|1|0
R|1117|3|0|1|0
R|1118|3|0|1|0
R|1119|3|0|1|0
R|1120|3|0|1|0
R|1121|3|0|1|0
R|1122|3|0|1|0
R|1123|3|0|1|0
R|1124|3|0|1|0
R|1125|3|0|1|0
R|1126|3|0|1|0
R|1127|3|0|1|0
R|1128|3|0|1|0
R|1129|3|0|1|0
R|1130|3|0|1|0
R|1131|3|0|1|0
R|1132|3|0|1|0
R|1133|3|0|1|0
R|1134|3|0|1|0
R|1135|3|1|1|1
R|1136|3|0|1|0
R|1137|3|0|1|0
R|1138|3|0|1|0
R|1139|3|0|1|0
R|1140|3|0|1|0
R|1141|3|0|1|0
R|1142|3|0|1|0
R|1143|3|0|1|0
R|1144|3|0|1|0
R|1145|3|0|1|0
R|1146|3|0|1|0
R|1147|3|0|1|0
R|1148|3|0|1|0
R|1149|3|0|1|0
R|1150|3|0|1|0
R|1151|3|0|1|0
R|1152|3|0|1|0
R|1153|3|0|1|0
R|1154|3|0|1|0
R|1155|3|0|1|0
R|1156|3|0|1|0
R|1157|3|0|1|0
R|1158|3|0|1|0
R|1159|3|0|1|0
R|1160|3|0|1|0
R|1161|3|0|1|0
R|1162|3|0|1|0
R|1163|3|0|1|0
R|1164|3|0|1|0
R|1165|3|0|1|0
R|1166|3|0|1|0
R|1167|3|0|1|0
R|1168|3|0|1|0
R|1169|3|0|1|0
R|1170|3|0|1|0
R|1171|3|0|1|0
R|1172|3|0|1|0
R|1173|3|0|1|0
R|1174|3|0|1|0
R|1175|3|0|1|0
R|1176|3|0|1|0
R|1177|3|0|1|0
R|1178|3|0|1|0
R|1179|3|0|1|0
R|1180|3|0|1|0
R|1181|3|0|1|0
R|1182|3|0|1|0
R|1183|3|0|1|0
R|1184|3|0|1|0
R|1185|3|0|1|0
R|1186|3|0|1|0
R|1187|3|0|1|0
R|1188|3|0|1|0
R|1189|3|0|1|0
R|1190|3|0|1|0
R|1191|3|0|1|0
R|1192|3|0|1|0
R|1193|3|0|1|0
R|1194|3|0|1|0
R|1195|3|0|1|0
R|1196|3|0|1|0
R|1197|3|0|1|0
R|1198|3|0|1|0
R|1199|3|0|1|0
R|1200|3|0|1|0
R|1201|3|0|1|0
R|1202|3|0|1|0
R|1203|3|0|1|0
R|1204|3|0|1|0
R|1205|3|0|1|0
R|1206|3|0|1|0
R|1207|3|0|1|0
R|1208|3|0|1|0
R|1209|3|0|1|0
R|1210|3|0|1|0
R|1211|3|0|1|0
R|1212|3|0|1|0
R|1213|3|0|1|0
R|1214|3|0|1|0
R|1215|3|0|1|0
R|1216|3|0|1|0
R|1217|3|0|1|0
R|1218|3|0|1|0
R|1219|3|0|1|0
R|1220|3|0|1|0
R|1221|3|0|1|0
R|1222|3|0|1|0
R|1223|3|0|1|0
R|1224|3|0|1|0
R|1225|3|0|1|0
R|1226|3|0|1|0
R|1227|3|0|1|0
R|1228|3|0|1|0
R|1229|3|0|1|0
R|1230|3|0|1|0
R|1231|3|0|1|0
R|1232|3|0|1|0
R|1233|3|0|1|0
R|1234|3|0|1|0
R|1235|3|0|1|0
R|1236|3|0|1|0
R|1237|3|0|1|0
R|1238|3|0|1|0
R|1239|3|0|1|0
R|1240|3|0|1|0
R|1241|3|0|1|0
R|1242|3|0|1|0
R|1243|3|0|1|0
R|1244|3|0|1|0
R|1245|3|0|1|0
R|1246|3|0|1|0
R|1247|3|0|1|0
R|1248|3|0|1|0
R|1249|3|0|1|0
R|1250|3|0|1|0
R|1251|3|0|1|0
R|1252|3|0|1|0
R|1253|3|0|1|0
R|1254|3|0|1|0
R|1255|3|0|1|0
R|1256|3|0|1|0
R|1257|3|0|1|0
R|1258|3|0|1|0
R|1259|3|0|1|0
R|1260|3|0|1|0
R|1261|3|0|1|0
R|1262|3|0|1|0
R|1263|3|0|1|0
R|1264|3|0|1|0
R|1265|3|0|1|0
R|1266|3|0|1|0
R|1267|3|0|1|0
R|1268|3|0|1|0
R|1269|3|0|1|0
R|1270|3|0|1|0
R|1271|3|0|1|0
R|1272|3|0|1|0
R|1273|3|0|1|0
R|1274|3|0|1|0
R|1275|3|0|1|0
R|1276|3|0|1|0
R|1277|3|0|1|0
R|1278|3|0|1|0
R|1279|3|0|1|0
R|1280|3|0|1|0
R|1281|3|0|1|0
R|1282|3|0|1|0
R|1283|3|0|1|0
R|1284|3|0|1|0
R|1285|3|0|1|0
R|1286|3|0|1|0
R|1287|3|0|1|0
R|1288|3|0|1|0
R|1289|3|0|1|0
R|1290|3|0|1|0
R|1291|3|0|1|0
R|1292|3|0|1|0
R|1293|3|0|1|0
R|1294|3|0|1|0
R|1295|3|0|1|0
R|1296|3|0|1|0
R|1297|3|0|1|0
R|1298|3|0|1|0
R|1299|3|0|1|0
R|1300|3|0|1|0
R|1301|3|0|1|0
R|1302|3|0|1|0
R|1303|3|0|1|0
R|1304|3|0|1|0
R|1305|3|0|1|0
R|1306|3|0|1|0
R|1307|3|0|1|0
R|1308|3|0|1|0
R|1309|3|0|1|0
R|1310|3|0|1|0
R|1311|3|0|1|0
R|1312|3|0|1|0
R|1313|3|0|1|0
R|1314|3|0|1|0
R|1315|3|0|1|0
R|1316|3|0|1|0
R|1317|3|0|1|0
R|1318|3|0|1|0
R|1319|3|0|1|0
R|1320|3|0|1|0
R|1321|3|0|1|0
R|1322|3|0|1|0
R|1323|3|0|1|0
R|1324|3|0|1|0
R|1325|3|0|1|0
R|1326|3|0|1|0
R|1327|3|0|1|0
R|1328|3|0|1|0
R|1329|3|0|1|0
R|1330|3|0|1|0
R|1331|3|0|1|0
R|1332|3|0|1|0
R|1333|3|0|1|0
R|1334|3|0|1|0
R|1335|3|0|1|0
R|1336|3|0|1|0
R|1337|3|0|1|0
R|1338|3|0|1|0
R|1339|3|0|1|0
R|1340|3|0|1|0
R|1341|3|0|1|0
R|1342|3|0|1|0
R|1343|3|0|1|0
R|1344|3|0|1|0
R|1345|3|0|1|0
R|1346|3|0|1|0
R|1347|3|0|1|0
R|1348|3|0|1|0
R|1349|3|0|1|0
R|1350|3|0|1|0
R|1351|3|0|1|0
R|1352|3|0|1|0
R|1353|3|0|1|0
R|1354|3|0|1|0
R|1355|3|0|1|0
R|1356|3|0|1|0
R|1357|3|0|1|0
R|1358|3|0|1|0
R|1359|3|0|1|0
R|1360|3|0|1|0
R|1361|3|0|1|0
R|1362|3|0|1|0
R|1363|3|0|1|0
R|1364|3|0|1|0
R|1365|3|0|1|0
R|1366|3|0|1|0
R|1367|3|0|1|0
R|1368|3|0|1|0
R|1369|3|0|1|0
R|1370|3|0|1|0
R|1371|3|0|1|0
R|1372|3|0|1|0
R|1373|3|0|1|0
R|1374|3|0|1|0
R|1375|3|0|1|0
R|1376|3|0|1|0
R|1377|3|0|1|0
R|1378|3|0|1|0
R|1379|3|0|1|0
R|1380|3|0|1|0
R|1381|3|0|1|0
R|1382|3|0|1|0
R|1383|3|0|1|0
R|1384|3|0|1|0
R|1385|3|0|1|0
R|1386|3|0|1|0
R|1387|3|0|1|0
R|1388|3|0|1|0
R|1389|3|0|1|0
R|1390|3|0|1|0
R|1391|3|0|1|0
R|1392|3|0|1|0
R|1393|3|0|1|0
R|1394|3|0|1|0
R|1395|3|0|1|0
R|1396|3|0|1|0
R|1397|3|0|1|0
R|1398|3|0|1|0
R|1399|3|0|1|0
R|1400|3|0|1|0
R|1401|3|0|1|0
R|1402|3|0|1|0
R|1403|3|0|1|0
R|1404|3|0|1|0
R|1405|3|0|1|0
R|1406|3|0|1|0
R|1407|3|0|1|0
R|1408|3|0|1|0
R|1409|3|0|1|0
R|1410|3|0|1|0
R|1411|3|0|1|0
R|1412|3|0|1|0
R|1413|3|0|1|0
R|1414|3|0|1|0
R|1415|3|0|1|0
R|1416|3|0|1|0
R|1417|3|0|1|0
R|1418|3|0|1|0
R|1419|3|0|1|0
R|1420|3|0|1|0
R|1421|3|0|1|0
R|1422|3|0|1|0
R|1423|3|0|1|0
R|1424|3|0|1|0
R|1425|3|0|1|0
R|1426|3|0|1|0
R|1427|3|0|1|0
R|1428|3|0|1|0
R|1429|3|0|1|0
R|1430|3|0|1|0
R|1431|3|0|1|0
R|1432|3|0|1|0
R|1433|3|0|1|0
R|1434|3|0|1|0
R|1435|3|0|1|0
R|1436|3|0|1|0
R|1437|3|0|1|0
R|1438|3|0|1|0
R|1439|3|0|1|0
R|1440|3|0|1|0
R|1441|3|0|1|0
R|1442|3|0|1|0
R|1443|3|0|1|0
R|1444|3|0|1|0
R|1445|3|0|1|0
R|1446|3|0|1|0
R|1447|3|0|1|0
R|1448|3|0|1|0
R|1449|3|0|1|0
R|1450|3|0|1|0
R|1451|3|0|1|0
R|1452|3|0|1|0
R|1453|3|0|1|0
R|1454|3|0|1|0
R|1455|3|0|1|0
R|1456|3|0|1|0
R|1457|3|0|1|0
R|1458|3|0|1|0
R|1459|3|0|1|0
R|1460|3|0|1|0
R|1461|3|0|1|0
R|1462|3|0|1|0
R|1463|3|0|1|0
R|1464|3|0|1|0
R|1465|3|0|1|0
R|1466|3|0|1|0
R|1467|3|0|1|0
R|1468|3|0|1|0
R|1469|3|0|1|0
R|1470|3|0|1|0
R|1471|3|0|1|0
R|1472|3|0|1|0
R|1473|3|0|1|0
R|1474|3|0|1|0
R|1475|3|0|1|0
R|1476|3|0|1|0
R|1477|3|0|1|0
R|1478|3|0|1|0
R|1479|3|0|1|0
R|1480|3|0|1|0
R|1481|3|0|1|0
R|1482|3|0|1|0
R|1483|3|0|1|0
R|1484|3|0|1|0
R|1485|3|0|1|0
R|1486|3|0|1|0
R|1487|3|0|1|0
R|1488|3|1|1|1
R|1489|3|1|1|1
R|1490|3|1|1|1
R|1491|3|1|1|1
R|1492|3|1|1|1
R|1493|3|1|1|1
R|1494|3|1|1|1
R|1495|3|1|1|1
R|1496|3|1|1|1
R|1497|3|1|1|1
R|1498|3|1|1|1
R|1499|3|1|1|1
R|1500|3|1|1|1
R|1501|3|1|1|1
R|1502|3|1|1|1
R|1503|3|1|1|1
R|1504|3|1|1|1
R|1505|3|1|1|1
R|1506|3|1|1|1
R|1507|3|1|1|1
R|1508|3|1|1|1
R|1509|3|1|1|1
R|1510|3|1|1|1
R|1511|3|1|1|1
R|1512|3|1|1|1
R|1513|3|1|1|1
R|1514|3|1|1|1
R|1515|3|1|1|1
R|1516|3|1|1|1
R|1517|3|1|1|1
R|1518|3|1|1|1
R|1519|3|1|1|1
R|1520|3|1|1|1
R|1521|3|1|1|1
R|1522|3|1|1|1
R|1523|3|1|1|1
R|1524|3|1|1|1
R|1525|3|1|1|1
R|1526|3|1|1|1
R|1527|3|1|1|1
R|1528|3|1|1|1
R|1529|3|1|1|1
R|1530|3|1|1|1
R|1531|3|1|1|1
R|1532|3|1|1|1
R|1533|3|1|1|1
R|1534|3|1|1|1
R|1535|3|1|1|1
R|1536|3|1|1|1
R|1537|3|1|1|1
R|1538|3|1|1|1
R|1539|3|1|1|1
R|1540|3|1|1|1
R|1541|3|1|1|1
R|1542|3|0|1|0
R|1543|3|1|1|1
R|1544|3|1|1|1
R|1545|3|1|1|1
R|1546|3|1|1|1
R|1547|3|1|1|1
R|1548|3|1|1|1
R|1549|3|1|1|1
R|1550|3|1|1|1
R|1551|3|1|1|1
R|1552|3|1|1|1
R|1553|3|1|1|1
R|1554|3|1|1|1
R|1555|3|1|1|1
R|1556|3|1|1|1
R|1557|3|1|1|1
R|1558|3|1|1|1
R|1559|3|1|1|1
R|1560|3|1|1|1
R|1561|3|1|1|1
R|1562|3|1|1|1
R|1563|3|1|1|1
R|1564|3|1|1|1
R|1565|3|1|1|1
R|1566|3|1|1|1
R|1567|3|1|1|1
R|1568|3|1|1|1
R|1569|3|1|1|1
R|1570|3|1|1|1
R|1571|3|1|1|1
R|1572|3|1|1|1
R|1573|3|1|1|1
R|1574|3|1|1|1
R|1575|3|1|1|1
R|1576|3|1|1|1
R|1577|3|1|1|1
R|1578|3|1|1|1
R|1579|3|1|1|1
R|1580|3|1|1|1
R|1581|3|1|1|1
R|1582|3|1|1|1
R|1583|3|1|1|1
R|1584|3|1|1|1
R|1585|3|1|1|1
R|1586|3|1|1|1
R|1587|3|1|1|1
R|1588|3|1|1|1
R|1589|3|1|1|1
R|1590|3|1|1|1
R|1591|3|1|1|1
R|1592|3|1|1|1
R|1593|3|1|1|1
R|1594|3|1|1|1
R|1595|3|1|1|1
R|1596|3|1|1|1
R|1597|3|1|1|1
R|1598|3|1|1|1
R|1599|3|1|1|1
R|1600|3|1|1|1
R|1601|3|1|1|1
R|1602|3|1|1|1
R|1603|3|1|1|1
R|1604|3|1|1|1
R|1605|3|1|1|1
R|1606|3|1|1|1
R|1607|3|1|1|1
R|1608|3|1|1|1
R|1609|3|1|1|1
R|1610|3|1|1|1
R|1611|3|1|1|1
R|1612|3|1|1|1
R|1613|3|1|1|1
R|1614|3|1|1|1
R|1615|3|1|1|1
R|1616|3|1|1|1
R|1617|3|1|1|1
R|1618|3|1|1|1
R|1619|3|1|1|1
R|1620|3|1|1|1
R|1621|3|1|1|1
R|1622|3|1|1|1
R|1623|3|1|1|1
R|1624|3|1|1|1
R|1625|3|1|1|1
R|1626|3|1|1|1
R|1627|3|1|1|1
R|1628|3|1|1|1
R|1629|3|1|1|1
R|1630|3|1|1|1
R|1631|3|1|1|1
R|1632|3|1|1|1
R|1633|3|1|1|1
R|1634|3|1|1|1
R|1635|3|1|1|1
R|1636|3|1|1|1
R|1637|3|1|1|1
R|1638|3|1|1|1
R|1639|3|1|1|1
R|1640|3|1|1|1
R|1641|3|1|1|1
R|1642|3|1|1|1
R|1643|3|1|1|1
R|1644|3|1|1|1
R|1645|3|1|1|1
R|1646|3|1|1|1
R|1647|3|1|1|1
R|1648|3|1|1|1
R|1649|3|1|1|1
R|1650|3|1|1|1
R|1651|3|1|1|1
R|1652|3|1|1|1
R|1653|3|1|1|1
R|1654|3|1|1|1
R|1655|3|1|1|1
R|1656|3|1|1|1
R|1657|3|1|1|1
R|1658|3|1|1|1
R|1659|3|1|1|1
R|1660|3|1|1|1
R|1661|3|1|1|1
R|1662|3|1|1|1
R|1663|3|1|1|1
R|1664|3|1|1|1
R|1665|3|1|1|1
R|1666|3|1|1|1
R|1667|3|1|1|1
R|1668|3|1|1|1
R|1669|3|1|1|1
R|1670|3|1|1|1
R|1671|3|1|1|1
R|1672|3|1|1|1
R|1673|3|1|1|1
R|1674|3|1|1|1
R|1675|3|1|1|1
R|1676|3|1|1|1
R|1677|3|1|1|1
R|1678|3|1|1|1
R|1679|3|1|1|1
R|1680|3|1|1|1
R|1681|3|1|1|1
R|1682|3|1|1|1
R|1683|3|1|1|1
R|1684|3|1|1|1
R|1685|3|1|1|1
R|1686|3|1|1|1
R|1687|3|1|1|1
R|1688|3|1|1|1
R|1689|3|1|1|1
R|1690|3|1|1|1
R|1691|3|1|1|1
R|1692|3|1|1|1
R|1693|3|1|1|1
R|1694|3|1|1|1
R|1695|3|1|1|1
R|1696|3|1|1|1
R|1697|3|1|1|1
R|1698|3|1|1|1
R|1699|3|1|1|1
R|1700|3|1|1|1
R|1701|3|1|1|1
R|1702|3|1|1|1
R|1703|3|1|1|1
R|1704|3|1|1|1
R|1705|3|1|1|1
R|1706|3|1|1|1
R|1707|3|1|1|1
R|1708|3|1|1|1
R|1709|3|1|1|1
R|1710|3|1|1|1
R|1711|3|1|1|1
R|1712|3|1|1|1
R|1713|3|1|1|1
R|1714|3|1|1|1
R|1715|3|1|1|1
R|1716|3|1|1|1
R|1717|3|1|1|1
R|1718|3|1|1|1
R|1719|3|1|1|1
R|1720|3|1|1|1
R|1721|3|1|1|1
R|1722|3|1|1|1
R|1723|3|1|1|1
R|1724|3|1|1|1
R|1725|3|1|1|1
R|1726|3|1|1|1
R|1727|3|1|1|1
R|1728|3|1|1|1
R|1729|3|1|1|1
R|1730|3|1|1|1
R|1731|3|1|1|1
R|1732|3|1|1|1
R|1733|3|1|1|1
R|1734|3|0|1|0
R|1735|3|1|1|1
R|1736|3|1|1|1
R|1737|3|1|1|1
R|1738|3|1|1|1
R|1739|3|1|1|1
R|1740|3|1|1|1
R|1741|3|1|1|1
R|1742|3|1|1|1
R|1743|3|1|1|1
R|1744|3|1|1|1
R|1745|3|1|1|1
R|1746|3|1|1|1
R|1747|3|1|1|1
R|1748|3|1|1|1
R|1749|3|1|1|1
R|1750|3|1|1|1
R|1751|3|1|1|1
R|1752|3|1|1|1
R|1753|3|1|1|1
R|1754|3|1|1|1
R|1755|3|1|1|1
R|1756|3|1|1|1
R|1757|3|1|1|1
R|1758|3|1|1|1
R|1759|3|1|1|1
R|1760|3|1|1|1
R|1761|3|1|1|1
R|1762|3|1|1|1
R|1763|3|1|1|1
R|1764|3|1|1|1
R|1765|3|1|1|1
R|1766|3|1|1|1
R|1767|3|1|1|1
R|1768|3|1|1|1
R|1769|3|1|1|1
R|1770|3|1|1|1
R|1771|3|1|1|1
R|1772|3|1|1|1
R|1773|3|1|1|1
R|1774|3|1|1|1
R|1775|3|1|1|1
R|1776|3|1|1|1
R|1777|3|1|1|1
R|1778|3|1|1|1
R|1779|3|1|1|1
R|1780|3|1|1|1
R|1781|3|1|1|1
R|1782|3|1|1|1
R|1783|3|1|1|1
R|1784|3|1|1|1
R|1785|3|1|1|1
R|1786|3|1|1|1
R|1787|3|1|1|1
R|1788|3|1|1|1
R|1789|3|1|1|1
R|1790|3|1|1|1
R|1791|3|1|1|1
R|1792|3|1|1|1
R|1793|3|1|1|1
R|1794|3|1|1|1
R|1795|3|1|1|1
R|1796|3|1|1|1
R|1797|3|1|1|1
R|1798|3|1|1|1
R|1799|3|1|1|1
R|1800|3|1|1|1
R|1801|3|0|1|0
R|1802|3|0|1|0
R|1803|3|0|1|0
R|1804|3|0|1|0
R|1805|3|0|1|0
R|1806|3|0|1|0
R|1807|3|0|1|0
R|1808|3|0|1|0
R|1809|3|0|1|0
R|1810|3|0|1|0
R|1811|3|0|1|0
R|1812|3|0|1|0
R|1813|3|0|1|0
R|1814|3|0|1|0
R|1815|3|0|1|0
R|1816|3|0|1|0
R|1817|3|0|1|0
R|1818|3|0|1|0
R|1819|3|0|1|0
R|1820|3|0|1|0
R|1821|3|0|1|0
R|1822|3|0|1|0
R|1823|3|0|1|0
R|1824|3|0|1|0
R|1825|3|0|1|0
R|1826|3|0|1|0
R|1827|3|0|1|0
R|1828|3|0|1|0
R|1829|3|0|1|0
R|1830|3|0|1|0
R|1831|3|0|1|0
R|1832|3|0|1|0
R|1833|3|0|1|0
R|1834|3|0|1|0
R|1835|3|0|1|0
R|1836|3|0|1|0
R|1837|3|0|1|0
R|1838|3|0|1|0
R|1839|3|0|1|0
R|1840|3|0|1|0
R|1841|3|0|1|0
R|1842|3|0|1|0
R|1843|3|0|1|0
R|1844|3|0|1|0
R|1845|3|0|1|0
R|1846|3|0|1|0
R|1847|3|0|1|0
R|1848|3|0|1|0
R|1849|3|0|1|0
R|1850|3|0|1|0
R|1851|3|0|1|0
R|1852|3|0|1|0
R|1853|3|0|1|0
R|1854|3|0|1|0
R|1855|3|0|1|0
R|1856|3|0|1|0
R|1857|3|0|1|0
R|1858|3|0|1|0
R|1859|3|0|1|0
R|1860|3|0|1|0
R|1861|3|0|1|0
R|1862|3|0|1|0
R|1863|3|0|1|0
R|1864|3|0|1|0
R|1865|3|0|1|0
R|1866|3|0|1|0
R|1867|3|0|1|0
R|1868|3|0|1|0
R|1869|3|0|1|0
R|1870|3|0|1|0
R|1871|3|0|1|0
R|1872|3|0|1|0
R|1873|3|0|1|0
R|1874|3|0|1|0
R|1875|3|0|1|0
R|1876|3|0|1|0
R|1877|3|0|1|0
R|1878|3|0|1|0
R|1879|3|0|1|0
R|1880|3|0|1|0
R|1881|3|0|1|0
R|1882|3|0|1|0
R|1883|3|0|1|0
R|1884|3|0|1|0
R|1885|3|0|1|0
R|1886|3|0|1|0
R|1887|3|0|1|0
R|1888|3|0|1|0
R|1889|3|0|1|0
R|1890|3|0|1|0
R|1891|3|0|1|0
R|1892|3|0|1|0
R|1893|3|0|1|0
R|1894|3|0|1|0
R|1895|3|0|1|0
R|1896|3|0|1|0
R|1897|3|0|1|0
R|1898|3|0|1|0
R|1899|3|0|1|0
R|1900|3|0|1|0
R|1901|3|0|1|0
R|1902|3|0|1|0
R|1903|3|0|1|0
R|1904|3|0|1|0
R|1905|3|0|1|0
R|1906|3|0|1|0
R|1907|3|0|1|0
R|1908|3|0|1|0
R|1909|3|0|1|0
R|1910|3|0|1|0
R|1911|3|0|1|0
R|1912|3|0|1|0
R|1913|3|0|1|0
R|1914|3|0|1|0
R|1915|3|0|1|0
R|1916|3|0|1|0
R|1917|3|0|1|0
R|1918|3|0|1|0
R|1919|3|0|1|0
R|1920|3|0|1|0
R|1921|3|0|1|0
R|1922|3|0|1|0
R|1923|3|0|1|0
R|1924|3|0|1|0
R|1925|3|0|1|0
R|1926|3|0|1|0
R|1927|3|0|1|0
R|1928|3|0|1|0
R|1929|3|0|1|0
R|1930|3|0|1|0
R|1931|3|0|1|0
R|1932|3|0|1|0
R|1933|3|0|1|0
R|1934|3|0|1|0
R|1935|3|0|1|0
R|1936|3|0|1|0
R|1937|3|0|1|0
R|1938|3|0|1|0
R|1939|3|0|1|0
R|1940|3|0|1|0
R|1941|3|0|1|0
R|1942|3|0|1|0
R|1943|3|0|1|0
R|1944|3|0|1|0
R|1945|3|0|1|0
R|1946|3|0|1|0
R|1947|3|0|1|0
R|1948|3|0|1|0
R|1949|3|0|1|0
R|1950|3|0|1|0
R|1951|3|0|1|0
R|1952|3|0|1|0
R|1953|3|0|1|0
R|1954|3|0|1|0
R|1955|3|0|1|0
R|1956|3|0|1|0
R|1957|3|0|1|0
R|1958|3|0|1|0
R|1959|3|0|1|0
R|1960|3|0|1|0
R|1961|3|0|1|0
R|1962|3|0|1|0
R|1963|3|0|1|0
R|1964|3|0|1|0
R|1965|3|0|1|0
R|1966|3|0|1|0
R|1967|3|0|1|0
R|1968|3|0|1|0
R|1969|3|0|1|0
R|1970|3|0|1|0
R|1971|3|0|1|0
R|1972|3|0|1|0
R|1973|3|0|1|0
R|1974|3|0|1|0
R|1975|3|0|1|0
R|1976|3|0|1|0
R|1977|3|0|1|0
R|1978|3|0|1|0
R|1979|3|0|1|0
R|1980|3|0|1|0
R|1981|3|0|1|0
R|1982|3|0|1|0
R|1983|3|0|1|0
R|1984|3|0|1|0
R|1985|3|0|1|0
R|1986|3|0|1|0
R|1987|3|0|1|0
R|1988|3|0|1|0
R|1989|3|0|1|0
R|1990|3|0|1|0
R|1991|3|0|1|0
R|1992|3|0|1|0
R|1993|3|0|1|0
R|1994|3|0|1|0
R|1995|3|0|1|0
R|1996|3|0|1|0
R|1997|3|0|1|0
R|1998|3|0|1|0
R|1999|3|0|1|0
R|2000|3|0|1|0
R|2001|3|0|1|0
R|2002|3|0|1|0
R|2003|3|0|1|0
R|2004|3|0|1|0
R|2005|3|0|1|0
R|2006|3|0|1|0
R|2007|3|0|1|0
R|2008|3|0|1|0
R|2009|3|0|1|0
R|2010|3|0|1|0
R|2011|3|0|1|0
R|2012|3|0|1|0
R|2013|3|0|1|0
R|2014|3|0|1|0
R|2015|3|0|1|0
R|2016|3|0|1|0
R|2017|3|0|1|0
R|2018|3|0|1|0
R|2019|3|0|1|0
R|2020|3|0|1|0
R|2021|3|0|1|0
R|2022|3|0|1|0
R|2023|3|0|1|0
R|2024|3|0|1|0
R|2025|3|0|1|0
R|2026|3|0|1|0
R|2027|3|0|1|0
R|2028|3|0|1|0
R|2029|3|0|1|0
R|2030|3|0|1|0
R|2031|3|0|1|0
R|2032|3|0|1|0
R|2033|3|0|1|0
R|2034|3|0|1|0
R|2035|3|0|1|0
R|2036|3|0|1|0
R|2037|3|0|1|0
R|2038|3|0|1|0
R|2039|3|0|1|0
R|2040|3|0|1|0
R|2041|3|0|1|0
R|2042|3|0|1|0
R|2043|3|0|1|0
R|2044|3|0|1|0
R|2045|3|0|1|0
R|2046|3|0|1|0
R|2047|3|0|1|0
R|2048|3|0|1|0
R|2049|3|0|1|0
R|2050|3|0|1|0
R|2051|3|0|1|0
R|2052|3|0|1|0
R|2053|3|0|1|0
R|2054|3|0|1|0
R|2055|3|0|1|0
R|2056|3|0|1|0
R|2057|3|0|1|0
R|2058|3|0|1|0
R|2059|3|0|1|0
R|2060|3|0|1|0
R|2061|3|0|1|0
R|2062|3|0|1|0
R|2063|3|0|1|0
R|2064|3|0|1|0
R|2065|3|0|1|0
R|2066|3|0|1|0
R|2067|3|0|1|0
R|2068|3|0|1|0
R|2069|3|0|1|0
R|2070|3|0|1|0
R|2071|3|0|1|0
R|2072|3|0|1|0
R|2073|3|0|1|0
R|2074|3|0|1|0
R|2075|3|0|1|0
R|2076|3|0|1|0
R|2077|3|0|1|0
R|2078|3|0|1|0
R|2079|3|0|1|0
R|2080|3|0|1|0
R|2081|3|0|1|0
R|2082|3|0|1|0
R|2083|3|0|1|0
R|2084|3|0|1|0
R|2085|3|0|1|0
R|2086|3|0|1|0
R|2087|3|0|1|0
R|2088|3|0|1|0
R|2089|3|0|1|0
R|2090|3|0|1|0
R|2091|3|0|1|0
R|2092|3|0|1|0
R|2093|3|0|1|0
R|2094|3|0|1|0
R|2095|3|0|1|0
R|2096|3|0|1|0
R|2097|3|0|1|0
R|2098|3|0|1|0
R|2099|3|0|1|0
R|2100|3|0|1|0
R|2101|3|0|1|0
R|2102|3|0|1|0
R|2103|3|0|1|0
R|2104|3|0|1|0
R|2105|3|0|1|0
R|2106|3|0|1|0
R|2107|3|0|1|0
R|2108|3|0|1|0
R|2109|3|0|1|0
R|2110|3|0|1|0
R|2111|3|0|1|0
R|2112|3|0|1|0
R|2113|3|0|1|0
R|2114|3|0|1|0
R|2115|3|0|1|0
R|2116|3|0|1|0
R|2117|3|0|1|0
R|2118|3|0|1|0
R|2119|3|0|1|0
R|2120|3|0|1|0
R|2121|3|0|1|0
R|2122|3|0|1|0
R|2123|3|0|1|0
R|2124|3|0|1|0
R|2125|3|0|1|0
R|2126|3|0|1|0
R|2127|3|0|1|0
R|2128|3|0|1|0
R|2129|3|0|1|0
R|2130|3|0|1|0
R|2131|3|0|1|0
R|2132|3|0|1|0
R|2133|3|0|1|0
R|2134|3|0|1|0
R|2135|3|0|1|0
R|2136|3|0|1|0
R|2137|3|0|1|0
R|2138|3|0|1|0
R|2139|3|0|1|0
R|2140|3|0|1|0
R|2141|3|0|1|0
R|2142|3|0|1|0
R|2143|3|0|1|0
R|2144|3|0|1|0
R|2145|3|0|1|0
R|2146|3|0|1|0
R|2147|3|0|1|0
R|2148|3|0|1|0
R|2149|3|0|1|0
R|2150|3|0|1|0
R|2151|3|0|1|0
R|2152|3|0|1|0
R|2153|3|0|1|0
R|2154|3|0|1|0
R|2155|3|0|1|0
R|2156|3|0|1|0
R|2157|3|0|1|0
R|2158|3|0|1|0
R|2159|3|0|1|0
R|2160|3|0|1|0
R|2161|3|0|1|0
R|2162|3|0|1|0
R|2163|3|0|1|0
R|2164|3|0|1|0
R|2165|3|0|1|0
R|2166|3|0|1|0
R|2167|3|0|1|0
R|2168|3|0|1|0
R|2169|3|0|1|0
R|2170|3|0|1|0
R|2171|3|0|1|0
R|2172|3|0|1|0
R|2173|3|0|1|0
R|2174|3|0|1|0
R|2175|3|0|1|0
R|2176|3|0|1|0
R|2177|3|0|1|0
R|2178|3|0|1|0
R|2179|3|0|1|0
R|2180|3|0|1|0
R|2181|3|0|1|0
R|2182|3|0|1|0
R|2183|3|0|1|0
R|2184|3|0|1|0
R|2185|3|0|1|0
R|2186|3|0|1|0
R|2187|3|0|1|0
R|2188|3|0|1|0
R|2189|3|0|1|0
R|2190|3|0|1|0
R|2191|3|0|1|0
R|2192|3|0|1|0
R|2193|3|0|1|0
R|2194|3|0|1|0
R|2195|3|0|1|0
R|2196|3|0|1|0
R|2197|3|0|1|0
R|2198|3|0|1|0
R|2199|3|0|1|0
R|2200|3|0|1|0
R|2201|3|0|1|0
R|2202|3|0|1|0
R|2203|3|0|1|0
R|2204|3|0|1|0
R|2205|3|0|1|0
R|2206|3|0|1|0
R|2207|3|0|1|0
R|2208|3|0|1|0
R|2209|3|0|1|0
R|2210|3|0|1|0
R|2211|1|0|1|0
R|2212|1|0|1|0
R|2213|1|0|1|0
R|2214|1|0|1|0
R|2215|1|0|1|0
R|2216|1|0|1|0
R|2217|1|0|1|0
R|2218|1|0|1|0
R|2219|1|0|1|0
R|2220|1|0|1|0
R|2221|1|0|1|0
R|2222|1|0|1|0
R|2223|2|0|1|0
R|2224|2|0|1|0
R|2225|2|0|1|0
R|2226|2|0|1|0
R|2227|2|0|1|0
R|2228|2|0|1|0
R|2229|2|0|1|0
R|2230|2|0|1|0
R|2231|2|0|1|0
R|2232|2|0|1|0
R|2233|2|0|1|0
R|2234|2|0|1|0
R|2235|2|0|1|0
R|2236|2|0|1|0
R|2237|2|0|1|0
R|2238|2|0|1|0
R|2239|2|0|1|0
R|2240|2|0|1|0
R|2241|4|0|1|0
R|2242|4|0|1|0
R|2243|4|0|1|0
R|2244|4|0|1|0
R|2245|5|0|1|0
R|2246|5|0|1|0
R|2247|5|0|1|0
R|2248|5|0|1|0
R|2249|5|0|1|0
R|2250|5|0|1|0
R|2251|6|0|1|0
R|2252|6|0|1|0
R|2253|6|0|1|0
R|2254|6|0|1|0
DESIGN=W2_ADV_PAIR
rows_base=2241
rows_attack=14
c_admit=801
w_admit=0
p_pair_installs=0
p_member_admit=0
b_admit=312
a_admit=0
fork_fail=0
