CM|C1|0|0|1|-1|-1
CM|C1|0|1|0|0|1
CM|C1|0|2|3|0|1
CM|C1|0|3|3|0|1
CM|C1|1|0|1|-1|-1
CM|C1|1|1|0|0|1
CM|C1|1|2|4|0|1
CM|C1|1|3|5|1|3
CM|C1|2|0|1|-1|-1
CM|C1|2|1|0|0|1
CM|C1|2|2|4|0|1
CM|C1|2|3|5|1|3
CM|C2|0|0|1|-1|-1
CM|C2|0|1|0|3|5
CM|C2|0|2|3|3|5
CM|C2|1|0|1|-1|-1
CM|C2|1|1|0|3|5
CM|C2|1|2|4|3|5
CM|C2|2|0|1|-1|-1
CM|C2|2|1|0|3|5
CM|C2|2|2|4|3|5
CM|C3|0|0|1|-1|-1
CM|C3|0|1|0|0|8
CM|C3|0|2|3|0|8
CM|C3|1|0|1|-1|-1
CM|C3|1|1|0|0|8
CM|C3|1|2|4|0|8
CM|C3|2|0|1|-1|-1
CM|C3|2|1|0|0|8
CM|C3|2|2|4|0|8
CM|R1|0|0|1|-1|-1
CM|R1|0|1|0|0|11
CM|R1|0|2|3|0|11
CM|R1|1|0|1|-1|-1
CM|R1|1|1|0|0|11
CM|R1|1|2|3|0|11
CM|R1|2|0|1|-1|-1
CM|R1|2|1|0|0|11
CM|R1|2|2|3|0|11
CM|R2|0|0|1|-1|-1
CM|R2|0|1|0|0|14
CM|R2|0|2|3|0|14
CM|R2|1|0|1|-1|-1
CM|R2|1|1|1|-1|-1
CM|R2|1|2|4|-1|-1
CM|R2|2|0|1|-1|-1
CM|R2|2|1|0|0|14
CM|R2|2|2|4|0|14
CM|CC1|0|0|1|-1|-1
CM|CC1|0|1|0|3|17
CM|CC1|0|2|3|3|17
CM|CC1|0|3|3|3|17
CM|CC1|1|0|1|-1|-1
CM|CC1|1|1|0|3|17
CM|CC1|1|2|4|3|17
CM|CC1|1|3|5|2|19
CM|CC1|2|0|1|-1|-1
CM|CC1|2|1|0|3|17
CM|CC1|2|2|4|3|17
CM|CC1|2|3|5|2|19
CM|CC2|0|0|1|-1|-1
CM|CC2|0|1|0|0|21
CM|CC2|0|2|3|0|21
CM|CC2|0|3|3|0|21
CM|CC2|1|0|1|-1|-1
CM|CC2|1|1|0|0|21
CM|CC2|1|2|4|0|21
CM|CC2|1|3|5|1|23
CM|CC2|2|0|1|-1|-1
CM|CC2|2|1|0|0|21
CM|CC2|2|2|4|0|21
CM|CC2|2|3|5|1|23
CM|H1|0|0|3|0|721
CM|H1|1|0|3|0|721
CM|H1|2|0|3|0|721
CM|T1|0|0|1|-1|-1
CM|T1|0|1|0|0|26
CM|T1|0|2|3|0|26
CM|T1|1|0|1|-1|-1
CM|T1|1|1|0|0|26
CM|T1|1|2|4|0|26
CM|T1|2|0|1|-1|-1
CM|T1|2|1|0|0|26
CM|T1|2|2|4|0|26
CM|W1|0|0|7|-1|-1
CM|W1|0|1|7|-1|-1
CM|W1|0|2|7|-1|-1
CM|W1|1|0|7|-1|-1
CM|W1|1|1|7|-1|-1
CM|W1|1|2|7|-1|-1
CM|W1|2|0|7|-1|-1
CM|W1|2|1|7|-1|-1
CM|W1|2|2|7|-1|-1
