t 43 29 66 0
t 43 29 95 1
t 43 29 82 1
t 43 29 44 0
t 43 29 77 1
t 43 29 13 1
t 43 29 58 1
t 43 66 29 1
t 43 66 95 1
t 43 66 82 1
t 43 66 44 1
t 43 66 77 1
t 43 66 13 1
t 43 66 58 1
t 43 95 29 0
t 43 95 66 0
t 43 95 82 1
t 43 95 44 0
t 43 95 77 1
t 43 95 13 1
t 43 95 58 1
t 43 82 29 0
t 43 82 66 0
t 43 82 95 0
t 43 82 44 0
t 43 82 77 1
t 43 82 13 1
t 43 82 58 1
t 43 44 29 1
t 43 44 66 0
t 43 44 95 1
t 43 44 82 1
t 43 44 77 1
t 43 44 13 1
t 43 44 58 1
t 43 77 29 0
t 43 77 66 0
t 43 77 95 0
t 43 77 82 0
t 43 77 44 0
t 43 77 13 1
t 43 77 58 1
t 43 13 29 0
t 43 13 66 0
t 43 13 95 0
t 43 13 82 0
t 43 13 44 0
t 43 13 77 0
t 43 13 58 0
t 43 58 29 0
t 43 58 66 0
t 43 58 95 0
t 43 58 82 0
t 43 58 44 0
t 43 58 77 0
t 43 58 13 1
t 31 29 66 0
t 31 29 95 0
t 31 29 82 0
t 31 29 44 1
t 31 29 77 1
t 31 29 13 1
t 31 29 58 1
t 31 66 29 1
t 31 66 95 1
t 31 66 82 1
t 31 66 44 1
t 31 66 77 1
t 31 66 13 1
t 31 66 58 1
t 31 95 29 1
t 31 95 66 0
t 31 95 82 0
t 31 95 44 1
t 31 95 77 1
t 31 95 13 1
t 31 95 58 1
t 31 82 29 1
t 31 82 66 0
t 31 82 95 1
t 31 82 44 1
t 31 82 77 1
t 31 82 13 1
t 31 82 58 1
t 31 44 29 0
t 31 44 66 0
t 31 44 95 0
t 31 44 82 0
t 31 44 77 1
t 31 44 13 1
t 31 44 58 1
t 31 77 29 0
t 31 77 66 0
t 31 77 95 0
t 31 77 82 0
t 31 77 44 0
t 31 77 13 1
t 31 77 58 1
t 31 13 29 0
t 31 13 66 0
t 31 13 95 0
t 31 13 82 0
t 31 13 44 0
t 31 13 77 0
t 31 13 58 0
t 31 58 29 0
t 31 58 66 0
t 31 58 95 0
t 31 58 82 0
t 31 58 44 0
t 31 58 77 0
t 31 58 13 1
