# CALIB
# KB-2 held-out probe: 300-episode training stream over 12 sources (4 perfect / 4 always-false / 4 mixed), then 3 probe claims per source. Trust scalar from warrant T= of first probe SAY; empirical reliability from probe WORLDs.
# seed=51729 episodes=672
# fmt: ep etype src key val aux gt
1 1 41 9001 1 1 1
2 2 0 9001 1 0 2
3 1 42 9002 7 1 1
4 2 0 9002 7 0 2
5 1 43 9003 2 1 1
6 2 0 9003 2 0 2
7 1 44 9004 5 1 1
8 2 0 9004 5 0 2
9 1 45 9005 7 1 0
10 2 0 9005 6 0 2
11 1 46 9006 3 1 0
12 2 0 9006 2 0 2
13 1 47 9007 3 1 0
14 2 0 9007 2 0 2
15 1 48 9008 7 1 0
16 2 0 9008 6 0 2
17 1 49 9009 3 1 1
18 2 0 9009 3 0 2
19 1 50 9010 1 1 1
20 2 0 9010 1 0 2
21 1 51 9011 6 1 0
22 2 0 9011 5 0 2
23 1 52 9012 2 1 0
24 2 0 9012 1 0 2
25 1 41 9013 6 1 1
26 2 0 9013 6 0 2
27 1 42 9014 2 1 1
28 2 0 9014 2 0 2
29 1 43 9015 1 1 1
30 2 0 9015 1 0 2
31 1 44 9016 7 1 1
32 2 0 9016 7 0 2
33 1 45 9017 1 1 0
34 2 0 9017 7 0 2
35 1 46 9018 1 1 0
36 2 0 9018 7 0 2
37 1 47 9019 6 1 0
38 2 0 9019 5 0 2
39 1 48 9020 1 1 0
40 2 0 9020 7 0 2
41 1 49 9021 2 1 1
42 2 0 9021 2 0 2
43 1 50 9022 2 1 1
44 2 0 9022 2 0 2
45 1 51 9023 1 1 1
46 2 0 9023 1 0 2
47 1 52 9024 2 1 0
48 2 0 9024 1 0 2
49 1 41 9025 1 1 1
50 2 0 9025 1 0 2
51 1 42 9026 1 1 1
52 2 0 9026 1 0 2
53 1 43 9027 1 1 1
54 2 0 9027 1 0 2
55 1 44 9028 2 1 1
56 2 0 9028 2 0 2
57 1 45 9029 5 1 0
58 2 0 9029 4 0 2
59 1 46 9030 2 1 0
60 2 0 9030 1 0 2
61 1 47 9031 1 1 0
62 2 0 9031 7 0 2
63 1 48 9032 5 1 0
64 2 0 9032 4 0 2
65 1 49 9033 6 1 0
66 2 0 9033 5 0 2
67 1 50 9034 5 1 1
68 2 0 9034 5 0 2
69 1 51 9035 5 1 0
70 2 0 9035 4 0 2
71 1 52 9036 3 1 0
72 2 0 9036 2 0 2
73 1 41 9037 5 1 1
74 2 0 9037 5 0 2
75 1 42 9038 7 1 1
76 2 0 9038 7 0 2
77 1 43 9039 1 1 1
78 2 0 9039 1 0 2
79 1 44 9040 4 1 1
80 2 0 9040 4 0 2
81 1 45 9041 4 1 0
82 2 0 9041 3 0 2
83 1 46 9042 7 1 0
84 2 0 9042 6 0 2
85 1 47 9043 3 1 0
86 2 0 9043 2 0 2
87 1 48 9044 2 1 0
88 2 0 9044 1 0 2
89 1 49 9045 7 1 1
90 2 0 9045 7 0 2
91 1 50 9046 6 1 0
92 2 0 9046 5 0 2
93 1 51 9047 7 1 0
94 2 0 9047 6 0 2
95 1 52 9048 4 1 1
96 2 0 9048 4 0 2
97 1 41 9049 7 1 1
98 2 0 9049 7 0 2
99 1 42 9050 4 1 1
100 2 0 9050 4 0 2
101 1 43 9051 7 1 1
102 2 0 9051 7 0 2
103 1 44 9052 6 1 1
104 2 0 9052 6 0 2
105 1 45 9053 4 1 0
106 2 0 9053 3 0 2
107 1 46 9054 4 1 0
108 2 0 9054 3 0 2
109 1 47 9055 5 1 0
110 2 0 9055 4 0 2
111 1 48 9056 5 1 0
112 2 0 9056 4 0 2
113 1 49 9057 2 1 1
114 2 0 9057 2 0 2
115 1 50 9058 6 1 1
116 2 0 9058 6 0 2
117 1 51 9059 3 1 0
118 2 0 9059 2 0 2
119 1 52 9060 6 1 1
120 2 0 9060 6 0 2
121 1 41 9061 1 1 1
122 2 0 9061 1 0 2
123 1 42 9062 2 1 1
124 2 0 9062 2 0 2
125 1 43 9063 3 1 1
126 2 0 9063 3 0 2
127 1 44 9064 3 1 1
128 2 0 9064 3 0 2
129 1 45 9065 3 1 0
130 2 0 9065 2 0 2
131 1 46 9066 6 1 0
132 2 0 9066 5 0 2
133 1 47 9067 1 1 0
134 2 0 9067 7 0 2
135 1 48 9068 1 1 0
136 2 0 9068 7 0 2
137 1 49 9069 5 1 0
138 2 0 9069 4 0 2
139 1 50 9070 5 1 0
140 2 0 9070 4 0 2
141 1 51 9071 1 1 1
142 2 0 9071 1 0 2
143 1 52 9072 5 1 0
144 2 0 9072 4 0 2
145 1 41 9073 6 1 1
146 2 0 9073 6 0 2
147 1 42 9074 6 1 1
148 2 0 9074 6 0 2
149 1 43 9075 2 1 1
150 2 0 9075 2 0 2
151 1 44 9076 4 1 1
152 2 0 9076 4 0 2
153 1 45 9077 2 1 0
154 2 0 9077 1 0 2
155 1 46 9078 3 1 0
156 2 0 9078 2 0 2
157 1 47 9079 6 1 0
158 2 0 9079 5 0 2
159 1 48 9080 4 1 0
160 2 0 9080 3 0 2
161 1 49 9081 6 1 1
162 2 0 9081 6 0 2
163 1 50 9082 1 1 0
164 2 0 9082 7 0 2
165 1 51 9083 4 1 1
166 2 0 9083 4 0 2
167 1 52 9084 2 1 0
168 2 0 9084 1 0 2
169 1 41 9085 6 1 1
170 2 0 9085 6 0 2
171 1 42 9086 7 1 1
172 2 0 9086 7 0 2
173 1 43 9087 3 1 1
174 2 0 9087 3 0 2
175 1 44 9088 6 1 1
176 2 0 9088 6 0 2
177 1 45 9089 4 1 0
178 2 0 9089 3 0 2
179 1 46 9090 4 1 0
180 2 0 9090 3 0 2
181 1 47 9091 3 1 0
182 2 0 9091 2 0 2
183 1 48 9092 3 1 0
184 2 0 9092 2 0 2
185 1 49 9093 4 1 0
186 2 0 9093 3 0 2
187 1 50 9094 3 1 1
188 2 0 9094 3 0 2
189 1 51 9095 6 1 0
190 2 0 9095 5 0 2
191 1 52 9096 7 1 1
192 2 0 9096 7 0 2
193 1 41 9097 2 1 1
194 2 0 9097 2 0 2
195 1 42 9098 3 1 1
196 2 0 9098 3 0 2
197 1 43 9099 3 1 1
198 2 0 9099 3 0 2
199 1 44 9100 2 1 1
200 2 0 9100 2 0 2
201 1 45 9101 4 1 0
202 2 0 9101 3 0 2
203 1 46 9102 3 1 0
204 2 0 9102 2 0 2
205 1 47 9103 2 1 0
206 2 0 9103 1 0 2
207 1 48 9104 6 1 0
208 2 0 9104 5 0 2
209 1 49 9105 1 1 0
210 2 0 9105 7 0 2
211 1 50 9106 6 1 0
212 2 0 9106 5 0 2
213 1 51 9107 4 1 1
214 2 0 9107 4 0 2
215 1 52 9108 5 1 1
216 2 0 9108 5 0 2
217 1 41 9109 7 1 1
218 2 0 9109 7 0 2
219 1 42 9110 7 1 1
220 2 0 9110 7 0 2
221 1 43 9111 3 1 1
222 2 0 9111 3 0 2
223 1 44 9112 5 1 1
224 2 0 9112 5 0 2
225 1 45 9113 4 1 0
226 2 0 9113 3 0 2
227 1 46 9114 1 1 0
228 2 0 9114 7 0 2
229 1 47 9115 2 1 0
230 2 0 9115 1 0 2
231 1 48 9116 7 1 0
232 2 0 9116 6 0 2
233 1 49 9117 4 1 1
234 2 0 9117 4 0 2
235 1 50 9118 2 1 0
236 2 0 9118 1 0 2
237 1 51 9119 6 1 0
238 2 0 9119 5 0 2
239 1 52 9120 7 1 1
240 2 0 9120 7 0 2
241 1 41 9121 3 1 1
242 2 0 9121 3 0 2
243 1 42 9122 7 1 1
244 2 0 9122 7 0 2
245 1 43 9123 2 1 1
246 2 0 9123 2 0 2
247 1 44 9124 7 1 1
248 2 0 9124 7 0 2
249 1 45 9125 1 1 0
250 2 0 9125 7 0 2
251 1 46 9126 4 1 0
252 2 0 9126 3 0 2
253 1 47 9127 1 1 0
254 2 0 9127 7 0 2
255 1 48 9128 5 1 0
256 2 0 9128 4 0 2
257 1 49 9129 2 1 0
258 2 0 9129 1 0 2
259 1 50 9130 4 1 1
260 2 0 9130 4 0 2
261 1 51 9131 2 1 0
262 2 0 9131 1 0 2
263 1 52 9132 5 1 0
264 2 0 9132 4 0 2
265 1 41 9133 7 1 1
266 2 0 9133 7 0 2
267 1 42 9134 4 1 1
268 2 0 9134 4 0 2
269 1 43 9135 7 1 1
270 2 0 9135 7 0 2
271 1 44 9136 3 1 1
272 2 0 9136 3 0 2
273 1 45 9137 3 1 0
274 2 0 9137 2 0 2
275 1 46 9138 7 1 0
276 2 0 9138 6 0 2
277 1 47 9139 4 1 0
278 2 0 9139 3 0 2
279 1 48 9140 6 1 0
280 2 0 9140 5 0 2
281 1 49 9141 4 1 1
282 2 0 9141 4 0 2
283 1 50 9142 6 1 1
284 2 0 9142 6 0 2
285 1 51 9143 2 1 0
286 2 0 9143 1 0 2
287 1 52 9144 1 1 0
288 2 0 9144 7 0 2
289 1 41 9145 3 1 1
290 2 0 9145 3 0 2
291 1 42 9146 1 1 1
292 2 0 9146 1 0 2
293 1 43 9147 2 1 1
294 2 0 9147 2 0 2
295 1 44 9148 6 1 1
296 2 0 9148 6 0 2
297 1 45 9149 4 1 0
298 2 0 9149 3 0 2
299 1 46 9150 2 1 0
300 2 0 9150 1 0 2
301 1 47 9151 5 1 0
302 2 0 9151 4 0 2
303 1 48 9152 7 1 0
304 2 0 9152 6 0 2
305 1 49 9153 4 1 0
306 2 0 9153 3 0 2
307 1 50 9154 5 1 1
308 2 0 9154 5 0 2
309 1 51 9155 6 1 1
310 2 0 9155 6 0 2
311 1 52 9156 3 1 1
312 2 0 9156 3 0 2
313 1 41 9157 3 1 1
314 2 0 9157 3 0 2
315 1 42 9158 7 1 1
316 2 0 9158 7 0 2
317 1 43 9159 4 1 1
318 2 0 9159 4 0 2
319 1 44 9160 1 1 1
320 2 0 9160 1 0 2
321 1 45 9161 7 1 0
322 2 0 9161 6 0 2
323 1 46 9162 6 1 0
324 2 0 9162 5 0 2
325 1 47 9163 7 1 0
326 2 0 9163 6 0 2
327 1 48 9164 1 1 0
328 2 0 9164 7 0 2
329 1 49 9165 3 1 1
330 2 0 9165 3 0 2
331 1 50 9166 5 1 0
332 2 0 9166 4 0 2
333 1 51 9167 6 1 1
334 2 0 9167 6 0 2
335 1 52 9168 3 1 1
336 2 0 9168 3 0 2
337 1 41 9169 6 1 1
338 2 0 9169 6 0 2
339 1 42 9170 6 1 1
340 2 0 9170 6 0 2
341 1 43 9171 6 1 1
342 2 0 9171 6 0 2
343 1 44 9172 6 1 1
344 2 0 9172 6 0 2
345 1 45 9173 2 1 0
346 2 0 9173 1 0 2
347 1 46 9174 3 1 0
348 2 0 9174 2 0 2
349 1 47 9175 1 1 0
350 2 0 9175 7 0 2
351 1 48 9176 4 1 0
352 2 0 9176 3 0 2
353 1 49 9177 7 1 0
354 2 0 9177 6 0 2
355 1 50 9178 3 1 0
356 2 0 9178 2 0 2
357 1 51 9179 5 1 1
358 2 0 9179 5 0 2
359 1 52 9180 5 1 0
360 2 0 9180 4 0 2
361 1 41 9181 3 1 1
362 2 0 9181 3 0 2
363 1 42 9182 6 1 1
364 2 0 9182 6 0 2
365 1 43 9183 3 1 1
366 2 0 9183 3 0 2
367 1 44 9184 1 1 1
368 2 0 9184 1 0 2
369 1 45 9185 6 1 0
370 2 0 9185 5 0 2
371 1 46 9186 1 1 0
372 2 0 9186 7 0 2
373 1 47 9187 7 1 0
374 2 0 9187 6 0 2
375 1 48 9188 7 1 0
376 2 0 9188 6 0 2
377 1 49 9189 4 1 1
378 2 0 9189 4 0 2
379 1 50 9190 7 1 0
380 2 0 9190 6 0 2
381 1 51 9191 3 1 0
382 2 0 9191 2 0 2
383 1 52 9192 6 1 1
384 2 0 9192 6 0 2
385 1 41 9193 1 1 1
386 2 0 9193 1 0 2
387 1 42 9194 3 1 1
388 2 0 9194 3 0 2
389 1 43 9195 1 1 1
390 2 0 9195 1 0 2
391 1 44 9196 4 1 1
392 2 0 9196 4 0 2
393 1 45 9197 1 1 0
394 2 0 9197 7 0 2
395 1 46 9198 3 1 0
396 2 0 9198 2 0 2
397 1 47 9199 6 1 0
398 2 0 9199 5 0 2
399 1 48 9200 4 1 0
400 2 0 9200 3 0 2
401 1 49 9201 7 1 0
402 2 0 9201 6 0 2
403 1 50 9202 1 1 1
404 2 0 9202 1 0 2
405 1 51 9203 6 1 0
406 2 0 9203 5 0 2
407 1 52 9204 4 1 0
408 2 0 9204 3 0 2
409 1 41 9205 6 1 1
410 2 0 9205 6 0 2
411 1 42 9206 5 1 1
412 2 0 9206 5 0 2
413 1 43 9207 3 1 1
414 2 0 9207 3 0 2
415 1 44 9208 4 1 1
416 2 0 9208 4 0 2
417 1 45 9209 7 1 0
418 2 0 9209 6 0 2
419 1 46 9210 4 1 0
420 2 0 9210 3 0 2
421 1 47 9211 1 1 0
422 2 0 9211 7 0 2
423 1 48 9212 5 1 0
424 2 0 9212 4 0 2
425 1 49 9213 1 1 1
426 2 0 9213 1 0 2
427 1 50 9214 7 1 1
428 2 0 9214 7 0 2
429 1 51 9215 7 1 1
430 2 0 9215 7 0 2
431 1 52 9216 3 1 1
432 2 0 9216 3 0 2
433 1 41 9217 6 1 1
434 2 0 9217 6 0 2
435 1 42 9218 3 1 1
436 2 0 9218 3 0 2
437 1 43 9219 6 1 1
438 2 0 9219 6 0 2
439 1 44 9220 5 1 1
440 2 0 9220 5 0 2
441 1 45 9221 5 1 0
442 2 0 9221 4 0 2
443 1 46 9222 2 1 0
444 2 0 9222 1 0 2
445 1 47 9223 5 1 0
446 2 0 9223 4 0 2
447 1 48 9224 5 1 0
448 2 0 9224 4 0 2
449 1 49 9225 4 1 1
450 2 0 9225 4 0 2
451 1 50 9226 4 1 1
452 2 0 9226 4 0 2
453 1 51 9227 1 1 1
454 2 0 9227 1 0 2
455 1 52 9228 4 1 0
456 2 0 9228 3 0 2
457 1 41 9229 4 1 1
458 2 0 9229 4 0 2
459 1 42 9230 4 1 1
460 2 0 9230 4 0 2
461 1 43 9231 6 1 1
462 2 0 9231 6 0 2
463 1 44 9232 5 1 1
464 2 0 9232 5 0 2
465 1 45 9233 4 1 0
466 2 0 9233 3 0 2
467 1 46 9234 5 1 0
468 2 0 9234 4 0 2
469 1 47 9235 6 1 0
470 2 0 9235 5 0 2
471 1 48 9236 3 1 0
472 2 0 9236 2 0 2
473 1 49 9237 1 1 1
474 2 0 9237 1 0 2
475 1 50 9238 2 1 1
476 2 0 9238 2 0 2
477 1 51 9239 2 1 1
478 2 0 9239 2 0 2
479 1 52 9240 6 1 1
480 2 0 9240 6 0 2
481 1 41 9241 4 1 1
482 2 0 9241 4 0 2
483 1 42 9242 4 1 1
484 2 0 9242 4 0 2
485 1 43 9243 2 1 1
486 2 0 9243 2 0 2
487 1 44 9244 3 1 1
488 2 0 9244 3 0 2
489 1 45 9245 5 1 0
490 2 0 9245 4 0 2
491 1 46 9246 6 1 0
492 2 0 9246 5 0 2
493 1 47 9247 7 1 0
494 2 0 9247 6 0 2
495 1 48 9248 7 1 0
496 2 0 9248 6 0 2
497 1 49 9249 3 1 1
498 2 0 9249 3 0 2
499 1 50 9250 7 1 1
500 2 0 9250 7 0 2
501 1 51 9251 7 1 0
502 2 0 9251 6 0 2
503 1 52 9252 3 1 0
504 2 0 9252 2 0 2
505 1 41 9253 1 1 1
506 2 0 9253 1 0 2
507 1 42 9254 1 1 1
508 2 0 9254 1 0 2
509 1 43 9255 6 1 1
510 2 0 9255 6 0 2
511 1 44 9256 5 1 1
512 2 0 9256 5 0 2
513 1 45 9257 2 1 0
514 2 0 9257 1 0 2
515 1 46 9258 3 1 0
516 2 0 9258 2 0 2
517 1 47 9259 3 1 0
518 2 0 9259 2 0 2
519 1 48 9260 1 1 0
520 2 0 9260 7 0 2
521 1 49 9261 7 1 0
522 2 0 9261 6 0 2
523 1 50 9262 3 1 0
524 2 0 9262 2 0 2
525 1 51 9263 2 1 1
526 2 0 9263 2 0 2
527 1 52 9264 3 1 1
528 2 0 9264 3 0 2
529 1 41 9265 3 1 1
530 2 0 9265 3 0 2
531 1 42 9266 7 1 1
532 2 0 9266 7 0 2
533 1 43 9267 1 1 1
534 2 0 9267 1 0 2
535 1 44 9268 3 1 1
536 2 0 9268 3 0 2
537 1 45 9269 3 1 0
538 2 0 9269 2 0 2
539 1 46 9270 3 1 0
540 2 0 9270 2 0 2
541 1 47 9271 1 1 0
542 2 0 9271 7 0 2
543 1 48 9272 5 1 0
544 2 0 9272 4 0 2
545 1 49 9273 3 1 1
546 2 0 9273 3 0 2
547 1 50 9274 4 1 1
548 2 0 9274 4 0 2
549 1 51 9275 4 1 1
550 2 0 9275 4 0 2
551 1 52 9276 1 1 0
552 2 0 9276 7 0 2
553 1 41 9277 6 1 1
554 2 0 9277 6 0 2
555 1 42 9278 3 1 1
556 2 0 9278 3 0 2
557 1 43 9279 3 1 1
558 2 0 9279 3 0 2
559 1 44 9280 3 1 1
560 2 0 9280 3 0 2
561 1 45 9281 2 1 0
562 2 0 9281 1 0 2
563 1 46 9282 7 1 0
564 2 0 9282 6 0 2
565 1 47 9283 6 1 0
566 2 0 9283 5 0 2
567 1 48 9284 4 1 0
568 2 0 9284 3 0 2
569 1 49 9285 6 1 1
570 2 0 9285 6 0 2
571 1 50 9286 1 1 0
572 2 0 9286 7 0 2
573 1 51 9287 5 1 0
574 2 0 9287 4 0 2
575 1 52 9288 6 1 0
576 2 0 9288 5 0 2
577 1 41 9289 4 1 1
578 2 0 9289 4 0 2
579 1 42 9290 6 1 1
580 2 0 9290 6 0 2
581 1 43 9291 1 1 1
582 2 0 9291 1 0 2
583 1 44 9292 3 1 1
584 2 0 9292 3 0 2
585 1 45 9293 3 1 0
586 2 0 9293 2 0 2
587 1 46 9294 1 1 0
588 2 0 9294 7 0 2
589 1 47 9295 3 1 0
590 2 0 9295 2 0 2
591 1 48 9296 5 1 0
592 2 0 9296 4 0 2
593 1 49 9297 6 1 1
594 2 0 9297 6 0 2
595 1 50 9298 1 1 0
596 2 0 9298 7 0 2
597 1 51 9299 5 1 1
598 2 0 9299 5 0 2
599 1 52 9300 3 1 1
600 2 0 9300 3 0 2
601 1 41 9301 5 2 1
602 1 41 9302 5 2 1
603 1 41 9303 4 2 1
604 2 0 9301 5 0 2
605 2 0 9302 5 0 2
606 2 0 9303 4 0 2
607 1 42 9304 4 2 1
608 1 42 9305 5 2 1
609 1 42 9306 6 2 1
610 2 0 9304 4 0 2
611 2 0 9305 5 0 2
612 2 0 9306 6 0 2
613 1 43 9307 4 2 1
614 1 43 9308 6 2 1
615 1 43 9309 1 2 1
616 2 0 9307 4 0 2
617 2 0 9308 6 0 2
618 2 0 9309 1 0 2
619 1 44 9310 3 2 1
620 1 44 9311 5 2 1
621 1 44 9312 4 2 1
622 2 0 9310 3 0 2
623 2 0 9311 5 0 2
624 2 0 9312 4 0 2
625 1 45 9313 3 2 0
626 1 45 9314 6 2 0
627 1 45 9315 7 2 0
628 2 0 9313 2 0 2
629 2 0 9314 5 0 2
630 2 0 9315 6 0 2
631 1 46 9316 3 2 0
632 1 46 9317 7 2 0
633 1 46 9318 3 2 0
634 2 0 9316 2 0 2
635 2 0 9317 6 0 2
636 2 0 9318 2 0 2
637 1 47 9319 4 2 0
638 1 47 9320 6 2 0
639 1 47 9321 3 2 0
640 2 0 9319 3 0 2
641 2 0 9320 5 0 2
642 2 0 9321 2 0 2
643 1 48 9322 7 2 0
644 1 48 9323 1 2 0
645 1 48 9324 6 2 0
646 2 0 9322 6 0 2
647 2 0 9323 7 0 2
648 2 0 9324 5 0 2
649 1 49 9325 1 2 1
650 1 49 9326 3 2 0
651 1 49 9327 3 2 1
652 2 0 9325 1 0 2
653 2 0 9326 2 0 2
654 2 0 9327 3 0 2
655 1 50 9328 6 2 1
656 1 50 9329 5 2 0
657 1 50 9330 7 2 0
658 2 0 9328 6 0 2
659 2 0 9329 4 0 2
660 2 0 9330 6 0 2
661 1 51 9331 6 2 1
662 1 51 9332 7 2 0
663 1 51 9333 1 2 1
664 2 0 9331 6 0 2
665 2 0 9332 6 0 2
666 2 0 9333 1 0 2
667 1 52 9334 5 2 1
668 1 52 9335 2 2 1
669 1 52 9336 7 2 0
670 2 0 9334 5 0 2
671 2 0 9335 2 0 2
672 2 0 9336 6 0 2
