# ST-4
# Honest-but-wrong (H4 law): 40 world-change cases (sincere old value, honest update) + 40 sincere mislabels + 60 recovery truths. Bar: fresh truths INSTALL within <=50 eps of recovery start.
# seed=22484 episodes=320
# fmt: ep etype src key val aux gt
1 1 24 801 7 1 1
2 2 0 801 1 0 2
3 1 24 801 1 2 1
4 1 24 802 2 1 1
5 2 0 802 3 0 2
6 1 24 802 3 2 1
7 1 24 803 3 1 1
8 2 0 803 4 0 2
9 1 24 803 4 2 1
10 1 24 804 6 1 1
11 2 0 804 7 0 2
12 1 24 804 7 2 1
13 1 24 805 7 1 1
14 2 0 805 1 0 2
15 1 24 805 1 2 1
16 1 24 806 6 1 1
17 2 0 806 7 0 2
18 1 24 806 7 2 1
19 1 24 807 7 1 1
20 2 0 807 1 0 2
21 1 24 807 1 2 1
22 1 24 808 4 1 1
23 2 0 808 5 0 2
24 1 24 808 5 2 1
25 1 24 809 2 1 1
26 2 0 809 3 0 2
27 1 24 809 3 2 1
28 1 24 810 5 1 1
29 2 0 810 6 0 2
30 1 24 810 6 2 1
31 1 24 811 6 1 1
32 2 0 811 7 0 2
33 1 24 811 7 2 1
34 1 24 812 2 1 1
35 2 0 812 3 0 2
36 1 24 812 3 2 1
37 1 24 813 7 1 1
38 2 0 813 1 0 2
39 1 24 813 1 2 1
40 1 24 814 3 1 1
41 2 0 814 4 0 2
42 1 24 814 4 2 1
43 1 24 815 2 1 1
44 2 0 815 3 0 2
45 1 24 815 3 2 1
46 1 24 816 6 1 1
47 2 0 816 7 0 2
48 1 24 816 7 2 1
49 1 24 817 3 1 1
50 2 0 817 4 0 2
51 1 24 817 4 2 1
52 1 24 818 1 1 1
53 2 0 818 2 0 2
54 1 24 818 2 2 1
55 1 24 819 3 1 1
56 2 0 819 4 0 2
57 1 24 819 4 2 1
58 1 24 820 7 1 1
59 2 0 820 1 0 2
60 1 24 820 1 2 1
61 1 24 821 4 1 1
62 2 0 821 5 0 2
63 1 24 821 5 2 1
64 1 24 822 1 1 1
65 2 0 822 2 0 2
66 1 24 822 2 2 1
67 1 24 823 6 1 1
68 2 0 823 7 0 2
69 1 24 823 7 2 1
70 1 24 824 3 1 1
71 2 0 824 4 0 2
72 1 24 824 4 2 1
73 1 24 825 7 1 1
74 2 0 825 1 0 2
75 1 24 825 1 2 1
76 1 24 826 2 1 1
77 2 0 826 3 0 2
78 1 24 826 3 2 1
79 1 24 827 3 1 1
80 2 0 827 4 0 2
81 1 24 827 4 2 1
82 1 24 828 4 1 1
83 2 0 828 5 0 2
84 1 24 828 5 2 1
85 1 24 829 5 1 1
86 2 0 829 6 0 2
87 1 24 829 6 2 1
88 1 24 830 1 1 1
89 2 0 830 2 0 2
90 1 24 830 2 2 1
91 1 24 831 3 1 1
92 2 0 831 4 0 2
93 1 24 831 4 2 1
94 1 24 832 2 1 1
95 2 0 832 3 0 2
96 1 24 832 3 2 1
97 1 24 833 4 1 1
98 2 0 833 5 0 2
99 1 24 833 5 2 1
100 1 24 834 6 1 1
101 2 0 834 7 0 2
102 1 24 834 7 2 1
103 1 24 835 7 1 1
104 2 0 835 1 0 2
105 1 24 835 1 2 1
106 1 24 836 1 1 1
107 2 0 836 2 0 2
108 1 24 836 2 2 1
109 1 24 837 2 1 1
110 2 0 837 3 0 2
111 1 24 837 3 2 1
112 1 24 838 3 1 1
113 2 0 838 4 0 2
114 1 24 838 4 2 1
115 1 24 839 7 1 1
116 2 0 839 1 0 2
117 1 24 839 1 2 1
118 1 24 840 7 1 1
119 2 0 840 1 0 2
120 1 24 840 1 2 1
121 1 24 841 7 3 0
122 2 0 841 6 0 2
123 1 24 842 2 3 0
124 2 0 842 1 0 2
125 1 24 843 6 3 0
126 2 0 843 5 0 2
127 1 24 844 3 3 0
128 2 0 844 2 0 2
129 1 24 845 3 3 0
130 2 0 845 2 0 2
131 1 24 846 6 3 0
132 2 0 846 5 0 2
133 1 24 847 6 3 0
134 2 0 847 5 0 2
135 1 24 848 5 3 0
136 2 0 848 4 0 2
137 1 24 849 4 3 0
138 2 0 849 3 0 2
139 1 24 850 6 3 0
140 2 0 850 5 0 2
141 1 24 851 4 3 0
142 2 0 851 3 0 2
143 1 24 852 4 3 0
144 2 0 852 3 0 2
145 1 24 853 2 3 0
146 2 0 853 1 0 2
147 1 24 854 3 3 0
148 2 0 854 2 0 2
149 1 24 855 4 3 0
150 2 0 855 3 0 2
151 1 24 856 6 3 0
152 2 0 856 5 0 2
153 1 24 857 4 3 0
154 2 0 857 3 0 2
155 1 24 858 5 3 0
156 2 0 858 4 0 2
157 1 24 859 3 3 0
158 2 0 859 2 0 2
159 1 24 860 3 3 0
160 2 0 860 2 0 2
161 1 24 861 7 3 0
162 2 0 861 6 0 2
163 1 24 862 2 3 0
164 2 0 862 1 0 2
165 1 24 863 3 3 0
166 2 0 863 2 0 2
167 1 24 864 1 3 0
168 2 0 864 7 0 2
169 1 24 865 6 3 0
170 2 0 865 5 0 2
171 1 24 866 1 3 0
172 2 0 866 7 0 2
173 1 24 867 6 3 0
174 2 0 867 5 0 2
175 1 24 868 3 3 0
176 2 0 868 2 0 2
177 1 24 869 2 3 0
178 2 0 869 1 0 2
179 1 24 870 6 3 0
180 2 0 870 5 0 2
181 1 24 871 6 3 0
182 2 0 871 5 0 2
183 1 24 872 7 3 0
184 2 0 872 6 0 2
185 1 24 873 4 3 0
186 2 0 873 3 0 2
187 1 24 874 7 3 0
188 2 0 874 6 0 2
189 1 24 875 3 3 0
190 2 0 875 2 0 2
191 1 24 876 7 3 0
192 2 0 876 6 0 2
193 1 24 877 4 3 0
194 2 0 877 3 0 2
195 1 24 878 4 3 0
196 2 0 878 3 0 2
197 1 24 879 4 3 0
198 2 0 879 3 0 2
199 1 24 880 2 3 0
200 2 0 880 1 0 2
201 1 24 881 4 4 1
202 2 0 881 4 0 2
203 1 24 882 1 4 1
204 2 0 882 1 0 2
205 1 24 883 5 4 1
206 2 0 883 5 0 2
207 1 24 884 2 4 1
208 2 0 884 2 0 2
209 1 24 885 5 4 1
210 2 0 885 5 0 2
211 1 24 886 2 4 1
212 2 0 886 2 0 2
213 1 24 887 2 4 1
214 2 0 887 2 0 2
215 1 24 888 5 4 1
216 2 0 888 5 0 2
217 1 24 889 1 4 1
218 2 0 889 1 0 2
219 1 24 890 5 4 1
220 2 0 890 5 0 2
221 1 24 891 5 4 1
222 2 0 891 5 0 2
223 1 24 892 5 4 1
224 2 0 892 5 0 2
225 1 24 893 2 4 1
226 2 0 893 2 0 2
227 1 24 894 7 4 1
228 2 0 894 7 0 2
229 1 24 895 4 4 1
230 2 0 895 4 0 2
231 1 24 896 1 4 1
232 2 0 896 1 0 2
233 1 24 897 6 4 1
234 2 0 897 6 0 2
235 1 24 898 4 4 1
236 2 0 898 4 0 2
237 1 24 899 5 4 1
238 2 0 899 5 0 2
239 1 24 900 5 4 1
240 2 0 900 5 0 2
241 1 24 901 6 4 1
242 2 0 901 6 0 2
243 1 24 902 3 4 1
244 2 0 902 3 0 2
245 1 24 903 4 4 1
246 2 0 903 4 0 2
247 1 24 904 2 4 1
248 2 0 904 2 0 2
249 1 24 905 3 4 1
250 2 0 905 3 0 2
251 1 24 906 3 4 1
252 2 0 906 3 0 2
253 1 24 907 4 4 1
254 2 0 907 4 0 2
255 1 24 908 3 4 1
256 2 0 908 3 0 2
257 1 24 909 1 4 1
258 2 0 909 1 0 2
259 1 24 910 5 4 1
260 2 0 910 5 0 2
261 1 24 911 1 4 1
262 2 0 911 1 0 2
263 1 24 912 2 4 1
264 2 0 912 2 0 2
265 1 24 913 5 4 1
266 2 0 913 5 0 2
267 1 24 914 5 4 1
268 2 0 914 5 0 2
269 1 24 915 6 4 1
270 2 0 915 6 0 2
271 1 24 916 4 4 1
272 2 0 916 4 0 2
273 1 24 917 6 4 1
274 2 0 917 6 0 2
275 1 24 918 2 4 1
276 2 0 918 2 0 2
277 1 24 919 5 4 1
278 2 0 919 5 0 2
279 1 24 920 2 4 1
280 2 0 920 2 0 2
281 1 24 921 4 4 1
282 2 0 921 4 0 2
283 1 24 922 1 4 1
284 2 0 922 1 0 2
285 1 24 923 4 4 1
286 2 0 923 4 0 2
287 1 24 924 7 4 1
288 2 0 924 7 0 2
289 1 24 925 6 4 1
290 2 0 925 6 0 2
291 1 24 926 6 4 1
292 2 0 926 6 0 2
293 1 24 927 3 4 1
294 2 0 927 3 0 2
295 1 24 928 4 4 1
296 2 0 928 4 0 2
297 1 24 929 6 4 1
298 2 0 929 6 0 2
299 1 24 930 1 4 1
300 2 0 930 1 0 2
301 1 24 931 1 4 1
302 2 0 931 1 0 2
303 1 24 932 3 4 1
304 2 0 932 3 0 2
305 1 24 933 2 4 1
306 2 0 933 2 0 2
307 1 24 934 1 4 1
308 2 0 934 1 0 2
309 1 24 935 3 4 1
310 2 0 935 3 0 2
311 1 24 936 5 4 1
312 2 0 936 5 0 2
313 1 24 937 4 4 1
314 2 0 937 4 0 2
315 1 24 938 5 4 1
316 2 0 938 5 0 2
317 1 24 939 4 4 1
318 2 0 939 4 0 2
319 1 24 940 7 4 1
320 2 0 940 7 0 2
