RES,E2T,36,52,566,380,0,2193580,1,900,53,567,381
EP,E2,36,1,64,0,0,0,0,1,0,0,0,0,0
RES,E2T,37,53,569,387,0,2234187,1,901,54,388,570
EP,E2,37,1,64,0,0,0,0,1,0,0,0,0,0
RES,E2T,38,54,572,208,0,2274608,1,900,55,573,209
EP,E2,38,1,64,0,0,0,0,1,0,0,0,0,0
RES,E2T,39,55,575,215,0,2315215,1,901,56,216,576
EP,E2,39,1,64,0,0,0,0,1,0,0,0,0,0
RES,E2T,40,56,578,222,0,2355822,1,900,57,579,223
EP,E2,40,2,128,0,0,0,0,2,0,0,0,0,0
RES,E2T,41,57,581,243,0,2396443,1,901,58,244,582
EP,E2,41,1,64,0,0,0,0,1,0,0,0,0,0
RES,E2T,42,58,584,250,0,2437050,1,900,59,585,251
EP,E2,42,1,64,0,0,0,0,1,0,0,0,0,0
RES,E2T,43,59,587,257,0,2477657,1,901,60,258,588
EP,E2,43,1,64,0,0,0,0,1,0,0,0,0,0
RES,E2T,44,60,404,264,0,2481064,1,900,61,405,265
EP,E2,44,1,64,0,0,0,0,1,0,0,0,0,0
RES,E2T,45,61,407,285,0,2521685,1,901,62,286,408
EP,E2,45,1,64,0,0,0,0,1,0,0,0,0,0
RES,E2T,46,62,410,292,0,2562292,1,900,63,411,293
EP,E2,46,1,64,0,0,0,0,1,0,0,0,0,0
RES,E2T,47,63,413,299,0,2602899,1,901,64,300,414
EP,E2,47,1,64,0,0,0,0,1,0,0,0,0,0
RES,E2T,48,64,416,306,0,2643506,1,900,65,417,307
EP,E2,48,1,64,0,0,0,0,1,0,0,0,0,0
RES,E2T,49,65,419,327,0,2684127,1,901,66,328,420
EP,E2,49,1,64,0,0,0,0,1,0,0,0,0,0
RES,E2T,50,66,422,334,0,2724734,1,900,67,423,335
EP,E2,50,2,128,0,0,0,0,2,0,0,0,0,0
RES,E2T,51,67,425,341,0,2765341,1,901,68,342,426
EP,E2,51,1,64,0,0,0,0,1,0,0,0,0,0
RES,E2T,52,82,442,362,0,3368762,1,900,83,443,363
EP,E2,52,1,64,0,0,0,0,1,0,0,0,0,0
RES,E2T,53,83,445,369,0,3409369,1,901,84,370,446
EP,E2,53,1,64,0,0,0,0,1,0,0,0,0,0
RES,E2T,54,84,448,376,0,3449976,1,900,85,449,377
EP,E2,54,1,64,0,0,0,0,1,0,0,0,0,0
RES,E2T,55,85,451,383,0,3490583,1,901,86,384,452
EP,E2,55,1,64,0,0,0,0,1,0,0,0,0,0
RES,E2T,56,86,454,204,0,3531004,1,900,87,455,205
EP,E2,56,1,64,0,0,0,0,1,0,0,0,0,0
RES,E2T,57,87,457,211,0,0,0,901,88,212,458
EP,E2,57,1,64,0,0,0,0,1,0,0,0,0,0
RES,E2T,58,88,460,218,0,3612218,1,900,89,461,219
EP,E2,58,1,64,0,0,0,0,1,0,0,0,0,0
RES,E2T,59,89,463,225,0,3652825,1,901,90,226,464
EP,E2,59,1,64,0,0,0,0,1,0,0,0,0,0
RES,E2T,60,90,466,246,0,3693446,1,900,91,467,247
EP,E2,60,2,128,0,0,0,0,2,0,0,0,0,0
RES,E2T,61,91,483,253,0,3736853,1,901,92,254,484
EP,E2,61,1,64,0,0,0,0,1,0,0,0,0,0
RES,E2T,62,92,486,260,0,3777460,1,900,93,487,261
EP,E2,62,1,64,0,0,0,0,1,0,0,0,0,0
RES,E2T,63,93,489,267,0,3818067,1,901,94,268,490
EP,E2,63,1,64,0,0,0,0,1,0,0,0,0,0
RES,E2T,64,94,492,288,0,3858688,1,900,95,493,289
EP,E2,64,1,64,0,0,0,0,1,0,0,0,0,0
RES,E2T,65,95,495,295,0,3899295,1,901,96,296,496
EP,E2,65,1,64,0,0,0,0,1,0,0,0,0,0
RES,E2T,66,96,498,302,0,3939902,1,900,97,499,303
EP,E2,66,1,64,0,0,0,0,1,0,0,0,0,0
RES,E2T,67,97,501,323,0,3980523,1,901,98,324,502
EP,E2,67,1,64,0,0,0,0,1,0,0,0,0,0
RES,E2T,68,98,504,330,0,0,0,900,99,505,331
EP,E2,68,1,64,0,0,0,0,1,0,0,0,0,0
RES,E2T,69,99,507,337,0,4061737,1,901,100,338,508
EP,E2,69,1,64,0,0,0,0,1,0,0,0,0,0
RES,E2T,70,100,524,344,0,4105144,1,900,101,525,345
EP,E2,70,2,128,0,0,0,0,2,0,0,0,0,0
RES,E2T,71,101,527,365,0,4145765,1,901,102,366,528
EP,E2,71,1,64,0,0,0,0,1,0,0,0,0,0
RES,E2T,72,102,530,372,0,4186372,1,900,103,531,373
EP,E2,72,1,64,0,0,0,0,1,0,0,0,0,0
RES,E2T,73,103,533,379,0,4226979,1,901,104,380,534
EP,E2,73,1,64,0,0,0,0,1,0,0,0,0,0
RES,E2T,74,104,536,386,0,4267586,1,900,105,537,387
EP,E2,74,1,64,0,0,0,0,1,0,0,0,0,0
RES,E2T,75,105,539,207,0,4308007,1,901,106,208,540
EP,E2,75,1,64,0,0,0,0,1,0,0,0,0,0
RES,E2T,76,106,542,214,0,4348614,1,900,107,543,215
EP,E2,76,1,64,0,0,0,0,1,0,0,0,0,0
RES,E2T,77,107,545,221,0,4389221,1,901,108,222,546
EP,E2,77,1,64,0,0,0,0,1,0,0,0,0,0
RES,E2T,78,122,562,242,0,4992642,1,900,123,563,243
EP,E2,78,1,64,0,0,0,0,1,0,0,0,0,0
RES,E2T,79,123,565,249,0,5033249,1,901,124,250,566
EP,E2,79,1,64,0,0,0,0,1,0,0,0,0,0
RES,E2T,80,124,568,256,0,5073856,1,900,125,569,257
EP,E2,80,2,128,0,0,0,0,2,0,0,0,0,0
RES,E2T,81,125,571,263,0,5114463,1,901,126,264,572
EP,E2,81,1,64,0,0,0,0,1,0,0,0,0,0
RES,E2T,82,126,574,284,0,5155084,1,900,127,575,285
EP,E2,82,1,64,0,0,0,0,1,0,0,0,0,0
RES,E2T,83,127,577,291,0,5195691,1,901,128,292,578
EP,E2,83,1,64,0,0,0,0,1,0,0,0,0,0
RES,E2T,84,128,580,298,0,5236298,1,900,129,581,299
EP,E2,84,1,64,0,0,0,0,1,0,0,0,0,0
RES,E2T,85,129,583,305,0,5276905,1,901,130,306,584
EP,E2,85,1,64,0,0,0,0,1,0,0,0,0,0
RES,E2T,86,130,586,326,0,5317526,1,900,131,587,327
EP,E2,86,1,64,0,0,0,0,1,0,0,0,0,0
RES,E2T,87,131,403,333,0,5320933,1,901,132,334,404
EP,E2,87,1,64,0,0,0,0,1,0,0,0,0,0
RES,E2T,88,132,406,340,0,5361540,1,900,133,407,341
EP,E2,88,1,64,0,0,0,0,1,0,0,0,0,0
RES,E2T,89,133,409,347,0,5402147,1,901,134,348,410
EP,E2,89,1,64,0,0,0,0,1,0,0,0,0,0
RES,E2T,90,134,412,368,0,5442768,1,900,135,413,369
EP,E2,90,2,128,0,0,0,0,2,0,0,0,0,0
RES,E2T,91,135,415,375,0,5483375,1,901,136,376,416
EP,E2,91,1,64,0,0,0,0,1,0,0,0,0,0
RES,E2T,92,136,418,382,0,5523982,1,900,137,419,383
EP,E2,92,1,64,0,0,0,0,1,0,0,0,0,0
RES,E2T,93,137,421,203,0,5564403,1,901,138,204,422
EP,E2,93,1,64,0,0,0,0,1,0,0,0,0,0
RES,E2T,94,138,424,210,0,5605010,1,900,139,425,211
EP,E2,94,1,64,0,0,0,0,1,0,0,0,0,0
RES,E2T,95,139,427,217,0,5645617,1,901,140,218,428
EP,E2,95,1,64,0,0,0,0,1,0,0,0,0,0
RES,E2T,96,140,444,224,0,5689024,1,900,141,445,225
EP,E2,96,1,64,0,0,0,0,1,0,0,0,0,0
RES,E2T,97,141,447,245,0,5729645,1,901,142,246,448
EP,E2,97,1,64,0,0,0,0,1,0,0,0,0,0
RES,E2T,98,142,450,252,0,5770252,1,900,143,451,253
EP,E2,98,1,64,0,0,0,0,1,0,0,0,0,0
RES,E2T,99,143,453,259,0,5810859,1,901,144,260,454
EP,E2,99,1,64,0,0,0,0,1,0,0,0,0,0
RES,E2T,100,144,456,266,0,5851466,1,900,145,457,267
EP,E2,100,2,128,0,0,0,0,2,0,0,0,0,0
RES,E2T,101,145,459,287,0,5892087,1,901,146,288,460
EP,E2,101,1,64,0,0,0,0,1,0,0,0,0,0
RES,E2T,102,146,462,294,0,5932694,1,900,147,463,295
EP,E2,102,1,64,0,0,0,0,1,0,0,0,0,0
RES,E2T,103,147,465,301,0,5973301,1,901,148,302,466
EP,E2,103,1,64,0,0,0,0,1,0,0,0,0,0
RES,E2T,104,162,482,322,0,6576722,1,900,163,483,323
EP,E2,104,1,64,0,0,0,0,1,0,0,0,0,0
RES,E2T,105,163,485,329,0,6617329,1,901,164,330,486
EP,E2,105,1,64,0,0,0,0,1,0,0,0,0,0
RES,E2T,106,164,488,336,0,6657936,1,900,165,489,337
EP,E2,106,1,64,0,0,0,0,1,0,0,0,0,0
RES,E2T,107,165,491,343,0,6698543,1,901,166,344,492
EP,E2,107,1,64,0,0,0,0,1,0,0,0,0,0
RES,E2T,108,166,494,364,0,6739164,1,900,167,495,365
EP,E2,108,1,64,0,0,0,0,1,0,0,0,0,0
RES,E2T,109,167,497,371,0,6779771,1,901,168,372,498
EP,E2,109,1,64,0,0,0,0,1,0,0,0,0,0
RES,E2T,110,168,500,378,0,6820378,1,900,169,501,379
EP,E2,110,2,128,0,0,0,0,2,0,0,0,0,0
RES,E2T,111,169,503,385,0,6860985,1,901,170,386,504
EP,E2,111,1,64,0,0,0,0,1,0,0,0,0,0
RES,E2T,112,170,506,206,0,6901406,1,900,171,507,207
EP,E2,112,1,64,0,0,0,0,1,0,0,0,0,0
RES,E2T,113,171,523,213,0,6944813,1,901,172,214,524
EP,E2,113,1,64,0,0,0,0,1,0,0,0,0,0
RES,E2T,114,172,526,220,0,6985420,1,900,173,527,221
EP,E2,114,1,64,0,0,0,0,1,0,0,0,0,0
RES,E2T,115,173,529,227,0,7026027,1,901,174,228,530
EP,E2,115,1,64,0,0,0,0,1,0,0,0,0,0
RES,E2T,116,174,532,248,0,7066648,1,900,175,533,249
EP,E2,116,1,64,0,0,0,0,1,0,0,0,0,0
RES,E2T,117,175,535,255,0,7107255,1,901,176,256,536
EP,E2,117,1,64,0,0,0,0,1,0,0,0,0,0
RES,E2T,118,176,538,262,0,7147862,1,900,177,539,263
EP,E2,118,1,64,0,0,0,0,1,0,0,0,0,0
RES,E2T,119,177,541,283,0,7188483,1,901,178,284,542
EP,E2,119,1,64,0,0,0,0,1,0,0,0,0,0
RES,E2T,120,178,544,290,0,7229090,1,900,179,545,291
EP,E2,120,2,128,0,0,0,0,2,0,0,0,0,0
RES,E2T,121,179,547,297,0,7269697,1,901,180,298,548
EP,E2,121,1,64,0,0,0,0,1,0,0,0,0,0
RES,E2T,122,180,564,304,0,7313104,1,900,181,565,305
EP,E2,122,1,64,0,0,0,0,1,0,0,0,0,0
RES,E2T,123,181,567,325,0,7353725,1,901,182,326,568
EP,E2,123,1,64,0,0,0,0,1,0,0,0,0,0
RES,E2T,124,182,570,332,0,7394332,1,900,183,571,333
EP,E2,124,1,64,0,0,0,0,1,0,0,0,0,0
RES,E2T,125,183,573,339,0,7434939,1,901,184,340,574
EP,E2,125,1,64,0,0,0,0,1,0,0,0,0,0
RES,E2T,126,184,576,346,0,7475546,1,900,185,577,347
EP,E2,126,1,64,0,0,0,0,1,0,0,0,0,0
RES,E2T,127,185,579,367,0,7516167,1,901,186,368,580
EP,E2,127,1,64,0,0,0,0,1,0,0,0,0,0
RES,E2T,128,186,582,374,0,7556774,1,900,187,583,375
EP,E2,128,1,64,0,0,0,0,1,0,0,0,0,0
RES,E2T,129,187,585,381,0,7597381,1,901,188,382,586
EP,E2,129,1,64,0,0,0,0,1,0,0,0,0,0
RES,E2T,130,2,402,202,0,160602,1,900,3,403,203
EP,E2,130,2,128,0,0,0,0,2,0,0,0,0,0
RES,E2T,131,3,405,209,0,201209,1,901,4,210,406
EP,E2,131,1,64,0,0,0,0,1,0,0,0,0,0
RES,E2T,132,4,408,216,0,241816,1,900,5,409,217
EP,E2,132,1,64,0,0,0,0,1,0,0,0,0,0
RES,E2T,133,5,411,223,0,282423,1,901,6,224,412
EP,E2,133,1,64,0,0,0,0,1,0,0,0,0,0
RES,E2T,134,6,414,244,0,323044,1,900,7,415,245
EP,E2,134,1,64,0,0,0,0,1,0,0,0,0,0
RES,E2T,135,7,417,251,0,363651,1,901,8,252,418
EP,E2,135,1,64,0,0,0,0,1,0,0,0,0,0
RES,E2T,136,8,420,258,0,404258,1,900,9,421,259
EP,E2,136,1,64,0,0,0,0,1,0,0,0,0,0
RES,E2T,137,9,423,265,0,444865,1,901,10,266,424
EP,E2,137,1,64,0,0,0,0,1,0,0,0,0,0
RES,E2T,138,10,426,286,0,485486,1,900,11,427,287
EP,E2,138,1,64,0,0,0,0,1,0,0,0,0,0
RES,E2T,139,11,443,293,0,528893,1,901,12,294,444
EP,E2,139,1,64,0,0,0,0,1,0,0,0,0,0
RES,E2T,140,12,446,300,0,569500,1,900,13,447,301
EP,E2,140,2,128,0,0,0,0,2,0,0,0,0,0
RES,E2T,141,13,449,307,0,610107,1,901,14,308,450
EP,E2,141,1,64,0,0,0,0,1,0,0,0,0,0
RES,E2T,142,14,452,328,0,650728,1,900,15,453,329
EP,E2,142,1,64,0,0,0,0,1,0,0,0,0,0
RES,E2T,143,15,455,335,0,691335,1,901,16,336,456
EP,E2,143,1,64,0,0,0,0,1,0,0,0,0,0
RES,E2T,144,16,458,342,0,731942,1,900,17,459,343
EP,E2,144,1,64,0,0,0,0,1,0,0,0,0,0
RES,E2T,145,17,461,363,0,772563,1,901,18,364,462
EP,E2,145,1,64,0,0,0,0,1,0,0,0,0,0
RES,E2T,146,18,464,370,0,813170,1,900,19,465,371
EP,E2,146,1,64,0,0,0,0,1,0,0,0,0,0
RES,E2T,147,19,467,377,0,853777,1,901,20,378,468
EP,E2,147,1,64,0,0,0,0,1,0,0,0,0,0
RES,E2T,148,20,484,384,0,897184,1,900,21,485,385
EP,E2,148,1,64,0,0,0,0,1,0,0,0,0,0
RES,E2T,149,21,487,205,0,937605,1,901,22,206,488
EP,E2,149,1,64,0,0,0,0,1,0,0,0,0,0
RES,E2T,150,22,490,212,0,978212,1,900,23,491,213
EP,E2,150,2,128,0,0,0,0,2,0,0,0,0,0
RES,E2T,151,23,493,219,0,1018819,1,901,24,220,494
EP,E2,151,1,64,0,0,0,0,1,0,0,0,0,0
RES,E2T,152,24,496,226,0,1059426,1,900,25,497,227
EP,E2,152,1,64,0,0,0,0,1,0,0,0,0,0
RES,E2T,153,25,499,247,0,1100047,1,901,26,248,500
EP,E2,153,1,64,0,0,0,0,1,0,0,0,0,0
RES,E2T,154,26,502,254,0,1140654,1,900,27,503,255
EP,E2,154,1,64,0,0,0,0,1,0,0,0,0,0
RES,E2T,155,27,505,261,0,1181261,1,901,28,262,506
EP,E2,155,1,64,0,0,0,0,1,0,0,0,0,0
RES,E2T,156,42,522,282,0,1784682,1,900,43,523,283
EP,E2,156,1,64,0,0,0,0,1,0,0,0,0,0
RES,E2T,157,43,525,289,0,1825289,1,901,44,290,526
EP,E2,157,1,64,0,0,0,0,1,0,0,0,0,0
RES,E2T,158,44,528,296,0,1865896,1,900,45,529,297
EP,E2,158,1,64,0,0,0,0,1,0,0,0,0,0
RES,E2T,159,45,531,303,0,1906503,1,901,46,304,532
EP,E2,159,1,64,0,0,0,0,1,0,0,0,0,0
RES,E2T,160,46,534,324,0,1947124,1,900,47,535,325
EP,E2,160,2,128,0,0,0,0,2,0,0,0,0,0
RES,E2T,161,47,537,331,0,1987731,1,901,48,332,538
EP,E2,161,1,64,0,0,0,0,1,0,0,0,0,0
RES,E2T,162,48,540,338,0,2028338,1,900,49,541,339
EP,E2,162,1,64,0,0,0,0,1,0,0,0,0,0
RES,E2T,163,49,543,345,0,2068945,1,901,50,346,544
EP,E2,163,1,64,0,0,0,0,1,0,0,0,0,0
RES,E2T,164,50,546,366,0,2109566,1,900,51,547,367
EP,E2,164,1,64,0,0,0,0,1,0,0,0,0,0
RES,E2T,165,51,563,373,0,2152973,1,901,52,374,564
EP,E2,165,1,64,0,0,0,0,1,0,0,0,0,0
RES,E2T,166,52,566,380,0,2193580,1,900,53,567,381
EP,E2,166,1,64,0,0,0,0,1,0,0,0,0,0
RES,E2T,167,53,569,387,0,2234187,1,901,54,388,570
EP,E2,167,1,64,0,0,0,0,1,0,0,0,0,0
RES,E2T,168,54,572,208,0,2274608,1,900,55,573,209
EP,E2,168,1,64,0,0,0,0,1,0,0,0,0,0
RES,E2T,169,55,575,215,0,2315215,1,901,56,216,576
EP,E2,169,1,64,0,0,0,0,1,0,0,0,0,0
RES,E2T,170,56,578,222,0,2355822,1,900,57,579,223
EP,E2,170,2,128,0,0,0,0,2,0,0,0,0,0
RES,E2T,171,57,581,243,0,2396443,1,901,58,244,582
EP,E2,171,1,64,0,0,0,0,1,0,0,0,0,0
RES,E2T,172,58,584,250,0,2437050,1,900,59,585,251
EP,E2,172,1,64,0,0,0,0,1,0,0,0,0,0
RES,E2T,173,59,587,257,0,2477657,1,901,60,258,588
EP,E2,173,1,64,0,0,0,0,1,0,0,0,0,0
RES,E2T,174,60,404,264,0,2481064,1,900,61,405,265
EP,E2,174,1,64,0,0,0,0,1,0,0,0,0,0
RES,E2T,175,61,407,285,0,2521685,1,901,62,286,408
EP,E2,175,1,64,0,0,0,0,1,0,0,0,0,0
RES,E2T,176,62,410,292,0,2562292,1,900,63,411,293
EP,E2,176,1,64,0,0,0,0,1,0,0,0,0,0
RES,E2T,177,63,413,299,0,2602899,1,901,64,300,414
EP,E2,177,1,64,0,0,0,0,1,0,0,0,0,0
RES,E2T,178,64,416,306,0,2643506,1,900,65,417,307
EP,E2,178,1,64,0,0,0,0,1,0,0,0,0,0
RES,E2T,179,65,419,327,0,2684127,1,901,66,328,420
EP,E2,179,1,64,0,0,0,0,1,0,0,0,0,0
RES,E2T,180,66,422,334,0,2724734,1,900,67,423,335
EP,E2,180,2,128,0,0,0,0,2,0,0,0,0,0
RES,E2T,181,67,425,341,0,2765341,1,901,68,342,426
EP,E2,181,1,64,0,0,0,0,1,0,0,0,0,0
RES,E2T,182,82,442,362,0,3368762,1,900,83,443,363
EP,E2,182,1,64,0,0,0,0,1,0,0,0,0,0
RES,E2T,183,83,445,369,0,3409369,1,901,84,370,446
EP,E2,183,1,64,0,0,0,0,1,0,0,0,0,0
RES,E2T,184,84,448,376,0,3449976,1,900,85,449,377
EP,E2,184,1,64,0,0,0,0,1,0,0,0,0,0
RES,E2T,185,85,451,383,0,3490583,1,901,86,384,452
EP,E2,185,1,64,0,0,0,0,1,0,0,0,0,0
RES,E2T,186,86,454,204,0,3531004,1,900,87,455,205
EP,E2,186,1,64,0,0,0,0,1,0,0,0,0,0
RES,E2T,187,87,457,211,0,0,0,901,88,212,458
EP,E2,187,1,64,0,0,0,0,1,0,0,0,0,0
RES,E2T,188,88,460,218,0,3612218,1,900,89,461,219
EP,E2,188,1,64,0,0,0,0,1,0,0,0,0,0
RES,E2T,189,89,463,225,0,3652825,1,901,90,226,464
EP,E2,189,1,64,0,0,0,0,1,0,0,0,0,0
RES,E2T,190,90,466,246,0,3693446,1,900,91,467,247
EP,E2,190,2,128,0,0,0,0,2,0,0,0,0,0
RES,E2T,191,91,483,253,0,3736853,1,901,92,254,484
EP,E2,191,1,64,0,0,0,0,1,0,0,0,0,0
RES,E2T,192,92,486,260,0,3777460,1,900,93,487,261
EP,E2,192,1,64,0,0,0,0,1,0,0,0,0,0
RES,E2T,193,93,489,267,0,3818067,1,901,94,268,490
EP,E2,193,1,64,0,0,0,0,1,0,0,0,0,0
RES,E2T,194,94,492,288,0,3858688,1,900,95,493,289
EP,E2,194,1,64,0,0,0,0,1,0,0,0,0,0
RES,E2T,195,95,495,295,0,3899295,1,901,96,296,496
EP,E2,195,1,64,0,0,0,0,1,0,0,0,0,0
RES,E2T,196,96,498,302,0,3939902,1,900,97,499,303
EP,E2,196,1,64,0,0,0,0,1,0,0,0,0,0
RES,E2T,197,97,501,323,0,3980523,1,901,98,324,502
EP,E2,197,1,64,0,0,0,0,1,0,0,0,0,0
RES,E2T,198,98,504,330,0,0,0,900,99,505,331
EP,E2,198,1,64,0,0,0,0,1,0,0,0,0,0
RES,E2T,199,99,507,337,0,4061737,1,901,100,338,508
EP,E2,199,1,64,0,0,0,0,1,0,0,0,0,0
RES,E2T,200,100,524,344,0,4105144,1,900,101,525,345
EP,E2,200,2,128,0,0,0,0,2,0,0,0,0,0
RES,E2T,201,101,527,365,0,4145765,1,901,102,366,528
EP,E2,201,1,64,0,0,0,0,1,0,0,0,0,0
RES,E2T,202,102,530,372,0,4186372,1,900,103,531,373
EP,E2,202,1,64,0,0,0,0,1,0,0,0,0,0
RES,E2T,203,103,533,379,0,4226979,1,901,104,380,534
EP,E2,203,1,64,0,0,0,0,1,0,0,0,0,0
RES,E2T,204,104,536,386,0,4267586,1,900,105,537,387
EP,E2,204,1,64,0,0,0,0,1,0,0,0,0,0
RES,E2T,205,105,539,207,0,4308007,1,901,106,208,540
EP,E2,205,1,64,0,0,0,0,1,0,0,0,0,0
RES,E2T,206,106,542,214,0,4348614,1,900,107,543,215
EP,E2,206,1,64,0,0,0,0,1,0,0,0,0,0
RES,E2T,207,107,545,221,0,4389221,1,901,108,222,546
EP,E2,207,1,64,0,0,0,0,1,0,0,0,0,0
RES,E2T,208,122,562,242,0,4992642,1,900,123,563,243
EP,E2,208,1,64,0,0,0,0,1,0,0,0,0,0
RES,E2T,209,123,565,249,0,5033249,1,901,124,250,566
EP,E2,209,1,64,0,0,0,0,1,0,0,0,0,0
RES,E2T,210,124,568,256,0,5073856,1,900,125,569,257
EP,E2,210,2,128,0,0,0,0,2,0,0,0,0,0
RES,E2T,211,125,571,263,0,5114463,1,901,126,264,572
EP,E2,211,1,64,0,0,0,0,1,0,0,0,0,0
RES,E2T,212,126,574,284,0,5155084,1,900,127,575,285
EP,E2,212,1,64,0,0,0,0,1,0,0,0,0,0
RES,E2T,213,127,577,291,0,5195691,1,901,128,292,578
EP,E2,213,1,64,0,0,0,0,1,0,0,0,0,0
RES,E2T,214,128,580,298,0,5236298,1,900,129,581,299
EP,E2,214,1,64,0,0,0,0,1,0,0,0,0,0
RES,E2T,215,129,583,305,0,5276905,1,901,130,306,584
EP,E2,215,1,64,0,0,0,0,1,0,0,0,0,0
RES,E2T,216,130,586,326,0,5317526,1,900,131,587,327
EP,E2,216,1,64,0,0,0,0,1,0,0,0,0,0
RES,E2T,217,131,403,333,0,5320933,1,901,132,334,404
EP,E2,217,1,64,0,0,0,0,1,0,0,0,0,0
RES,E2T,218,132,406,340,0,5361540,1,900,133,407,341
EP,E2,218,1,64,0,0,0,0,1,0,0,0,0,0
RES,E2T,219,133,409,347,0,5402147,1,901,134,348,410
EP,E2,219,1,64,0,0,0,0,1,0,0,0,0,0
RES,E2T,220,134,412,368,0,5442768,1,900,135,413,369
EP,E2,220,2,128,0,0,0,0,2,0,0,0,0,0
RES,E2T,221,135,415,375,0,5483375,1,901,136,376,416
EP,E2,221,1,64,0,0,0,0,1,0,0,0,0,0
RES,E2T,222,136,418,382,0,5523982,1,900,137,419,383
EP,E2,222,1,64,0,0,0,0,1,0,0,0,0,0
RES,E2T,223,137,421,203,0,5564403,1,901,138,204,422
EP,E2,223,1,64,0,0,0,0,1,0,0,0,0,0
RES,E2T,224,138,424,210,0,5605010,1,900,139,425,211
EP,E2,224,1,64,0,0,0,0,1,0,0,0,0,0
RES,E2T,225,139,427,217,0,5645617,1,901,140,218,428
EP,E2,225,1,64,0,0,0,0,1,0,0,0,0,0
RES,E2T,226,140,444,224,0,5689024,1,900,141,445,225
EP,E2,226,1,64,0,0,0,0,1,0,0,0,0,0
RES,E2T,227,141,447,245,0,5729645,1,901,142,246,448
EP,E2,227,1,64,0,0,0,0,1,0,0,0,0,0
RES,E2T,228,142,450,252,0,5770252,1,900,143,451,253
EP,E2,228,1,64,0,0,0,0,1,0,0,0,0,0
RES,E2T,229,143,453,259,0,5810859,1,901,144,260,454
EP,E2,229,1,64,0,0,0,0,1,0,0,0,0,0
RES,E2T,230,144,456,266,0,5851466,1,900,145,457,267
EP,E2,230,2,128,0,0,0,0,2,0,0,0,0,0
RES,E2T,231,145,459,287,0,5892087,1,901,146,288,460
EP,E2,231,1,64,0,0,0,0,1,0,0,0,0,0
RES,E2T,232,146,462,294,0,5932694,1,900,147,463,295
EP,E2,232,1,64,0,0,0,0,1,0,0,0,0,0
RES,E2T,233,147,465,301,0,5973301,1,901,148,302,466
EP,E2,233,1,64,0,0,0,0,1,0,0,0,0,0
RES,E2T,234,162,482,322,0,6576722,1,900,163,483,323
EP,E2,234,1,64,0,0,0,0,1,0,0,0,0,0
RES,E2T,235,163,485,329,0,6617329,1,901,164,330,486
EP,E2,235,1,64,0,0,0,0,1,0,0,0,0,0
RES,E2T,236,164,488,336,0,6657936,1,900,165,489,337
EP,E2,236,1,64,0,0,0,0,1,0,0,0,0,0
RES,E2T,237,165,491,343,0,6698543,1,901,166,344,492
EP,E2,237,1,64,0,0,0,0,1,0,0,0,0,0
RES,E2T,238,166,494,364,0,6739164,1,900,167,495,365
EP,E2,238,1,64,0,0,0,0,1,0,0,0,0,0
RES,E2T,239,167,497,371,0,6779771,1,901,168,372,498
EP,E2,239,1,64,0,0,0,0,1,0,0,0,0,0
RES,E2T,240,168,500,378,0,6820378,1,900,169,501,379
EP,E2,240,2,128,0,0,0,0,2,0,0,0,0,0
RES,E2T,241,169,503,385,0,6860985,1,901,170,386,504
EP,E2,241,1,64,0,0,0,0,1,0,0,0,0,0
RES,E2T,242,170,506,206,0,6901406,1,900,171,507,207
EP,E2,242,1,64,0,0,0,0,1,0,0,0,0,0
RES,E2T,243,171,523,213,0,6944813,1,901,172,214,524
EP,E2,243,1,64,0,0,0,0,1,0,0,0,0,0
RES,E2T,244,172,526,220,0,6985420,1,900,173,527,221
EP,E2,244,1,64,0,0,0,0,1,0,0,0,0,0
RES,E2T,245,173,529,227,0,7026027,1,901,174,228,530
EP,E2,245,1,64,0,0,0,0,1,0,0,0,0,0
RES,E2T,246,174,532,248,0,7066648,1,900,175,533,249
EP,E2,246,1,64,0,0,0,0,1,0,0,0,0,0
RES,E2T,247,175,535,255,0,7107255,1,901,176,256,536
EP,E2,247,1,64,0,0,0,0,1,0,0,0,0,0
RES,E2T,248,176,538,262,0,7147862,1,900,177,539,263
EP,E2,248,1,64,0,0,0,0,1,0,0,0,0,0
RES,E2T,249,177,541,283,0,7188483,1,901,178,284,542
EP,E2,249,1,64,0,0,0,0,1,0,0,0,0,0
RES,E2T,250,178,544,290,0,7229090,1,900,179,545,291
EP,E2,250,2,128,0,0,0,0,2,0,0,0,0,0
RES,E2T,251,179,547,297,0,7269697,1,901,180,298,548
EP,E2,251,1,64,0,0,0,0,1,0,0,0,0,0
RES,E2T,252,180,564,304,0,7313104,1,900,181,565,305
EP,E2,252,1,64,0,0,0,0,1,0,0,0,0,0
RES,E2T,253,181,567,325,0,7353725,1,901,182,326,568
EP,E2,253,1,64,0,0,0,0,1,0,0,0,0,0
RES,E2T,254,182,570,332,0,7394332,1,900,183,571,333
EP,E2,254,1,64,0,0,0,0,1,0,0,0,0,0
RES,E2T,255,183,573,339,0,7434939,1,901,184,340,574
EP,E2,255,1,64,0,0,0,0,1,0,0,0,0,0
RES,E2T,256,184,576,346,0,7475546,1,900,185,577,347
EP,E2,256,1,64,0,0,0,0,1,0,0,0,0,0
RES,E2T,257,185,579,367,0,7516167,1,901,186,368,580
EP,E2,257,1,64,0,0,0,0,1,0,0,0,0,0
RES,E2T,258,186,582,374,0,7556774,1,900,187,583,375
EP,E2,258,1,64,0,0,0,0,1,0,0,0,0,0
RES,E2T,259,187,585,381,0,7597381,1,901,188,382,586
EP,E2,259,1,64,0,0,0,0,1,0,0,0,0,0
RES,E2T,260,2,402,202,0,160602,1,900,3,403,203
EP,E2,260,2,128,0,0,0,0,2,0,0,0,0,0
RES,E2T,261,3,405,209,0,201209,1,901,4,210,406
EP,E2,261,1,64,0,0,0,0,1,0,0,0,0,0
RES,E2T,262,4,408,216,0,241816,1,900,5,409,217
EP,E2,262,1,64,0,0,0,0,1,0,0,0,0,0
RES,E2T,263,5,411,223,0,282423,1,901,6,224,412
EP,E2,263,1,64,0,0,0,0,1,0,0,0,0,0
RES,E2T,264,6,414,244,0,323044,1,900,7,415,245
EP,E2,264,1,64,0,0,0,0,1,0,0,0,0,0
RES,E2T,265,7,417,251,0,363651,1,901,8,252,418
EP,E2,265,1,64,0,0,0,0,1,0,0,0,0,0
RES,E2T,266,8,420,258,0,404258,1,900,9,421,259
EP,E2,266,1,64,0,0,0,0,1,0,0,0,0,0
RES,E2T,267,9,423,265,0,444865,1,901,10,266,424
EP,E2,267,1,64,0,0,0,0,1,0,0,0,0,0
RES,E2T,268,10,426,286,0,485486,1,900,11,427,287
EP,E2,268,1,64,0,0,0,0,1,0,0,0,0,0
RES,E2T,269,11,443,293,0,528893,1,901,12,294,444
EP,E2,269,1,64,0,0,0,0,1,0,0,0,0,0
RES,E2T,270,12,446,300,0,569500,1,900,13,447,301
EP,E2,270,2,128,0,0,0,0,2,0,0,0,0,0
RES,E2T,271,13,449,307,0,610107,1,901,14,308,450
EP,E2,271,1,64,0,0,0,0,1,0,0,0,0,0
RES,E2T,272,14,452,328,0,650728,1,900,15,453,329
EP,E2,272,1,64,0,0,0,0,1,0,0,0,0,0
RES,E2T,273,15,455,335,0,691335,1,901,16,336,456
EP,E2,273,1,64,0,0,0,0,1,0,0,0,0,0
RES,E2T,274,16,458,342,0,731942,1,900,17,459,343
EP,E2,274,1,64,0,0,0,0,1,0,0,0,0,0
RES,E2T,275,17,461,363,0,772563,1,901,18,364,462
EP,E2,275,1,64,0,0,0,0,1,0,0,0,0,0
RES,E2T,276,18,464,370,0,813170,1,900,19,465,371
EP,E2,276,1,64,0,0,0,0,1,0,0,0,0,0
RES,E2T,277,19,467,377,0,853777,1,901,20,378,468
EP,E2,277,1,64,0,0,0,0,1,0,0,0,0,0
RES,E2T,278,20,484,384,0,897184,1,900,21,485,385
EP,E2,278,1,64,0,0,0,0,1,0,0,0,0,0
RES,E2T,279,21,487,205,0,937605,1,901,22,206,488
EP,E2,279,1,64,0,0,0,0,1,0,0,0,0,0
RES,E2T,280,22,490,212,0,978212,1,900,23,491,213
EP,E2,280,2,128,0,0,0,0,2,0,0,0,0,0
RES,E2T,281,23,493,219,0,1018819,1,901,24,220,494
EP,E2,281,1,64,0,0,0,0,1,0,0,0,0,0
RES,E2T,282,24,496,226,0,1059426,1,900,25,497,227
EP,E2,282,1,64,0,0,0,0,1,0,0,0,0,0
RES,E2T,283,25,499,247,0,1100047,1,901,26,248,500
EP,E2,283,1,64,0,0,0,0,1,0,0,0,0,0
RES,E2T,284,26,502,254,0,1140654,1,900,27,503,255
EP,E2,284,1,64,0,0,0,0,1,0,0,0,0,0
RES,E2T,285,27,505,261,0,1181261,1,901,28,262,506
EP,E2,285,1,64,0,0,0,0,1,0,0,0,0,0
RES,E2T,286,42,522,282,0,1784682,1,900,43,523,283
EP,E2,286,1,64,0,0,0,0,1,0,0,0,0,0
RES,E2T,287,43,525,289,0,1825289,1,901,44,290,526
EP,E2,287,1,64,0,0,0,0,1,0,0,0,0,0
RES,E2T,288,44,528,296,0,1865896,1,900,45,529,297
EP,E2,288,1,64,0,0,0,0,1,0,0,0,0,0
RES,E2T,289,45,531,303,0,1906503,1,901,46,304,532
EP,E2,289,1,64,0,0,0,0,1,0,0,0,0,0
RES,E2T,290,46,534,324,0,1947124,1,900,47,535,325
EP,E2,290,2,128,0,0,0,0,2,0,0,0,0,0
RES,E2T,291,47,537,331,0,1987731,1,901,48,332,538
EP,E2,291,1,64,0,0,0,0,1,0,0,0,0,0
RES,E2T,292,48,540,338,0,2028338,1,900,49,541,339
EP,E2,292,1,64,0,0,0,0,1,0,0,0,0,0
RES,E2T,293,49,543,345,0,2068945,1,901,50,346,544
EP,E2,293,1,64,0,0,0,0,1,0,0,0,0,0
RES,E2T,294,50,546,366,0,2109566,1,900,51,547,367
EP,E2,294,1,64,0,0,0,0,1,0,0,0,0,0
RES,E2T,295,51,563,373,0,2152973,1,901,52,374,564
EP,E2,295,1,64,0,0,0,0,1,0,0,0,0,0
RES,E2T,296,52,566,380,0,2193580,1,900,53,567,381
EP,E2,296,1,64,0,0,0,0,1,0,0,0,0,0
RES,E2T,297,53,569,387,0,2234187,1,901,54,388,570
EP,E2,297,1,64,0,0,0,0,1,0,0,0,0,0
RES,E2T,298,54,572,208,0,2274608,1,900,55,573,209
EP,E2,298,1,64,0,0,0,0,1,0,0,0,0,0
RES,E2T,299,55,575,215,0,2315215,1,901,56,216,576
EP,E2,299,1,64,0,0,0,0,1,0,0,0,0,0
RES,E2T,300,56,578,222,0,2355822,1,900,57,579,223
EP,E2,300,2,128,0,0,0,0,2,0,0,0,0,0
RES,E2T,301,57,581,243,0,2396443,1,901,58,244,582
EP,E2,301,1,64,0,0,0,0,1,0,0,0,0,0
RES,E2T,302,58,584,250,0,2437050,1,900,59,585,251
EP,E2,302,1,64,0,0,0,0,1,0,0,0,0,0
RES,E2T,303,59,587,257,0,2477657,1,901,60,258,588
EP,E2,303,1,64,0,0,0,0,1,0,0,0,0,0
RES,E2T,304,60,404,264,0,2481064,1,900,61,405,265
EP,E2,304,1,64,0,0,0,0,1,0,0,0,0,0
RES,E2T,305,61,407,285,0,2521685,1,901,62,286,408
EP,E2,305,1,64,0,0,0,0,1,0,0,0,0,0
RES,E2T,306,62,410,292,0,2562292,1,900,63,411,293
EP,E2,306,1,64,0,0,0,0,1,0,0,0,0,0
RES,E2T,307,63,413,299,0,2602899,1,901,64,300,414
EP,E2,307,1,64,0,0,0,0,1,0,0,0,0,0
RES,E2T,308,64,416,306,0,2643506,1,900,65,417,307
EP,E2,308,1,64,0,0,0,0,1,0,0,0,0,0
RES,E2T,309,65,419,327,0,2684127,1,901,66,328,420
EP,E2,309,1,64,0,0,0,0,1,0,0,0,0,0
RES,E2T,310,66,422,334,0,2724734,1,900,67,423,335
EP,E2,310,2,128,0,0,0,0,2,0,0,0,0,0
RES,E2T,311,67,425,341,0,2765341,1,901,68,342,426
EP,E2,311,1,64,0,0,0,0,1,0,0,0,0,0
RES,E2T,312,82,442,362,0,3368762,1,900,83,443,363
EP,E2,312,1,64,0,0,0,0,1,0,0,0,0,0
RES,E2T,313,83,445,369,0,3409369,1,901,84,370,446
EP,E2,313,1,64,0,0,0,0,1,0,0,0,0,0
RES,E2T,314,84,448,376,0,3449976,1,900,85,449,377
EP,E2,314,1,64,0,0,0,0,1,0,0,0,0,0
RES,E2T,315,85,451,383,0,3490583,1,901,86,384,452
EP,E2,315,1,64,0,0,0,0,1,0,0,0,0,0
RES,E2T,316,86,454,204,0,3531004,1,900,87,455,205
EP,E2,316,1,64,0,0,0,0,1,0,0,0,0,0
RES,E2T,317,87,457,211,0,0,0,901,88,212,458
EP,E2,317,1,64,0,0,0,0,1,0,0,0,0,0
RES,E2T,318,88,460,218,0,3612218,1,900,89,461,219
EP,E2,318,1,64,0,0,0,0,1,0,0,0,0,0
RES,E2T,319,89,463,225,0,3652825,1,901,90,226,464
EP,E2,319,1,64,0,0,0,0,1,0,0,0,0,0
RES,E2T,320,90,466,246,0,3693446,1,900,91,467,247
EP,E2,320,2,128,0,0,0,0,2,0,0,0,0,0
RES,E2T,321,91,483,253,0,3736853,1,901,92,254,484
EP,E2,321,1,64,0,0,0,0,1,0,0,0,0,0
RES,E2T,322,92,486,260,0,3777460,1,900,93,487,261
EP,E2,322,1,64,0,0,0,0,1,0,0,0,0,0
RES,E2T,323,93,489,267,0,3818067,1,901,94,268,490
EP,E2,323,1,64,0,0,0,0,1,0,0,0,0,0
RES,E2T,324,94,492,288,0,3858688,1,900,95,493,289
EP,E2,324,1,64,0,0,0,0,1,0,0,0,0,0
RES,E2T,325,95,495,295,0,3899295,1,901,96,296,496
EP,E2,325,1,64,0,0,0,0,1,0,0,0,0,0
RES,E2T,326,96,498,302,0,3939902,1,900,97,499,303
EP,E2,326,1,64,0,0,0,0,1,0,0,0,0,0
RES,E2T,327,97,501,323,0,3980523,1,901,98,324,502
EP,E2,327,1,64,0,0,0,0,1,0,0,0,0,0
RES,E2T,328,98,504,330,0,0,0,900,99,505,331
EP,E2,328,1,64,0,0,0,0,1,0,0,0,0,0
RES,E2T,329,99,507,337,0,4061737,1,901,100,338,508
EP,E2,329,1,64,0,0,0,0,1,0,0,0,0,0
RES,E2T,330,100,524,344,0,4105144,1,900,101,525,345
EP,E2,330,2,128,0,0,0,0,2,0,0,0,0,0
RES,E2T,331,101,527,365,0,4145765,1,901,102,366,528
EP,E2,331,1,64,0,0,0,0,1,0,0,0,0,0
RES,E2T,332,102,530,372,0,4186372,1,900,103,531,373
EP,E2,332,1,64,0,0,0,0,1,0,0,0,0,0
RES,E2T,333,103,533,379,0,4226979,1,901,104,380,534
EP,E2,333,1,64,0,0,0,0,1,0,0,0,0,0
RES,E2T,334,104,536,386,0,4267586,1,900,105,537,387
EP,E2,334,1,64,0,0,0,0,1,0,0,0,0,0
RES,E2T,335,105,539,207,0,4308007,1,901,106,208,540
EP,E2,335,1,64,0,0,0,0,1,0,0,0,0,0
RES,E2T,336,106,542,214,0,4348614,1,900,107,543,215
EP,E2,336,1,64,0,0,0,0,1,0,0,0,0,0
RES,E2T,337,107,545,221,0,4389221,1,901,108,222,546
EP,E2,337,1,64,0,0,0,0,1,0,0,0,0,0
RES,E2T,338,122,562,242,0,4992642,1,900,123,563,243
EP,E2,338,1,64,0,0,0,0,1,0,0,0,0,0
RES,E2T,339,123,565,249,0,5033249,1,901,124,250,566
EP,E2,339,1,64,0,0,0,0,1,0,0,0,0,0
RES,E2T,340,124,568,256,0,5073856,1,900,125,569,257
EP,E2,340,2,128,0,0,0,0,2,0,0,0,0,0
RES,E2T,341,125,571,263,0,5114463,1,901,126,264,572
EP,E2,341,1,64,0,0,0,0,1,0,0,0,0,0
RES,E2T,342,126,574,284,0,5155084,1,900,127,575,285
EP,E2,342,1,64,0,0,0,0,1,0,0,0,0,0
RES,E2T,343,127,577,291,0,5195691,1,901,128,292,578
EP,E2,343,1,64,0,0,0,0,1,0,0,0,0,0
RES,E2T,344,128,580,298,0,5236298,1,900,129,581,299
EP,E2,344,1,64,0,0,0,0,1,0,0,0,0,0
RES,E2T,345,129,583,305,0,5276905,1,901,130,306,584
EP,E2,345,1,64,0,0,0,0,1,0,0,0,0,0
RES,E2T,346,130,586,326,0,5317526,1,900,131,587,327
EP,E2,346,1,64,0,0,0,0,1,0,0,0,0,0
RES,E2T,347,131,403,333,0,5320933,1,901,132,334,404
EP,E2,347,1,64,0,0,0,0,1,0,0,0,0,0
RES,E2T,348,132,406,340,0,5361540,1,900,133,407,341
EP,E2,348,1,64,0,0,0,0,1,0,0,0,0,0
RES,E2T,349,133,409,347,0,5402147,1,901,134,348,410
EP,E2,349,1,64,0,0,0,0,1,0,0,0,0,0
RES,E2T,350,134,412,368,0,5442768,1,900,135,413,369
EP,E2,350,2,128,0,0,0,0,2,0,0,0,0,0
RES,E2T,351,135,415,375,0,5483375,1,901,136,376,416
EP,E2,351,1,64,0,0,0,0,1,0,0,0,0,0
RES,E2T,352,136,418,382,0,5523982,1,900,137,419,383
EP,E2,352,1,64,0,0,0,0,1,0,0,0,0,0
RES,E2T,353,137,421,203,0,5564403,1,901,138,204,422
EP,E2,353,1,64,0,0,0,0,1,0,0,0,0,0
RES,E2T,354,138,424,210,0,5605010,1,900,139,425,211
EP,E2,354,1,64,0,0,0,0,1,0,0,0,0,0
RES,E2T,355,139,427,217,0,5645617,1,901,140,218,428
EP,E2,355,1,64,0,0,0,0,1,0,0,0,0,0
RES,E2T,356,140,444,224,0,5689024,1,900,141,445,225
EP,E2,356,1,64,0,0,0,0,1,0,0,0,0,0
RES,E2T,357,141,447,245,0,5729645,1,901,142,246,448
EP,E2,357,1,64,0,0,0,0,1,0,0,0,0,0
RES,E2T,358,142,450,252,0,5770252,1,900,143,451,253
EP,E2,358,1,64,0,0,0,0,1,0,0,0,0,0
RES,E2T,359,143,453,259,0,5810859,1,901,144,260,454
EP,E2,359,1,64,0,0,0,0,1,0,0,0,0,0
RES,E2T,360,144,456,266,0,5851466,1,900,145,457,267
EP,E2,360,2,128,0,0,0,0,2,0,0,0,0,0
RES,E2T,361,145,459,287,0,5892087,1,901,146,288,460
EP,E2,361,1,64,0,0,0,0,1,0,0,0,0,0
RES,E2T,362,146,462,294,0,5932694,1,900,147,463,295
EP,E2,362,1,64,0,0,0,0,1,0,0,0,0,0
RES,E2T,363,147,465,301,0,5973301,1,901,148,302,466
EP,E2,363,1,64,0,0,0,0,1,0,0,0,0,0
RES,E2T,364,162,482,322,0,6576722,1,900,163,483,323
EP,E2,364,1,64,0,0,0,0,1,0,0,0,0,0
RES,E2T,365,163,485,329,0,6617329,1,901,164,330,486
EP,E2,365,1,64,0,0,0,0,1,0,0,0,0,0
RES,E2T,366,164,488,336,0,6657936,1,900,165,489,337
EP,E2,366,1,64,0,0,0,0,1,0,0,0,0,0
RES,E2T,367,165,491,343,0,6698543,1,901,166,344,492
EP,E2,367,1,64,0,0,0,0,1,0,0,0,0,0
RES,E2T,368,166,494,364,0,6739164,1,900,167,495,365
EP,E2,368,1,64,0,0,0,0,1,0,0,0,0,0
RES,E2T,369,167,497,371,0,6779771,1,901,168,372,498
EP,E2,369,1,64,0,0,0,0,1,0,0,0,0,0
RES,E2T,370,168,500,378,0,6820378,1,900,169,501,379
EP,E2,370,2,128,0,0,0,0,2,0,0,0,0,0
RES,E2T,371,169,503,385,0,6860985,1,901,170,386,504
EP,E2,371,1,64,0,0,0,0,1,0,0,0,0,0
RES,E2T,372,170,506,206,0,6901406,1,900,171,507,207
EP,E2,372,1,64,0,0,0,0,1,0,0,0,0,0
RES,E2T,373,171,523,213,0,6944813,1,901,172,214,524
EP,E2,373,1,64,0,0,0,0,1,0,0,0,0,0
RES,E2T,374,172,526,220,0,6985420,1,900,173,527,221
EP,E2,374,1,64,0,0,0,0,1,0,0,0,0,0
RES,E2T,375,173,529,227,0,7026027,1,901,174,228,530
EP,E2,375,1,64,0,0,0,0,1,0,0,0,0,0
RES,E2T,376,174,532,248,0,7066648,1,900,175,533,249
EP,E2,376,1,64,0,0,0,0,1,0,0,0,0,0
RES,E2T,377,175,535,255,0,7107255,1,901,176,256,536
EP,E2,377,1,64,0,0,0,0,1,0,0,0,0,0
RES,E2T,378,176,538,262,0,7147862,1,900,177,539,263
EP,E2,378,1,64,0,0,0,0,1,0,0,0,0,0
RES,E2T,379,177,541,283,0,7188483,1,901,178,284,542
EP,E2,379,1,64,0,0,0,0,1,0,0,0,0,0
RES,E2T,380,178,544,290,0,7229090,1,900,179,545,291
EP,E2,380,2,128,0,0,0,0,2,0,0,0,0,0
RES,E2T,381,179,547,297,0,7269697,1,901,180,298,548
EP,E2,381,1,64,0,0,0,0,1,0,0,0,0,0
RES,E2T,382,180,564,304,0,7313104,1,900,181,565,305
EP,E2,382,1,64,0,0,0,0,1,0,0,0,0,0
RES,E2T,383,181,567,325,0,7353725,1,901,182,326,568
EP,E2,383,1,64,0,0,0,0,1,0,0,0,0,0
RES,E2T,384,182,570,332,0,7394332,1,900,183,571,333
EP,E2,384,1,64,0,0,0,0,1,0,0,0,0,0
RES,E2T,385,183,573,339,0,7434939,1,901,184,340,574
EP,E2,385,1,64,0,0,0,0,1,0,0,0,0,0
RES,E2T,386,184,576,346,0,7475546,1,900,185,577,347
EP,E2,386,1,64,0,0,0,0,1,0,0,0,0,0
RES,E2T,387,185,579,367,0,7516167,1,901,186,368,580
EP,E2,387,1,64,0,0,0,0,1,0,0,0,0,0
RES,E2T,388,186,582,374,0,7556774,1,900,187,583,375
EP,E2,388,1,64,0,0,0,0,1,0,0,0,0,0
RES,E2T,389,187,585,381,0,7597381,1,901,188,382,586
EP,E2,389,1,64,0,0,0,0,1,0,0,0,0,0
RES,E2T,390,2,402,202,0,160602,1,900,3,403,203
EP,E2,390,2,128,0,0,0,0,2,0,0,0,0,0
RES,E2T,391,3,405,209,0,201209,1,901,4,210,406
EP,E2,391,1,64,0,0,0,0,1,0,0,0,0,0
RES,E2T,392,4,408,216,0,241816,1,900,5,409,217
EP,E2,392,1,64,0,0,0,0,1,0,0,0,0,0
RES,E2T,393,5,411,223,0,282423,1,901,6,224,412
EP,E2,393,1,64,0,0,0,0,1,0,0,0,0,0
RES,E2T,394,6,414,244,0,323044,1,900,7,415,245
EP,E2,394,1,64,0,0,0,0,1,0,0,0,0,0
RES,E2T,395,7,417,251,0,363651,1,901,8,252,418
EP,E2,395,1,64,0,0,0,0,1,0,0,0,0,0
RES,E2T,396,8,420,258,0,404258,1,900,9,421,259
EP,E2,396,1,64,0,0,0,0,1,0,0,0,0,0
RES,E2T,397,9,423,265,0,444865,1,901,10,266,424
EP,E2,397,1,64,0,0,0,0,1,0,0,0,0,0
RES,E2T,398,10,426,286,0,485486,1,900,11,427,287
EP,E2,398,1,64,0,0,0,0,1,0,0,0,0,0
RES,E2T,399,11,443,293,0,528893,1,901,12,294,444
EP,E2,399,1,64,0,0,0,0,1,0,0,0,0,0
RES,E2T,400,12,446,300,0,569500,1,900,13,447,301
EP,E2,400,2,128,0,0,0,0,2,0,0,0,0,0
RES,E2T,401,13,449,307,0,610107,1,901,14,308,450
EP,E2,401,1,64,0,0,0,0,1,0,0,0,0,0
RES,E2T,402,14,452,328,0,650728,1,900,15,453,329
EP,E2,402,1,64,0,0,0,0,1,0,0,0,0,0
RES,E2T,403,15,455,335,0,691335,1,901,16,336,456
EP,E2,403,1,64,0,0,0,0,1,0,0,0,0,0
RES,E2T,404,16,458,342,0,731942,1,900,17,459,343
EP,E2,404,1,64,0,0,0,0,1,0,0,0,0,0
RES,E2T,405,17,461,363,0,772563,1,901,18,364,462
EP,E2,405,1,64,0,0,0,0,1,0,0,0,0,0
RES,E2T,406,18,464,370,0,813170,1,900,19,465,371
EP,E2,406,1,64,0,0,0,0,1,0,0,0,0,0
RES,E2T,407,19,467,377,0,853777,1,901,20,378,468
EP,E2,407,1,64,0,0,0,0,1,0,0,0,0,0
RES,E2T,408,20,484,384,0,897184,1,900,21,485,385
EP,E2,408,1,64,0,0,0,0,1,0,0,0,0,0
RES,E2T,409,21,487,205,0,937605,1,901,22,206,488
EP,E2,409,1,64,0,0,0,0,1,0,0,0,0,0
RES,E2T,410,22,490,212,0,978212,1,900,23,491,213
EP,E2,410,2,128,0,0,0,0,2,0,0,0,0,0
RES,E2T,411,23,493,219,0,1018819,1,901,24,220,494
EP,E2,411,1,64,0,0,0,0,1,0,0,0,0,0
RES,E2T,412,24,496,226,0,1059426,1,900,25,497,227
EP,E2,412,1,64,0,0,0,0,1,0,0,0,0,0
RES,E2T,413,25,499,247,0,1100047,1,901,26,248,500
EP,E2,413,1,64,0,0,0,0,1,0,0,0,0,0
RES,E2T,414,26,502,254,0,1140654,1,900,27,503,255
EP,E2,414,1,64,0,0,0,0,1,0,0,0,0,0
RES,E2T,415,27,505,261,0,1181261,1,901,28,262,506
EP,E2,415,1,64,0,0,0,0,1,0,0,0,0,0
RES,E2T,416,42,522,282,0,1784682,1,900,43,523,283
EP,E2,416,1,64,0,0,0,0,1,0,0,0,0,0
RES,E2T,417,43,525,289,0,1825289,1,901,44,290,526
EP,E2,417,1,64,0,0,0,0,1,0,0,0,0,0
RES,E2T,418,44,528,296,0,1865896,1,900,45,529,297
EP,E2,418,1,64,0,0,0,0,1,0,0,0,0,0
RES,E2T,419,45,531,303,0,1906503,1,901,46,304,532
EP,E2,419,1,64,0,0,0,0,1,0,0,0,0,0
RES,E2T,420,2,402,202,1,8160602,1,900,3,910,403,203
EP,E2,420,1,64,0,0,0,0,1,0,0,0,0,0
RES,E2T,421,3,405,209,1,8201209,1,901,4,210,910,406
EP,E2,421,1,64,0,0,0,0,1,0,0,0,0,0
RES,E2T,422,4,408,216,1,8241816,1,900,5,910,409,217
EP,E2,422,1,64,0,0,0,0,1,0,0,0,0,0
RES,E2T,423,5,411,223,1,8282423,1,901,6,224,910,412
EP,E2,423,1,64,0,0,0,0,1,0,0,0,0,0
RES,E2T,424,6,414,244,1,8323044,1,900,7,910,415,245
EP,E2,424,1,64,0,0,0,0,1,0,0,0,0,0
RES,E2T,425,7,417,251,1,8363651,1,901,8,252,910,418
EP,E2,425,1,64,0,0,0,0,1,0,0,0,0,0
RES,E2T,426,8,420,258,1,8404258,1,900,9,910,421,259
EP,E2,426,1,64,0,0,0,0,1,0,0,0,0,0
RES,E2T,427,9,423,265,1,8444865,1,901,10,266,910,424
EP,E2,427,1,64,0,0,0,0,1,0,0,0,0,0
RES,E2T,428,10,426,286,1,8485486,1,900,11,910,427,287
EP,E2,428,1,64,0,0,0,0,1,0,0,0,0,0
RES,E2T,429,11,443,293,1,8528893,1,901,12,294,910,444
EP,E2,429,1,64,0,0,0,0,1,0,0,0,0,0
RES,E2T,430,12,446,300,1,8569500,1,900,13,910,447,301
EP,E2,430,1,64,0,0,0,0,1,0,0,0,0,0
RES,E2T,431,13,449,307,1,8610107,1,901,14,308,910,450
EP,E2,431,1,64,0,0,0,0,1,0,0,0,0,0
RES,E2T,432,14,452,328,1,8650728,1,900,15,910,453,329
EP,E2,432,1,64,0,0,0,0,1,0,0,0,0,0
RES,E2T,433,15,455,335,1,8691335,1,901,16,336,910,456
EP,E2,433,1,64,0,0,0,0,1,0,0,0,0,0
RES,E2T,434,16,458,342,1,8731942,1,900,17,910,459,343
EP,E2,434,1,64,0,0,0,0,1,0,0,0,0,0
RES,E2T,435,17,461,363,1,8772563,1,901,18,364,910,462
EP,E2,435,1,64,0,0,0,0,1,0,0,0,0,0
RES,E2T,436,18,464,370,1,8813170,1,900,19,910,465,371
EP,E2,436,1,64,0,0,0,0,1,0,0,0,0,0
RES,E2T,437,19,467,377,1,8853777,1,901,20,378,910,468
EP,E2,437,1,64,0,0,0,0,1,0,0,0,0,0
RES,E2T,438,20,484,384,1,8897184,1,900,21,910,485,385
EP,E2,438,1,64,0,0,0,0,1,0,0,0,0,0
RES,E2T,439,21,487,205,1,8937605,1,901,22,206,910,488
EP,E2,439,1,64,0,0,0,0,1,0,0,0,0,0
RES,E2T,440,22,490,212,1,8978212,1,900,23,910,491,213
EP,E2,440,1,64,0,0,0,0,1,0,0,0,0,0
RES,E2T,441,23,493,219,1,9018819,1,901,24,220,910,494
EP,E2,441,1,64,0,0,0,0,1,0,0,0,0,0
RES,E2T,442,24,496,226,1,9059426,1,900,25,910,497,227
EP,E2,442,1,64,0,0,0,0,1,0,0,0,0,0
RES,E2T,443,25,499,247,1,9100047,1,901,26,248,910,500
EP,E2,443,1,64,0,0,0,0,1,0,0,0,0,0
RES,E2T,444,26,502,254,1,9140654,1,900,27,910,503,255
EP,E2,444,1,64,0,0,0,0,1,0,0,0,0,0
RES,E2T,445,27,505,261,1,9181261,1,901,28,262,910,506
EP,E2,445,1,64,0,0,0,0,1,0,0,0,0,0
RES,E2T,446,42,522,282,1,9784682,1,900,43,910,523,283
EP,E2,446,1,64,0,0,0,0,1,0,0,0,0,0
RES,E2T,447,43,525,289,1,9825289,1,901,44,290,910,526
EP,E2,447,1,64,0,0,0,0,1,0,0,0,0,0
RES,E2T,448,44,528,296,1,9865896,1,900,45,910,529,297
EP,E2,448,1,64,0,0,0,0,1,0,0,0,0,0
RES,E2T,449,45,531,303,1,9906503,1,901,46,304,910,532
EP,E2,449,1,64,0,0,0,0,1,0,0,0,0,0
RES,E2T,450,46,534,324,1,9947124,1,900,47,910,535,325
EP,E2,450,1,64,0,0,0,0,1,0,0,0,0,0
RES,E2T,451,47,537,331,1,9987731,1,901,48,332,910,538
EP,E2,451,1,64,0,0,0,0,1,0,0,0,0,0
RES,E2T,452,48,540,338,1,10028338,1,900,49,910,541,339
EP,E2,452,1,64,0,0,0,0,1,0,0,0,0,0
RES,E2T,453,49,543,345,1,10068945,1,901,50,346,910,544
EP,E2,453,1,64,0,0,0,0,1,0,0,0,0,0
RES,E2T,454,50,546,366,1,10109566,1,900,51,910,547,367
EP,E2,454,1,64,0,0,0,0,1,0,0,0,0,0
RES,E2T,455,51,563,373,1,10152973,1,901,52,374,910,564
EP,E2,455,1,64,0,0,0,0,1,0,0,0,0,0
RES,E2T,456,52,566,380,1,10193580,1,900,53,910,567,381
EP,E2,456,1,64,0,0,0,0,1,0,0,0,0,0
RES,E2T,457,53,569,387,1,10234187,1,901,54,388,910,570
EP,E2,457,1,64,0,0,0,0,1,0,0,0,0,0
RES,E2T,458,54,572,208,1,10274608,1,900,55,910,573,209
EP,E2,458,1,64,0,0,0,0,1,0,0,0,0,0
RES,E2T,459,55,575,215,1,10315215,1,901,56,216,910,576
EP,E2,459,1,64,0,0,0,0,1,0,0,0,0,0
RES,E2T,460,56,578,222,1,10355822,1,900,57,910,579,223
EP,E2,460,1,64,0,0,0,0,1,0,0,0,0,0
RES,E2T,461,57,581,243,1,10396443,1,901,58,244,910,582
EP,E2,461,1,64,0,0,0,0,1,0,0,0,0,0
RES,E2T,462,58,584,250,1,10437050,1,900,59,910,585,251
EP,E2,462,1,64,0,0,0,0,1,0,0,0,0,0
RES,E2T,463,59,587,257,1,10477657,1,901,60,258,910,588
EP,E2,463,1,64,0,0,0,0,1,0,0,0,0,0
RES,E2T,464,60,404,264,1,10481064,1,900,61,910,405,265
EP,E2,464,1,64,0,0,0,0,1,0,0,0,0,0
RES,E2T,465,61,407,285,1,10521685,1,901,62,286,910,408
EP,E2,465,1,64,0,0,0,0,1,0,0,0,0,0
RES,E2T,466,62,410,292,1,10562292,1,900,63,910,411,293
EP,E2,466,1,64,0,0,0,0,1,0,0,0,0,0
RES,E2T,467,63,413,299,1,10602899,1,901,64,300,910,414
EP,E2,467,1,64,0,0,0,0,1,0,0,0,0,0
RES,E2T,468,64,416,306,1,10643506,1,900,65,910,417,307
EP,E2,468,1,64,0,0,0,0,1,0,0,0,0,0
RES,E2T,469,65,419,327,1,10684127,1,901,66,328,910,420
EP,E2,469,1,64,0,0,0,0,1,0,0,0,0,0
RES,E2T,470,66,422,334,1,10724734,1,900,67,910,423,335
EP,E2,470,1,64,0,0,0,0,1,0,0,0,0,0
RES,E2T,471,67,425,341,1,10765341,1,901,68,342,910,426
EP,E2,471,1,64,0,0,0,0,1,0,0,0,0,0
RES,E2T,472,82,442,362,1,11368762,1,900,83,910,443,363
EP,E2,472,1,64,0,0,0,0,1,0,0,0,0,0
RES,E2T,473,83,445,369,1,11409369,1,901,84,370,910,446
EP,E2,473,1,64,0,0,0,0,1,0,0,0,0,0
RES,E2T,474,84,448,376,1,11449976,1,900,85,910,449,377
EP,E2,474,1,64,0,0,0,0,1,0,0,0,0,0
RES,E2T,475,85,451,383,1,11490583,1,901,86,384,910,452
EP,E2,475,1,64,0,0,0,0,1,0,0,0,0,0
RES,E2T,476,86,454,204,1,11531004,1,900,87,910,455,205
EP,E2,476,1,64,0,0,0,0,1,0,0,0,0,0
RES,E2T,477,87,457,211,1,0,0,901,88,212,910,458
EP,E2,477,1,64,0,0,0,0,1,0,0,0,0,0
RES,E2T,478,88,460,218,1,11612218,1,900,89,910,461,219
EP,E2,478,1,64,0,0,0,0,1,0,0,0,0,0
RES,E2T,479,89,463,225,1,11652825,1,901,90,226,910,464
EP,E2,479,1,64,0,0,0,0,1,0,0,0,0,0
RES,E2T,480,2,402,202,0,160602,1,900,3,403,203
EP,E2,480,1,64,0,0,0,0,1,0,0,0,0,0
RES,E2T,481,3,405,209,0,201209,1,901,911,608,4,210,406
EP,E2,481,1,64,0,0,0,0,1,0,0,0,0,0
RES,E2T,482,4,408,216,0,241816,1,900,911,613,5,409,217
EP,E2,482,1,64,0,0,0,0,1,0,0,0,0,0
RES,E2T,483,5,411,223,0,282423,1,901,911,618,6,224,412
EP,E2,483,1,64,0,0,0,0,1,0,0,0,0,0
RES,E2T,484,6,414,244,0,323044,1,900,911,623,7,415,245
EP,E2,484,1,64,0,0,0,0,1,0,0,0,0,0
RES,E2T,485,7,417,251,0,363651,1,901,911,628,8,252,418
EP,E2,485,1,64,0,0,0,0,1,0,0,0,0,0
RES,E2T,486,8,420,258,0,404258,1,900,911,647,9,421,259
EP,E2,486,1,64,0,0,0,0,1,0,0,0,0,0
RES,E2T,487,9,423,265,0,444865,1,901,911,652,10,266,424
EP,E2,487,1,64,0,0,0,0,1,0,0,0,0,0
RES,E2T,488,10,426,286,0,485486,1,900,911,657,11,427,287
EP,E2,488,1,64,0,0,0,0,1,0,0,0,0,0
RES,E2T,489,11,443,293,0,528893,1,901,911,662,12,294,444
EP,E2,489,1,64,0,0,0,0,1,0,0,0,0,0
RES,E2T,490,12,446,300,0,569500,1,900,911,667,13,447,301
EP,E2,490,1,64,0,0,0,0,1,0,0,0,0,0
RES,E2T,491,13,449,307,0,610107,1,901,911,686,14,308,450
EP,E2,491,1,64,0,0,0,0,1,0,0,0,0,0
RES,E2T,492,14,452,328,0,650728,1,900,911,691,15,453,329
EP,E2,492,1,64,0,0,0,0,1,0,0,0,0,0
RES,E2T,493,15,455,335,0,691335,1,901,911,696,16,336,456
EP,E2,493,1,64,0,0,0,0,1,0,0,0,0,0
RES,E2T,494,16,458,342,0,731942,1,900,911,701,17,459,343
EP,E2,494,1,64,0,0,0,0,1,0,0,0,0,0
RES,E2T,495,17,461,363,0,772563,1,901,911,706,18,364,462
EP,E2,495,1,64,0,0,0,0,1,0,0,0,0,0
RES,E2T,496,18,464,370,0,813170,1,900,911,725,19,465,371
EP,E2,496,1,64,0,0,0,0,1,0,0,0,0,0
RES,E2T,497,19,467,377,0,853777,1,901,911,730,20,378,468
EP,E2,497,1,64,0,0,0,0,1,0,0,0,0,0
RES,E2T,498,20,484,384,0,897184,1,900,911,735,21,485,385
EP,E2,498,1,64,0,0,0,0,1,0,0,0,0,0
RES,E2T,499,21,487,205,0,937605,1,901,911,740,22,206,488
EP,E2,499,1,64,0,0,0,0,1,0,0,0,0,0
RES,E2T,500,22,490,212,0,978212,1,900,911,745,23,491,213
EP,E2,500,1,64,0,0,0,0,1,0,0,0,0,0
RES,E2T,501,23,493,219,0,1018819,1,901,911,764,24,220,494
EP,E2,501,1,64,0,0,0,0,1,0,0,0,0,0
RES,E2T,502,24,496,226,0,1059426,1,900,911,769,25,497,227
EP,E2,502,1,64,0,0,0,0,1,0,0,0,0,0
RES,E2T,503,25,499,247,0,1100047,1,901,911,774,26,248,500
EP,E2,503,1,64,0,0,0,0,1,0,0,0,0,0
RES,E2T,504,26,502,254,0,1140654,1,900,911,779,27,503,255
EP,E2,504,1,64,0,0,0,0,1,0,0,0,0,0
RES,E2T,505,27,505,261,0,1181261,1,901,911,784,28,262,506
EP,E2,505,1,64,0,0,0,0,1,0,0,0,0,0
RES,E2T,506,42,522,282,0,1784682,1,900,43,523,283
EP,E2,506,1,64,0,0,0,0,1,0,0,0,0,0
RES,E2T,507,43,525,289,0,1825289,1,901,911,608,44,290,526
EP,E2,507,1,64,0,0,0,0,1,0,0,0,0,0
RES,E2T,508,44,528,296,0,1865896,1,900,911,613,45,529,297
EP,E2,508,1,64,0,0,0,0,1,0,0,0,0,0
RES,E2T,509,45,531,303,0,1906503,1,901,911,618,46,304,532
EP,E2,509,1,64,0,0,0,0,1,0,0,0,0,0
RES,E2T,510,46,534,324,0,1947124,1,900,911,623,47,535,325
EP,E2,510,1,64,0,0,0,0,1,0,0,0,0,0
RES,E2T,511,47,537,331,0,1987731,1,901,911,628,48,332,538
EP,E2,511,1,64,0,0,0,0,1,0,0,0,0,0
RES,E2T,512,48,540,338,0,2028338,1,900,911,647,49,541,339
EP,E2,512,1,64,0,0,0,0,1,0,0,0,0,0
RES,E2T,513,49,543,345,0,2068945,1,901,911,652,50,346,544
EP,E2,513,1,64,0,0,0,0,1,0,0,0,0,0
RES,E2T,514,50,546,366,0,2109566,1,900,911,657,51,547,367
EP,E2,514,1,64,0,0,0,0,1,0,0,0,0,0
RES,E2T,515,51,563,373,0,2152973,1,901,911,662,52,374,564
EP,E2,515,1,64,0,0,0,0,1,0,0,0,0,0
RES,E2T,516,52,566,380,0,2193580,1,900,911,667,53,567,381
EP,E2,516,1,64,0,0,0,0,1,0,0,0,0,0
RES,E2T,517,53,569,387,0,2234187,1,901,911,686,54,388,570
EP,E2,517,1,64,0,0,0,0,1,0,0,0,0,0
RES,E2T,518,54,572,208,0,2274608,1,900,911,691,55,573,209
EP,E2,518,1,64,0,0,0,0,1,0,0,0,0,0
RES,E2T,519,55,575,215,0,2315215,1,901,911,696,56,216,576
EP,E2,519,1,64,0,0,0,0,1,0,0,0,0,0
RES,E2T,520,56,578,222,0,2355822,1,900,911,701,57,579,223
EP,E2,520,1,64,0,0,0,0,1,0,0,0,0,0
RES,E2T,521,57,581,243,0,2396443,1,901,911,706,58,244,582
EP,E2,521,1,64,0,0,0,0,1,0,0,0,0,0
RES,E2T,522,58,584,250,0,2437050,1,900,911,725,59,585,251
EP,E2,522,1,64,0,0,0,0,1,0,0,0,0,0
RES,E2T,523,59,587,257,0,2477657,1,901,911,730,60,258,588
EP,E2,523,1,64,0,0,0,0,1,0,0,0,0,0
RES,E2T,524,60,404,264,0,2481064,1,900,911,735,61,405,265
EP,E2,524,1,64,0,0,0,0,1,0,0,0,0,0
RES,E2T,525,61,407,285,0,2521685,1,901,911,740,62,286,408
EP,E2,525,1,64,0,0,0,0,1,0,0,0,0,0
RES,E2T,526,62,410,292,0,2562292,1,900,911,745,63,411,293
EP,E2,526,1,64,0,0,0,0,1,0,0,0,0,0
RES,E2T,527,63,413,299,0,2602899,1,901,911,764,64,300,414
EP,E2,527,1,64,0,0,0,0,1,0,0,0,0,0
RES,E2T,528,64,416,306,0,2643506,1,900,911,769,65,417,307
EP,E2,528,1,64,0,0,0,0,1,0,0,0,0,0
RES,E2T,529,65,419,327,0,2684127,1,901,911,774,66,328,420
EP,E2,529,1,64,0,0,0,0,1,0,0,0,0,0
RES,E2T,530,66,422,334,0,2724734,1,900,911,779,67,423,335
EP,E2,530,1,64,0,0,0,0,1,0,0,0,0,0
RES,E2T,531,67,425,341,0,2765341,1,901,911,784,68,342,426
EP,E2,531,1,64,0,0,0,0,1,0,0,0,0,0
RES,E2T,532,82,442,362,0,3368762,1,900,83,443,363
EP,E2,532,1,64,0,0,0,0,1,0,0,0,0,0
RES,E2T,533,83,445,369,0,3409369,1,901,911,608,84,370,446
EP,E2,533,1,64,0,0,0,0,1,0,0,0,0,0
RES,E2T,534,84,448,376,0,3449976,1,900,911,613,85,449,377
EP,E2,534,1,64,0,0,0,0,1,0,0,0,0,0
RES,E2T,535,85,451,383,0,3490583,1,901,911,618,86,384,452
EP,E2,535,1,64,0,0,0,0,1,0,0,0,0,0
RES,E2T,536,86,454,204,0,3531004,1,900,911,623,87,455,205
EP,E2,536,1,64,0,0,0,0,1,0,0,0,0,0
RES,E2T,537,87,457,211,0,0,0,901,911,628,88,212,458
EP,E2,537,1,64,0,0,0,0,1,0,0,0,0,0
RES,E2T,538,88,460,218,0,3612218,1,900,911,647,89,461,219
EP,E2,538,1,64,0,0,0,0,1,0,0,0,0,0
RES,E2T,539,89,463,225,0,3652825,1,901,911,652,90,226,464
EP,E2,539,1,64,0,0,0,0,1,0,0,0,0,0
RES,E2K,540,0,1,903,214,6,410
EP,E2,540,4,256,0,0,0,1,3,0,0,0,0,0
RES,E2P,541,WITHHOLD
EP,E2,541,1,64,0,0,0,0,1,0,0,0,0,0
RES,E2P,542,WITHHOLD
EP,E2,542,1,64,0,0,0,0,1,0,0,0,0,0
RES,E2P,543,WITHHOLD
EP,E2,543,1,64,0,0,0,0,1,0,0,0,0,0
RES,E2P,544,WITHHOLD
EP,E2,544,1,64,0,0,0,0,1,0,0,0,0,0
RES,E2P,545,WITHHOLD
EP,E2,545,1,64,0,0,0,0,1,0,0,0,0,0
RES,E2P,546,WITHHOLD
EP,E2,546,1,64,0,0,0,0,1,0,0,0,0,0
RES,E2P,547,WITHHOLD
EP,E2,547,1,64,0,0,0,0,1,0,0,0,0,0
RES,E2P,548,WITHHOLD
EP,E2,548,1,64,0,0,0,0,1,0,0,0,0,0
RES,E2P,549,WITHHOLD
EP,E2,549,1,64,0,0,0,0,1,0,0,0,0,0
RES,E2P,550,WITHHOLD
EP,E2,550,1,64,0,0,0,0,1,0,0,0,0,0
RES,E2T,551,2,402,202,0,160602,1,903,203,3,403
EP,E2,551,1,64,0,0,0,0,1,0,0,0,0,0
RES,E2T,552,13,415,219,0,603219,1,903,220,14,416
EP,E2,552,1,64,0,0,0,0,1,0,0,0,0,0
RES,E2T,553,24,442,250,0,1048650,1,903,251,25,443
EP,E2,553,1,64,0,0,0,0,1,0,0,0,0,0
RES,E2T,554,49,455,267,0,2051267,1,903,268,50,456
EP,E2,554,1,64,0,0,0,0,1,0,0,0,0,0
RES,E2T,555,60,482,298,0,2496698,1,903,299,61,483
EP,E2,555,1,64,0,0,0,0,1,0,0,0,0,0
RES,E2T,556,85,495,329,0,3499329,1,903,330,86,496
EP,E2,556,1,64,0,0,0,0,1,0,0,0,0,0
RES,E2T,557,96,522,346,0,3944746,1,903,347,97,523
EP,E2,557,1,64,0,0,0,0,1,0,0,0,0,0
RES,E2T,558,107,535,377,0,4387377,1,903,378,108,536
EP,E2,558,1,64,0,0,0,0,1,0,0,0,0,0
RES,E2T,559,132,562,208,0,5392608,1,903,209,133,563
EP,E2,559,1,64,0,0,0,0,1,0,0,0,0,0
RES,E2T,560,143,575,225,0,5835225,1,903,226,144,576
EP,E2,560,1,64,0,0,0,0,1,0,0,0,0,0
RES,E2T,561,168,402,256,0,6800656,1,903,257,169,403
EP,E2,561,1,64,0,0,0,0,1,0,0,0,0,0
RES,E2T,562,179,415,287,0,7243287,1,903,288,180,416
EP,E2,562,1,64,0,0,0,0,1,0,0,0,0,0
RES,E2T,563,4,442,304,0,248704,1,903,305,5,443
EP,E2,563,1,64,0,0,0,0,1,0,0,0,0,0
RES,E2T,564,15,455,335,0,691335,1,903,336,16,456
EP,E2,564,1,64,0,0,0,0,1,0,0,0,0,0
RES,E2T,565,26,482,366,0,1136766,1,903,367,27,483
EP,E2,565,1,64,0,0,0,0,1,0,0,0,0,0
RES,E2T,566,51,495,383,0,2139383,1,903,384,52,496
EP,E2,566,1,64,0,0,0,0,1,0,0,0,0,0
RES,E2T,567,62,522,214,0,2584614,1,903,215,63,523
EP,E2,567,1,64,0,0,0,0,1,0,0,0,0,0
RES,E2T,568,87,535,245,0,0,0,903,246,88,536
EP,E2,568,1,64,0,0,0,0,1,0,0,0,0,0
RES,E2T,569,98,562,262,0,0,0,903,263,99,563
EP,E2,569,1,64,0,0,0,0,1,0,0,0,0,0
RES,E2NOV,0,2,402,202,1,0,8160602,1,902,910,403,3,203
EP,E2,570,1,64,0,0,0,0,1,0,0,0,0,0
RES,E2NOV,1,13,415,219,0,6,603219,1,902,416,911,609,14,220
EP,E2,571,1,64,0,0,0,0,1,0,0,0,0,0
RES,E2NOV,2,24,442,250,0,0,1048650,1,902,443,25,251
EP,E2,572,1,64,0,0,0,0,1,0,0,0,0,0
RES,E2NOV,3,49,455,267,1,0,10051267,1,902,910,456,50,268
EP,E2,573,1,64,0,0,0,0,1,0,0,0,0,0
RES,E2NOV,4,60,482,298,0,21,2496698,1,902,483,911,624,61,299
EP,E2,574,1,64,0,0,0,0,1,0,0,0,0,0
RES,E2NOV,5,85,495,329,0,0,3499329,1,902,496,86,330
EP,E2,575,1,64,0,0,0,0,1,0,0,0,0,0
RES,E2NOV,6,96,522,346,1,0,11944746,1,902,910,523,97,347
EP,E2,576,1,64,0,0,0,0,1,0,0,0,0,0
RES,E2NOV,7,107,535,377,0,36,4387377,1,902,536,911,653,108,378
EP,E2,577,1,64,0,0,0,0,1,0,0,0,0,0
RES,E2NOV,8,132,562,208,0,0,5392608,1,902,563,133,209
EP,E2,578,1,64,0,0,0,0,1,0,0,0,0,0
RES,E2NOV,9,143,575,225,1,0,13835225,1,902,910,576,144,226
EP,E2,579,1,64,0,0,0,0,1,0,0,0,0,0
RES,E2NOV,10,168,402,256,0,51,6800656,1,902,403,911,668,169,257
EP,E2,580,1,64,0,0,0,0,1,0,0,0,0,0
RES,E2NOV,11,179,415,287,0,0,7243287,1,902,416,180,288
EP,E2,581,1,64,0,0,0,0,1,0,0,0,0,0
RES,E2NOV,12,4,442,304,1,0,8248704,1,902,910,443,5,305
EP,E2,582,1,64,0,0,0,0,1,0,0,0,0,0
RES,E2NOV,13,15,455,335,0,66,691335,1,902,456,911,697,16,336
EP,E2,583,1,64,0,0,0,0,1,0,0,0,0,0
RES,E2NOV,14,26,482,366,0,0,1136766,1,902,483,27,367
EP,E2,584,1,64,0,0,0,0,1,0,0,0,0,0
RES,E2NOV,15,51,495,383,1,0,10139383,1,902,910,496,52,384
EP,E2,585,1,64,0,0,0,0,1,0,0,0,0,0
RES,E2NOV,16,62,522,214,0,81,2584614,1,902,523,911,726,63,215
EP,E2,586,1,64,0,0,0,0,1,0,0,0,0,0
RES,E2NOV,17,87,535,245,0,0,0,0,902,536,88,246
EP,E2,587,1,64,0,0,0,0,1,0,0,0,0,0
RES,E2NOV,18,98,562,262,1,0,0,0,902,910,563,99,263
EP,E2,588,1,64,0,0,0,0,1,0,0,0,0,0
RES,E2NOV,19,123,575,293,0,96,5035293,1,902,576,911,741,124,294
EP,E2,589,1,64,0,0,0,0,1,0,0,0,0,0
RES,E2NOV,20,134,402,324,0,0,5440724,1,902,403,135,325
EP,E2,590,1,64,0,0,0,0,1,0,0,0,0,0
RES,E2NOV,21,145,415,341,1,0,13883341,1,902,910,416,146,342
EP,E2,591,1,64,0,0,0,0,1,0,0,0,0,0
RES,E2NOV,22,170,442,372,0,111,6888772,1,902,443,911,770,171,373
EP,E2,592,1,64,0,0,0,0,1,0,0,0,0,0
RES,E2NOV,23,181,455,203,0,0,7331203,1,902,456,182,204
EP,E2,593,1,64,0,0,0,0,1,0,0,0,0,0
RES,E2NOV,24,6,482,220,1,0,8336620,1,902,910,483,7,221
EP,E2,594,1,64,0,0,0,0,1,0,0,0,0,0
RES,E2NOV,25,17,495,251,0,126,779251,1,902,496,911,785,18,252
EP,E2,595,1,64,0,0,0,0,1,0,0,0,0,0
RES,E2NOV,26,42,522,282,0,0,1784682,1,902,523,43,283
EP,E2,596,1,64,0,0,0,0,1,0,0,0,0,0
RES,E2NOV,27,53,535,299,1,0,10227299,1,902,910,536,54,300
EP,E2,597,1,64,0,0,0,0,1,0,0,0,0,0
RES,E2NOV,28,64,562,330,0,11,2672730,1,902,563,911,614,65,331
EP,E2,598,1,64,0,0,0,0,1,0,0,0,0,0
RES,E2NOV,29,89,575,347,0,0,3675347,1,902,576,90,348
EP,E2,599,1,64,0,0,0,0,1,0,0,0,0,0
STAGE,E2,end
STAGE,E2EVAL,start
RES,E2POST,0,2,402,202,1,0,8160602,1,902,910,403,3,203
EP,EV,0,1,64,0,0,0,0,1,0,0,0,0,0
RES,E2POST,1,21,425,245,0,8,925245,1,902,426,911,611,22,246
EP,EV,1,1,64,0,0,0,0,1,0,0,0,0,0
RES,E2POST,2,54,462,288,0,0,2252688,1,902,463,55,289
EP,EV,2,1,64,0,0,0,0,1,0,0,0,0,0
RES,E2POST,3,87,499,331,1,0,0,0,902,910,500,88,332
EP,EV,3,1,64,0,0,0,0,1,0,0,0,0,0
RES,E2POST,4,106,536,374,0,29,4347574,1,902,537,911,646,107,375
EP,EV,4,1,64,0,0,0,0,1,0,0,0,0,0
RES,E2POST,5,139,573,217,0,0,5674817,1,902,574,140,218
EP,EV,5,1,64,0,0,0,0,1,0,0,0,0,0
RES,E2POST,6,172,410,260,1,0,14962260,1,902,910,411,173,261
EP,EV,6,1,64,0,0,0,0,1,0,0,0,0,0
RES,E2POST,7,5,447,303,0,50,289703,1,902,448,911,667,6,304
EP,EV,7,1,64,0,0,0,0,1,0,0,0,0,0
RES,E2POST,8,24,484,346,0,0,1057146,1,902,485,25,347
EP,EV,8,1,64,0,0,0,0,1,0,0,0,0,0
RES,E2POST,9,57,507,203,1,0,10381603,1,902,910,508,58,204
EP,EV,9,1,64,0,0,0,0,1,0,0,0,0,0
RES,E2POST,10,90,544,246,0,71,3709046,1,902,545,911,702,91,247
EP,EV,10,1,64,0,0,0,0,1,0,0,0,0,0
RES,E2POST,11,123,581,289,0,0,5036489,1,902,582,124,290
EP,EV,11,1,64,0,0,0,0,1,0,0,0,0,0
RES,E2POST,12,142,418,332,1,0,13763932,1,902,910,419,143,333
EP,EV,12,1,64,0,0,0,0,1,0,0,0,0,0
RES,E2POST,13,175,455,375,0,92,7091375,1,902,456,911,737,176,376
EP,EV,13,1,64,0,0,0,0,1,0,0,0,0,0
RES,E2POST,14,8,492,218,0,0,418618,1,902,493,9,219
EP,EV,14,1,64,0,0,0,0,1,0,0,0,0,0
RES,E2POST,15,27,529,261,1,0,9186061,1,902,910,530,28,262
EP,EV,15,1,64,0,0,0,0,1,0,0,0,0,0
RES,E2POST,16,60,566,304,0,113,2513504,1,902,567,911,772,61,305
EP,EV,16,1,64,0,0,0,0,1,0,0,0,0,0
RES,E2POST,17,93,403,347,0,0,3800947,1,902,404,94,348
EP,EV,17,1,64,0,0,0,0,1,0,0,0,0,0
RES,E2POST,18,126,426,204,1,0,13125404,1,902,910,427,127,205
EP,EV,18,1,64,0,0,0,0,1,0,0,0,0,0
RES,E2POST,19,145,463,247,0,4,5892847,1,902,464,911,607,146,248
EP,EV,19,1,64,0,0,0,0,1,0,0,0,0,0
RES,E2POST,20,178,500,290,0,0,7220290,1,902,501,179,291
EP,EV,20,1,64,0,0,0,0,1,0,0,0,0,0
RES,E2POST,21,11,537,333,1,0,8547733,1,902,910,538,12,334
EP,EV,21,1,64,0,0,0,0,1,0,0,0,0,0
RES,E2POST,22,44,574,376,0,25,1875176,1,902,575,911,628,45,377
EP,EV,22,1,64,0,0,0,0,1,0,0,0,0,0
RES,E2POST,23,63,411,219,0,0,2602419,1,902,412,64,220
EP,EV,23,1,64,0,0,0,0,1,0,0,0,0,0
RES,E2POST,24,96,448,262,1,0,11929862,1,902,910,449,97,263
EP,EV,24,1,64,0,0,0,0,1,0,0,0,0,0
RES,E2POST,25,129,485,305,0,46,5257305,1,902,486,911,663,130,306
EP,EV,25,1,64,0,0,0,0,1,0,0,0,0,0
RES,E2POST,26,162,522,362,0,0,6584762,1,902,523,163,363
EP,EV,26,1,64,0,0,0,0,1,0,0,0,0,0
RES,E2POST,27,181,545,205,1,0,15349205,1,902,910,546,182,206
EP,EV,27,1,64,0,0,0,0,1,0,0,0,0,0
RES,E2POST,28,14,582,248,0,67,676648,1,902,583,911,698,15,249
EP,EV,28,1,64,0,0,0,0,1,0,0,0,0,0
RES,E2POST,29,47,419,291,0,0,1964091,1,902,420,48,292
EP,EV,29,1,64,0,0,0,0,1,0,0,0,0,0
RES,E2PRP,0,1
EP,EV,30,1,64,0,0,0,0,1,0,0,0,0,0
RES,E2PRP,1,1
EP,EV,31,1,64,0,0,0,0,1,0,0,0,0,0
RES,E2PRP,2,1
EP,EV,32,1,64,0,0,0,0,1,0,0,0,0,0
RES,E2PRP,3,1
EP,EV,33,1,64,0,0,0,0,1,0,0,0,0,0
RES,E2PRP,4,1
EP,EV,34,1,64,0,0,0,0,1,0,0,0,0,0
RES,E2PRP,5,1
EP,EV,35,1,64,0,0,0,0,1,0,0,0,0,0
RES,E2PRP,6,1
EP,EV,36,1,64,0,0,0,0,1,0,0,0,0,0
RES,E2PRP,7,1
EP,EV,37,1,64,0,0,0,0,1,0,0,0,0,0
RES,E2PRP,8,1
EP,EV,38,1,64,0,0,0,0,1,0,0,0,0,0
RES,E2PRP,9,1
EP,EV,39,1,64,0,0,0,0,1,0,0,0,0,0
DISC,E2,28,30,29,30,0,1
STAGE,E2EVAL,end
STAGE,E3,start
GATEV,pre,1,1,1,0,1,1,1,1,0,0,1,1,1,1,1,0,1,1,1,1,0,0,1,1
RES,E3,0,0,0,0,0,1,1,1
EP,E3,0,3,192,0,0,0,0,1,0,0,0,0,2
RES,E3,1,1,0,0,0,2,1,2
EP,E3,1,3,192,0,0,0,0,1,0,0,0,0,2
RES,E3,2,2,0,0,0,3,1,2
EP,E3,2,4,256,0,0,0,0,1,0,0,0,0,3
RES,E3,3,3,0,0,0,4,1,2
EP,E3,3,3,192,0,0,0,0,1,0,0,0,0,2
RES,E3,4,4,0,0,0,5,1,2
EP,E3,4,3,192,0,0,0,0,1,0,0,0,0,2
RES,E3,5,5,0,0,0,6,1,2
EP,E3,5,3,192,0,0,0,0,1,0,0,0,0,2
RES,E3,6,0,1,0,0,1,1,1
EP,E3,6,3,192,0,0,0,0,1,0,0,0,0,2
RES,E3,7,1,1,0,0,4,0,0
EP,E3,7,3,192,0,0,0,0,1,0,0,0,0,2
RES,E3,8,2,1,0,0,3,1,2
EP,E3,8,4,256,0,0,0,0,1,0,0,0,0,3
RES,E3,9,3,1,0,0,4,1,2
EP,E3,9,3,192,0,0,0,0,1,0,0,0,0,2
RES,E3,10,4,1,0,0,5,1,2
EP,E3,10,3,192,0,0,0,0,1,0,0,0,0,2
RES,E3,11,5,1,0,0,6,1,2
EP,E3,11,3,192,0,0,0,0,1,0,0,0,0,2
RES,E3,12,0,2,0,0,1,1,1
EP,E3,12,3,192,0,0,0,0,1,0,0,0,0,2
RES,E3,13,1,2,0,0,4,0,0
EP,E3,13,3,192,0,0,0,0,1,0,0,0,0,2
RES,E3,14,2,2,0,0,3,1,2
EP,E3,14,4,256,0,0,0,0,1,0,0,0,0,3
RES,E3,15,3,2,0,0,4,1,2
EP,E3,15,3,192,0,0,0,0,1,0,0,0,0,2
RES,E3,16,2,1,0,2,3,1,2
EP,E3,16,4,256,0,0,0,0,1,0,0,0,0,3
RES,E3,17,3,1,0,2,4,1,2
EP,E3,17,3,192,0,0,0,0,1,0,0,0,0,2
RES,E3,18,4,1,0,2,5,1,2
EP,E3,18,3,192,0,0,0,0,1,0,0,0,0,2
RES,E3,19,5,1,0,2,6,1,2
EP,E3,19,3,192,0,0,0,0,1,0,0,0,0,2
RES,E3,20,0,2,0,2,1,1,1
EP,E3,20,3,192,0,0,0,0,1,0,0,0,0,2
RES,E3,21,1,2,0,2,4,0,0
EP,E3,21,3,192,0,0,0,0,1,0,0,0,0,2
RES,E3,22,2,2,0,2,3,1,2
EP,E3,22,4,256,0,0,0,0,1,0,0,0,0,3
RES,E3,23,3,2,0,2,4,1,2
EP,E3,23,3,192,0,0,0,0,1,0,0,0,0,2
RES,E3,24,4,2,0,2,5,1,2
EP,E3,24,3,192,0,0,0,0,1,0,0,0,0,2
RES,E3,25,1,1,1,0,4,0,0
EP,E3,25,3,192,0,0,0,0,1,0,0,0,0,2
RES,E3,26,2,1,1,0,3,0,0
EP,E3,26,4,256,0,0,0,0,1,0,0,0,0,3
RES,E3,27,3,1,1,0,4,0,0
EP,E3,27,3,192,0,0,0,0,1,0,0,0,0,2
RES,E3,28,4,1,1,0,5,1,2
EP,E3,28,3,192,0,0,0,0,1,0,0,0,0,2
RES,E3,29,5,1,1,0,6,1,2
EP,E3,29,3,192,0,0,0,0,1,0,0,0,0,2
RES,E3,30,0,2,1,0,1,1,1
EP,E3,30,3,192,0,0,0,0,1,0,0,0,0,2
RES,E3,31,1,2,1,0,4,0,0
EP,E3,31,3,192,0,0,0,0,1,0,0,0,0,2
RES,E3,32,2,2,1,0,3,0,0
EP,E3,32,4,256,0,0,0,0,1,0,0,0,0,3
RES,E3,33,3,2,1,0,4,0,0
EP,E3,33,3,192,0,0,0,0,1,0,0,0,0,2
RES,E3,34,4,2,1,0,5,1,2
EP,E3,34,3,192,0,0,0,0,1,0,0,0,0,2
RES,E3,35,5,2,1,0,6,1,2
EP,E3,35,3,192,0,0,0,0,1,0,0,0,0,2
RES,E3,36,0,0,0,1,1,1,1
EP,E3,36,3,192,0,0,0,0,1,0,0,0,0,2
RES,E3,37,1,0,0,1,2,1,2
EP,E3,37,3,192,0,0,0,0,1,0,0,0,0,2
RES,E3,38,2,0,0,1,3,1,2
EP,E3,38,4,256,0,0,0,0,1,0,0,0,0,3
RES,E3,39,3,0,0,1,4,1,2
EP,E3,39,3,192,0,0,0,0,1,0,0,0,0,2
RES,E3,40,4,0,0,1,5,1,2
EP,E3,40,3,192,0,0,0,0,1,0,0,0,0,2
RES,E3,41,3,2,1,2,4,0,0
EP,E3,41,3,192,0,0,0,0,1,0,0,0,0,2
RES,E3,42,4,2,1,2,5,1,2
EP,E3,42,3,192,0,0,0,0,1,0,0,0,0,2
RES,E3,43,5,2,1,2,6,1,2
EP,E3,43,3,192,0,0,0,0,1,0,0,0,0,2
RES,E3,44,0,0,0,0,1,1,1
EP,E3,44,3,192,0,0,0,0,1,0,0,0,0,2
RES,E3,45,1,0,0,0,2,1,2
EP,E3,45,3,192,0,0,0,0,1,0,0,0,0,2
RES,E3,46,2,0,0,0,3,1,2
EP,E3,46,4,256,0,0,0,0,1,0,0,0,0,3
RES,E3,47,3,0,0,0,4,1,2
EP,E3,47,3,192,0,0,0,0,1,0,0,0,0,2
RES,E3,48,4,0,0,0,5,1,2
EP,E3,48,3,192,0,0,0,0,1,0,0,0,0,2
RES,E3,49,5,0,0,0,6,1,2
EP,E3,49,3,192,0,0,0,0,1,0,0,0,0,2
RES,E3,50,2,2,0,1,3,1,2
EP,E3,50,4,256,0,0,0,0,1,0,0,0,0,3
RES,E3,51,3,2,0,1,4,1,2
EP,E3,51,3,192,0,0,0,0,1,0,0,0,0,2
RES,E3,52,4,2,0,1,5,1,2
EP,E3,52,3,192,0,0,0,0,1,0,0,0,0,2
RES,E3,53,5,2,0,1,6,1,2
EP,E3,53,3,192,0,0,0,0,1,0,0,0,0,2
RES,E3,54,0,0,1,1,1,1,1
EP,E3,54,3,192,0,0,0,0,1,0,0,0,0,2
RES,E3,55,1,0,1,1,2,1,2
EP,E3,55,3,192,0,0,0,0,1,0,0,0,0,2
RES,E3,56,2,0,1,1,3,0,0
EP,E3,56,4,256,0,0,0,0,1,0,0,0,0,3
RES,E3,57,3,0,1,1,4,0,0
EP,E3,57,3,192,0,0,0,0,1,0,0,0,0,2
RES,E3,58,4,0,1,1,5,1,2
EP,E3,58,3,192,0,0,0,0,1,0,0,0,0,2
RES,E3,59,5,0,1,1,6,1,2
EP,E3,59,3,192,0,0,0,0,1,0,0,0,0,2
RES,E3,60,0,1,1,1,1,1,1
EP,E3,60,3,192,0,0,0,0,1,0,0,0,0,2
RES,E3,61,1,1,1,1,4,0,0
EP,E3,61,3,192,0,0,0,0,1,0,0,0,0,2
RES,E3,62,2,1,1,1,3,0,0
EP,E3,62,4,256,0,0,0,0,1,0,0,0,0,3
RES,E3,63,3,1,1,1,4,0,0
EP,E3,63,3,192,0,0,0,0,1,0,0,0,0,2
RES,E3,64,4,1,1,1,5,1,2
EP,E3,64,3,192,0,0,0,0,1,0,0,0,0,2
RES,E3,65,5,1,1,1,6,1,2
EP,E3,65,3,192,0,0,0,0,1,0,0,0,0,2
RES,E3,66,4,0,1,0,5,1,2
EP,E3,66,3,192,0,0,0,0,1,0,0,0,0,2
RES,E3,67,5,0,1,0,6,1,2
EP,E3,67,3,192,0,0,0,0,1,0,0,0,0,2
RES,E3,68,0,1,1,0,1,1,1
EP,E3,68,3,192,0,0,0,0,1,0,0,0,0,2
RES,E3,69,1,1,1,0,4,0,0
EP,E3,69,3,192,0,0,0,0,1,0,0,0,0,2
RES,E3,70,2,1,1,0,3,0,0
EP,E3,70,4,256,0,0,0,0,1,0,0,0,0,3
RES,E3,71,3,1,1,0,4,0,0
EP,E3,71,3,192,0,0,0,0,1,0,0,0,0,2
RES,E3,72,4,1,1,0,5,1,2
EP,E3,72,3,192,0,0,0,0,1,0,0,0,0,2
RES,E3,73,5,1,1,0,6,1,2
EP,E3,73,3,192,0,0,0,0,1,0,0,0,0,2
RES,E3,74,0,2,1,0,1,1,1
EP,E3,74,3,192,0,0,0,0,1,0,0,0,0,2
RES,E3,75,3,0,0,2,4,1,2
EP,E3,75,3,192,0,0,0,0,1,0,0,0,0,2
RES,E3,76,4,0,0,2,5,1,2
EP,E3,76,3,192,0,0,0,0,1,0,0,0,0,2
RES,E3,77,5,0,0,2,6,1,2
EP,E3,77,3,192,0,0,0,0,1,0,0,0,0,2
RES,E3,78,0,1,0,2,1,1,1
EP,E3,78,3,192,0,0,0,0,1,0,0,0,0,2
RES,E3,79,1,1,0,2,4,0,0
EP,E3,79,3,192,0,0,0,0,1,0,0,0,0,2
RES,E3,80,2,1,0,2,3,1,2
EP,E3,80,4,256,0,0,0,0,1,0,0,0,0,3
RES,E3,81,3,1,0,2,4,1,2
EP,E3,81,3,192,0,0,0,0,1,0,0,0,0,2
RES,E3,82,4,1,0,2,5,1,2
EP,E3,82,3,192,0,0,0,0,1,0,0,0,0,2
RES,E3,83,5,1,0,2,6,1,2
EP,E3,83,3,192,0,0,0,0,1,0,0,0,0,2
RES,E3,84,0,2,0,2,1,1,1
EP,E3,84,3,192,0,0,0,0,1,0,0,0,0,2
RES,E3,85,1,2,0,2,4,0,0
EP,E3,85,3,192,0,0,0,0,1,0,0,0,0,2
RES,E3,86,2,2,0,2,3,1,2
EP,E3,86,4,256,0,0,0,0,1,0,0,0,0,3
RES,E3,87,3,2,0,2,4,1,2
EP,E3,87,3,192,0,0,0,0,1,0,0,0,0,2
RES,E3,88,4,2,0,2,5,1,2
EP,E3,88,3,192,0,0,0,0,1,0,0,0,0,2
RES,E3,89,5,2,0,2,6,1,2
EP,E3,89,3,192,0,0,0,0,1,0,0,0,0,2
RES,E3,90,0,0,1,2,1,1,1
EP,E3,90,3,192,0,0,0,0,1,0,0,0,0,2
RES,E3,91,5,1,0,1,6,1,2
EP,E3,91,3,192,0,0,0,0,1,0,0,0,0,2
RES,E3,92,0,2,0,1,1,1,1
EP,E3,92,3,192,0,0,0,0,1,0,0,0,0,2
RES,E3,93,1,2,0,1,4,0,0
EP,E3,93,3,192,0,0,0,0,1,0,0,0,0,2
RES,E3,94,2,2,0,1,3,1,2
EP,E3,94,4,256,0,0,0,0,1,0,0,0,0,3
RES,E3,95,3,2,0,1,4,1,2
EP,E3,95,3,192,0,0,0,0,1,0,0,0,0,2
RES,E3,96,4,2,0,1,5,1,2
EP,E3,96,3,192,0,0,0,0,1,0,0,0,0,2
RES,E3,97,5,2,0,1,6,1,2
EP,E3,97,3,192,0,0,0,0,1,0,0,0,0,2
RES,E3,98,0,0,1,1,1,1,1
EP,E3,98,3,192,0,0,0,0,1,0,0,0,0,2
RES,E3,99,1,0,1,1,2,1,2
EP,E3,99,3,192,0,0,0,0,1,0,0,0,0,2
RES,E3,100,4,1,1,2,5,1,2
EP,E3,100,3,192,0,0,0,0,1,0,0,0,0,2
RES,E3,101,5,1,1,2,6,1,2
EP,E3,101,3,192,0,0,0,0,1,0,0,0,0,2
RES,E3,102,0,2,1,2,1,1,1
EP,E3,102,3,192,0,0,0,0,1,0,0,0,0,2
RES,E3,103,1,2,1,2,4,0,0
EP,E3,103,3,192,0,0,0,0,1,0,0,0,0,2
RES,E3,104,2,2,1,2,3,0,0
EP,E3,104,4,256,0,0,0,0,1,0,0,0,0,3
RES,E3,105,3,2,1,2,4,0,0
EP,E3,105,3,192,0,0,0,0,1,0,0,0,0,2
RES,E3,106,4,2,1,2,5,1,2
EP,E3,106,3,192,0,0,0,0,1,0,0,0,0,2
RES,E3,107,5,2,1,2,6,1,2
EP,E3,107,3,192,0,0,0,0,1,0,0,0,0,2
RES,E3,108,0,0,0,0,1,1,1
EP,E3,108,3,192,0,0,0,0,1,0,0,0,0,2
RES,E3,109,1,0,0,0,2,1,2
EP,E3,109,3,192,0,0,0,0,1,0,0,0,0,2
RES,E3,110,2,0,0,0,3,1,2
EP,E3,110,4,256,0,0,0,0,1,0,0,0,0,3
RES,E3,111,3,0,0,0,4,1,2
EP,E3,111,3,192,0,0,0,0,1,0,0,0,0,2
RES,E3,112,4,0,0,0,5,1,2
EP,E3,112,3,192,0,0,0,0,1,0,0,0,0,2
RES,E3,113,5,0,0,0,6,1,2
EP,E3,113,3,192,0,0,0,0,1,0,0,0,0,2
RES,E3,114,0,1,0,0,1,1,1
EP,E3,114,3,192,0,0,0,0,1,0,0,0,0,2
RES,E3,115,1,1,0,0,4,0,0
EP,E3,115,3,192,0,0,0,0,1,0,0,0,0,2
RES,E3,116,0,0,0,2,1,1,1
EP,E3,116,3,192,0,0,0,0,1,0,0,0,0,2
RES,E3,117,1,0,0,2,2,1,2
EP,E3,117,3,192,0,0,0,0,1,0,0,0,0,2
RES,E3,118,2,0,0,2,3,1,2
EP,E3,118,4,256,0,0,0,0,1,0,0,0,0,3
RES,E3,119,3,0,0,2,4,1,2
EP,E3,119,3,192,0,0,0,0,1,0,0,0,0,2
RES,E3,120,4,0,0,2,5,1,2
EP,E3,120,3,192,0,0,0,0,1,0,0,0,0,2
RES,E3,121,5,0,0,2,6,1,2
EP,E3,121,3,192,0,0,0,0,1,0,0,0,0,2
RES,E3,122,0,1,0,2,1,1,1
EP,E3,122,3,192,0,0,0,0,1,0,0,0,0,2
RES,E3,123,1,1,0,2,4,0,0
EP,E3,123,3,192,0,0,0,0,1,0,0,0,0,2
RES,E3,124,2,1,0,2,3,1,2
EP,E3,124,4,256,0,0,0,0,1,0,0,0,0,3
RES,E3,125,5,2,0,0,6,1,2
EP,E3,125,3,192,0,0,0,0,1,0,0,0,0,2
RES,E3,126,0,0,1,0,1,1,1
EP,E3,126,3,192,0,0,0,0,1,0,0,0,0,2
RES,E3,127,1,0,1,0,2,1,2
EP,E3,127,3,192,0,0,0,0,1,0,0,0,0,2
RES,E3,128,2,0,1,0,3,0,0
EP,E3,128,4,256,0,0,0,0,1,0,0,0,0,3
RES,E3,129,3,0,1,0,4,0,0
EP,E3,129,3,192,0,0,0,0,1,0,0,0,0,2
RES,E3,130,4,0,1,0,5,1,2
EP,E3,130,3,192,0,0,0,0,1,0,0,0,0,2
RES,E3,131,5,0,1,0,6,1,2
EP,E3,131,3,192,0,0,0,0,1,0,0,0,0,2
RES,E3,132,0,1,1,0,1,1,1
EP,E3,132,3,192,0,0,0,0,1,0,0,0,0,2
RES,E3,133,1,1,1,0,4,0,0
EP,E3,133,3,192,0,0,0,0,1,0,0,0,0,2
RES,E3,134,2,1,1,0,3,0,0
EP,E3,134,4,256,0,0,0,0,1,0,0,0,0,3
RES,E3,135,3,1,1,0,4,0,0
EP,E3,135,3,192,0,0,0,0,1,0,0,0,0,2
RES,E3,136,4,1,1,0,5,1,2
EP,E3,136,3,192,0,0,0,0,1,0,0,0,0,2
RES,E3,137,5,1,1,0,6,1,2
EP,E3,137,3,192,0,0,0,0,1,0,0,0,0,2
RES,E3,138,0,2,1,0,1,1,1
EP,E3,138,3,192,0,0,0,0,1,0,0,0,0,2
RES,E3,139,1,2,1,0,4,0,0
EP,E3,139,3,192,0,0,0,0,1,0,0,0,0,2
RES,E3,140,2,2,1,0,3,0,0
EP,E3,140,4,256,0,0,0,0,1,0,0,0,0,3
RES,E3,141,1,1,1,2,4,0,0
EP,E3,141,3,192,0,0,0,0,1,0,0,0,0,2
RES,E3,142,2,1,1,2,3,0,0
EP,E3,142,4,256,0,0,0,0,1,0,0,0,0,3
RES,E3,143,3,1,1,2,4,0,0
EP,E3,143,3,192,0,0,0,0,1,0,0,0,0,2
RES,E3,144,4,1,1,2,5,1,2
EP,E3,144,3,192,0,0,0,0,1,0,0,0,0,2
RES,E3,145,5,1,1,2,6,1,2
EP,E3,145,3,192,0,0,0,0,1,0,0,0,0,2
RES,E3,146,0,2,1,2,1,1,1
EP,E3,146,3,192,0,0,0,0,1,0,0,0,0,2
RES,E3,147,1,2,1,2,4,0,0
EP,E3,147,3,192,0,0,0,0,1,0,0,0,0,2
RES,E3,148,2,2,1,2,3,0,0
EP,E3,148,4,256,0,0,0,0,1,0,0,0,0,3
RES,E3,149,3,2,1,2,4,0,0
EP,E3,149,3,192,0,0,0,0,1,0,0,0,0,2
RES,E3,150,0,1,0,1,1,1,1
EP,E3,150,3,192,0,0,0,0,1,0,0,0,0,2
RES,E3,151,1,1,0,1,4,0,0
EP,E3,151,3,192,0,0,0,0,1,0,0,0,0,2
RES,E3,152,2,1,0,1,3,1,2
EP,E3,152,4,256,0,0,0,0,1,0,0,0,0,3
RES,E3,153,3,1,0,1,4,1,2
EP,E3,153,3,192,0,0,0,0,1,0,0,0,0,2
RES,E3,154,4,1,0,1,5,1,2
EP,E3,154,3,192,0,0,0,0,1,0,0,0,0,2
RES,E3,155,5,1,0,1,6,1,2
EP,E3,155,3,192,0,0,0,0,1,0,0,0,0,2
RES,E3,156,0,2,0,1,1,1,1
EP,E3,156,3,192,0,0,0,0,1,0,0,0,0,2
RES,E3,157,1,2,0,1,4,0,0
EP,E3,157,3,192,0,0,0,0,1,0,0,0,0,2
RES,E3,158,2,2,0,1,3,1,2
EP,E3,158,4,256,0,0,0,0,1,0,0,0,0,3
RES,E3,159,3,2,0,1,4,1,2
EP,E3,159,3,192,0,0,0,0,1,0,0,0,0,2
RES,E3,160,4,2,0,1,5,1,2
EP,E3,160,3,192,0,0,0,0,1,0,0,0,0,2
RES,E3,161,5,2,0,1,6,1,2
EP,E3,161,3,192,0,0,0,0,1,0,0,0,0,2
RES,E3,162,0,0,1,1,1,1,1
EP,E3,162,3,192,0,0,0,0,1,0,0,0,0,2
RES,E3,163,1,0,1,1,2,1,2
EP,E3,163,3,192,0,0,0,0,1,0,0,0,0,2
RES,E3,164,2,0,1,1,3,0,0
EP,E3,164,4,256,0,0,0,0,1,0,0,0,0,3
RES,E3,165,3,0,1,1,4,0,0
EP,E3,165,3,192,0,0,0,0,1,0,0,0,0,2
RES,E3,166,2,2,0,0,3,1,2
EP,E3,166,4,256,0,0,0,0,1,0,0,0,0,3
RES,E3,167,3,2,0,0,4,1,2
EP,E3,167,3,192,0,0,0,0,1,0,0,0,0,2
RES,E3,168,4,2,0,0,5,1,2
EP,E3,168,3,192,0,0,0,0,1,0,0,0,0,2
RES,E3,169,5,2,0,0,6,1,2
EP,E3,169,3,192,0,0,0,0,1,0,0,0,0,2
RES,E3,170,0,0,1,0,1,1,1
EP,E3,170,3,192,0,0,0,0,1,0,0,0,0,2
RES,E3,171,1,0,1,0,2,1,2
EP,E3,171,3,192,0,0,0,0,1,0,0,0,0,2
RES,E3,172,2,0,1,0,3,0,0
EP,E3,172,4,256,0,0,0,0,1,0,0,0,0,3
RES,E3,173,3,0,1,0,4,0,0
EP,E3,173,3,192,0,0,0,0,1,0,0,0,0,2
RES,E3,174,4,0,1,0,5,1,2
EP,E3,174,3,192,0,0,0,0,1,0,0,0,0,2
RES,E3,175,1,2,1,1,4,0,0
EP,E3,175,3,192,0,0,0,0,1,0,0,0,0,2
RES,E3,176,2,2,1,1,3,0,0
EP,E3,176,4,256,0,0,0,0,1,0,0,0,0,3
RES,E3,177,3,2,1,1,4,0,0
EP,E3,177,3,192,0,0,0,0,1,0,0,0,0,2
RES,E3,178,4,2,1,1,5,1,2
EP,E3,178,3,192,0,0,0,0,1,0,0,0,0,2
RES,E3,179,5,2,1,1,6,1,2
EP,E3,179,3,192,0,0,0,0,1,0,0,0,0,2
RES,E3,180,0,0,0,2,1,1,1
EP,E3,180,3,192,0,0,0,0,1,0,0,0,0,2
RES,E3,181,1,0,0,2,2,1,2
EP,E3,181,3,192,0,0,0,0,1,0,0,0,0,2
RES,E3,182,2,0,0,2,3,1,2
EP,E3,182,4,256,0,0,0,0,1,0,0,0,0,3
RES,E3,183,3,0,0,2,4,1,2
EP,E3,183,3,192,0,0,0,0,1,0,0,0,0,2
RES,E3,184,4,0,0,2,5,1,2
EP,E3,184,3,192,0,0,0,0,1,0,0,0,0,2
RES,E3,185,5,0,0,2,6,1,2
EP,E3,185,3,192,0,0,0,0,1,0,0,0,0,2
RES,E3,186,0,1,0,2,1,1,1
EP,E3,186,3,192,0,0,0,0,1,0,0,0,0,2
RES,E3,187,1,1,0,2,4,0,0
EP,E3,187,3,192,0,0,0,0,1,0,0,0,0,2
RES,E3,188,2,1,0,2,3,1,2
EP,E3,188,4,256,0,0,0,0,1,0,0,0,0,3
RES,E3,189,3,1,0,2,4,1,2
EP,E3,189,3,192,0,0,0,0,1,0,0,0,0,2
RES,E3,190,4,1,0,2,5,1,2
EP,E3,190,3,192,0,0,0,0,1,0,0,0,0,2
RES,E3,191,3,0,0,1,4,1,2
EP,E3,191,3,192,0,0,0,0,1,0,0,0,0,2
RES,E3,192,4,0,0,1,5,1,2
EP,E3,192,3,192,0,0,0,0,1,0,0,0,0,2
RES,E3,193,5,0,0,1,6,1,2
EP,E3,193,3,192,0,0,0,0,1,0,0,0,0,2
RES,E3,194,0,1,0,1,1,1,1
EP,E3,194,3,192,0,0,0,0,1,0,0,0,0,2
RES,E3,195,1,1,0,1,4,0,0
EP,E3,195,3,192,0,0,0,0,1,0,0,0,0,2
RES,E3,196,2,1,0,1,3,1,2
EP,E3,196,4,256,0,0,0,0,1,0,0,0,0,3
RES,E3,197,3,1,0,1,4,1,2
EP,E3,197,3,192,0,0,0,0,1,0,0,0,0,2
RES,E3,198,4,1,0,1,5,1,2
EP,E3,198,3,192,0,0,0,0,1,0,0,0,0,2
RES,E3,199,5,1,0,1,6,1,2
EP,E3,199,3,192,0,0,0,0,1,0,0,0,0,2
RES,E3,200,2,0,1,2,3,0,0
EP,E3,200,4,256,0,0,0,0,1,0,0,0,0,3
RES,E3,201,3,0,1,2,4,0,0
EP,E3,201,3,192,0,0,0,0,1,0,0,0,0,2
RES,E3,202,4,0,1,2,5,1,2
EP,E3,202,3,192,0,0,0,0,1,0,0,0,0,2
RES,E3,203,5,0,1,2,6,1,2
EP,E3,203,3,192,0,0,0,0,1,0,0,0,0,2
RES,E3,204,0,1,1,2,1,1,1
EP,E3,204,3,192,0,0,0,0,1,0,0,0,0,2
RES,E3,205,1,1,1,2,4,0,0
EP,E3,205,3,192,0,0,0,0,1,0,0,0,0,2
RES,E3,206,2,1,1,2,3,0,0
EP,E3,206,4,256,0,0,0,0,1,0,0,0,0,3
RES,E3,207,3,1,1,2,4,0,0
EP,E3,207,3,192,0,0,0,0,1,0,0,0,0,2
RES,E3,208,4,1,1,2,5,1,2
EP,E3,208,3,192,0,0,0,0,1,0,0,0,0,2
RES,E3,209,5,1,1,2,6,1,2
EP,E3,209,3,192,0,0,0,0,1,0,0,0,0,2
RES,E3,210,0,2,1,2,1,1,1
EP,E3,210,3,192,0,0,0,0,1,0,0,0,0,2
RES,E3,211,1,2,1,2,4,0,0
EP,E3,211,3,192,0,0,0,0,1,0,0,0,0,2
RES,E3,212,2,2,1,2,3,0,0
EP,E3,212,4,256,0,0,0,0,1,0,0,0,0,3
RES,E3,213,3,2,1,2,4,0,0
EP,E3,213,3,192,0,0,0,0,1,0,0,0,0,2
RES,E3,214,4,2,1,2,5,1,2
EP,E3,214,3,192,0,0,0,0,1,0,0,0,0,2
RES,E3,215,5,2,1,2,6,1,2
EP,E3,215,3,192,0,0,0,0,1,0,0,0,0,2
RES,E3,216,4,1,1,1,5,1,2
EP,E3,216,3,192,0,0,0,0,1,0,0,0,0,2
RES,E3,217,5,1,1,1,6,1,2
EP,E3,217,3,192,0,0,0,0,1,0,0,0,0,2
RES,E3,218,0,2,1,1,1,1,1
EP,E3,218,3,192,0,0,0,0,1,0,0,0,0,2
RES,E3,219,1,2,1,1,4,0,0
EP,E3,219,3,192,0,0,0,0,1,0,0,0,0,2
RES,E3,220,2,2,1,1,3,0,0
EP,E3,220,4,256,0,0,0,0,1,0,0,0,0,3
RES,E3,221,3,2,1,1,4,0,0
EP,E3,221,3,192,0,0,0,0,1,0,0,0,0,2
RES,E3,222,4,2,1,1,5,1,2
EP,E3,222,3,192,0,0,0,0,1,0,0,0,0,2
RES,E3,223,5,2,1,1,6,1,2
EP,E3,223,3,192,0,0,0,0,1,0,0,0,0,2
RES,E3,224,0,0,0,2,1,1,1
EP,E3,224,3,192,0,0,0,0,1,0,0,0,0,2
RES,E3,225,3,1,0,0,4,1,2
EP,E3,225,3,192,0,0,0,0,1,0,0,0,0,2
RES,E3,226,4,1,0,0,5,1,2
EP,E3,226,3,192,0,0,0,0,1,0,0,0,0,2
RES,E3,227,5,1,0,0,6,1,2
EP,E3,227,3,192,0,0,0,0,1,0,0,0,0,2
RES,E3,228,0,2,0,0,1,1,1
EP,E3,228,3,192,0,0,0,0,1,0,0,0,0,2
RES,E3,229,1,2,0,0,4,0,0
EP,E3,229,3,192,0,0,0,0,1,0,0,0,0,2
RES,E3,230,2,2,0,0,3,1,2
EP,E3,230,4,256,0,0,0,0,1,0,0,0,0,3
RES,E3,231,3,2,0,0,4,1,2
EP,E3,231,3,192,0,0,0,0,1,0,0,0,0,2
RES,E3,232,4,2,0,0,5,1,2
EP,E3,232,3,192,0,0,0,0,1,0,0,0,0,2
RES,E3,233,5,2,0,0,6,1,2
EP,E3,233,3,192,0,0,0,0,1,0,0,0,0,2
RES,E3,234,0,0,1,0,1,1,1
EP,E3,234,3,192,0,0,0,0,1,0,0,0,0,2
RES,E3,235,1,0,1,0,2,1,2
EP,E3,235,3,192,0,0,0,0,1,0,0,0,0,2
RES,E3,236,2,0,1,0,3,0,0
EP,E3,236,4,256,0,0,0,0,1,0,0,0,0,3
RES,E3,237,3,0,1,0,4,0,0
EP,E3,237,3,192,0,0,0,0,1,0,0,0,0,2
RES,E3,238,4,0,1,0,5,1,2
EP,E3,238,3,192,0,0,0,0,1,0,0,0,0,2
RES,E3,239,5,0,1,0,6,1,2
EP,E3,239,3,192,0,0,0,0,1,0,0,0,0,2
RES,E3,240,0,1,1,0,1,1,1
EP,E3,240,3,192,0,0,0,0,1,0,0,0,0,2
RES,E3,241,5,2,0,2,6,1,2
EP,E3,241,3,192,0,0,0,0,1,0,0,0,0,2
RES,E3,242,0,0,1,2,1,1,1
EP,E3,242,3,192,0,0,0,0,1,0,0,0,0,2
RES,E3,243,1,0,1,2,2,1,2
EP,E3,243,3,192,0,0,0,0,1,0,0,0,0,2
RES,E3,244,2,0,1,2,3,0,0
EP,E3,244,4,256,0,0,0,0,1,0,0,0,0,3
RES,E3,245,3,0,1,2,4,0,0
EP,E3,245,3,192,0,0,0,0,1,0,0,0,0,2
RES,E3,246,4,0,1,2,5,1,2
EP,E3,246,3,192,0,0,0,0,1,0,0,0,0,2
RES,E3,247,5,0,1,2,6,1,2
EP,E3,247,3,192,0,0,0,0,1,0,0,0,0,2
RES,E3,248,0,1,1,2,1,1,1
EP,E3,248,3,192,0,0,0,0,1,0,0,0,0,2
RES,E3,249,1,1,1,2,4,0,0
EP,E3,249,3,192,0,0,0,0,1,0,0,0,0,2
RES,E3,250,4,2,1,0,5,1,2
EP,E3,250,3,192,0,0,0,0,1,0,0,0,0,2
RES,E3,251,5,2,1,0,6,1,2
EP,E3,251,3,192,0,0,0,0,1,0,0,0,0,2
RES,E3,252,0,0,0,1,1,1,1
EP,E3,252,3,192,0,0,0,0,1,0,0,0,0,2
RES,E3,253,1,0,0,1,2,1,2
EP,E3,253,3,192,0,0,0,0,1,0,0,0,0,2
RES,E3,254,2,0,0,1,3,1,2
EP,E3,254,4,256,0,0,0,0,1,0,0,0,0,3
RES,E3,255,3,0,0,1,4,1,2
EP,E3,255,3,192,0,0,0,0,1,0,0,0,0,2
RES,E3,256,4,0,0,1,5,1,2
EP,E3,256,3,192,0,0,0,0,1,0,0,0,0,2
RES,E3,257,5,0,0,1,6,1,2
EP,E3,257,3,192,0,0,0,0,1,0,0,0,0,2
RES,E3,258,0,1,0,1,1,1,1
EP,E3,258,3,192,0,0,0,0,1,0,0,0,0,2
RES,E3,259,1,1,0,1,4,0,0
EP,E3,259,3,192,0,0,0,0,1,0,0,0,0,2
RES,E3,260,2,1,0,1,3,1,2
EP,E3,260,4,256,0,0,0,0,1,0,0,0,0,3
RES,E3,261,3,1,0,1,4,1,2
EP,E3,261,3,192,0,0,0,0,1,0,0,0,0,2
RES,E3,262,4,1,0,1,5,1,2
EP,E3,262,3,192,0,0,0,0,1,0,0,0,0,2
RES,E3,263,5,1,0,1,6,1,2
EP,E3,263,3,192,0,0,0,0,1,0,0,0,0,2
RES,E3,264,0,2,0,1,1,1,1
EP,E3,264,3,192,0,0,0,0,1,0,0,0,0,2
RES,E3,265,1,2,0,1,4,0,0
EP,E3,265,3,192,0,0,0,0,1,0,0,0,0,2
RES,E3,266,0,1,0,0,1,1,1
EP,E3,266,3,192,0,0,0,0,1,0,0,0,0,2
RES,E3,267,1,1,0,0,4,0,0
EP,E3,267,3,192,0,0,0,0,1,0,0,0,0,2
RES,E3,268,2,1,0,0,3,1,2
EP,E3,268,4,256,0,0,0,0,1,0,0,0,0,3
RES,E3,269,3,1,0,0,4,1,2
EP,E3,269,3,192,0,0,0,0,1,0,0,0,0,2
RES,E3,270,4,1,0,0,5,1,2
EP,E3,270,3,192,0,0,0,0,1,0,0,0,0,2
RES,E3,271,5,1,0,0,6,1,2
EP,E3,271,3,192,0,0,0,0,1,0,0,0,0,2
RES,E3,272,0,2,0,0,1,1,1
EP,E3,272,3,192,0,0,0,0,1,0,0,0,0,2
RES,E3,273,1,2,0,0,4,0,0
EP,E3,273,3,192,0,0,0,0,1,0,0,0,0,2
RES,E3,274,2,2,0,0,3,1,2
EP,E3,274,4,256,0,0,0,0,1,0,0,0,0,3
RES,E3,275,5,0,1,1,6,1,2
EP,E3,275,3,192,0,0,0,0,1,0,0,0,0,2
RES,E3,276,0,1,1,1,1,1,1
EP,E3,276,3,192,0,0,0,0,1,0,0,0,0,2
RES,E3,277,1,1,1,1,4,0,0
EP,E3,277,3,192,0,0,0,0,1,0,0,0,0,2
RES,E3,278,2,1,1,1,3,0,0
EP,E3,278,4,256,0,0,0,0,1,0,0,0,0,3
RES,E3,279,3,1,1,1,4,0,0
EP,E3,279,3,192,0,0,0,0,1,0,0,0,0,2
RES,E3,280,4,1,1,1,5,1,2
EP,E3,280,3,192,0,0,0,0,1,0,0,0,0,2
RES,E3,281,5,1,1,1,6,1,2
EP,E3,281,3,192,0,0,0,0,1,0,0,0,0,2
RES,E3,282,0,2,1,1,1,1,1
EP,E3,282,3,192,0,0,0,0,1,0,0,0,0,2
RES,E3,283,1,2,1,1,4,0,0
EP,E3,283,3,192,0,0,0,0,1,0,0,0,0,2
RES,E3,284,2,2,1,1,3,0,0
EP,E3,284,4,256,0,0,0,0,1,0,0,0,0,3
RES,E3,285,3,2,1,1,4,0,0
EP,E3,285,3,192,0,0,0,0,1,0,0,0,0,2
RES,E3,286,4,2,1,1,5,1,2
EP,E3,286,3,192,0,0,0,0,1,0,0,0,0,2
RES,E3,287,5,2,1,1,6,1,2
EP,E3,287,3,192,0,0,0,0,1,0,0,0,0,2
RES,E3,288,0,0,0,2,1,1,1
EP,E3,288,3,192,0,0,0,0,1,0,0,0,0,2
RES,E3,289,1,0,0,2,2,1,2
EP,E3,289,3,192,0,0,0,0,1,0,0,0,0,2
RES,E3,290,2,0,0,2,3,1,2
EP,E3,290,4,256,0,0,0,0,1,0,0,0,0,3
RES,E3,291,1,2,1,0,4,0,0
EP,E3,291,3,192,0,0,0,0,1,0,0,0,0,2
RES,E3,292,2,2,1,0,3,0,0
EP,E3,292,4,256,0,0,0,0,1,0,0,0,0,3
RES,E3,293,3,2,1,0,4,0,0
EP,E3,293,3,192,0,0,0,0,1,0,0,0,0,2
RES,E3,294,4,2,1,0,5,1,2
EP,E3,294,3,192,0,0,0,0,1,0,0,0,0,2
RES,E3,295,5,2,1,0,6,1,2
EP,E3,295,3,192,0,0,0,0,1,0,0,0,0,2
RES,E3,296,0,0,0,1,1,1,1
EP,E3,296,3,192,0,0,0,0,1,0,0,0,0,2
RES,E3,297,1,0,0,1,2,1,2
EP,E3,297,3,192,0,0,0,0,1,0,0,0,0,2
RES,E3,298,2,0,0,1,3,1,2
EP,E3,298,4,256,0,0,0,0,1,0,0,0,0,3
RES,E3,299,3,0,0,1,4,1,2
EP,E3,299,3,192,0,0,0,0,1,0,0,0,0,2
RES,E3,300,0,2,0,2,1,1,1
EP,E3,300,3,192,0,0,0,0,1,0,0,0,0,2
RES,E3,301,1,2,0,2,4,0,0
EP,E3,301,3,192,0,0,0,0,1,0,0,0,0,2
RES,E3,302,2,2,0,2,3,1,2
EP,E3,302,4,256,0,0,0,0,1,0,0,0,0,3
RES,E3,303,3,2,0,2,4,1,2
EP,E3,303,3,192,0,0,0,0,1,0,0,0,0,2
RES,E3,304,4,2,0,2,5,1,2
EP,E3,304,3,192,0,0,0,0,1,0,0,0,0,2
RES,E3,305,5,2,0,2,6,1,2
EP,E3,305,3,192,0,0,0,0,1,0,0,0,0,2
RES,E3,306,0,0,1,2,1,1,1
EP,E3,306,3,192,0,0,0,0,1,0,0,0,0,2
RES,E3,307,1,0,1,2,2,1,2
EP,E3,307,3,192,0,0,0,0,1,0,0,0,0,2
RES,E3,308,2,0,1,2,3,0,0
EP,E3,308,4,256,0,0,0,0,1,0,0,0,0,3
RES,E3,309,3,0,1,2,4,0,0
EP,E3,309,3,192,0,0,0,0,1,0,0,0,0,2
RES,E3,310,4,0,1,2,5,1,2
EP,E3,310,3,192,0,0,0,0,1,0,0,0,0,2
RES,E3,311,5,0,1,2,6,1,2
EP,E3,311,3,192,0,0,0,0,1,0,0,0,0,2
RES,E3,312,0,1,1,2,1,1,1
EP,E3,312,3,192,0,0,0,0,1,0,0,0,0,2
RES,E3,313,1,1,1,2,4,0,0
EP,E3,313,3,192,0,0,0,0,1,0,0,0,0,2
RES,E3,314,2,1,1,2,3,0,0
EP,E3,314,4,256,0,0,0,0,1,0,0,0,0,3
RES,E3,315,3,1,1,2,4,0,0
EP,E3,315,3,192,0,0,0,0,1,0,0,0,0,2
RES,E3,316,2,0,1,1,3,0,0
EP,E3,316,4,256,0,0,0,0,1,0,0,0,0,3
RES,E3,317,3,0,1,1,4,0,0
EP,E3,317,3,192,0,0,0,0,1,0,0,0,0,2
RES,E3,318,4,0,1,1,5,1,2
EP,E3,318,3,192,0,0,0,0,1,0,0,0,0,2
RES,E3,319,5,0,1,1,6,1,2
EP,E3,319,3,192,0,0,0,0,1,0,0,0,0,2
RES,E3,320,0,1,1,1,1,1,1
EP,E3,320,3,192,0,0,0,0,1,0,0,0,0,2
RES,E3,321,1,1,1,1,4,0,0
EP,E3,321,3,192,0,0,0,0,1,0,0,0,0,2
RES,E3,322,2,1,1,1,3,0,0
EP,E3,322,4,256,0,0,0,0,1,0,0,0,0,3
RES,E3,323,3,1,1,1,4,0,0
EP,E3,323,3,192,0,0,0,0,1,0,0,0,0,2
RES,E3,324,4,1,1,1,5,1,2
EP,E3,324,3,192,0,0,0,0,1,0,0,0,0,2
RES,E3,325,1,0,0,0,2,1,2
EP,E3,325,3,192,0,0,0,0,1,0,0,0,0,2
RES,E3,326,2,0,0,0,3,1,2
EP,E3,326,4,256,0,0,0,0,1,0,0,0,0,3
RES,E3,327,3,0,0,0,4,1,2
EP,E3,327,3,192,0,0,0,0,1,0,0,0,0,2
RES,E3,328,4,0,0,0,5,1,2
EP,E3,328,3,192,0,0,0,0,1,0,0,0,0,2
RES,E3,329,5,0,0,0,6,1,2
EP,E3,329,3,192,0,0,0,0,1,0,0,0,0,2
RES,E3,330,0,1,0,0,1,1,1
EP,E3,330,3,192,0,0,0,0,1,0,0,0,0,2
RES,E3,331,1,1,0,0,4,0,0
EP,E3,331,3,192,0,0,0,0,1,0,0,0,0,2
RES,E3,332,2,1,0,0,3,1,2
EP,E3,332,4,256,0,0,0,0,1,0,0,0,0,3
RES,E3,333,3,1,0,0,4,1,2
EP,E3,333,3,192,0,0,0,0,1,0,0,0,0,2
RES,E3,334,4,1,0,0,5,1,2
EP,E3,334,3,192,0,0,0,0,1,0,0,0,0,2
RES,E3,335,5,1,0,0,6,1,2
EP,E3,335,3,192,0,0,0,0,1,0,0,0,0,2
RES,E3,336,0,2,0,0,1,1,1
EP,E3,336,3,192,0,0,0,0,1,0,0,0,0,2
RES,E3,337,1,2,0,0,4,0,0
EP,E3,337,3,192,0,0,0,0,1,0,0,0,0,2
RES,E3,338,2,2,0,0,3,1,2
EP,E3,338,4,256,0,0,0,0,1,0,0,0,0,3
RES,E3,339,3,2,0,0,4,1,2
EP,E3,339,3,192,0,0,0,0,1,0,0,0,0,2
RES,E3,340,4,2,0,0,5,1,2
EP,E3,340,3,192,0,0,0,0,1,0,0,0,0,2
RES,E3,341,3,1,0,2,4,1,2
EP,E3,341,3,192,0,0,0,0,1,0,0,0,0,2
RES,E3,342,4,1,0,2,5,1,2
EP,E3,342,3,192,0,0,0,0,1,0,0,0,0,2
RES,E3,343,5,1,0,2,6,1,2
EP,E3,343,3,192,0,0,0,0,1,0,0,0,0,2
RES,E3,344,0,2,0,2,1,1,1
EP,E3,344,3,192,0,0,0,0,1,0,0,0,0,2
RES,E3,345,1,2,0,2,4,0,0
EP,E3,345,3,192,0,0,0,0,1,0,0,0,0,2
RES,E3,346,2,2,0,2,3,1,2
EP,E3,346,4,256,0,0,0,0,1,0,0,0,0,3
RES,E3,347,3,2,0,2,4,1,2
EP,E3,347,3,192,0,0,0,0,1,0,0,0,0,2
RES,E3,348,4,2,0,2,5,1,2
EP,E3,348,3,192,0,0,0,0,1,0,0,0,0,2
RES,E3,349,5,2,0,2,6,1,2
EP,E3,349,3,192,0,0,0,0,1,0,0,0,0,2
RES,E3,350,2,1,1,0,3,0,0
EP,E3,350,4,256,0,0,0,0,1,0,0,0,0,3
RES,E3,351,3,1,1,0,4,0,0
EP,E3,351,3,192,0,0,0,0,1,0,0,0,0,2
RES,E3,352,4,1,1,0,5,1,2
EP,E3,352,3,192,0,0,0,0,1,0,0,0,0,2
RES,E3,353,5,1,1,0,6,1,2
EP,E3,353,3,192,0,0,0,0,1,0,0,0,0,2
RES,E3,354,0,2,1,0,1,1,1
EP,E3,354,3,192,0,0,0,0,1,0,0,0,0,2
RES,E3,355,1,2,1,0,4,0,0
EP,E3,355,3,192,0,0,0,0,1,0,0,0,0,2
RES,E3,356,2,2,1,0,3,0,0
EP,E3,356,4,256,0,0,0,0,1,0,0,0,0,3
RES,E3,357,3,2,1,0,4,0,0
EP,E3,357,3,192,0,0,0,0,1,0,0,0,0,2
RES,E3,358,4,2,1,0,5,1,2
EP,E3,358,3,192,0,0,0,0,1,0,0,0,0,2
RES,E3,359,5,2,1,0,6,1,2
EP,E3,359,3,192,0,0,0,0,1,0,0,0,0,2
RES,E3,360,0,0,0,1,1,1,1
EP,E3,360,3,192,0,0,0,0,1,0,0,0,0,2
RES,E3,361,1,0,0,1,2,1,2
EP,E3,361,3,192,0,0,0,0,1,0,0,0,0,2
RES,E3,362,2,0,0,1,3,1,2
EP,E3,362,4,256,0,0,0,0,1,0,0,0,0,3
RES,E3,363,3,0,0,1,4,1,2
EP,E3,363,3,192,0,0,0,0,1,0,0,0,0,2
RES,E3,364,4,0,0,1,5,1,2
EP,E3,364,3,192,0,0,0,0,1,0,0,0,0,2
RES,E3,365,5,0,0,1,6,1,2
EP,E3,365,3,192,0,0,0,0,1,0,0,0,0,2
RES,E3,366,4,2,1,2,5,1,2
EP,E3,366,3,192,0,0,0,0,1,0,0,0,0,2
RES,E3,367,5,2,1,2,6,1,2
EP,E3,367,3,192,0,0,0,0,1,0,0,0,0,2
RES,E3,368,0,0,0,0,1,1,1
EP,E3,368,3,192,0,0,0,0,1,0,0,0,0,2
RES,E3,369,1,0,0,0,2,1,2
EP,E3,369,3,192,0,0,0,0,1,0,0,0,0,2
RES,E3,370,2,0,0,0,3,1,2
EP,E3,370,4,256,0,0,0,0,1,0,0,0,0,3
RES,E3,371,3,0,0,0,4,1,2
EP,E3,371,3,192,0,0,0,0,1,0,0,0,0,2
RES,E3,372,4,0,0,0,5,1,2
EP,E3,372,3,192,0,0,0,0,1,0,0,0,0,2
RES,E3,373,5,0,0,0,6,1,2
EP,E3,373,3,192,0,0,0,0,1,0,0,0,0,2
RES,E3,374,0,1,0,0,1,1,1
EP,E3,374,3,192,0,0,0,0,1,0,0,0,0,2
RES,E3,375,3,2,0,1,4,1,2
EP,E3,375,3,192,0,0,0,0,1,0,0,0,0,2
RES,E3,376,4,2,0,1,5,1,2
EP,E3,376,3,192,0,0,0,0,1,0,0,0,0,2
RES,E3,377,5,2,0,1,6,1,2
EP,E3,377,3,192,0,0,0,0,1,0,0,0,0,2
RES,E3,378,0,0,1,1,1,1,1
EP,E3,378,3,192,0,0,0,0,1,0,0,0,0,2
RES,E3,379,1,0,1,1,2,1,2
EP,E3,379,3,192,0,0,0,0,1,0,0,0,0,2
RES,E3,380,2,0,1,1,3,0,0
EP,E3,380,4,256,0,0,0,0,1,0,0,0,0,3
RES,E3,381,3,0,1,1,4,0,0
EP,E3,381,3,192,0,0,0,0,1,0,0,0,0,2
RES,E3,382,4,0,1,1,5,1,2
EP,E3,382,3,192,0,0,0,0,1,0,0,0,0,2
RES,E3,383,5,0,1,1,6,1,2
EP,E3,383,3,192,0,0,0,0,1,0,0,0,0,2
RES,E3,384,0,1,1,1,1,1,1
EP,E3,384,3,192,0,0,0,0,1,0,0,0,0,2
RES,E3,385,1,1,1,1,4,0,0
EP,E3,385,3,192,0,0,0,0,1,0,0,0,0,2
RES,E3,386,2,1,1,1,3,0,0
EP,E3,386,4,256,0,0,0,0,1,0,0,0,0,3
RES,E3,387,3,1,1,1,4,0,0
EP,E3,387,3,192,0,0,0,0,1,0,0,0,0,2
RES,E3,388,4,1,1,1,5,1,2
EP,E3,388,3,192,0,0,0,0,1,0,0,0,0,2
RES,E3,389,5,1,1,1,6,1,2
EP,E3,389,3,192,0,0,0,0,1,0,0,0,0,2
RES,E3,390,0,2,1,1,1,1,1
EP,E3,390,3,192,0,0,0,0,1,0,0,0,0,2
RES,E3,391,5,0,1,0,6,1,2
EP,E3,391,3,192,0,0,0,0,1,0,0,0,0,2
RES,E3,392,0,1,1,0,1,1,1
EP,E3,392,3,192,0,0,0,0,1,0,0,0,0,2
