T1P1 Q v=93405 livemap=1 id=15 f28=93405
T1P1 DT dep->2 tag=1 o=93301 sup=0
T1P1 DT dep->3 tag=1 o=93405 sup=0
T1P1 DT-FIRST
T1P1 DT ok
T1P2 Q v=93415 livemap=1 id=29 f28=93415
T1P2 DT dep->16 tag=1 o=93302 sup=0
T1P2 DT dep->17 tag=1 o=93415 sup=0
T1P2 DT-FIRST
T1P2 DT ok
T1P3 Q v=93425 livemap=1 id=43 f28=93425
T1P3 DT dep->30 tag=1 o=93303 sup=0
T1P3 DT dep->31 tag=1 o=93425 sup=0
T1P3 DT-FIRST
T1P3 DT ok
T1P4 Q v=93435 livemap=1 id=57 f28=93435
T1P4 DT dep->44 tag=1 o=93304 sup=0
T1P4 DT dep->45 tag=1 o=93435 sup=0
T1P4 DT-FIRST
T1P4 DT ok
T1 MAPCON-ALL=0
T1 DONE-OK
DUMP-BEGIN
H 0 20
H 4 12
H 8 2
H 12 -1
H 16 1024
H 20 56
H 24 60
H 28 20
H 32 93304
H 36 93104
H 40 93354
H 44 93104
H 48 0
H 52 0
H 56 0
H 60 0
N 2 1 0 0 0 0 93101 9301 93301 1 1
N 3 1 0 0 0 0 93301 9302 93405 2 1
N 4 1 0 0 0 0 93101 9303 93351 3 1
N 5 1 0 0 0 0 93351 9304 93406 4 1
N 6 902 0 0 0 0 93101 0 0 0 1
N 7 902 0 0 0 0 93301 0 0 0 1
N 8 102 1000 6 9 0 0 0 0 0 1
N 9 101 1000 7 0 0 0 0 0 0 1
N 10 902 0 0 0 0 93301 0 0 0 1
N 11 902 0 0 0 0 93405 0 0 0 1
N 12 102 1000 10 13 0 0 0 0 0 1
N 13 101 1000 11 0 0 0 0 0 0 1
N 14 902 0 0 0 0 93405 0 0 0 1
N 15 20 9305 93101 -1 -1 8 11 93405 0 1
N 16 1 0 0 0 0 93102 9301 93302 6 1
N 17 1 0 0 0 0 93302 9302 93415 7 1
N 18 1 0 0 0 0 93102 9303 93352 8 1
N 19 1 0 0 0 0 93352 9304 93416 9 1
N 20 902 0 0 0 0 93102 0 0 0 1
N 21 902 0 0 0 0 93302 0 0 0 1
N 22 102 1000 20 23 0 0 0 0 0 1
N 23 101 1000 21 0 0 0 0 0 0 1
N 24 902 0 0 0 0 93302 0 0 0 1
N 25 902 0 0 0 0 93415 0 0 0 1
N 26 102 1000 24 27 0 0 0 0 0 1
N 27 101 1000 25 0 0 0 0 0 0 1
N 28 902 0 0 0 0 93415 0 0 0 1
N 29 20 9305 93102 -1 -1 22 28 93415 0 1
N 30 1 0 0 0 0 93103 9301 93303 11 1
N 31 1 0 0 0 0 93303 9302 93425 12 1
N 32 1 0 0 0 0 93103 9303 93353 13 1
N 33 1 0 0 0 0 93353 9304 93426 14 1
N 34 902 0 0 0 0 93103 0 0 0 1
N 35 902 0 0 0 0 93303 0 0 0 1
N 36 102 1000 34 37 0 0 0 0 0 1
N 37 101 1000 35 0 0 0 0 0 0 1
N 38 902 0 0 0 0 93303 0 0 0 1
N 39 902 0 0 0 0 93425 0 0 0 1
N 40 102 1000 38 41 0 0 0 0 0 1
N 41 101 1000 39 0 0 0 0 0 0 1
N 42 902 0 0 0 0 93425 0 0 0 1
N 43 20 9305 93103 -1 -1 36 42 93425 0 1
N 44 1 0 0 0 0 93104 9301 93304 16 1
N 45 1 0 0 0 0 93304 9302 93435 17 1
N 46 1 0 0 0 0 93104 9303 93354 18 1
N 47 1 0 0 0 0 93354 9304 93436 19 1
N 48 902 0 0 0 0 93104 0 0 0 1
N 49 902 0 0 0 0 93304 0 0 0 1
N 50 102 1000 48 51 0 0 0 0 0 1
N 51 101 1000 49 0 0 0 0 0 0 1
N 52 902 0 0 0 0 93304 0 0 0 1
N 53 902 0 0 0 0 93435 0 0 0 1
N 54 102 1000 52 55 0 0 0 0 0 1
N 55 101 1000 53 0 0 0 0 0 0 1
N 56 902 0 0 0 0 93435 0 0 0 1
N 57 20 9305 93104 -1 -1 50 55 93435 0 1
E 32 9 32 5
E 33 9 33 6
E 3 5 2 0
E 33 8 33 0
E 4 5 3 0
E 44 9 44 8
E 5 5 4 0
E 5 8 5 0
E 9 1 2 0
E 13 1 3 0
E 9 12 12 0
E 15 13 15 5
E 15 2 15 0
E 15 6 15 0
E 15 1 2 0
E 15 1 3 0
E 46 9 46 10
E 16 5 5 0
E 47 9 47 11
E 17 5 16 0
E 47 8 47 0
E 18 5 17 0
E 19 9 19 1
E 19 5 18 0
E 19 8 19 0
E 23 1 16 0
E 27 1 17 0
E 23 12 26 0
E 29 13 29 10
E 29 2 29 0
E 29 6 29 0
E 29 1 16 0
E 29 1 17 0
E 30 9 30 3
E 30 5 19 0
E 31 9 31 4
E 31 5 30 0
E 32 5 31 0
E 33 5 32 0
E 37 1 30 0
E 41 1 31 0
E 37 12 40 0
E 43 13 43 15
E 43 2 43 0
E 43 6 43 0
E 43 1 30 0
E 43 1 31 0
E 44 5 33 0
E 45 9 45 9
E 45 5 44 0
E 46 5 45 0
E 47 5 46 0
E 51 1 44 0
E 55 1 45 0
E 51 12 54 0
E 57 13 57 20
E 57 2 57 0
E 57 6 57 0
E 57 1 44 0
E 57 1 45 0
DUMP-END
