D1P1 P1 SNAP-IN t1live=0
D1P1 P1 Q v=87406 exp=87406 livemap=1 id=13 f28=87406
D1P1 P1 W0 ok
D1P1 P2 SNAP-IN t1live=0
D1P1 P2 Q v=87407 exp=87407 livemap=1 id=34 f28=87407
D1P1 P2 W0 ok
D1P1 D-ANS ok
D1P1 P3 SNAP-IN t1live=0
D1P1 P3 Q v=87406 exp=87406 livemap=1 id=74 f28=87406
D1P1 P3 W0 ok
D1P1 D sup=2 liveid=74 decoyid=37 klive=36
D1P1 D dep->2 tag=1 s=87101 r=8701 o=87301 sup=0
D1P1 D dep->37 tag=1 s=87301 r=8704 o=87406 sup=0
D1P1 D-DECOY-FAIL
D1P1 D-KEY-FAIL
D1P2 P1 SNAP-IN t1live=0
D1P2 P1 Q v=87416 exp=87416 livemap=1 id=86 f28=87416
D1P2 P1 W0 ok
D1P2 P2 SNAP-IN t1live=0
D1P2 P2 Q v=87417 exp=87417 livemap=1 id=107 f28=87417
D1P2 P2 W0 ok
D1P2 D-ANS ok
D1P2 P3 SNAP-IN t1live=0
D1P2 P3 Q v=87416 exp=87416 livemap=1 id=147 f28=87416
D1P2 P3 W0 ok
D1P2 D sup=2 liveid=147 decoyid=110 klive=109
D1P2 D dep->75 tag=1 s=87102 r=8701 o=87302 sup=0
D1P2 D dep->110 tag=1 s=87302 r=8704 o=87416 sup=0
D1P2 D-DECOY-FAIL
D1P2 D-KEY-FAIL
D1P3 P1 SNAP-IN t1live=0
D1P3 P1 Q v=87426 exp=87426 livemap=1 id=159 f28=87426
D1P3 P1 W0 ok
D1P3 P2 SNAP-IN t1live=0
D1P3 P2 Q v=87427 exp=87427 livemap=1 id=180 f28=87427
D1P3 P2 W0 ok
D1P3 D-ANS ok
D1P3 P3 SNAP-IN t1live=0
D1P3 P3 Q v=87426 exp=87426 livemap=1 id=220 f28=87426
D1P3 P3 W0 ok
D1P3 D sup=2 liveid=220 decoyid=183 klive=182
D1P3 D dep->148 tag=1 s=87103 r=8701 o=87303 sup=0
D1P3 D dep->183 tag=1 s=87303 r=8704 o=87426 sup=0
D1P3 D-DECOY-FAIL
D1P3 D-KEY-FAIL
D1P4 P1 SNAP-IN t1live=0
D1P4 P1 Q v=87436 exp=87436 livemap=1 id=232 f28=87436
D1P4 P1 W0 ok
D1P4 P2 SNAP-IN t1live=0
D1P4 P2 Q v=87437 exp=87437 livemap=1 id=253 f28=87437
D1P4 P2 W0 ok
D1P4 D-ANS ok
D1P4 P3 SNAP-IN t1live=0
D1P4 P3 Q v=87436 exp=87436 livemap=1 id=293 f28=87436
D1P4 P3 W0 ok
D1P4 D sup=2 liveid=293 decoyid=256 klive=255
D1P4 D dep->221 tag=1 s=87104 r=8701 o=87304 sup=0
D1P4 D dep->256 tag=1 s=87304 r=8704 o=87436 sup=0
D1P4 D-DECOY-FAIL
D1P4 D-KEY-FAIL
D1 MAPCON-ALL=8
D1 DONE-FAIL
DUMP-BEGIN
H 0 36
H 4 12
H 8 2
H 12 -1
H 16 4097
H 20 292
H 24 205
H 28 36
H 32 87304
H 36 87304
H 40 87304
H 44 87104
H 48 0
H 52 0
H 56 0
H 60 0
N 2 1 0 0 0 0 87101 8701 87301 1 1
N 3 1 0 0 0 0 87301 8702 87406 2 1
N 4 902 0 0 0 0 87101 0 0 0 1
N 5 902 0 0 0 0 87301 0 0 0 1
N 6 102 1000 4 7 0 0 0 0 0 1
N 7 101 1000 5 0 0 0 0 0 0 1
N 8 902 0 0 0 0 87301 0 0 0 1
N 9 902 0 0 0 0 87406 0 0 0 1
N 10 102 1000 8 11 0 0 0 0 0 1
N 11 101 1000 9 0 0 0 0 0 0 1
N 12 902 0 0 0 0 87406 0 0 0 1
N 13 20 8703 87101 -1 -1 6 7 87406 0 1
N 14 3 0 0 0 0 87301 8702 87406 4 1
N 15 1 0 0 0 0 87301 8702 87407 4 1
N 16 902 0 0 0 0 87101 0 0 0 1
N 17 902 0 0 0 0 87301 0 0 0 1
N 18 102 1000 16 19 0 0 0 0 0 1
N 19 101 1000 17 0 0 0 0 0 0 1
N 20 902 0 0 0 0 87301 0 0 0 1
N 21 902 0 0 0 0 87406 0 0 0 1
N 22 102 1000 20 23 0 0 0 0 0 1
N 23 101 1000 21 0 0 0 0 0 0 1
N 24 902 0 0 0 0 87406 0 0 0 1
N 25 902 0 0 0 0 87101 0 0 0 1
N 26 902 0 0 0 0 87301 0 0 0 1
N 27 102 1000 25 28 0 0 0 0 0 1
N 28 101 1000 26 0 0 0 0 0 0 1
N 29 902 0 0 0 0 87301 0 0 0 1
N 30 902 0 0 0 0 87407 0 0 0 1
N 31 102 1000 29 32 0 0 0 0 0 1
N 32 101 1000 30 0 0 0 0 0 0 1
N 33 902 0 0 0 0 87407 0 0 0 1
N 34 20 8703 87101 -1 -1 27 24 87407 0 1
N 35 3 0 0 0 0 87301 8702 87407 6 1
N 36 1 0 0 0 0 87301 8702 87406 6 1
N 37 1 0 0 0 0 87301 8704 87406 7 1
N 38 902 0 0 0 0 87101 0 0 0 1
N 39 902 0 0 0 0 87301 0 0 0 1
N 40 102 1000 38 41 0 0 0 0 0 1
N 41 101 1000 39 0 0 0 0 0 0 1
N 42 902 0 0 0 0 87301 0 0 0 1
N 43 902 0 0 0 0 87406 0 0 0 1
N 44 102 1000 42 45 0 0 0 0 0 1
N 45 101 1000 43 0 0 0 0 0 0 1
N 46 902 0 0 0 0 87406 0 0 0 1
N 47 902 0 0 0 0 87101 0 0 0 1
N 48 902 0 0 0 0 87301 0 0 0 1
N 49 102 1000 47 50 0 0 0 0 0 1
N 50 101 1000 48 0 0 0 0 0 0 1
N 51 902 0 0 0 0 87301 0 0 0 1
N 52 902 0 0 0 0 87407 0 0 0 1
N 53 102 1000 51 54 0 0 0 0 0 1
N 54 101 1000 52 0 0 0 0 0 0 1
N 55 902 0 0 0 0 87407 0 0 0 1
N 56 902 0 0 0 0 87101 0 0 0 1
N 57 902 0 0 0 0 87301 0 0 0 1
N 58 102 1000 56 59 0 0 0 0 0 1
N 59 101 1000 57 0 0 0 0 0 0 1
N 60 902 0 0 0 0 87301 0 0 0 1
N 61 902 0 0 0 0 87406 0 0 0 1
N 62 102 1000 60 63 0 0 0 0 0 1
N 63 101 1000 61 0 0 0 0 0 0 1
N 64 902 0 0 0 0 87406 0 0 0 1
N 65 902 0 0 0 0 87101 0 0 0 1
N 66 902 0 0 0 0 87301 0 0 0 1
N 67 102 1000 65 68 0 0 0 0 0 1
N 68 101 1000 66 0 0 0 0 0 0 1
N 69 902 0 0 0 0 87301 0 0 0 1
N 70 902 0 0 0 0 87406 0 0 0 1
N 71 102 1000 69 72 0 0 0 0 0 1
N 72 101 1000 70 0 0 0 0 0 0 1
N 73 902 0 0 0 0 87406 0 0 0 1
N 74 20 8703 87101 -1 -1 67 49 87406 0 1
N 75 1 0 0 0 0 87102 8701 87302 10 1
N 76 1 0 0 0 0 87302 8702 87416 11 1
N 77 902 0 0 0 0 87102 0 0 0 1
N 78 902 0 0 0 0 87302 0 0 0 1
N 79 102 1000 77 80 0 0 0 0 0 1
N 80 101 1000 78 0 0 0 0 0 0 1
N 81 902 0 0 0 0 87302 0 0 0 1
N 82 902 0 0 0 0 87416 0 0 0 1
N 83 102 1000 81 84 0 0 0 0 0 1
N 84 101 1000 82 0 0 0 0 0 0 1
N 85 902 0 0 0 0 87416 0 0 0 1
N 86 20 8703 87102 -1 -1 79 62 87416 0 1
N 87 3 0 0 0 0 87302 8702 87416 13 1
N 88 1 0 0 0 0 87302 8702 87417 13 1
N 89 902 0 0 0 0 87102 0 0 0 1
N 90 902 0 0 0 0 87302 0 0 0 1
N 91 102 1000 89 92 0 0 0 0 0 1
N 92 101 1000 90 0 0 0 0 0 0 1
N 93 902 0 0 0 0 87302 0 0 0 1
N 94 902 0 0 0 0 87416 0 0 0 1
N 95 102 1000 93 96 0 0 0 0 0 1
N 96 101 1000 94 0 0 0 0 0 0 1
N 97 902 0 0 0 0 87416 0 0 0 1
N 98 902 0 0 0 0 87102 0 0 0 1
N 99 902 0 0 0 0 87302 0 0 0 1
N 100 102 1000 98 101 0 0 0 0 0 1
N 101 101 1000 99 0 0 0 0 0 0 1
N 102 902 0 0 0 0 87302 0 0 0 1
N 103 902 0 0 0 0 87417 0 0 0 1
N 104 102 1000 102 105 0 0 0 0 0 1
N 105 101 1000 103 0 0 0 0 0 0 1
N 106 902 0 0 0 0 87417 0 0 0 1
N 107 20 8703 87102 -1 -1 100 77 87417 0 1
N 108 3 0 0 0 0 87302 8702 87417 15 1
N 109 1 0 0 0 0 87302 8702 87416 15 1
N 110 1 0 0 0 0 87302 8704 87416 16 1
N 111 902 0 0 0 0 87102 0 0 0 1
N 112 902 0 0 0 0 87302 0 0 0 1
N 113 102 1000 111 114 0 0 0 0 0 1
N 114 101 1000 112 0 0 0 0 0 0 1
N 115 902 0 0 0 0 87302 0 0 0 1
N 116 902 0 0 0 0 87416 0 0 0 1
N 117 102 1000 115 118 0 0 0 0 0 1
N 118 101 1000 116 0 0 0 0 0 0 1
N 119 902 0 0 0 0 87416 0 0 0 1
N 120 902 0 0 0 0 87102 0 0 0 1
N 121 902 0 0 0 0 87302 0 0 0 1
N 122 102 1000 120 123 0 0 0 0 0 1
N 123 101 1000 121 0 0 0 0 0 0 1
N 124 902 0 0 0 0 87302 0 0 0 1
N 125 902 0 0 0 0 87417 0 0 0 1
N 126 102 1000 124 127 0 0 0 0 0 1
N 127 101 1000 125 0 0 0 0 0 0 1
N 128 902 0 0 0 0 87417 0 0 0 1
N 129 902 0 0 0 0 87102 0 0 0 1
N 130 902 0 0 0 0 87302 0 0 0 1
N 131 102 1000 129 132 0 0 0 0 0 1
N 132 101 1000 130 0 0 0 0 0 0 1
N 133 902 0 0 0 0 87302 0 0 0 1
N 134 902 0 0 0 0 87416 0 0 0 1
N 135 102 1000 133 136 0 0 0 0 0 1
N 136 101 1000 134 0 0 0 0 0 0 1
N 137 902 0 0 0 0 87416 0 0 0 1
N 138 902 0 0 0 0 87102 0 0 0 1
N 139 902 0 0 0 0 87302 0 0 0 1
N 140 102 1000 138 141 0 0 0 0 0 1
N 141 101 1000 139 0 0 0 0 0 0 1
N 142 902 0 0 0 0 87302 0 0 0 1
N 143 902 0 0 0 0 87416 0 0 0 1
N 144 102 1000 142 145 0 0 0 0 0 1
N 145 101 1000 143 0 0 0 0 0 0 1
N 146 902 0 0 0 0 87416 0 0 0 1
N 147 20 8703 87102 -1 -1 140 100 87416 0 1
N 148 1 0 0 0 0 87103 8701 87303 19 1
N 149 1 0 0 0 0 87303 8702 87426 20 1
N 150 902 0 0 0 0 87103 0 0 0 1
N 151 902 0 0 0 0 87303 0 0 0 1
N 152 102 1000 150 153 0 0 0 0 0 1
N 153 101 1000 151 0 0 0 0 0 0 1
N 154 902 0 0 0 0 87303 0 0 0 1
N 155 902 0 0 0 0 87426 0 0 0 1
N 156 102 1000 154 157 0 0 0 0 0 1
N 157 101 1000 155 0 0 0 0 0 0 1
N 158 902 0 0 0 0 87426 0 0 0 1
N 159 20 8703 87103 -1 -1 152 112 87426 0 1
N 160 3 0 0 0 0 87303 8702 87426 22 1
N 161 1 0 0 0 0 87303 8702 87427 22 1
N 162 902 0 0 0 0 87103 0 0 0 1
N 163 902 0 0 0 0 87303 0 0 0 1
N 164 102 1000 162 165 0 0 0 0 0 1
N 165 101 1000 163 0 0 0 0 0 0 1
N 166 902 0 0 0 0 87303 0 0 0 1
N 167 902 0 0 0 0 87426 0 0 0 1
N 168 102 1000 166 169 0 0 0 0 0 1
N 169 101 1000 167 0 0 0 0 0 0 1
N 170 902 0 0 0 0 87426 0 0 0 1
N 171 902 0 0 0 0 87103 0 0 0 1
N 172 902 0 0 0 0 87303 0 0 0 1
N 173 102 1000 171 174 0 0 0 0 0 1
N 174 101 1000 172 0 0 0 0 0 0 1
N 175 902 0 0 0 0 87303 0 0 0 1
N 176 902 0 0 0 0 87427 0 0 0 1
N 177 102 1000 175 178 0 0 0 0 0 1
N 178 101 1000 176 0 0 0 0 0 0 1
N 179 902 0 0 0 0 87427 0 0 0 1
N 180 20 8703 87103 -1 -1 173 127 87427 0 1
N 181 3 0 0 0 0 87303 8702 87427 24 1
N 182 1 0 0 0 0 87303 8702 87426 24 1
N 183 1 0 0 0 0 87303 8704 87426 25 1
N 184 902 0 0 0 0 87103 0 0 0 1
N 185 902 0 0 0 0 87303 0 0 0 1
N 186 102 1000 184 187 0 0 0 0 0 1
N 187 101 1000 185 0 0 0 0 0 0 1
N 188 902 0 0 0 0 87303 0 0 0 1
N 189 902 0 0 0 0 87426 0 0 0 1
N 190 102 1000 188 191 0 0 0 0 0 1
N 191 101 1000 189 0 0 0 0 0 0 1
N 192 902 0 0 0 0 87426 0 0 0 1
N 193 902 0 0 0 0 87103 0 0 0 1
N 194 902 0 0 0 0 87303 0 0 0 1
N 195 102 1000 193 196 0 0 0 0 0 1
N 196 101 1000 194 0 0 0 0 0 0 1
N 197 902 0 0 0 0 87303 0 0 0 1
N 198 902 0 0 0 0 87427 0 0 0 1
N 199 102 1000 197 200 0 0 0 0 0 1
N 200 101 1000 198 0 0 0 0 0 0 1
N 201 902 0 0 0 0 87427 0 0 0 1
N 202 902 0 0 0 0 87103 0 0 0 1
N 203 902 0 0 0 0 87303 0 0 0 1
N 204 102 1000 202 205 0 0 0 0 0 1
N 205 101 1000 203 0 0 0 0 0 0 1
N 206 902 0 0 0 0 87303 0 0 0 1
N 207 902 0 0 0 0 87426 0 0 0 1
N 208 102 1000 206 209 0 0 0 0 0 1
N 209 101 1000 207 0 0 0 0 0 0 1
N 210 902 0 0 0 0 87426 0 0 0 1
N 211 902 0 0 0 0 87103 0 0 0 1
N 212 902 0 0 0 0 87303 0 0 0 1
N 213 102 1000 211 214 0 0 0 0 0 1
N 214 101 1000 212 0 0 0 0 0 0 1
N 215 902 0 0 0 0 87303 0 0 0 1
N 216 902 0 0 0 0 87426 0 0 0 1
N 217 102 1000 215 218 0 0 0 0 0 1
N 218 101 1000 216 0 0 0 0 0 0 1
N 219 902 0 0 0 0 87426 0 0 0 1
N 220 20 8703 87103 -1 -1 213 150 87426 0 1
N 221 1 0 0 0 0 87104 8701 87304 28 1
N 222 1 0 0 0 0 87304 8702 87436 29 1
N 223 902 0 0 0 0 87104 0 0 0 1
N 224 902 0 0 0 0 87304 0 0 0 1
N 225 102 1000 223 226 0 0 0 0 0 1
N 226 101 1000 224 0 0 0 0 0 0 1
N 227 902 0 0 0 0 87304 0 0 0 1
N 228 902 0 0 0 0 87436 0 0 0 1
N 229 102 1000 227 230 0 0 0 0 0 1
N 230 101 1000 228 0 0 0 0 0 0 1
N 231 902 0 0 0 0 87436 0 0 0 1
N 232 20 8703 87104 -1 -1 225 162 87436 0 1
N 233 3 0 0 0 0 87304 8702 87436 31 1
N 234 1 0 0 0 0 87304 8702 87437 31 1
N 235 902 0 0 0 0 87104 0 0 0 1
N 236 902 0 0 0 0 87304 0 0 0 1
N 237 102 1000 235 238 0 0 0 0 0 1
N 238 101 1000 236 0 0 0 0 0 0 1
N 239 902 0 0 0 0 87304 0 0 0 1
N 240 902 0 0 0 0 87436 0 0 0 1
N 241 102 1000 239 242 0 0 0 0 0 1
N 242 101 1000 240 0 0 0 0 0 0 1
N 243 902 0 0 0 0 87436 0 0 0 1
N 244 902 0 0 0 0 87104 0 0 0 1
N 245 902 0 0 0 0 87304 0 0 0 1
N 246 102 1000 244 247 0 0 0 0 0 1
N 247 101 1000 245 0 0 0 0 0 0 1
N 248 902 0 0 0 0 87304 0 0 0 1
N 249 902 0 0 0 0 87437 0 0 0 1
N 250 102 1000 248 251 0 0 0 0 0 1
N 251 101 1000 249 0 0 0 0 0 0 1
N 252 902 0 0 0 0 87437 0 0 0 1
N 253 20 8703 87104 -1 -1 246 177 87437 0 1
N 254 3 0 0 0 0 87304 8702 87437 33 1
N 255 1 0 0 0 0 87304 8702 87436 33 1
N 256 1 0 0 0 0 87304 8704 87436 34 1
N 257 902 0 0 0 0 87104 0 0 0 1
N 258 902 0 0 0 0 87304 0 0 0 1
N 259 102 1000 257 260 0 0 0 0 0 1
N 260 101 1000 258 0 0 0 0 0 0 1
N 261 902 0 0 0 0 87304 0 0 0 1
N 262 902 0 0 0 0 87436 0 0 0 1
N 263 102 1000 261 264 0 0 0 0 0 1
N 264 101 1000 262 0 0 0 0 0 0 1
N 265 902 0 0 0 0 87436 0 0 0 1
N 266 902 0 0 0 0 87104 0 0 0 1
N 267 902 0 0 0 0 87304 0 0 0 1
N 268 102 1000 266 269 0 0 0 0 0 1
N 269 101 1000 267 0 0 0 0 0 0 1
N 270 902 0 0 0 0 87304 0 0 0 1
N 271 902 0 0 0 0 87437 0 0 0 1
N 272 102 1000 270 273 0 0 0 0 0 1
N 273 101 1000 271 0 0 0 0 0 0 1
N 274 902 0 0 0 0 87437 0 0 0 1
N 275 902 0 0 0 0 87104 0 0 0 1
N 276 902 0 0 0 0 87304 0 0 0 1
N 277 102 1000 275 278 0 0 0 0 0 1
N 278 101 1000 276 0 0 0 0 0 0 1
N 279 902 0 0 0 0 87304 0 0 0 1
N 280 902 0 0 0 0 87436 0 0 0 1
N 281 102 1000 279 282 0 0 0 0 0 1
N 282 101 1000 280 0 0 0 0 0 0 1
N 283 902 0 0 0 0 87436 0 0 0 1
N 284 902 0 0 0 0 87104 0 0 0 1
N 285 902 0 0 0 0 87304 0 0 0 1
N 286 102 1000 284 287 0 0 0 0 0 1
N 287 101 1000 285 0 0 0 0 0 0 1
N 288 902 0 0 0 0 87304 0 0 0 1
N 289 902 0 0 0 0 87436 0 0 0 1
N 290 102 1000 288 291 0 0 0 0 0 1
N 291 101 1000 289 0 0 0 0 0 0 1
N 292 902 0 0 0 0 87436 0 0 0 1
N 293 20 8703 87104 -1 -1 286 200 87436 0 1
E 76 3 76 0
E 88 8 88 0
E 3 5 2 0
E 3 8 3 0
E 7 1 2 0
E 11 1 3 0
E 7 12 10 0
E 13 13 13 3
E 13 2 13 0
E 13 6 13 0
E 13 1 2 0
E 13 1 3 0
E 3 3 3 0
E 13 3 13 0
E 14 5 3 0
E 222 9 222 5
E 15 4 3 0
E 15 8 15 0
E 19 1 2 0
E 23 1 3 0
E 19 12 22 0
E 28 1 2 0
E 32 1 15 0
E 28 12 31 0
E 34 13 34 5
E 34 2 34 0
E 34 6 34 0
E 34 1 2 0
E 34 1 15 0
E 15 3 15 0
E 34 3 34 0
E 35 5 15 0
E 110 8 110 0
E 36 4 15 0
E 234 8 234 0
E 37 6 37 0
E 37 8 37 0
E 41 1 2 0
E 45 1 3 0
E 41 12 44 0
E 50 1 2 0
E 54 1 15 0
E 50 12 53 0
E 59 1 2 0
E 63 1 36 0
E 59 12 62 0
E 68 1 2 0
E 72 1 37 0
E 68 12 71 0
E 74 13 74 9
E 74 2 74 0
E 74 6 74 0
E 74 1 2 0
E 74 1 37 0
E 149 3 149 0
E 75 5 37 0
E 161 8 161 0
E 76 5 75 0
E 76 8 76 0
E 80 1 75 0
E 84 1 76 0
E 80 12 83 0
E 86 13 86 12
E 86 2 86 0
E 86 6 86 0
E 86 1 75 0
E 86 1 76 0
E 86 3 86 0
E 87 5 76 0
E 183 9 183 2
E 88 4 76 0
E 92 1 75 0
E 96 1 76 0
E 92 12 95 0
E 101 1 75 0
E 105 1 88 0
E 101 12 104 0
E 107 13 107 14
E 107 2 107 0
E 107 6 107 0
E 107 1 75 0
E 107 1 88 0
E 88 3 88 0
E 107 3 107 0
E 108 5 88 0
E 183 8 183 0
E 109 4 88 0
E 110 6 110 0
E 114 1 75 0
E 118 1 76 0
E 114 12 117 0
E 123 1 75 0
E 127 1 88 0
E 123 12 126 0
E 132 1 75 0
E 136 1 109 0
E 132 12 135 0
E 141 1 75 0
E 145 1 110 0
E 141 12 144 0
E 147 13 147 18
E 147 2 147 0
E 147 6 147 0
E 147 1 75 0
E 147 1 110 0
E 222 3 222 0
E 148 5 110 0
E 149 5 148 0
E 149 8 149 0
E 153 1 148 0
E 157 1 149 0
E 153 12 156 0
E 159 13 159 21
E 159 2 159 0
E 159 6 159 0
E 159 1 148 0
E 159 1 149 0
E 159 3 159 0
E 160 5 149 0
E 256 9 256 11
E 161 4 149 0
E 165 1 148 0
E 169 1 149 0
E 165 12 168 0
E 174 1 148 0
E 178 1 161 0
E 174 12 177 0
E 180 13 180 23
E 180 2 180 0
E 180 6 180 0
E 180 1 148 0
E 180 1 161 0
E 161 3 161 0
E 180 3 180 0
E 181 5 161 0
E 256 8 256 0
E 182 4 161 0
E 183 6 183 0
E 187 1 148 0
E 191 1 149 0
E 187 12 190 0
E 196 1 148 0
E 200 1 161 0
E 196 12 199 0
E 205 1 148 0
E 209 1 182 0
E 205 12 208 0
E 214 1 148 0
E 218 1 183 0
E 214 12 217 0
E 220 13 220 27
E 220 2 220 0
E 220 6 220 0
E 220 1 148 0
E 220 1 183 0
E 221 9 221 4
E 221 5 183 0
E 222 5 221 0
E 222 8 222 0
E 226 1 221 0
E 230 1 222 0
E 226 12 229 0
E 232 13 232 30
E 232 2 232 0
E 232 6 232 0
E 232 1 221 0
E 232 1 222 0
E 232 3 232 0
E 233 5 222 0
E 234 9 234 7
E 234 4 222 0
E 238 1 221 0
E 242 1 222 0
E 238 12 241 0
E 247 1 221 0
E 251 1 234 0
E 247 12 250 0
E 253 13 253 32
E 253 2 253 0
E 253 6 253 0
E 253 1 221 0
E 253 1 234 0
E 234 3 234 0
E 253 3 253 0
E 254 5 234 0
E 255 9 255 9
E 255 4 234 0
E 256 6 256 0
E 260 1 221 0
E 264 1 222 0
E 260 12 263 0
E 269 1 221 0
E 273 1 234 0
E 269 12 272 0
E 278 1 221 0
E 282 1 255 0
E 278 12 281 0
E 287 1 221 0
E 291 1 256 0
E 287 12 290 0
E 293 13 293 36
E 293 2 293 0
E 293 6 293 0
E 293 1 221 0
E 293 1 256 0
DUMP-END
