E1P1 P1 SNAP-IN t1live=0
E1P1 P1 Q v=89407 exp=89407 livemap=1 id=13 f28=89407
E1P1 P1 W0 ok
E1P1 P2 SNAP-IN t1live=0
E1P1 P2 Q v=89408 exp=89408 livemap=1 id=34 f28=89408
E1P1 P2 W0 ok
E1P1 D-ANS-A ok
E1P1 D-ANS-B ok
E1P1 P3 SNAP-IN t1live=0
E1P1 P3 Q v=89407 exp=89407 livemap=1 id=111 f28=89407
E1P1 P3 W0 ok
E1P1 CD sup=2 liveid=111 decoy_a=37 decoy_b=38 klive=36 alive=2
E1P1 CD dep->2 tag=1 s=89101 r=8901 o=89301 sup=0
E1P1 CD dep->38 tag=1 s=89301 r=8904 o=89407 sup=0
E1P1 CD-DECOY-FAIL
E1P1 CD-KEY-FAIL
E1P2 P1 SNAP-IN t1live=0
E1P2 P1 Q v=89417 exp=89417 livemap=1 id=123 f28=89417
E1P2 P1 W0 ok
E1P2 P2 SNAP-IN t1live=0
E1P2 P2 Q v=89418 exp=89418 livemap=1 id=144 f28=89418
E1P2 P2 W0 ok
E1P2 D-ANS-A ok
E1P2 D-ANS-B ok
E1P2 P3 SNAP-IN t1live=0
E1P2 P3 Q v=89417 exp=89417 livemap=1 id=221 f28=89417
E1P2 P3 W0 ok
E1P2 CD sup=2 liveid=221 decoy_a=147 decoy_b=148 klive=146 alive=112
E1P2 CD dep->112 tag=1 s=89102 r=8901 o=89302 sup=0
E1P2 CD dep->148 tag=1 s=89302 r=8904 o=89417 sup=0
E1P2 CD-DECOY-FAIL
E1P2 CD-KEY-FAIL
E1P3 P1 SNAP-IN t1live=0
E1P3 P1 Q v=89427 exp=89427 livemap=1 id=233 f28=89427
E1P3 P1 W0 ok
E1P3 P2 SNAP-IN t1live=0
E1P3 P2 Q v=89428 exp=89428 livemap=1 id=254 f28=89428
E1P3 P2 W0 ok
E1P3 D-ANS-A ok
E1P3 D-ANS-B ok
E1P3 P3 SNAP-IN t1live=0
E1P3 P3 Q v=89427 exp=89427 livemap=1 id=331 f28=89427
E1P3 P3 W0 ok
E1P3 CD sup=2 liveid=331 decoy_a=257 decoy_b=258 klive=256 alive=222
E1P3 CD dep->222 tag=1 s=89103 r=8901 o=89303 sup=0
E1P3 CD dep->258 tag=1 s=89303 r=8904 o=89427 sup=0
E1P3 CD-DECOY-FAIL
E1P3 CD-KEY-FAIL
E1P4 P1 SNAP-IN t1live=0
E1P4 P1 Q v=89437 exp=89437 livemap=1 id=343 f28=89437
E1P4 P1 W0 ok
E1P4 P2 SNAP-IN t1live=0
E1P4 P2 Q v=89438 exp=89438 livemap=1 id=364 f28=89438
E1P4 P2 W0 ok
E1P4 D-ANS-A ok
E1P4 D-ANS-B ok
E1P4 P3 SNAP-IN t1live=0
E1P4 P3 Q v=89437 exp=89437 livemap=1 id=441 f28=89437
E1P4 P3 W0 ok
E1P4 CD sup=2 liveid=441 decoy_a=367 decoy_b=368 klive=366 alive=332
E1P4 CD dep->332 tag=1 s=89104 r=8901 o=89304 sup=0
E1P4 CD dep->368 tag=1 s=89304 r=8904 o=89437 sup=0
E1P4 CD-DECOY-FAIL
E1P4 CD-KEY-FAIL
E1 MAPCON-ALL=8
E1 DONE-FAIL
DUMP-BEGIN
H 0 44
H 4 12
H 8 2
H 12 -1
H 16 8194
H 20 440
H 24 257
H 28 44
H 32 89104
H 36 89304
H 40 89304
H 44 89104
H 48 0
H 52 0
H 56 0
H 60 0
N 2 1 0 0 0 0 89101 8901 89301 1 1
N 3 1 0 0 0 0 89301 8902 89407 2 1
N 4 902 0 0 0 0 89101 0 0 0 1
N 5 902 0 0 0 0 89301 0 0 0 1
N 6 102 1000 4 7 0 0 0 0 0 1
N 7 101 1000 5 0 0 0 0 0 0 1
N 8 902 0 0 0 0 89301 0 0 0 1
N 9 902 0 0 0 0 89407 0 0 0 1
N 10 102 1000 8 11 0 0 0 0 0 1
N 11 101 1000 9 0 0 0 0 0 0 1
N 12 902 0 0 0 0 89407 0 0 0 1
N 13 20 8903 89101 -1 -1 6 7 89407 0 1
N 14 3 0 0 0 0 89301 8902 89407 4 1
N 15 1 0 0 0 0 89301 8902 89408 4 1
N 16 902 0 0 0 0 89101 0 0 0 1
N 17 902 0 0 0 0 89301 0 0 0 1
N 18 102 1000 16 19 0 0 0 0 0 1
N 19 101 1000 17 0 0 0 0 0 0 1
N 20 902 0 0 0 0 89301 0 0 0 1
N 21 902 0 0 0 0 89407 0 0 0 1
N 22 102 1000 20 23 0 0 0 0 0 1
N 23 101 1000 21 0 0 0 0 0 0 1
N 24 902 0 0 0 0 89407 0 0 0 1
N 25 902 0 0 0 0 89101 0 0 0 1
N 26 902 0 0 0 0 89301 0 0 0 1
N 27 102 1000 25 28 0 0 0 0 0 1
N 28 101 1000 26 0 0 0 0 0 0 1
N 29 902 0 0 0 0 89301 0 0 0 1
N 30 902 0 0 0 0 89408 0 0 0 1
N 31 102 1000 29 32 0 0 0 0 0 1
N 32 101 1000 30 0 0 0 0 0 0 1
N 33 902 0 0 0 0 89408 0 0 0 1
N 34 20 8903 89101 -1 -1 27 24 89408 0 1
N 35 3 0 0 0 0 89301 8902 89408 6 1
N 36 1 0 0 0 0 89301 8902 89407 6 1
N 37 1 0 0 0 0 89101 8905 89301 7 1
N 38 1 0 0 0 0 89301 8904 89407 9 1
N 39 902 0 0 0 0 89101 0 0 0 1
N 40 902 0 0 0 0 89301 0 0 0 1
N 41 102 1000 39 42 0 0 0 0 0 1
N 42 101 1000 40 0 0 0 0 0 0 1
N 43 902 0 0 0 0 89301 0 0 0 1
N 44 902 0 0 0 0 89407 0 0 0 1
N 45 102 1000 43 46 0 0 0 0 0 1
N 46 101 1000 44 0 0 0 0 0 0 1
N 47 902 0 0 0 0 89407 0 0 0 1
N 48 902 0 0 0 0 89101 0 0 0 1
N 49 902 0 0 0 0 89301 0 0 0 1
N 50 102 1000 48 51 0 0 0 0 0 1
N 51 101 1000 49 0 0 0 0 0 0 1
N 52 902 0 0 0 0 89301 0 0 0 1
N 53 902 0 0 0 0 89408 0 0 0 1
N 54 102 1000 52 55 0 0 0 0 0 1
N 55 101 1000 53 0 0 0 0 0 0 1
N 56 902 0 0 0 0 89408 0 0 0 1
N 57 902 0 0 0 0 89101 0 0 0 1
N 58 902 0 0 0 0 89301 0 0 0 1
N 59 102 1000 57 60 0 0 0 0 0 1
N 60 101 1000 58 0 0 0 0 0 0 1
N 61 902 0 0 0 0 89301 0 0 0 1
N 62 902 0 0 0 0 89407 0 0 0 1
N 63 102 1000 61 64 0 0 0 0 0 1
N 64 101 1000 62 0 0 0 0 0 0 1
N 65 902 0 0 0 0 89407 0 0 0 1
N 66 902 0 0 0 0 89101 0 0 0 1
N 67 902 0 0 0 0 89301 0 0 0 1
N 68 102 1000 66 69 0 0 0 0 0 1
N 69 101 1000 67 0 0 0 0 0 0 1
N 70 902 0 0 0 0 89301 0 0 0 1
N 71 902 0 0 0 0 89407 0 0 0 1
N 72 102 1000 70 73 0 0 0 0 0 1
N 73 101 1000 71 0 0 0 0 0 0 1
N 74 902 0 0 0 0 89407 0 0 0 1
N 75 902 0 0 0 0 89101 0 0 0 1
N 76 902 0 0 0 0 89301 0 0 0 1
N 77 102 1000 75 78 0 0 0 0 0 1
N 78 101 1000 76 0 0 0 0 0 0 1
N 79 902 0 0 0 0 89301 0 0 0 1
N 80 902 0 0 0 0 89407 0 0 0 1
N 81 102 1000 79 82 0 0 0 0 0 1
N 82 101 1000 80 0 0 0 0 0 0 1
N 83 902 0 0 0 0 89407 0 0 0 1
N 84 902 0 0 0 0 89101 0 0 0 1
N 85 902 0 0 0 0 89301 0 0 0 1
N 86 102 1000 84 87 0 0 0 0 0 1
N 87 101 1000 85 0 0 0 0 0 0 1
N 88 902 0 0 0 0 89301 0 0 0 1
N 89 902 0 0 0 0 89408 0 0 0 1
N 90 102 1000 88 91 0 0 0 0 0 1
N 91 101 1000 89 0 0 0 0 0 0 1
N 92 902 0 0 0 0 89408 0 0 0 1
N 93 902 0 0 0 0 89101 0 0 0 1
N 94 902 0 0 0 0 89301 0 0 0 1
N 95 102 1000 93 96 0 0 0 0 0 1
N 96 101 1000 94 0 0 0 0 0 0 1
N 97 902 0 0 0 0 89301 0 0 0 1
N 98 902 0 0 0 0 89407 0 0 0 1
N 99 102 1000 97 100 0 0 0 0 0 1
N 100 101 1000 98 0 0 0 0 0 0 1
N 101 902 0 0 0 0 89407 0 0 0 1
N 102 902 0 0 0 0 89101 0 0 0 1
N 103 902 0 0 0 0 89301 0 0 0 1
N 104 102 1000 102 105 0 0 0 0 0 1
N 105 101 1000 103 0 0 0 0 0 0 1
N 106 902 0 0 0 0 89301 0 0 0 1
N 107 902 0 0 0 0 89407 0 0 0 1
N 108 102 1000 106 109 0 0 0 0 0 1
N 109 101 1000 107 0 0 0 0 0 0 1
N 110 902 0 0 0 0 89407 0 0 0 1
N 111 20 8903 89101 -1 -1 68 63 89407 0 1
N 112 1 0 0 0 0 89102 8901 89302 12 1
N 113 1 0 0 0 0 89302 8902 89417 13 1
N 114 902 0 0 0 0 89102 0 0 0 1
N 115 902 0 0 0 0 89302 0 0 0 1
N 116 102 1000 114 117 0 0 0 0 0 1
N 117 101 1000 115 0 0 0 0 0 0 1
N 118 902 0 0 0 0 89302 0 0 0 1
N 119 902 0 0 0 0 89417 0 0 0 1
N 120 102 1000 118 121 0 0 0 0 0 1
N 121 101 1000 119 0 0 0 0 0 0 1
N 122 902 0 0 0 0 89417 0 0 0 1
N 123 20 8903 89102 -1 -1 116 74 89417 0 1
N 124 3 0 0 0 0 89302 8902 89417 15 1
N 125 1 0 0 0 0 89302 8902 89418 15 1
N 126 902 0 0 0 0 89102 0 0 0 1
N 127 902 0 0 0 0 89302 0 0 0 1
N 128 102 1000 126 129 0 0 0 0 0 1
N 129 101 1000 127 0 0 0 0 0 0 1
N 130 902 0 0 0 0 89302 0 0 0 1
N 131 902 0 0 0 0 89417 0 0 0 1
N 132 102 1000 130 133 0 0 0 0 0 1
N 133 101 1000 131 0 0 0 0 0 0 1
N 134 902 0 0 0 0 89417 0 0 0 1
N 135 902 0 0 0 0 89102 0 0 0 1
N 136 902 0 0 0 0 89302 0 0 0 1
N 137 102 1000 135 138 0 0 0 0 0 1
N 138 101 1000 136 0 0 0 0 0 0 1
N 139 902 0 0 0 0 89302 0 0 0 1
N 140 902 0 0 0 0 89418 0 0 0 1
N 141 102 1000 139 142 0 0 0 0 0 1
N 142 101 1000 140 0 0 0 0 0 0 1
N 143 902 0 0 0 0 89418 0 0 0 1
N 144 20 8903 89102 -1 -1 137 90 89418 0 1
N 145 3 0 0 0 0 89302 8902 89418 17 1
N 146 1 0 0 0 0 89302 8902 89417 17 1
N 147 1 0 0 0 0 89102 8905 89302 18 1
N 148 1 0 0 0 0 89302 8904 89417 20 1
N 149 902 0 0 0 0 89102 0 0 0 1
N 150 902 0 0 0 0 89302 0 0 0 1
N 151 102 1000 149 152 0 0 0 0 0 1
N 152 101 1000 150 0 0 0 0 0 0 1
N 153 902 0 0 0 0 89302 0 0 0 1
N 154 902 0 0 0 0 89417 0 0 0 1
N 155 102 1000 153 156 0 0 0 0 0 1
N 156 101 1000 154 0 0 0 0 0 0 1
N 157 902 0 0 0 0 89417 0 0 0 1
N 158 902 0 0 0 0 89102 0 0 0 1
N 159 902 0 0 0 0 89302 0 0 0 1
N 160 102 1000 158 161 0 0 0 0 0 1
N 161 101 1000 159 0 0 0 0 0 0 1
N 162 902 0 0 0 0 89302 0 0 0 1
N 163 902 0 0 0 0 89418 0 0 0 1
N 164 102 1000 162 165 0 0 0 0 0 1
N 165 101 1000 163 0 0 0 0 0 0 1
N 166 902 0 0 0 0 89418 0 0 0 1
N 167 902 0 0 0 0 89102 0 0 0 1
N 168 902 0 0 0 0 89302 0 0 0 1
N 169 102 1000 167 170 0 0 0 0 0 1
N 170 101 1000 168 0 0 0 0 0 0 1
N 171 902 0 0 0 0 89302 0 0 0 1
N 172 902 0 0 0 0 89417 0 0 0 1
N 173 102 1000 171 174 0 0 0 0 0 1
N 174 101 1000 172 0 0 0 0 0 0 1
N 175 902 0 0 0 0 89417 0 0 0 1
N 176 902 0 0 0 0 89102 0 0 0 1
N 177 902 0 0 0 0 89302 0 0 0 1
N 178 102 1000 176 179 0 0 0 0 0 1
N 179 101 1000 177 0 0 0 0 0 0 1
N 180 902 0 0 0 0 89302 0 0 0 1
N 181 902 0 0 0 0 89417 0 0 0 1
N 182 102 1000 180 183 0 0 0 0 0 1
N 183 101 1000 181 0 0 0 0 0 0 1
N 184 902 0 0 0 0 89417 0 0 0 1
N 185 902 0 0 0 0 89102 0 0 0 1
N 186 902 0 0 0 0 89302 0 0 0 1
N 187 102 1000 185 188 0 0 0 0 0 1
N 188 101 1000 186 0 0 0 0 0 0 1
N 189 902 0 0 0 0 89302 0 0 0 1
N 190 902 0 0 0 0 89417 0 0 0 1
N 191 102 1000 189 192 0 0 0 0 0 1
N 192 101 1000 190 0 0 0 0 0 0 1
N 193 902 0 0 0 0 89417 0 0 0 1
N 194 902 0 0 0 0 89102 0 0 0 1
N 195 902 0 0 0 0 89302 0 0 0 1
N 196 102 1000 194 197 0 0 0 0 0 1
N 197 101 1000 195 0 0 0 0 0 0 1
N 198 902 0 0 0 0 89302 0 0 0 1
N 199 902 0 0 0 0 89418 0 0 0 1
N 200 102 1000 198 201 0 0 0 0 0 1
N 201 101 1000 199 0 0 0 0 0 0 1
N 202 902 0 0 0 0 89418 0 0 0 1
N 203 902 0 0 0 0 89102 0 0 0 1
N 204 902 0 0 0 0 89302 0 0 0 1
N 205 102 1000 203 206 0 0 0 0 0 1
N 206 101 1000 204 0 0 0 0 0 0 1
N 207 902 0 0 0 0 89302 0 0 0 1
N 208 902 0 0 0 0 89417 0 0 0 1
N 209 102 1000 207 210 0 0 0 0 0 1
N 210 101 1000 208 0 0 0 0 0 0 1
N 211 902 0 0 0 0 89417 0 0 0 1
N 212 902 0 0 0 0 89102 0 0 0 1
N 213 902 0 0 0 0 89302 0 0 0 1
N 214 102 1000 212 215 0 0 0 0 0 1
N 215 101 1000 213 0 0 0 0 0 0 1
N 216 902 0 0 0 0 89302 0 0 0 1
N 217 902 0 0 0 0 89417 0 0 0 1
N 218 102 1000 216 219 0 0 0 0 0 1
N 219 101 1000 217 0 0 0 0 0 0 1
N 220 902 0 0 0 0 89417 0 0 0 1
N 221 20 8903 89102 -1 -1 178 126 89417 0 1
N 222 1 0 0 0 0 89103 8901 89303 23 1
N 223 1 0 0 0 0 89303 8902 89427 24 1
N 224 902 0 0 0 0 89103 0 0 0 1
N 225 902 0 0 0 0 89303 0 0 0 1
N 226 102 1000 224 227 0 0 0 0 0 1
N 227 101 1000 225 0 0 0 0 0 0 1
N 228 902 0 0 0 0 89303 0 0 0 1
N 229 902 0 0 0 0 89427 0 0 0 1
N 230 102 1000 228 231 0 0 0 0 0 1
N 231 101 1000 229 0 0 0 0 0 0 1
N 232 902 0 0 0 0 89427 0 0 0 1
N 233 20 8903 89103 -1 -1 226 137 89427 0 1
N 234 3 0 0 0 0 89303 8902 89427 26 1
N 235 1 0 0 0 0 89303 8902 89428 26 1
N 236 902 0 0 0 0 89103 0 0 0 1
N 237 902 0 0 0 0 89303 0 0 0 1
N 238 102 1000 236 239 0 0 0 0 0 1
N 239 101 1000 237 0 0 0 0 0 0 1
N 240 902 0 0 0 0 89303 0 0 0 1
N 241 902 0 0 0 0 89427 0 0 0 1
N 242 102 1000 240 243 0 0 0 0 0 1
N 243 101 1000 241 0 0 0 0 0 0 1
N 244 902 0 0 0 0 89427 0 0 0 1
N 245 902 0 0 0 0 89103 0 0 0 1
N 246 902 0 0 0 0 89303 0 0 0 1
N 247 102 1000 245 248 0 0 0 0 0 1
N 248 101 1000 246 0 0 0 0 0 0 1
N 249 902 0 0 0 0 89303 0 0 0 1
N 250 902 0 0 0 0 89428 0 0 0 1
N 251 102 1000 249 252 0 0 0 0 0 1
N 252 101 1000 250 0 0 0 0 0 0 1
N 253 902 0 0 0 0 89428 0 0 0 1
N 254 20 8903 89103 -1 -1 247 153 89428 0 1
N 255 3 0 0 0 0 89303 8902 89428 28 1
N 256 1 0 0 0 0 89303 8902 89427 28 1
N 257 1 0 0 0 0 89103 8905 89303 29 1
N 258 1 0 0 0 0 89303 8904 89427 31 1
N 259 902 0 0 0 0 89103 0 0 0 1
N 260 902 0 0 0 0 89303 0 0 0 1
N 261 102 1000 259 262 0 0 0 0 0 1
N 262 101 1000 260 0 0 0 0 0 0 1
N 263 902 0 0 0 0 89303 0 0 0 1
N 264 902 0 0 0 0 89427 0 0 0 1
N 265 102 1000 263 266 0 0 0 0 0 1
N 266 101 1000 264 0 0 0 0 0 0 1
N 267 902 0 0 0 0 89427 0 0 0 1
N 268 902 0 0 0 0 89103 0 0 0 1
N 269 902 0 0 0 0 89303 0 0 0 1
N 270 102 1000 268 271 0 0 0 0 0 1
N 271 101 1000 269 0 0 0 0 0 0 1
N 272 902 0 0 0 0 89303 0 0 0 1
N 273 902 0 0 0 0 89428 0 0 0 1
N 274 102 1000 272 275 0 0 0 0 0 1
N 275 101 1000 273 0 0 0 0 0 0 1
N 276 902 0 0 0 0 89428 0 0 0 1
N 277 902 0 0 0 0 89103 0 0 0 1
N 278 902 0 0 0 0 89303 0 0 0 1
N 279 102 1000 277 280 0 0 0 0 0 1
N 280 101 1000 278 0 0 0 0 0 0 1
N 281 902 0 0 0 0 89303 0 0 0 1
N 282 902 0 0 0 0 89427 0 0 0 1
N 283 102 1000 281 284 0 0 0 0 0 1
N 284 101 1000 282 0 0 0 0 0 0 1
N 285 902 0 0 0 0 89427 0 0 0 1
N 286 902 0 0 0 0 89103 0 0 0 1
N 287 902 0 0 0 0 89303 0 0 0 1
N 288 102 1000 286 289 0 0 0 0 0 1
N 289 101 1000 287 0 0 0 0 0 0 1
N 290 902 0 0 0 0 89303 0 0 0 1
N 291 902 0 0 0 0 89427 0 0 0 1
N 292 102 1000 290 293 0 0 0 0 0 1
N 293 101 1000 291 0 0 0 0 0 0 1
N 294 902 0 0 0 0 89427 0 0 0 1
N 295 902 0 0 0 0 89103 0 0 0 1
N 296 902 0 0 0 0 89303 0 0 0 1
N 297 102 1000 295 298 0 0 0 0 0 1
N 298 101 1000 296 0 0 0 0 0 0 1
N 299 902 0 0 0 0 89303 0 0 0 1
N 300 902 0 0 0 0 89427 0 0 0 1
N 301 102 1000 299 302 0 0 0 0 0 1
N 302 101 1000 300 0 0 0 0 0 0 1
N 303 902 0 0 0 0 89427 0 0 0 1
N 304 902 0 0 0 0 89103 0 0 0 1
N 305 902 0 0 0 0 89303 0 0 0 1
N 306 102 1000 304 307 0 0 0 0 0 1
N 307 101 1000 305 0 0 0 0 0 0 1
N 308 902 0 0 0 0 89303 0 0 0 1
N 309 902 0 0 0 0 89428 0 0 0 1
N 310 102 1000 308 311 0 0 0 0 0 1
N 311 101 1000 309 0 0 0 0 0 0 1
N 312 902 0 0 0 0 89428 0 0 0 1
N 313 902 0 0 0 0 89103 0 0 0 1
N 314 902 0 0 0 0 89303 0 0 0 1
N 315 102 1000 313 316 0 0 0 0 0 1
N 316 101 1000 314 0 0 0 0 0 0 1
N 317 902 0 0 0 0 89303 0 0 0 1
N 318 902 0 0 0 0 89427 0 0 0 1
N 319 102 1000 317 320 0 0 0 0 0 1
N 320 101 1000 318 0 0 0 0 0 0 1
N 321 902 0 0 0 0 89427 0 0 0 1
N 322 902 0 0 0 0 89103 0 0 0 1
N 323 902 0 0 0 0 89303 0 0 0 1
N 324 102 1000 322 325 0 0 0 0 0 1
N 325 101 1000 323 0 0 0 0 0 0 1
N 326 902 0 0 0 0 89303 0 0 0 1
N 327 902 0 0 0 0 89427 0 0 0 1
N 328 102 1000 326 329 0 0 0 0 0 1
N 329 101 1000 327 0 0 0 0 0 0 1
N 330 902 0 0 0 0 89427 0 0 0 1
N 331 20 8903 89103 -1 -1 288 189 89427 0 1
N 332 1 0 0 0 0 89104 8901 89304 34 1
N 333 1 0 0 0 0 89304 8902 89437 35 1
N 334 902 0 0 0 0 89104 0 0 0 1
N 335 902 0 0 0 0 89304 0 0 0 1
N 336 102 1000 334 337 0 0 0 0 0 1
N 337 101 1000 335 0 0 0 0 0 0 1
N 338 902 0 0 0 0 89304 0 0 0 1
N 339 902 0 0 0 0 89437 0 0 0 1
N 340 102 1000 338 341 0 0 0 0 0 1
N 341 101 1000 339 0 0 0 0 0 0 1
N 342 902 0 0 0 0 89437 0 0 0 1
N 343 20 8903 89104 -1 -1 336 200 89437 0 1
N 344 3 0 0 0 0 89304 8902 89437 37 1
N 345 1 0 0 0 0 89304 8902 89438 37 1
N 346 902 0 0 0 0 89104 0 0 0 1
N 347 902 0 0 0 0 89304 0 0 0 1
N 348 102 1000 346 349 0 0 0 0 0 1
N 349 101 1000 347 0 0 0 0 0 0 1
N 350 902 0 0 0 0 89304 0 0 0 1
N 351 902 0 0 0 0 89437 0 0 0 1
N 352 102 1000 350 353 0 0 0 0 0 1
N 353 101 1000 351 0 0 0 0 0 0 1
N 354 902 0 0 0 0 89437 0 0 0 1
N 355 902 0 0 0 0 89104 0 0 0 1
N 356 902 0 0 0 0 89304 0 0 0 1
N 357 102 1000 355 358 0 0 0 0 0 1
N 358 101 1000 356 0 0 0 0 0 0 1
N 359 902 0 0 0 0 89304 0 0 0 1
N 360 902 0 0 0 0 89438 0 0 0 1
N 361 102 1000 359 362 0 0 0 0 0 1
N 362 101 1000 360 0 0 0 0 0 0 1
N 363 902 0 0 0 0 89438 0 0 0 1
N 364 20 8903 89104 -1 -1 357 216 89438 0 1
N 365 3 0 0 0 0 89304 8902 89438 39 1
N 366 1 0 0 0 0 89304 8902 89437 39 1
N 367 1 0 0 0 0 89104 8905 89304 40 1
N 368 1 0 0 0 0 89304 8904 89437 42 1
N 369 902 0 0 0 0 89104 0 0 0 1
N 370 902 0 0 0 0 89304 0 0 0 1
N 371 102 1000 369 372 0 0 0 0 0 1
N 372 101 1000 370 0 0 0 0 0 0 1
N 373 902 0 0 0 0 89304 0 0 0 1
N 374 902 0 0 0 0 89437 0 0 0 1
N 375 102 1000 373 376 0 0 0 0 0 1
N 376 101 1000 374 0 0 0 0 0 0 1
N 377 902 0 0 0 0 89437 0 0 0 1
N 378 902 0 0 0 0 89104 0 0 0 1
N 379 902 0 0 0 0 89304 0 0 0 1
N 380 102 1000 378 381 0 0 0 0 0 1
N 381 101 1000 379 0 0 0 0 0 0 1
N 382 902 0 0 0 0 89304 0 0 0 1
N 383 902 0 0 0 0 89438 0 0 0 1
N 384 102 1000 382 385 0 0 0 0 0 1
N 385 101 1000 383 0 0 0 0 0 0 1
N 386 902 0 0 0 0 89438 0 0 0 1
N 387 902 0 0 0 0 89104 0 0 0 1
N 388 902 0 0 0 0 89304 0 0 0 1
N 389 102 1000 387 390 0 0 0 0 0 1
N 390 101 1000 388 0 0 0 0 0 0 1
N 391 902 0 0 0 0 89304 0 0 0 1
N 392 902 0 0 0 0 89437 0 0 0 1
N 393 102 1000 391 394 0 0 0 0 0 1
N 394 101 1000 392 0 0 0 0 0 0 1
N 395 902 0 0 0 0 89437 0 0 0 1
N 396 902 0 0 0 0 89104 0 0 0 1
N 397 902 0 0 0 0 89304 0 0 0 1
N 398 102 1000 396 399 0 0 0 0 0 1
N 399 101 1000 397 0 0 0 0 0 0 1
N 400 902 0 0 0 0 89304 0 0 0 1
N 401 902 0 0 0 0 89437 0 0 0 1
N 402 102 1000 400 403 0 0 0 0 0 1
N 403 101 1000 401 0 0 0 0 0 0 1
N 404 902 0 0 0 0 89437 0 0 0 1
N 405 902 0 0 0 0 89104 0 0 0 1
N 406 902 0 0 0 0 89304 0 0 0 1
N 407 102 1000 405 408 0 0 0 0 0 1
N 408 101 1000 406 0 0 0 0 0 0 1
N 409 902 0 0 0 0 89304 0 0 0 1
N 410 902 0 0 0 0 89437 0 0 0 1
N 411 102 1000 409 412 0 0 0 0 0 1
N 412 101 1000 410 0 0 0 0 0 0 1
N 413 902 0 0 0 0 89437 0 0 0 1
N 414 902 0 0 0 0 89104 0 0 0 1
N 415 902 0 0 0 0 89304 0 0 0 1
N 416 102 1000 414 417 0 0 0 0 0 1
N 417 101 1000 415 0 0 0 0 0 0 1
N 418 902 0 0 0 0 89304 0 0 0 1
N 419 902 0 0 0 0 89438 0 0 0 1
N 420 102 1000 418 421 0 0 0 0 0 1
N 421 101 1000 419 0 0 0 0 0 0 1
N 422 902 0 0 0 0 89438 0 0 0 1
N 423 902 0 0 0 0 89104 0 0 0 1
N 424 902 0 0 0 0 89304 0 0 0 1
N 425 102 1000 423 426 0 0 0 0 0 1
N 426 101 1000 424 0 0 0 0 0 0 1
N 427 902 0 0 0 0 89304 0 0 0 1
N 428 902 0 0 0 0 89437 0 0 0 1
N 429 102 1000 427 430 0 0 0 0 0 1
N 430 101 1000 428 0 0 0 0 0 0 1
N 431 902 0 0 0 0 89437 0 0 0 1
N 432 902 0 0 0 0 89104 0 0 0 1
N 433 902 0 0 0 0 89304 0 0 0 1
N 434 102 1000 432 435 0 0 0 0 0 1
N 435 101 1000 433 0 0 0 0 0 0 1
N 436 902 0 0 0 0 89304 0 0 0 1
N 437 902 0 0 0 0 89437 0 0 0 1
N 438 102 1000 436 439 0 0 0 0 0 1
N 439 101 1000 437 0 0 0 0 0 0 1
N 440 902 0 0 0 0 89437 0 0 0 1
N 441 20 8903 89104 -1 -1 398 252 89437 0 1
E 223 8 223 0
E 113 8 113 0
E 3 5 2 0
E 3 8 3 0
E 7 1 2 0
E 11 1 3 0
E 7 12 10 0
E 13 13 13 3
E 13 2 13 0
E 13 6 13 0
E 13 1 2 0
E 13 1 3 0
E 3 3 3 0
E 13 3 13 0
E 14 5 3 0
E 125 8 125 0
E 15 4 3 0
E 15 8 15 0
E 19 1 2 0
E 23 1 3 0
E 19 12 22 0
E 28 1 2 0
E 32 1 15 0
E 28 12 31 0
E 34 13 34 5
E 34 2 34 0
E 34 6 34 0
E 34 1 2 0
E 34 1 15 0
E 15 3 15 0
E 34 3 34 0
E 35 5 15 0
E 368 8 368 0
E 36 4 15 0
E 258 8 258 0
E 37 6 37 0
E 148 8 148 0
E 38 6 38 0
E 38 8 38 0
E 42 1 2 0
E 46 1 3 0
E 42 12 45 0
E 51 1 2 0
E 55 1 15 0
E 51 12 54 0
E 60 1 2 0
E 64 1 36 0
E 60 12 63 0
E 69 1 2 0
E 73 1 38 0
E 69 12 72 0
E 78 1 37 0
E 82 1 3 0
E 78 12 81 0
E 87 1 37 0
E 91 1 15 0
E 87 12 90 0
E 96 1 37 0
E 100 1 36 0
E 96 12 99 0
E 105 1 37 0
E 109 1 38 0
E 105 12 108 0
E 111 13 111 11
E 111 2 111 0
E 111 6 111 0
E 111 1 2 0
E 111 1 38 0
E 333 8 333 0
E 112 5 38 0
E 113 5 112 0
E 117 1 112 0
E 121 1 113 0
E 117 12 120 0
E 123 13 123 14
E 123 2 123 0
E 123 6 123 0
E 123 1 112 0
E 123 1 113 0
E 113 3 113 0
E 123 3 123 0
E 124 5 113 0
E 235 8 235 0
E 125 4 113 0
E 129 1 112 0
E 133 1 113 0
E 129 12 132 0
E 138 1 112 0
E 142 1 125 0
E 138 12 141 0
E 144 13 144 16
E 144 2 144 0
E 144 6 144 0
E 144 1 112 0
E 144 1 125 0
E 125 3 125 0
E 144 3 144 0
E 145 5 125 0
E 368 9 368 11
E 146 4 125 0
E 147 6 147 0
E 148 6 148 0
E 152 1 112 0
E 156 1 113 0
E 152 12 155 0
E 161 1 112 0
E 165 1 125 0
E 161 12 164 0
E 170 1 112 0
E 174 1 146 0
E 170 12 173 0
E 179 1 112 0
E 183 1 148 0
E 179 12 182 0
E 188 1 147 0
E 192 1 113 0
E 188 12 191 0
E 197 1 147 0
E 201 1 125 0
E 197 12 200 0
E 206 1 147 0
E 210 1 146 0
E 206 12 209 0
E 215 1 147 0
E 219 1 148 0
E 215 12 218 0
E 221 13 221 22
E 221 2 221 0
E 221 6 221 0
E 221 1 112 0
E 221 1 148 0
E 333 9 333 3
E 222 5 148 0
E 223 5 222 0
E 227 1 222 0
E 231 1 223 0
E 227 12 230 0
E 233 13 233 25
E 233 2 233 0
E 233 6 233 0
E 233 1 222 0
E 233 1 223 0
E 223 3 223 0
E 233 3 233 0
E 234 5 223 0
E 345 8 345 0
E 235 4 223 0
E 239 1 222 0
E 243 1 223 0
E 239 12 242 0
E 248 1 222 0
E 252 1 235 0
E 248 12 251 0
E 254 13 254 27
E 254 2 254 0
E 254 6 254 0
E 254 1 222 0
E 254 1 235 0
E 235 3 235 0
E 254 3 254 0
E 255 5 235 0
E 367 9 367 9
E 256 4 235 0
E 257 6 257 0
E 258 6 258 0
E 262 1 222 0
E 266 1 223 0
E 262 12 265 0
E 271 1 222 0
E 275 1 235 0
E 271 12 274 0
E 280 1 222 0
E 284 1 256 0
E 280 12 283 0
E 289 1 222 0
E 293 1 258 0
E 289 12 292 0
E 298 1 257 0
E 302 1 223 0
E 298 12 301 0
E 307 1 257 0
E 311 1 235 0
E 307 12 310 0
E 316 1 257 0
E 320 1 256 0
E 316 12 319 0
E 325 1 257 0
E 329 1 258 0
E 325 12 328 0
E 331 13 331 33
E 331 2 331 0
E 331 6 331 0
E 331 1 222 0
E 331 1 258 0
E 332 9 332 2
E 332 5 258 0
E 333 5 332 0
E 337 1 332 0
E 341 1 333 0
E 337 12 340 0
E 343 13 343 36
E 343 2 343 0
E 343 6 343 0
E 343 1 332 0
E 343 1 333 0
E 333 3 333 0
E 343 3 343 0
E 344 5 333 0
E 345 9 345 5
E 345 4 333 0
E 349 1 332 0
E 353 1 333 0
E 349 12 352 0
E 358 1 332 0
E 362 1 345 0
E 358 12 361 0
E 364 13 364 38
E 364 2 364 0
E 364 6 364 0
E 364 1 332 0
E 364 1 345 0
E 345 3 345 0
E 364 3 364 0
E 365 5 345 0
E 366 9 366 7
E 366 4 345 0
E 367 6 367 0
E 368 6 368 0
E 372 1 332 0
E 376 1 333 0
E 372 12 375 0
E 381 1 332 0
E 385 1 345 0
E 381 12 384 0
E 390 1 332 0
E 394 1 366 0
E 390 12 393 0
E 399 1 332 0
E 403 1 368 0
E 399 12 402 0
E 408 1 367 0
E 412 1 333 0
E 408 12 411 0
E 417 1 367 0
E 421 1 345 0
E 417 12 420 0
E 426 1 367 0
E 430 1 366 0
E 426 12 429 0
E 435 1 367 0
E 439 1 368 0
E 435 12 438 0
E 441 13 441 44
E 441 2 441 0
E 441 6 441 0
E 441 1 332 0
E 441 1 368 0
DUMP-END
