T1P1 Q v=93406 livemap=1 id=24 f28=93406
T1P1 DT dep->4 tag=1 o=93351 sup=0
T1P1 DT dep->5 tag=1 o=93406 sup=0
T1P1 DT-LATER
T1P1 DT ok
T1P2 Q v=93416 livemap=1 id=47 f28=93416
T1P2 DT dep->27 tag=1 o=93352 sup=0
T1P2 DT dep->28 tag=1 o=93416 sup=0
T1P2 DT-LATER
T1P2 DT ok
T1P3 Q v=93426 livemap=1 id=70 f28=93426
T1P3 DT dep->50 tag=1 o=93353 sup=0
T1P3 DT dep->51 tag=1 o=93426 sup=0
T1P3 DT-LATER
T1P3 DT ok
T1P4 Q v=93436 livemap=1 id=93 f28=93436
T1P4 DT dep->73 tag=1 o=93354 sup=0
T1P4 DT dep->74 tag=1 o=93436 sup=0
T1P4 DT-LATER
T1P4 DT ok
T1 MAPCON-ALL=0
T1 DONE-OK
DUMP-BEGIN
H 0 20
H 4 12
H 8 2
H 12 -1
H 16 2048
H 20 92
H 24 72
H 28 20
H 32 93304
H 36 93104
H 40 93354
H 44 93104
H 48 0
H 52 0
H 56 0
H 60 0
N 2 1 0 0 0 0 93101 9301 93301 1 1
N 3 1 0 0 0 0 93301 9302 93405 2 1
N 4 1 0 0 0 0 93101 9303 93351 3 1
N 5 1 0 0 0 0 93351 9304 93406 4 1
N 6 902 0 0 0 0 93101 0 0 0 1
N 7 902 0 0 0 0 93301 0 0 0 1
N 8 102 1000 6 9 0 0 0 0 0 1
N 9 101 1000 7 0 0 0 0 0 0 1
N 10 902 0 0 0 0 93301 0 0 0 1
N 11 902 0 0 0 0 93405 0 0 0 1
N 12 102 1000 10 13 0 0 0 0 0 1
N 13 101 1000 11 0 0 0 0 0 0 1
N 14 902 0 0 0 0 93405 0 0 0 1
N 15 902 0 0 0 0 93101 0 0 0 1
N 16 902 0 0 0 0 93351 0 0 0 1
N 17 102 1000 15 18 0 0 0 0 0 1
N 18 101 1000 16 0 0 0 0 0 0 1
N 19 902 0 0 0 0 93351 0 0 0 1
N 20 902 0 0 0 0 93406 0 0 0 1
N 21 102 1000 19 22 0 0 0 0 0 1
N 22 101 1000 20 0 0 0 0 0 0 1
N 23 902 0 0 0 0 93406 0 0 0 1
N 24 20 9305 93101 -1 -1 17 14 93406 0 1
N 25 1 0 0 0 0 93102 9301 93302 6 1
N 26 1 0 0 0 0 93302 9302 93415 7 1
N 27 1 0 0 0 0 93102 9303 93352 8 1
N 28 1 0 0 0 0 93352 9304 93416 9 1
N 29 902 0 0 0 0 93102 0 0 0 1
N 30 902 0 0 0 0 93302 0 0 0 1
N 31 102 1000 29 32 0 0 0 0 0 1
N 32 101 1000 30 0 0 0 0 0 0 1
N 33 902 0 0 0 0 93302 0 0 0 1
N 34 902 0 0 0 0 93415 0 0 0 1
N 35 102 1000 33 36 0 0 0 0 0 1
N 36 101 1000 34 0 0 0 0 0 0 1
N 37 902 0 0 0 0 93415 0 0 0 1
N 38 902 0 0 0 0 93102 0 0 0 1
N 39 902 0 0 0 0 93352 0 0 0 1
N 40 102 1000 38 41 0 0 0 0 0 1
N 41 101 1000 39 0 0 0 0 0 0 1
N 42 902 0 0 0 0 93352 0 0 0 1
N 43 902 0 0 0 0 93416 0 0 0 1
N 44 102 1000 42 45 0 0 0 0 0 1
N 45 101 1000 43 0 0 0 0 0 0 1
N 46 902 0 0 0 0 93416 0 0 0 1
N 47 20 9305 93102 -1 -1 40 34 93416 0 1
N 48 1 0 0 0 0 93103 9301 93303 11 1
N 49 1 0 0 0 0 93303 9302 93425 12 1
N 50 1 0 0 0 0 93103 9303 93353 13 1
N 51 1 0 0 0 0 93353 9304 93426 14 1
N 52 902 0 0 0 0 93103 0 0 0 1
N 53 902 0 0 0 0 93303 0 0 0 1
N 54 102 1000 52 55 0 0 0 0 0 1
N 55 101 1000 53 0 0 0 0 0 0 1
N 56 902 0 0 0 0 93303 0 0 0 1
N 57 902 0 0 0 0 93425 0 0 0 1
N 58 102 1000 56 59 0 0 0 0 0 1
N 59 101 1000 57 0 0 0 0 0 0 1
N 60 902 0 0 0 0 93425 0 0 0 1
N 61 902 0 0 0 0 93103 0 0 0 1
N 62 902 0 0 0 0 93353 0 0 0 1
N 63 102 1000 61 64 0 0 0 0 0 1
N 64 101 1000 62 0 0 0 0 0 0 1
N 65 902 0 0 0 0 93353 0 0 0 1
N 66 902 0 0 0 0 93426 0 0 0 1
N 67 102 1000 65 68 0 0 0 0 0 1
N 68 101 1000 66 0 0 0 0 0 0 1
N 69 902 0 0 0 0 93426 0 0 0 1
N 70 20 9305 93103 -1 -1 63 51 93426 0 1
N 71 1 0 0 0 0 93104 9301 93304 16 1
N 72 1 0 0 0 0 93304 9302 93435 17 1
N 73 1 0 0 0 0 93104 9303 93354 18 1
N 74 1 0 0 0 0 93354 9304 93436 19 1
N 75 902 0 0 0 0 93104 0 0 0 1
N 76 902 0 0 0 0 93304 0 0 0 1
N 77 102 1000 75 78 0 0 0 0 0 1
N 78 101 1000 76 0 0 0 0 0 0 1
N 79 902 0 0 0 0 93304 0 0 0 1
N 80 902 0 0 0 0 93435 0 0 0 1
N 81 102 1000 79 82 0 0 0 0 0 1
N 82 101 1000 80 0 0 0 0 0 0 1
N 83 902 0 0 0 0 93435 0 0 0 1
N 84 902 0 0 0 0 93104 0 0 0 1
N 85 902 0 0 0 0 93354 0 0 0 1
N 86 102 1000 84 87 0 0 0 0 0 1
N 87 101 1000 85 0 0 0 0 0 0 1
N 88 902 0 0 0 0 93354 0 0 0 1
N 89 902 0 0 0 0 93436 0 0 0 1
N 90 102 1000 88 91 0 0 0 0 0 1
N 91 101 1000 89 0 0 0 0 0 0 1
N 92 902 0 0 0 0 93436 0 0 0 1
N 93 20 9305 93104 -1 -1 86 67 93436 0 1
E 50 9 50 5
E 51 9 51 6
E 3 5 2 0
E 51 8 51 0
E 4 5 3 0
E 71 9 71 8
E 5 5 4 0
E 5 8 5 0
E 9 1 2 0
E 13 1 3 0
E 9 12 12 0
E 18 1 4 0
E 22 1 5 0
E 18 12 21 0
E 24 13 24 5
E 24 2 24 0
E 24 6 24 0
E 24 1 4 0
E 24 1 5 0
E 73 9 73 10
E 25 5 5 0
E 74 9 74 11
E 26 5 25 0
E 74 8 74 0
E 27 5 26 0
E 28 9 28 1
E 28 5 27 0
E 28 8 28 0
E 32 1 25 0
E 36 1 26 0
E 32 12 35 0
E 41 1 27 0
E 45 1 28 0
E 41 12 44 0
E 47 13 47 10
E 47 2 47 0
E 47 6 47 0
E 47 1 27 0
E 47 1 28 0
E 48 9 48 3
E 48 5 28 0
E 49 9 49 4
E 49 5 48 0
E 50 5 49 0
E 51 5 50 0
E 55 1 48 0
E 59 1 49 0
E 55 12 58 0
E 64 1 50 0
E 68 1 51 0
E 64 12 67 0
E 70 13 70 15
E 70 2 70 0
E 70 6 70 0
E 70 1 50 0
E 70 1 51 0
E 71 5 51 0
E 72 9 72 9
E 72 5 71 0
E 73 5 72 0
E 74 5 73 0
E 78 1 71 0
E 82 1 72 0
E 78 12 81 0
E 87 1 73 0
E 91 1 74 0
E 87 12 90 0
E 93 13 93 20
E 93 2 93 0
E 93 6 93 0
E 93 1 73 0
E 93 1 74 0
DUMP-END
