TILES 8x8: idx sse_gen sse_bic
0 2912752 1090341
1 797464 17125
2 675727 20711
3 1258157 35729
4 1781881 19942
5 1063920 49583
6 1633006 6182
7 15094 15272
8 2589677 1050311
9 194240 11438
10 338598 43505
11 255468 48964
12 551846 47409
13 1149031 42108
14 530201 29581
15 59531 34423
16 4035451 1136099
17 973210 26391
18 862912 12482
19 3862574 31575
20 3242258 69068
21 2468115 17833
22 4860448 169427
23 5088619 1505530
24 2871384 1077167
25 8698783 1674263
26 9552496 1840041
27 12993164 1995585
28 13107045 2286495
29 12125807 1937561
30 11271297 1253063
31 4008664 1435285
32 4183652 1652107
33 2529880 829818
34 4360728 1432372
35 7114380 652547
36 11315546 1178886
37 7921643 1454926
38 7796321 1241271
39 3623367 1577893
40 3560224 899349
41 3780850 928900
42 3152700 982920
43 10766243 1402203
44 8718490 1257284
45 6041390 121060
46 14906519 654881
47 1964905 459578
48 4280863 1299824
49 4656076 1130577
50 4018302 2015847
51 3931811 1456499
52 2184530 224830
53 1448991 58841
54 2858884 335724
55 3560773 951109
56 4282547 1190392
57 2973091 1395592
58 1888071 972840
59 1475632 143381
60 3722862 161015
61 3738374 83701
62 549313 202189
63 5331739 1685271
