WORLD_BEGIN
OBSERVED 40101 40501 40801
OBSERVED 40101 40502 40802
OBSERVED 40102 40501 40801
OBSERVED 40102 40502 40802
OBSERVED 40103 40503 40803
OBSERVED 40103 40504 40804
OBSERVED 40104 40503 40803
OBSERVED 40104 40504 40804
OBSERVED 40105 40501 40802
OBSERVED 40105 40502 40801
OBSERVED 40105 40503 40804
OBSERVED 40105 40504 40803
ANSWER 40106 40501 -2
ANSWER 40106 40502 -2
ANSWER 40106 40503 -2
ANSWER 40106 40504 -2
ANSWER 40107 40501 -2
ANSWER 40107 40502 -2
ANSWER 40107 40503 -2
ANSWER 40107 40504 -2
ANSWER 40105 40501 40802
ANSWER 40105 40502 40801
ANSWER 40105 40503 40804
ANSWER 40105 40504 40803
WORLD_END events=24 answers=12
STATE_SAVED
