OBSERVE 40101 40501 40801
OBSERVE 40101 40502 40802
OBSERVE 40102 40501 40801
OBSERVE 40102 40502 40802
OBSERVE 40103 40503 40803
OBSERVE 40103 40504 40804
OBSERVE 40104 40503 40803
OBSERVE 40104 40504 40804
OBSERVE 40105 40501 40802
OBSERVE 40105 40502 40801
OBSERVE 40105 40503 40804
OBSERVE 40105 40504 40803
QUERY 40106 40501 40801
QUERY 40106 40502 40802
QUERY 40106 40503 40803
QUERY 40106 40504 40804
QUERY 40107 40501 40801
QUERY 40107 40502 40802
QUERY 40107 40503 40803
QUERY 40107 40504 40804
QUERY 40105 40501 40801
QUERY 40105 40502 40802
QUERY 40105 40503 40803
QUERY 40105 40504 40804
