WORLD_BEGIN
OBSERVED 42901 42950 42911
OBSERVED 42902 42950 42912
OBSERVED 42903 42950 42913
OBSERVED 42904 42950 42914
OBSERVED 42905 42950 42915
OBSERVED 42906 42950 42916
OBSERVED 42101 42500 42104
OBSERVED 42102 42500 42105
OBSERVED 42103 42500 42106
OBSERVED 42104 42500 42107
OBSERVED 42105 42500 42108
OBSERVED 42106 42500 42109
OBSERVED 42107 42500 42110
OBSERVED 42108 42500 42111
ANSWER 42101 42501 42104
ANSWER 42102 42501 42105
ANSWER 42103 42501 42106
ANSWER 42104 42501 42107
OBSERVED 42101 42500 42110
OBSERVED 42102 42500 42107
OBSERVED 42103 42500 42108
OBSERVED 42104 42500 42109
OBSERVED 42801 42850 42811
OBSERVED 42802 42850 42812
OBSERVED 42803 42850 42813
OBSERVED 42804 42850 42814
OBSERVED 42805 42850 42815
OBSERVED 42806 42850 42816
OBSERVED 42807 42850 42817
OBSERVED 42808 42850 42818
OBSERVED 42809 42850 42819
OBSERVED 42810 42850 42820
OBSERVED 42811 42850 42821
OBSERVED 42812 42850 42822
ANSWER 42101 42501 42110
ANSWER 42102 42501 42107
ANSWER 42103 42501 42108
ANSWER 42104 42501 42109
ANSWER 42105 42501 -2
ANSWER 42106 42501 -2
ANSWER 42901 42950 42911
ANSWER 42902 42950 42912
ANSWER 42903 42950 42913
ANSWER 42904 42950 42914
ANSWER 42905 42950 42915
ANSWER 42906 42950 42916
WORLD_END events=46 answers=16
STATE_SAVED
