OBSERVE 42901 42950 42911
OBSERVE 42902 42950 42912
OBSERVE 42903 42950 42913
OBSERVE 42904 42950 42914
OBSERVE 42905 42950 42915
OBSERVE 42906 42950 42916
OBSERVE 42101 42500 42104
OBSERVE 42102 42500 42105
OBSERVE 42103 42500 42106
OBSERVE 42104 42500 42107
OBSERVE 42105 42500 42108
OBSERVE 42106 42500 42109
OBSERVE 42107 42500 42110
OBSERVE 42108 42500 42111
QUERY 42101 42501 42104
QUERY 42102 42501 42105
QUERY 42103 42501 42106
QUERY 42104 42501 42107
OBSERVE 42101 42500 42110
OBSERVE 42102 42500 42107
OBSERVE 42103 42500 42108
OBSERVE 42104 42500 42109
OBSERVE 42801 42850 42811
OBSERVE 42802 42850 42812
OBSERVE 42803 42850 42813
OBSERVE 42804 42850 42814
OBSERVE 42805 42850 42815
OBSERVE 42806 42850 42816
OBSERVE 42807 42850 42817
OBSERVE 42808 42850 42818
OBSERVE 42809 42850 42819
OBSERVE 42810 42850 42820
OBSERVE 42811 42850 42821
OBSERVE 42812 42850 42822
QUERY 42101 42501 42104
QUERY 42102 42501 42107
QUERY 42103 42501 42108
QUERY 42104 42501 42109
QUERY 42105 42501 42110
QUERY 42106 42501 42111
QUERY 42901 42950 42911
QUERY 42902 42950 42912
QUERY 42903 42950 42913
QUERY 42904 42950 42914
QUERY 42905 42950 42915
QUERY 42906 42950 42916
