QPA01|1|1,1,0|1|1|0
QPA02|1|1,1,0|1|1|0
QPA03|1|1,1,0|1|1|0
QPA04|1|1,1,0|1|1|0
QPA05|1|1,1,0|1|1|0
QPZ01|1|1,1,0|1|1|0
QPZ02|1|1,1,0|1|1|0
QPZ03|1|1,1,0|1|1|0
QPZ04|1|1,1,0|1|1|0
QPZ05|1|1,1,0|1|1|0
QPC01|1|1,0,0|11|1|0
QPC02|1|1,0,0|11|1|0
QPC03|1|1,0,0|11|1|0
QPC04|1|1,0,0|11|1|0
QPC05|1|1,0,0|11|1|0
QPC06|1|1,0,0|11|1|0
QPC07|1|1,0,0|11|1|0
QPC08|1|1,0,0|11|1|0
QPC09|1|1,0,0|11|1|0
QPC10|1|1,0,0|11|1|0
QPD01|3|0,0,0|1|1|0
QX101|3|0,0,0|1|1|0
QX102|3|0,0,0|1|1|0
QX103|3|0,0,0|1|1|0
QX104|3|0,0,0|1|1|0
QX105|3|0,0,0|1|1|0
QX106|3|0,0,0|1|1|0
QX201|3|0,0,0|1|1|0
QX202|3|0,0,0|1|1|0
QX203|3|0,0,0|1|1|0
QX204|3|0,0,0|1|1|0
QX205|3|0,0,0|1|1|0
QX206|3|0,0,0|1|1|0
QX301|3|0,0,0|1|1|0
QX302|3|0,0,0|1|1|0
QX303|3|0,0,0|1|1|0
QX304|3|0,0,0|1|1|0
QX305|3|0,0,0|1|1|0
QX306|3|0,0,0|1|1|0
QP01|3|0,0,0|11|1|1
QP02|3|0,0,0|1|1|1
QP03|3|0,0,0|1|1|1
QP04|3|0,0,0|2|1|0
QP05|3|0,0,0|3|1|1
QP06|3|0,0,0|1|1|1
QN01|3|0,0,0|0|0|0
QN02|3|0,0,0|0|0|0
QN03|3|0,0,0|0|0|0
QN04|3|0,0,0|0|0|0
QN05|3|0,0,0|0|0|0
QN06|3|0,0,0|0|0|0
