QFR01|3|0,0,0|25|1|1
QFR02|3|0,0,0|25|1|1
QFR03|3|0,0,0|25|1|1
QFR04|3|0,0,0|25|1|1
QFR05|3|0,0,0|25|1|1
QFR06|3|0,0,0|26|1|1
QD1|3|0,0,0|0|0|0
QD2|3|0,0,0|0|0|0
QD3|3|0,0,0|25|1|1
QD4|3|0,0,0|0|0|0
QD5|3|0,0,0|0|0|0
QD6|3|0,0,0|0|0|0
QAN1|3|0,0,0|25|1|1
QAN2|3|0,0,0|0|0|0
QAN3|3|0,0,0|0|0|0
QAN4|3|0,0,0|0|0|0
QAN5|3|0,0,0|0|0|0
QAN6|3|0,0,0|25|1|1
QMH1|3|0,0,0|25|1|1
QMH2|3|0,0,0|26|1|1
QMH3|3|0,0,0|26|1|1
QMH4|3|0,0,0|25|1|1
QMO1|3|0,0,0|25|1|1
QMO2|3|0,0,0|25|1|1
QMO3|3|0,0,0|0|0|0
QMO4|3|0,0,0|25|1|1
