o 43 29 44 0
o 43 29 77 0
o 43 29 13 0
o 43 29 82 0
o 43 29 66 0
o 43 29 95 0
o 43 29 58 1
o 43 44 29 1
o 43 44 77 0
o 43 44 13 0
o 43 44 82 0
o 43 44 66 0
o 43 44 95 0
o 43 44 58 1
o 43 77 29 1
o 43 77 44 1
o 43 77 13 1
o 43 77 82 1
o 43 77 95 1
o 43 77 58 1
o 43 13 29 1
o 43 13 44 1
o 43 13 77 0
o 43 13 66 0
o 43 13 58 1
o 43 82 29 1
o 43 82 44 1
o 43 82 77 0
o 43 82 13 0
o 43 82 66 0
o 43 82 95 0
o 43 82 58 1
o 43 66 29 1
o 43 66 44 1
o 43 66 77 0
o 43 66 13 1
o 43 66 82 1
o 43 66 95 1
o 43 66 58 1
o 43 95 29 1
o 43 95 44 1
o 43 95 77 0
o 43 95 13 1
o 43 95 82 1
o 43 95 66 0
o 43 95 58 1
o 43 58 29 0
o 43 58 44 0
o 43 58 77 0
o 43 58 13 0
o 43 58 82 0
o 43 58 66 0
o 43 58 95 0
o 88 29 44 0
o 88 29 77 0
o 88 29 13 0
o 88 29 82 0
o 88 29 66 0
o 88 29 95 0
o 88 29 58 1
o 88 44 29 1
o 88 44 77 0
o 88 44 13 0
o 88 44 82 0
o 88 44 66 0
o 88 44 95 0
o 88 44 58 1
o 88 77 29 1
o 88 77 44 1
o 88 77 13 0
o 88 77 82 0
o 88 77 95 0
o 88 77 58 1
o 88 13 29 1
o 88 13 44 1
o 88 13 77 1
o 88 13 66 1
o 88 13 58 1
o 88 82 29 1
o 88 82 44 1
o 88 82 77 1
o 88 82 13 1
o 88 82 66 1
o 88 82 95 1
o 88 82 58 1
o 88 66 29 1
o 88 66 44 1
o 88 66 77 1
o 88 66 13 0
o 88 66 82 0
o 88 66 95 0
o 88 66 58 1
o 88 95 29 1
o 88 95 44 1
o 88 95 77 1
o 88 95 13 0
o 88 95 82 0
o 88 95 66 1
o 88 95 58 1
o 88 58 29 0
o 88 58 44 0
o 88 58 77 0
o 88 58 13 0
o 88 58 82 0
o 88 58 66 0
o 88 58 95 0
