OBSERVE 31001 31501 31801
OBSERVE 31001 31502 31802
OBSERVE 31001 31503 31803
OBSERVE 31001 31504 31804
OBSERVE 31001 31505 31805
OBSERVE 31001 31506 31806
OBSERVE 31002 31501 31801
OBSERVE 31002 31502 31802
OBSERVE 31002 31503 31803
OBSERVE 31002 31504 31804
OBSERVE 31002 31505 31805
OBSERVE 31002 31506 31806
OBSERVE 31003 31501 31801
OBSERVE 31003 31502 31802
OBSERVE 31003 31503 31803
OBSERVE 31003 31504 31804
OBSERVE 31003 31505 31805
OBSERVE 31003 31506 31806
QUERY 31004 31501 31801
QUERY 31004 31502 31802
QUERY 31004 31503 31803
QUERY 31004 31504 31804
QUERY 31005 31501 31801
QUERY 31005 31502 31802
QUERY 31005 31503 31803
QUERY 31005 31504 31804
