OBSERVE 32001 32501 2
OBSERVE 32001 32502 3
OBSERVE 32001 32500 6
OBSERVE 32002 32501 2
OBSERVE 32002 32502 4
OBSERVE 32002 32500 8
OBSERVE 32003 32501 3
OBSERVE 32003 32502 3
OBSERVE 32003 32500 9
OBSERVE 32004 32501 2
OBSERVE 32004 32502 5
OBSERVE 32004 32500 10
OBSERVE 32005 32501 3
OBSERVE 32005 32502 4
OBSERVE 32005 32500 12
OBSERVE 32006 32501 2
OBSERVE 32006 32502 6
OBSERVE 32006 32500 12
OBSERVE 32007 32501 4
OBSERVE 32007 32502 4
OBSERVE 32007 32500 16
OBSERVE 32008 32501 3
OBSERVE 32008 32502 5
OBSERVE 32008 32500 15
OBSERVE 32011 32501 4
OBSERVE 32011 32502 5
QUERY 32011 32500 20
OBSERVE 32012 32501 5
OBSERVE 32012 32502 5
QUERY 32012 32500 25
OBSERVE 32013 32501 3
OBSERVE 32013 32502 6
QUERY 32013 32500 18
OBSERVE 32014 32501 4
OBSERVE 32014 32502 6
QUERY 32014 32500 24
OBSERVE 32015 32501 5
OBSERVE 32015 32502 3
QUERY 32015 32500 15
OBSERVE 32016 32501 6
OBSERVE 32016 32502 4
QUERY 32016 32500 24
OBSERVE 32017 32501 5
OBSERVE 32017 32502 6
QUERY 32017 32500 30
OBSERVE 32018 32501 6
OBSERVE 32018 32502 5
QUERY 32018 32500 30
OBSERVE 32019 32501 4
OBSERVE 32019 32502 3
QUERY 32019 32500 12
OBSERVE 32020 32501 6
OBSERVE 32020 32502 6
QUERY 32020 32500 36
