OBSERVE 33101 33501 10
OBSERVE 33102 33501 20
OBSERVE 33103 33501 30
OBSERVE 33104 33501 40
OBSERVE 33105 33501 50
OBSERVE 33106 33501 60
OBSERVE 33107 33501 70
OBSERVE 33108 33501 80
OBSERVE 33109 33501 90
OBSERVE 33110 33501 100
OBSERVE 33111 33501 110
OBSERVE 33112 33501 120
QUERY 33101 33501 10
QUERY 33102 33501 20
QUERY 33103 33501 30
QUERY 33104 33501 40
QUERY 33105 33501 50
QUERY 33106 33501 60
QUERY 33107 33501 70
QUERY 33108 33501 80
QUERY 33109 33501 90
QUERY 33110 33501 100
QUERY 33111 33501 110
QUERY 33112 33501 120
OBSERVE 33101 33501 15
OBSERVE 33102 33501 25
OBSERVE 33103 33501 35
OBSERVE 33104 33501 45
OBSERVE 33105 33501 55
OBSERVE 33106 33501 65
OBSERVE 33107 33501 75
OBSERVE 33108 33501 85
OBSERVE 33109 33501 95
OBSERVE 33110 33501 105
OBSERVE 33111 33501 115
OBSERVE 33112 33501 125
QUERY 33101 33501 15
QUERY 33102 33501 25
QUERY 33103 33501 35
QUERY 33104 33501 45
QUERY 33105 33501 55
QUERY 33106 33501 65
QUERY 33107 33501 75
QUERY 33108 33501 85
QUERY 33109 33501 95
QUERY 33110 33501 105
QUERY 33111 33501 115
QUERY 33112 33501 125
OBSERVE 33101 33501 10
OBSERVE 33102 33501 20
OBSERVE 33103 33501 30
OBSERVE 33104 33501 40
OBSERVE 33105 33501 50
OBSERVE 33106 33501 60
OBSERVE 33107 33501 70
OBSERVE 33108 33501 80
OBSERVE 33109 33501 90
OBSERVE 33110 33501 100
OBSERVE 33111 33501 110
OBSERVE 33112 33501 120
QUERY 33101 33501 10
QUERY 33102 33501 20
QUERY 33103 33501 30
QUERY 33104 33501 40
QUERY 33105 33501 50
QUERY 33106 33501 60
QUERY 33107 33501 70
QUERY 33108 33501 80
QUERY 33109 33501 90
QUERY 33110 33501 100
QUERY 33111 33501 110
QUERY 33112 33501 120
