OBSERVE 38102 38501 38101
OBSERVE 38103 38501 38101
OBSERVE 38104 38501 38102
OBSERVE 38105 38501 38103
OBSERVE 38106 38501 38102
OBSERVE 38107 38501 38104
OBSERVE 38108 38501 38105
OBSERVE 38109 38501 38104
OBSERVE 38109 38501 38103
OBSERVE 38110 38501 38106
OBSERVE 38111 38501 38107
OBSERVE 38112 38501 38108
OBSERVE 38113 38501 38109
OBSERVE 38114 38501 38110
OBSERVE 38114 38501 38106
OBSERVE 38115 38501 38110
QUERY 38109 38502 1
QUERY 38113 38502 1
QUERY 38115 38502 1
QUERY 38114 38502 1
QUERY 38109 38502 1
QUERY 38111 38502 1
QUERY 38112 38502 1
QUERY 38107 38502 1
QUERY 38110 38502 1
QUERY 38113 38502 1
QUERY 38101 38502 0
QUERY 38102 38502 0
QUERY 38104 38502 0
QUERY 38107 38502 0
QUERY 38110 38502 0
QUERY 38105 38502 0
QUERY 38108 38502 0
QUERY 38106 38502 0
QUERY 38111 38502 0
QUERY 38115 38502 0
QUERY 38102 38503 1
QUERY 38104 38503 2
QUERY 38109 38503 2
QUERY 38113 38503 3
QUERY 38111 38503 4
QUERY 38112 38503 4
QUERY 38115 38503 4
QUERY 38114 38503 3
QUERY 38107 38503 2
QUERY 38113 38503 3
QUERY 38007 38502 1
QUERY 38012 38503 3
QUERY 38015 38503 4
QUERY 38001 38502 0
QUERY 38011 38503 3
