OBSERVE 38002 38501 38001
OBSERVE 38003 38501 38001
OBSERVE 38004 38501 38002
OBSERVE 38005 38501 38002
OBSERVE 38006 38501 38003
OBSERVE 38007 38501 38004
OBSERVE 38008 38501 38004
OBSERVE 38009 38501 38005
OBSERVE 38010 38501 38006
OBSERVE 38011 38501 38007
OBSERVE 38012 38501 38008
OBSERVE 38013 38501 38009
OBSERVE 38014 38501 38010
OBSERVE 38015 38501 38011
OBSERVE 38007 38501 38003
OBSERVE 38012 38501 38005
QUERY 38007 38502 1
QUERY 38012 38502 1
QUERY 38015 38502 1
QUERY 38011 38502 1
QUERY 38012 38502 1
QUERY 38009 38502 1
QUERY 38014 38502 1
QUERY 38006 38502 1
QUERY 38013 38502 1
QUERY 38004 38502 1
QUERY 38001 38502 0
QUERY 38002 38502 0
QUERY 38004 38502 0
QUERY 38010 38502 0
QUERY 38006 38502 0
QUERY 38009 38502 0
QUERY 38003 38502 0
QUERY 38008 38502 0
QUERY 38013 38502 0
QUERY 38005 38502 0
QUERY 38002 38503 1
QUERY 38007 38503 2
QUERY 38012 38503 3
QUERY 38011 38503 3
QUERY 38015 38503 4
QUERY 38014 38503 4
QUERY 38004 38503 2
QUERY 38009 38503 3
QUERY 38010 38503 3
QUERY 38013 38503 3
