LH,0,1,2,1,0,0
LH,1,1,1,0,0,0
LH,2,2,2,1,0,0
LH,3,3,3,1,0,0
LH,4,4,4,1,0,0
LH,5,5,5,1,0,0
LH,6,5,5,0,0,0
LH,7,6,6,1,0,0
LH,8,6,5,0,0,0
LH,9,7,6,1,0,0
LH,10,8,7,1,0,0
LH,11,9,8,1,0,0
LH,12,10,9,1,0,0
LH,13,10,8,0,0,0
LH,14,11,9,1,0,0
LH,15,12,10,1,0,0
LH,16,13,11,1,0,0
LH,17,14,12,1,0,0
LH,18,14,12,0,0,0
LH,19,15,13,1,0,0
LH,20,15,12,0,0,0
LH,21,16,13,1,0,0
LH,22,17,14,1,0,0
LH,23,18,15,1,0,0
LH,24,19,16,1,0,0
LH,25,19,15,0,0,0
LH,26,20,16,1,0,0
LH,27,21,17,1,0,0
LH,28,22,18,1,0,0
LH,29,23,19,1,0,0
LH,30,23,19,0,0,0
LH,31,24,20,1,0,0
LH,32,24,19,0,0,0
LH,33,25,20,1,0,0
LH,34,26,21,1,0,0
LH,35,27,22,1,0,0
LH,36,28,23,1,0,0
LH,37,28,22,0,0,0
LH,38,29,23,1,0,0
LH,39,30,24,1,0,0
LH,40,31,25,1,0,0
LH,41,32,26,1,0,0
LH,42,32,26,0,0,0
LH,43,33,27,1,0,0
LH,44,33,26,0,0,0
LH,45,34,27,1,0,0
LH,46,35,28,1,0,0
LH,47,36,29,1,0,0
LH,48,37,30,1,0,0
LH,49,37,29,0,0,0
LH,50,38,30,1,0,0
LH,51,39,31,1,0,0
LH,52,40,32,1,0,0
LH,53,41,33,1,0,0
LH,54,41,33,0,0,0
LH,55,42,34,1,0,0
LH,56,42,33,0,0,0
LH,57,43,34,1,0,0
LH,58,44,35,1,0,0
LH,59,45,36,1,0,0
LH,60,46,37,1,0,0
LH,61,46,36,0,0,0
LH,62,47,37,1,0,0
LH,63,48,38,1,0,0
LH,64,49,39,1,0,0
LH,65,50,40,1,0,0
LH,66,50,40,0,0,0
LH,67,51,41,1,0,0
LH,68,51,40,0,0,0
LH,69,52,41,1,0,0
LH,70,53,42,1,0,0
LH,71,54,43,1,0,0
LH,72,55,44,1,0,0
LH,73,55,43,0,0,0
LH,74,56,44,1,0,0
LH,75,57,45,1,0,0
LH,76,58,46,1,0,0
LH,77,59,47,1,0,0
LH,78,59,47,0,0,0
LH,79,60,48,1,0,0
LH,80,60,47,0,0,0
LH,81,61,48,1,0,0
LH,82,62,49,1,0,0
LH,83,63,50,1,0,0
LH,84,64,51,1,0,0
LH,85,64,50,0,0,0
LH,86,64,50,0,0,1
LH,87,64,50,0,0,1
LH,88,64,50,0,0,1
LH,89,64,50,0,0,1
LH,90,64,50,0,0,1
LH,91,64,50,0,0,1
LH,92,64,50,0,0,1
LH,93,64,50,0,0,1
LH,94,64,50,0,0,1
LH,95,64,50,0,0,1
LH,96,64,50,0,0,1
LH,97,64,50,0,0,1
LH,98,64,50,0,0,1
LH,99,64,50,0,0,1
LH,100,64,50,0,0,1
LH,101,64,50,0,0,1
LH,102,64,50,0,0,1
LH,103,64,50,0,0,1
LH,104,64,50,0,0,1
LH,105,64,50,0,0,1
LH,106,64,50,0,0,1
LH,107,64,50,0,0,1
LH,108,64,50,0,0,1
LH,109,64,50,0,0,1
LH,110,64,50,0,0,1
LH,111,64,50,0,0,1
LH,112,64,50,0,0,1
LH,113,64,50,0,0,1
LH,114,64,50,0,0,1
LH,115,64,50,0,0,1
LH,116,64,50,0,0,1
LH,117,64,50,0,0,1
LH,118,64,50,0,0,1
LH,119,64,50,0,0,1
LH,120,64,50,0,0,1
LH,121,64,50,0,0,1
LH,122,64,50,0,0,1
LH,123,64,50,0,0,1
LH,124,64,50,0,0,1
LH,125,64,50,0,0,1
LH,126,64,50,0,0,1
LH,127,64,50,0,0,1
LH,128,64,50,0,0,1
LH,129,64,50,0,0,1
LH,130,64,50,0,0,1
LH,131,64,50,0,0,1
LH,132,64,50,0,0,1
LH,133,64,50,0,0,1
LH,134,64,50,0,0,1
LH,135,64,50,0,0,1
LH,136,64,50,0,0,1
LH,137,64,50,0,0,1
LH,138,64,50,0,0,1
LH,139,64,50,0,0,1
LH,140,64,50,0,0,1
LH,141,64,50,0,0,1
LH,142,64,50,0,0,1
LH,143,64,50,0,0,1
LH,144,64,50,0,0,1
LH,145,64,50,0,0,1
LH,146,64,50,0,0,1
LH,147,64,50,0,0,1
LH,148,64,50,0,0,1
LH,149,64,50,0,0,1
LH,150,64,50,0,0,1
LH,151,64,50,0,0,1
LH,152,64,50,0,0,1
LH,153,64,50,0,0,1
LH,154,64,50,0,0,1
LH,155,64,50,0,0,1
LH,156,64,50,0,0,1
LH,157,64,50,0,0,1
LH,158,64,50,0,0,1
LH,159,64,50,0,0,1
LH,160,64,50,0,0,1
LH,161,64,50,0,0,1
LH,162,64,50,0,0,1
LH,163,64,50,0,0,1
LH,164,64,50,0,0,1
LH,165,64,50,0,0,1
LH,166,64,50,0,0,1
LH,167,64,50,0,0,1
LH,168,64,50,0,0,1
LH,169,64,50,0,0,1
LH,170,64,50,0,0,1
LH,171,64,50,0,0,1
LH,172,64,50,0,0,1
LH,173,64,50,0,0,1
LH,174,64,50,0,0,1
LH,175,64,50,0,0,1
LH,176,64,50,0,0,1
LH,177,64,50,0,0,1
LH,178,64,50,0,0,1
LH,179,64,50,0,0,1
LH,180,64,50,0,0,1
LH,181,64,50,0,0,1
LH,182,64,50,0,0,1
LH,183,64,50,0,0,1
LH,184,64,50,0,0,1
LH,185,64,50,0,0,1
LH,186,64,50,0,0,1
LH,187,64,50,0,0,1
LH,188,64,50,0,0,1
LH,189,64,50,0,0,1
LH,190,64,50,0,0,1
LH,191,64,50,0,0,1
LH,192,64,50,0,0,1
LH,193,64,50,0,0,1
LH,194,64,50,0,0,1
LH,195,64,50,0,0,1
LH,196,64,50,0,0,1
LH,197,64,50,0,0,1
LH,198,64,50,0,0,1
LH,199,64,50,0,0,1
LH,200,64,50,0,0,1
LH,201,64,50,0,0,1
LH,202,64,50,0,0,1
LH,203,64,50,0,0,1
LH,204,64,50,0,0,1
LH,205,64,50,0,0,1
LH,206,64,50,0,0,1
LH,207,64,50,0,0,1
LH,208,64,50,0,0,1
LH,209,64,50,0,0,1
LH,210,64,50,0,0,1
LH,211,64,50,0,0,1
LH,212,64,50,0,0,1
LH,213,64,50,0,0,1
LH,214,64,50,0,0,1
LH,215,64,50,0,0,1
LH,216,64,50,0,0,1
LH,217,64,50,0,0,1
LH,218,64,50,0,0,1
LH,219,64,50,0,0,1
LH,220,64,50,0,0,1
LH,221,64,50,0,0,1
LH,222,64,50,0,0,1
LH,223,64,50,0,0,1
LH,224,64,50,0,0,1
LH,225,64,50,0,0,1
LH,226,64,50,0,0,1
LH,227,64,50,0,0,1
LH,228,64,50,0,0,1
LH,229,64,50,0,0,1
LH,230,64,50,0,0,1
LH,231,64,50,0,0,1
LH,232,64,50,0,0,1
LH,233,64,50,0,0,1
LH,234,64,50,0,0,1
LH,235,64,50,0,0,1
LH,236,64,50,0,0,1
LH,237,64,50,0,0,1
LH,238,64,50,0,0,1
LH,239,64,50,0,0,1
LH,240,64,50,0,0,1
LH,241,64,50,0,0,1
LH,242,64,50,0,0,1
LH,243,64,50,0,0,1
LH,244,64,50,0,0,1
LH,245,64,50,0,0,1
LH,246,64,50,0,0,1
LH,247,64,50,0,0,1
LH,248,64,50,0,0,1
LH,249,64,50,0,0,1
LH,250,64,50,0,0,1
LH,251,64,50,0,0,1
LH,252,64,50,0,0,1
LH,253,64,50,0,0,1
LH,254,64,50,0,0,1
LH,255,64,50,0,0,1
LH,256,64,50,0,0,1
LH,257,64,50,0,0,1
LH,258,64,50,0,0,1
LH,259,64,50,0,0,1
LH,260,64,50,0,0,1
LH,261,64,50,0,0,1
LH,262,64,50,0,0,1
LH,263,64,50,0,0,1
LH,264,64,50,0,0,1
LH,265,64,50,0,0,1
LH,266,64,50,0,0,1
LH,267,64,50,0,0,1
LH,268,64,50,0,0,1
LH,269,64,50,0,0,1
LH,270,64,50,0,0,1
LH,271,64,50,0,0,1
LH,272,64,50,0,0,1
LH,273,64,50,0,0,1
LH,274,64,50,0,0,1
LH,275,64,50,0,0,1
LH,276,64,50,0,0,1
LH,277,64,50,0,0,1
LH,278,64,50,0,0,1
LH,279,64,50,0,0,1
LH,280,64,50,0,0,1
LH,281,64,50,0,0,1
LH,282,64,50,0,0,1
LH,283,64,50,0,0,1
LH,284,64,50,0,0,1
LH,285,64,50,0,0,1
LH,286,64,50,0,0,1
LH,287,64,50,0,0,1
LH,288,64,50,0,0,1
LH,289,64,50,0,0,1
LH,290,64,50,0,0,1
LH,291,64,50,0,0,1
LH,292,64,50,0,0,1
LH,293,64,50,0,0,1
LH,294,64,50,0,0,1
LH,295,64,50,0,0,1
LH,296,64,50,0,0,1
LH,297,64,50,0,0,1
LH,298,64,50,0,0,1
LH,299,64,50,0,0,1
LH_SUMMARY,64,50,64,0,214,0
