LH,0,1,0,0
LH,1,0,0,0
LH,2,0,1,1
LH,3,1,0,0
LH,4,1,0,0
LH,5,1,0,0
LH,6,0,0,0
LH,7,1,0,0
LH,8,0,0,0
LH,9,1,0,0
LH,10,1,0,0
LH,11,1,0,0
LH,12,1,0,0
LH,13,0,0,0
LH,14,0,1,1
LH,15,1,0,0
LH,16,1,0,0
LH,17,1,0,0
LH,18,0,0,0
LH,19,1,0,0
LH,20,0,0,0
LH,21,1,0,0
LH,22,1,0,0
LH,23,1,0,0
LH,24,1,0,0
LH,25,0,0,0
LH,26,0,1,1
LH,27,1,0,0
LH,28,1,0,0
LH,29,1,0,0
LH,30,0,0,0
LH,31,1,0,0
LH,32,0,0,0
LH,33,1,0,0
LH,34,1,0,0
LH,35,1,0,0
LH,36,1,0,0
LH,37,0,0,0
LH,38,0,1,1
LH,39,1,0,0
LH,40,1,0,0
LH,41,1,0,0
LH,42,0,0,0
LH,43,1,0,0
LH,44,0,0,0
LH,45,1,0,0
LH,46,1,0,0
LH,47,1,0,0
LH,48,1,0,0
LH,49,0,0,0
LH,50,0,1,1
LH,51,1,0,0
LH,52,1,0,0
LH,53,1,0,0
LH,54,0,0,0
LH,55,1,0,0
LH,56,0,0,0
LH,57,1,0,0
LH,58,1,0,0
LH,59,1,0,0
LH,60,1,0,0
LH,61,0,0,0
LH,62,0,1,1
LH,63,1,0,0
LH,64,1,0,0
LH,65,1,0,0
LH,66,0,0,0
LH,67,1,0,0
LH,68,0,0,0
LH,69,1,0,0
LH,70,1,0,0
LH,71,1,0,0
LH,72,1,0,0
LH,73,0,0,0
LH,74,0,1,1
LH,75,1,0,0
LH,76,1,0,0
LH,77,1,0,0
LH,78,0,0,0
LH,79,1,0,0
LH,80,0,0,0
LH,81,1,0,0
LH,82,1,0,0
LH,83,1,0,0
LH,84,1,0,0
LH,85,0,0,0
LH,86,0,0,1
LH,87,0,0,1
LH,88,0,0,1
LH,89,0,0,1
LH,90,0,0,1
LH,91,0,0,1
LH,92,0,0,1
LH,93,0,0,1
LH,94,0,0,1
LH,95,0,0,1
LH,96,0,0,1
LH,97,0,0,1
LH,98,0,0,1
LH,99,0,0,1
LH,100,0,0,1
LH,101,0,0,1
LH,102,0,0,1
LH,103,0,0,1
LH,104,0,0,1
LH,105,0,0,1
LH,106,0,0,1
LH,107,0,0,1
LH,108,0,0,1
LH,109,0,0,1
LH,110,0,0,1
LH,111,0,0,1
LH,112,0,0,1
LH,113,0,0,1
LH,114,0,0,1
LH,115,0,0,1
LH,116,0,0,1
LH,117,0,0,1
LH,118,0,0,1
LH,119,0,0,1
LH,120,0,0,1
LH,121,0,0,1
LH,122,0,0,1
LH,123,0,0,1
LH,124,0,0,1
LH,125,0,0,1
LH,126,0,0,1
LH,127,0,0,1
LH,128,0,0,1
LH,129,0,0,1
LH,130,0,0,1
LH,131,0,0,1
LH,132,0,0,1
LH,133,0,0,1
LH,134,0,0,1
LH,135,0,0,1
LH,136,0,0,1
LH,137,0,0,1
LH,138,0,0,1
LH,139,0,0,1
LH,140,0,0,1
LH,141,0,0,1
LH,142,0,0,1
LH,143,0,0,1
LH,144,0,0,1
LH,145,0,0,1
LH,146,0,0,1
LH,147,0,0,1
LH,148,0,0,1
LH,149,0,0,1
LH,150,0,0,1
LH,151,0,0,1
LH,152,0,0,1
LH,153,0,0,1
LH,154,0,0,1
LH,155,0,0,1
LH,156,0,0,1
LH,157,0,0,1
LH,158,0,0,1
LH,159,0,0,1
LH,160,0,0,1
LH,161,0,0,1
LH,162,0,0,1
LH,163,0,0,1
LH,164,0,0,1
LH,165,0,0,1
LH,166,0,0,1
LH,167,0,0,1
LH,168,0,0,1
LH,169,0,0,1
LH,170,0,0,1
LH,171,0,0,1
LH,172,0,0,1
LH,173,0,0,1
LH,174,0,0,1
LH,175,0,0,1
LH,176,0,0,1
LH,177,0,0,1
LH,178,0,0,1
LH,179,0,0,1
LH,180,0,0,1
LH,181,0,0,1
LH,182,0,0,1
LH,183,0,0,1
LH,184,0,0,1
LH,185,0,0,1
LH,186,0,0,1
LH,187,0,0,1
LH,188,0,0,1
LH,189,0,0,1
LH,190,0,0,1
LH,191,0,0,1
LH,192,0,0,1
LH,193,0,0,1
LH,194,0,0,1
LH,195,0,0,1
LH,196,0,0,1
LH,197,0,0,1
LH,198,0,0,1
LH,199,0,0,1
LH,200,0,0,1
LH,201,0,0,1
LH,202,0,0,1
LH,203,0,0,1
LH,204,0,0,1
LH,205,0,0,1
LH,206,0,0,1
LH,207,0,0,1
LH,208,0,0,1
LH,209,0,0,1
LH,210,0,0,1
LH,211,0,0,1
LH,212,0,0,1
LH,213,0,0,1
LH,214,0,0,1
LH,215,0,0,1
LH,216,0,0,1
LH,217,0,0,1
LH,218,0,0,1
LH,219,0,0,1
LH,220,0,0,1
LH,221,0,0,1
LH,222,0,0,1
LH,223,0,0,1
LH,224,0,0,1
LH,225,0,0,1
LH,226,0,0,1
LH,227,0,0,1
LH,228,0,0,1
LH,229,0,0,1
LH,230,0,0,1
LH,231,0,0,1
LH,232,0,0,1
LH,233,0,0,1
LH,234,0,0,1
LH,235,0,0,1
LH,236,0,0,1
LH,237,0,0,1
LH,238,0,0,1
LH,239,0,0,1
LH,240,0,0,1
LH,241,0,0,1
LH,242,0,0,1
LH,243,0,0,1
LH,244,0,0,1
LH,245,0,0,1
LH,246,0,0,1
LH,247,0,0,1
LH,248,0,0,1
LH,249,0,0,1
LH,250,0,0,1
LH,251,0,0,1
LH,252,0,0,1
LH,253,0,0,1
LH,254,0,0,1
LH,255,0,0,1
LH,256,0,0,1
LH,257,0,0,1
LH,258,0,0,1
LH,259,0,0,1
LH,260,0,0,1
LH,261,0,0,1
LH,262,0,0,1
LH,263,0,0,1
LH,264,0,0,1
LH,265,0,0,1
LH,266,0,0,1
LH,267,0,0,1
LH,268,0,0,1
LH,269,0,0,1
LH,270,0,0,1
LH,271,0,0,1
LH,272,0,0,1
LH,273,0,0,1
LH,274,0,0,1
LH,275,0,0,1
LH,276,0,0,1
LH,277,0,0,1
LH,278,0,0,1
LH,279,0,0,1
LH,280,0,0,1
LH,281,0,0,1
LH,282,0,0,1
LH,283,0,0,1
LH,284,0,0,1
LH,285,0,0,1
LH,286,0,0,1
LH,287,0,0,1
LH,288,0,0,1
LH,289,0,0,1
LH,290,0,0,1
LH,291,0,0,1
LH,292,0,0,1
LH,293,0,0,1
LH,294,0,0,1
LH,295,0,0,1
LH,296,0,0,1
LH,297,0,0,1
LH,298,0,0,1
LH,299,0,0,1
LH,300,0,0,1
LH,301,0,0,1
LH,302,0,0,1
LH,303,0,0,1
LH,304,0,0,1
LH,305,0,0,1
LH,306,0,0,1
LH,307,0,0,1
LH,308,0,0,1
LH,309,0,0,1
LH,310,0,0,1
LH,311,0,0,1
LH,312,0,0,1
LH,313,0,0,1
LH,314,0,0,1
LH,315,0,0,1
LH,316,0,0,1
LH,317,0,0,1
LH,318,0,0,1
LH,319,0,0,1
LH,320,0,0,1
LH,321,0,0,1
LH,322,0,0,1
LH,323,0,0,1
LH,324,0,0,1
LH,325,0,0,1
LH,326,0,0,1
LH,327,0,0,1
LH,328,0,0,1
LH,329,0,0,1
LH,330,0,0,1
LH,331,0,0,1
LH,332,0,0,1
LH,333,0,0,1
LH,334,0,0,1
LH,335,0,0,1
LH,336,0,0,1
LH,337,0,0,1
LH,338,0,0,1
LH,339,0,0,1
LH,340,0,0,1
LH,341,0,0,1
LH,342,0,0,1
LH,343,0,0,1
LH,344,0,0,1
LH,345,0,0,1
LH,346,0,0,1
LH,347,0,0,1
LH,348,0,0,1
LH,349,0,0,1
LH,350,0,0,1
LH,351,0,0,1
LH,352,0,0,1
LH,353,0,0,1
LH,354,0,0,1
LH,355,0,0,1
LH,356,0,0,1
LH,357,0,0,1
LH,358,0,0,1
LH,359,0,0,1
LH,360,0,0,1
LH,361,0,0,1
LH,362,0,0,1
LH,363,0,0,1
LH,364,0,0,1
LH,365,0,0,1
LH,366,0,0,1
LH,367,0,0,1
LH,368,0,0,1
LH,369,0,0,1
LH,370,0,0,1
LH,371,0,0,1
LH,372,0,0,1
LH,373,0,0,1
LH,374,0,0,1
LH,375,0,0,1
LH,376,0,0,1
LH,377,0,0,1
LH,378,0,0,1
LH,379,0,0,1
LH,380,0,0,1
LH,381,0,0,1
LH,382,0,0,1
LH,383,0,0,1
LH,384,0,0,1
LH,385,0,0,1
LH,386,0,0,1
LH,387,0,0,1
LH,388,0,0,1
LH,389,0,0,1
LH,390,0,0,1
LH,391,0,0,1
LH,392,0,0,1
LH,393,0,0,1
LH,394,0,0,1
LH,395,0,0,1
LH,396,0,0,1
LH,397,0,0,1
LH,398,0,0,1
LH,399,0,0,1
LH,400,0,0,1
LH,401,0,0,1
LH,402,0,0,1
LH,403,0,0,1
LH,404,0,0,1
LH,405,0,0,1
LH,406,0,0,1
LH,407,0,0,1
LH,408,0,0,1
LH,409,0,0,1
LH,410,0,0,1
LH,411,0,0,1
LH,412,0,0,1
LH,413,0,0,1
LH,414,0,0,1
LH,415,0,0,1
LH,416,0,0,1
LH,417,0,0,1
LH,418,0,0,1
LH,419,0,0,1
LH,420,0,0,1
LH,421,0,0,1
LH,422,0,0,1
LH,423,0,0,1
LH,424,0,0,1
LH,425,0,0,1
LH,426,0,0,1
LH,427,0,0,1
LH,428,0,0,1
LH,429,0,0,1
LH,430,0,0,1
LH,431,0,0,1
LH,432,0,0,1
LH,433,0,0,1
LH,434,0,0,1
LH,435,0,0,1
LH,436,0,0,1
LH,437,0,0,1
LH,438,0,0,1
LH,439,0,0,1
LH,440,0,0,1
LH,441,0,0,1
LH,442,0,0,1
LH,443,0,0,1
LH,444,0,0,1
LH,445,0,0,1
LH,446,0,0,1
LH,447,0,0,1
LH,448,0,0,1
LH,449,0,0,1
LH,450,0,0,1
LH,451,0,0,1
LH,452,0,0,1
LH,453,0,0,1
LH,454,0,0,1
LH,455,0,0,1
LH,456,0,0,1
LH,457,0,0,1
LH,458,0,0,1
LH,459,0,0,1
LH,460,0,0,1
LH,461,0,0,1
LH,462,0,0,1
LH,463,0,0,1
LH,464,0,0,1
LH,465,0,0,1
LH,466,0,0,1
LH,467,0,0,1
LH,468,0,0,1
LH,469,0,0,1
LH,470,0,0,1
LH,471,0,0,1
LH,472,0,0,1
LH,473,0,0,1
LH,474,0,0,1
LH,475,0,0,1
LH,476,0,0,1
LH,477,0,0,1
LH,478,0,0,1
LH,479,0,0,1
LH,480,0,0,1
LH,481,0,0,1
LH,482,0,0,1
LH,483,0,0,1
LH,484,0,0,1
LH,485,0,0,1
LH,486,0,0,1
LH,487,0,0,1
LH,488,0,0,1
LH,489,0,0,1
LH,490,0,0,1
LH,491,0,0,1
LH,492,0,0,1
LH,493,0,0,1
LH,494,0,0,1
LH,495,0,0,1
LH,496,0,0,1
LH,497,0,0,1
LH,498,0,0,1
LH,499,0,0,1
LH,500,0,0,1
LH,501,0,0,1
LH,502,0,0,1
LH,503,0,0,1
LH,504,0,0,1
LH,505,0,0,1
LH,506,0,0,1
LH,507,0,0,1
LH,508,0,0,1
LH,509,0,0,1
LH,510,0,0,1
LH,511,0,0,1
LH,512,0,0,1
LH,513,0,0,1
LH,514,0,0,1
LH,515,0,0,1
LH,516,0,0,1
LH,517,0,0,1
LH,518,0,0,1
LH,519,0,0,1
LH,520,0,0,1
LH,521,0,0,1
LH,522,0,0,1
LH,523,0,0,1
LH,524,0,0,1
LH,525,0,0,1
LH,526,0,0,1
LH,527,0,0,1
LH,528,0,0,1
LH,529,0,0,1
LH,530,0,0,1
LH,531,0,0,1
LH,532,0,0,1
LH,533,0,0,1
LH,534,0,0,1
LH,535,0,0,1
LH,536,0,0,1
LH,537,0,0,1
LH,538,0,0,1
LH,539,0,0,1
LH,540,0,0,1
LH,541,0,0,1
LH,542,0,0,1
LH,543,0,0,1
LH,544,0,0,1
LH,545,0,0,1
LH,546,0,0,1
LH,547,0,0,1
LH,548,0,0,1
LH,549,0,0,1
LH,550,0,0,1
LH,551,0,0,1
LH,552,0,0,1
LH,553,0,0,1
LH,554,0,0,1
LH,555,0,0,1
LH,556,0,0,1
LH,557,0,0,1
LH,558,0,0,1
LH,559,0,0,1
LH,560,0,0,1
LH,561,0,0,1
LH,562,0,0,1
LH,563,0,0,1
LH,564,0,0,1
LH,565,0,0,1
LH,566,0,0,1
LH,567,0,0,1
LH,568,0,0,1
LH,569,0,0,1
LH,570,0,0,1
LH,571,0,0,1
LH,572,0,0,1
LH,573,0,0,1
LH,574,0,0,1
LH,575,0,0,1
LH,576,0,0,1
LH,577,0,0,1
LH,578,0,0,1
LH,579,0,0,1
LH,580,0,0,1
LH,581,0,0,1
LH,582,0,0,1
LH,583,0,0,1
LH,584,0,0,1
LH,585,0,0,1
LH,586,0,0,1
LH,587,0,0,1
LH,588,0,0,1
LH,589,0,0,1
LH,590,0,0,1
LH,591,0,0,1
LH,592,0,0,1
LH,593,0,0,1
LH,594,0,0,1
LH,595,0,0,1
LH,596,0,0,1
LH,597,0,0,1
LH,598,0,0,1
LH,599,0,0,1
LH,600,0,0,1
LH,601,0,0,1
LH,602,0,0,1
LH,603,0,0,1
LH,604,0,0,1
LH,605,0,0,1
LH,606,0,0,1
LH,607,0,0,1
LH,608,0,0,1
LH,609,0,0,1
LH,610,0,0,1
LH,611,0,0,1
LH,612,0,0,1
LH,613,0,0,1
LH,614,0,0,1
LH,615,0,0,1
LH,616,0,0,1
LH,617,0,0,1
LH,618,0,0,1
LH,619,0,0,1
LH,620,0,0,1
LH,621,0,0,1
LH,622,0,0,1
LH,623,0,0,1
LH,624,0,0,1
LH,625,0,0,1
LH,626,0,0,1
LH,627,0,0,1
LH,628,0,0,1
LH,629,0,0,1
LH,630,0,0,1
LH,631,0,0,1
LH,632,0,0,1
LH,633,0,0,1
LH,634,0,0,1
LH,635,0,0,1
LH,636,0,0,1
LH,637,0,0,1
LH,638,0,0,1
LH,639,0,0,1
LH,640,0,0,1
LH,641,0,0,1
LH,642,0,0,1
LH,643,0,0,1
LH,644,0,0,1
LH,645,0,0,1
LH,646,0,0,1
LH,647,0,0,1
LH,648,0,0,1
LH,649,0,0,1
LH,650,0,0,1
LH,651,0,0,1
LH,652,0,0,1
LH,653,0,0,1
LH,654,0,0,1
LH,655,0,0,1
LH,656,0,0,1
LH,657,0,0,1
LH,658,0,0,1
LH,659,0,0,1
LH,660,0,0,1
LH,661,0,0,1
LH,662,0,0,1
LH,663,0,0,1
LH,664,0,0,1
LH,665,0,0,1
LH,666,0,0,1
LH,667,0,0,1
LH,668,0,0,1
LH,669,0,0,1
LH,670,0,0,1
LH,671,0,0,1
LH,672,0,0,1
LH,673,0,0,1
LH,674,0,0,1
LH,675,0,0,1
LH,676,0,0,1
LH,677,0,0,1
LH,678,0,0,1
LH,679,0,0,1
LH,680,0,0,1
LH,681,0,0,1
LH,682,0,0,1
LH,683,0,0,1
LH,684,0,0,1
LH,685,0,0,1
LH,686,0,0,1
LH,687,0,0,1
LH,688,0,0,1
LH,689,0,0,1
LH,690,0,0,1
LH,691,0,0,1
LH,692,0,0,1
LH,693,0,0,1
LH,694,0,0,1
LH,695,0,0,1
LH,696,0,0,1
LH,697,0,0,1
LH,698,0,0,1
LH,699,0,0,1
LH,700,0,0,1
LH,701,0,0,1
LH,702,0,0,1
LH,703,0,0,1
LH,704,0,0,1
LH,705,0,0,1
LH,706,0,0,1
LH,707,0,0,1
LH,708,0,0,1
LH,709,0,0,1
LH,710,0,0,1
LH,711,0,0,1
LH,712,0,0,1
LH,713,0,0,1
LH,714,0,0,1
LH,715,0,0,1
LH,716,0,0,1
LH,717,0,0,1
LH,718,0,0,1
LH,719,0,0,1
LH,720,0,0,1
LH,721,0,0,1
LH,722,0,0,1
LH,723,0,0,1
LH,724,0,0,1
LH,725,0,0,1
LH,726,0,0,1
LH,727,0,0,1
LH,728,0,0,1
LH,729,0,0,1
LH,730,0,0,1
LH,731,0,0,1
LH,732,0,0,1
LH,733,0,0,1
LH,734,0,0,1
LH,735,0,0,1
LH,736,0,0,1
LH,737,0,0,1
LH,738,0,0,1
LH,739,0,0,1
LH,740,0,0,1
LH,741,0,0,1
LH,742,0,0,1
LH,743,0,0,1
LH,744,0,0,1
LH,745,0,0,1
LH,746,0,0,1
LH,747,0,0,1
LH,748,0,0,1
LH,749,0,0,1
LH,750,0,0,1
LH,751,0,0,1
LH,752,0,0,1
LH,753,0,0,1
LH,754,0,0,1
LH,755,0,0,1
LH,756,0,0,1
LH,757,0,0,1
LH,758,0,0,1
LH,759,0,0,1
LH,760,0,0,1
LH,761,0,0,1
LH,762,0,0,1
LH,763,0,0,1
LH,764,0,0,1
LH,765,0,0,1
LH,766,0,0,1
LH,767,0,0,1
LH,768,0,0,1
LH,769,0,0,1
LH,770,0,0,1
LH,771,0,0,1
LH,772,0,0,1
LH,773,0,0,1
LH,774,0,0,1
LH,775,0,0,1
LH,776,0,0,1
LH,777,0,0,1
LH,778,0,0,1
LH,779,0,0,1
LH,780,0,0,1
LH,781,0,0,1
LH,782,0,0,1
LH,783,0,0,1
LH,784,0,0,1
LH,785,0,0,1
LH,786,0,0,1
LH,787,0,0,1
LH,788,0,0,1
LH,789,0,0,1
LH,790,0,0,1
LH,791,0,0,1
LH,792,0,0,1
LH,793,0,0,1
LH,794,0,0,1
LH,795,0,0,1
LH,796,0,0,1
LH,797,0,0,1
LH,798,0,0,1
LH,799,0,0,1
LH,800,0,0,1
LH,801,0,0,1
LH,802,0,0,1
LH,803,0,0,1
LH,804,0,0,1
LH,805,0,0,1
LH,806,0,0,1
LH,807,0,0,1
LH,808,0,0,1
LH,809,0,0,1
LH,810,0,0,1
LH,811,0,0,1
LH,812,0,0,1
LH,813,0,0,1
LH,814,0,0,1
LH,815,0,0,1
LH,816,0,0,1
LH,817,0,0,1
LH,818,0,0,1
LH,819,0,0,1
LH,820,0,0,1
LH,821,0,0,1
LH,822,0,0,1
LH,823,0,0,1
LH,824,0,0,1
LH,825,0,0,1
LH,826,0,0,1
LH,827,0,0,1
LH,828,0,0,1
LH,829,0,0,1
LH,830,0,0,1
LH,831,0,0,1
LH,832,0,0,1
LH,833,0,0,1
LH,834,0,0,1
LH,835,0,0,1
LH,836,0,0,1
LH,837,0,0,1
LH,838,0,0,1
LH,839,0,0,1
LH,840,0,0,1
LH,841,0,0,1
LH,842,0,0,1
LH,843,0,0,1
LH,844,0,0,1
LH,845,0,0,1
LH,846,0,0,1
LH,847,0,0,1
LH,848,0,0,1
LH,849,0,0,1
LH,850,0,0,1
LH,851,0,0,1
LH,852,0,0,1
LH,853,0,0,1
LH,854,0,0,1
LH,855,0,0,1
LH,856,0,0,1
LH,857,0,0,1
LH,858,0,0,1
LH,859,0,0,1
LH,860,0,0,1
LH,861,0,0,1
LH,862,0,0,1
LH,863,0,0,1
LH,864,0,0,1
LH,865,0,0,1
LH,866,0,0,1
LH,867,0,0,1
LH,868,0,0,1
LH,869,0,0,1
LH,870,0,0,1
LH,871,0,0,1
LH,872,0,0,1
LH,873,0,0,1
LH,874,0,0,1
LH,875,0,0,1
LH,876,0,0,1
LH,877,0,0,1
LH,878,0,0,1
LH,879,0,0,1
LH,880,0,0,1
LH,881,0,0,1
LH,882,0,0,1
LH,883,0,0,1
LH,884,0,0,1
LH,885,0,0,1
LH,886,0,0,1
LH,887,0,0,1
LH,888,0,0,1
LH,889,0,0,1
LH,890,0,0,1
LH,891,0,0,1
LH,892,0,0,1
LH,893,0,0,1
LH,894,0,0,1
LH,895,0,0,1
LH,896,0,0,1
LH,897,0,0,1
LH,898,0,0,1
LH,899,0,0,1
LH,900,0,0,1
LH,901,0,0,1
LH,902,0,0,1
LH,903,0,0,1
LH,904,0,0,1
LH,905,0,0,1
LH,906,0,0,0
LH,907,0,0,0
LH,908,0,0,0
LH,909,0,0,0
LH,910,0,0,0
LH,911,0,0,0
LH,912,0,0,0
LH,913,0,0,0
LH,914,0,0,0
LH,915,0,0,0
LH,916,0,0,0
LH,917,0,0,0
LH,918,0,0,0
LH,919,0,0,0
LH,920,0,0,0
LH,921,0,0,0
LH,922,0,0,0
LH,923,0,0,0
LH,924,0,0,0
LH,925,0,0,0
LH,926,0,0,0
LH,927,0,0,0
LH,928,0,0,0
LH,929,0,0,0
LH,930,0,0,0
LH,931,0,0,0
LH,932,0,0,0
LH,933,0,0,0
LH,934,0,0,0
LH,935,0,0,0
LH,936,0,0,0
LH,937,0,0,0
LH,938,0,0,0
LH,939,0,0,0
LH,940,0,0,0
LH,941,0,0,0
LH,942,0,0,0
LH,943,0,0,0
LH,944,0,0,0
LH,945,0,0,0
LH,946,0,0,0
LH,947,0,0,0
LH,948,0,0,0
LH,949,0,0,0
LH,950,0,0,0
LH,951,0,0,0
LH,952,0,0,0
LH,953,0,0,0
LH,954,0,0,0
LH,955,0,0,0
LH,956,0,0,0
LH,957,0,0,0
LH,958,0,0,0
LH,959,0,0,0
LH,960,0,0,0
LH,961,0,0,0
LH,962,0,0,0
LH,963,0,0,0
LH,964,0,0,0
LH,965,0,0,0
LH,966,0,0,0
LH,967,0,0,0
LH,968,0,0,0
LH,969,0,0,0
LH,970,0,0,0
LH,971,0,0,0
LH,972,0,0,0
LH,973,0,0,0
LH,974,0,0,0
LH,975,0,0,0
LH,976,0,0,0
LH,977,0,0,0
LH,978,0,0,0
LH,979,0,0,0
LH,980,0,0,0
LH,981,0,0,0
LH,982,0,0,0
LH,983,0,0,0
LH,984,0,0,0
LH,985,0,0,0
LH,986,0,0,0
LH,987,0,0,0
LH,988,0,0,0
LH,989,0,0,0
LH,990,0,0,0
LH,991,0,0,0
LH,992,0,0,0
LH,993,0,0,0
LH,994,0,0,0
LH,995,0,0,0
LH,996,0,0,0
LH,997,0,0,0
LH,998,0,0,0
LH,999,0,0,0
LH,1000,0,0,0
LH,1001,0,0,0
LH,1002,0,0,0
LH,1003,0,0,0
LH,1004,0,0,0
LH,1005,0,0,0
LH,1006,0,0,0
LH,1007,0,0,0
LH,1008,0,0,0
LH,1009,0,0,0
LH,1010,0,0,0
LH,1011,0,0,0
LH,1012,0,0,0
LH,1013,0,0,0
LH,1014,0,0,0
LH,1015,0,0,0
LH,1016,0,0,0
LH,1017,0,0,0
LH,1018,0,0,0
LH,1019,0,0,0
LH,1020,0,0,0
LH,1021,0,0,0
LH,1022,0,0,0
LH,1023,0,0,0
LH,1024,0,0,0
LH,1025,0,0,0
LH,1026,0,0,0
LH,1027,0,0,0
LH,1028,0,0,0
LH,1029,0,0,0
LH,1030,0,0,0
LH,1031,0,0,0
LH,1032,0,0,0
LH,1033,0,0,0
LH,1034,0,0,0
LH,1035,0,0,0
LH,1036,0,0,0
LH,1037,0,0,0
LH,1038,0,0,0
LH,1039,0,0,0
LH,1040,0,0,0
LH,1041,0,0,0
LH,1042,0,0,0
LH,1043,0,0,0
LH,1044,0,0,0
LH,1045,0,0,0
LH,1046,0,0,0
LH,1047,0,0,0
LH,1048,0,0,0
LH,1049,0,0,0
LH,1050,0,0,0
LH,1051,0,0,0
LH,1052,0,0,0
LH,1053,0,0,0
LH,1054,0,0,0
LH,1055,0,0,0
LH,1056,0,0,0
LH,1057,0,0,0
LH,1058,0,0,0
LH,1059,0,0,0
LH,1060,0,0,0
LH,1061,0,0,0
LH,1062,0,0,0
LH,1063,0,0,0
LH,1064,0,0,0
LH,1065,0,0,0
LH,1066,0,0,0
LH,1067,0,0,0
LH,1068,0,0,0
LH,1069,0,0,0
LH,1070,0,0,0
LH,1071,0,0,0
LH,1072,0,0,0
LH,1073,0,0,0
LH,1074,0,0,0
LH,1075,0,0,0
LH,1076,0,0,0
LH,1077,0,0,0
LH,1078,0,0,0
LH,1079,0,0,0
LH,1080,0,0,0
LH,1081,0,0,0
LH,1082,0,0,0
LH,1083,0,0,0
LH,1084,0,0,0
LH,1085,0,0,0
LH,1086,0,0,0
LH,1087,0,0,0
LH,1088,0,0,0
LH,1089,0,0,0
LH,1090,0,0,0
LH,1091,0,0,0
LH,1092,0,0,0
LH,1093,0,0,0
LH,1094,0,0,0
LH,1095,0,0,0
LH,1096,0,0,0
LH,1097,0,0,0
LH,1098,0,0,0
LH,1099,0,0,0
LH,1100,0,0,0
LH,1101,0,0,0
LH,1102,0,0,0
LH,1103,0,0,0
LH,1104,0,0,0
LH,1105,0,0,0
LH,1106,0,0,0
LH,1107,0,0,0
LH,1108,0,0,0
LH,1109,0,0,0
LH,1110,0,0,0
LH,1111,0,0,0
LH,1112,0,0,0
LH,1113,0,0,0
LH,1114,0,0,0
LH,1115,0,0,0
LH,1116,0,0,0
LH,1117,0,0,0
LH,1118,0,0,0
LH,1119,0,0,0
LH,1120,0,0,0
LH,1121,0,0,0
LH,1122,0,0,0
LH,1123,0,0,0
LH,1124,0,0,0
LH,1125,0,0,0
LH,1126,0,0,0
LH,1127,0,0,0
LH,1128,0,0,0
LH,1129,0,0,0
LH,1130,0,0,0
LH,1131,0,0,0
LH,1132,0,0,0
LH,1133,0,0,0
LH,1134,0,0,0
LH,1135,0,0,0
LH,1136,0,0,0
LH,1137,0,0,0
LH,1138,0,0,0
LH,1139,0,0,0
LH,1140,0,0,0
LH,1141,0,0,0
LH,1142,0,0,0
LH,1143,0,0,0
LH,1144,0,0,0
LH,1145,0,0,0
LH,1146,0,0,0
LH,1147,0,0,0
LH,1148,0,0,0
LH,1149,0,0,0
LH,1150,0,0,0
LH,1151,0,0,0
LH,1152,0,0,0
LH,1153,0,0,0
LH,1154,0,0,0
LH,1155,0,0,0
LH,1156,0,0,0
LH,1157,0,0,0
LH,1158,0,0,0
LH,1159,0,0,0
LH,1160,0,0,0
LH,1161,0,0,0
LH,1162,0,0,0
LH,1163,0,0,0
LH,1164,0,0,0
LH,1165,0,0,0
LH,1166,0,0,0
LH,1167,0,0,0
LH,1168,0,0,0
LH,1169,0,0,0
LH,1170,0,0,0
LH,1171,0,0,0
LH,1172,0,0,0
LH,1173,0,0,0
LH,1174,0,0,0
LH,1175,0,0,0
LH,1176,0,0,0
LH,1177,0,0,0
LH,1178,0,0,0
LH,1179,0,0,0
LH,1180,0,0,0
LH,1181,0,0,0
LH,1182,0,0,0
LH,1183,0,0,0
LH,1184,0,0,0
LH,1185,0,0,0
LH,1186,0,0,0
LH,1187,0,0,0
LH,1188,0,0,0
LH,1189,0,0,0
LH,1190,0,0,0
LH,1191,0,0,0
LH,1192,0,0,0
LH,1193,0,0,0
LH,1194,0,0,0
LH,1195,0,0,0
LH,1196,0,0,0
LH,1197,0,0,0
LH,1198,0,0,0
LH,1199,0,0,0
LH,1200,0,0,0
LH,1201,0,0,0
LH,1202,0,0,0
LH,1203,0,0,0
LH,1204,0,0,0
LH,1205,0,0,0
LH,1206,0,0,0
LH,1207,0,0,0
LH,1208,0,0,0
LH,1209,0,0,0
LH,1210,0,0,0
LH,1211,0,0,0
LH,1212,0,0,0
LH,1213,0,0,0
LH,1214,0,0,0
LH,1215,0,0,0
LH,1216,0,0,0
LH,1217,0,0,0
LH,1218,0,0,0
LH,1219,0,0,0
LH,1220,0,0,0
LH,1221,0,0,0
LH,1222,0,0,0
LH,1223,0,0,0
LH,1224,0,0,0
LH,1225,0,0,0
LH,1226,0,0,0
LH,1227,0,0,0
LH,1228,0,0,0
LH,1229,0,0,0
LH,1230,0,0,0
LH,1231,0,0,0
LH,1232,0,0,0
LH,1233,0,0,0
LH,1234,0,0,0
LH,1235,0,0,0
LH,1236,0,0,0
LH,1237,0,0,0
LH,1238,0,0,0
LH,1239,0,0,0
LH,1240,0,0,0
LH,1241,0,0,0
LH,1242,0,0,0
LH,1243,0,0,0
LH,1244,0,0,0
LH,1245,0,0,0
LH,1246,0,0,0
LH,1247,0,0,0
LH,1248,0,0,0
LH,1249,0,0,0
LH,1250,0,0,0
LH,1251,0,0,0
LH,1252,0,0,0
LH,1253,0,0,0
LH,1254,0,0,0
LH,1255,0,0,0
LH,1256,0,0,0
LH,1257,0,0,0
LH,1258,0,0,0
LH,1259,0,0,0
LH,1260,0,0,0
LH,1261,0,0,0
LH,1262,0,0,0
LH,1263,0,0,0
LH,1264,0,0,0
LH,1265,0,0,0
LH,1266,0,0,0
LH,1267,0,0,0
LH,1268,0,0,0
LH,1269,0,0,0
LH,1270,0,0,0
LH,1271,0,0,0
LH,1272,0,0,0
LH,1273,0,0,0
LH,1274,0,0,0
LH,1275,0,0,0
LH,1276,0,0,0
LH,1277,0,0,0
LH,1278,0,0,0
LH,1279,0,0,0
LH,1280,0,0,0
LH,1281,0,0,0
LH,1282,0,0,0
LH,1283,0,0,0
LH,1284,0,0,0
LH,1285,0,0,0
LH,1286,0,0,0
LH,1287,0,0,0
LH,1288,0,0,0
LH,1289,0,0,0
LH,1290,0,0,0
LH,1291,0,0,0
LH,1292,0,0,0
LH,1293,0,0,0
LH,1294,0,0,0
LH,1295,0,0,0
LH,1296,0,0,0
LH,1297,0,0,0
LH,1298,0,0,0
LH,1299,0,0,0
LH,1300,0,0,0
LH,1301,0,0,0
LH,1302,0,0,0
LH,1303,0,0,0
LH,1304,0,0,0
LH,1305,0,0,0
LH,1306,0,0,0
LH,1307,0,0,0
LH,1308,0,0,0
LH,1309,0,0,0
LH,1310,0,0,0
LH,1311,0,0,0
LH,1312,0,0,0
LH,1313,0,0,0
LH,1314,0,0,0
LH,1315,0,0,0
LH,1316,0,0,0
LH,1317,0,0,0
LH,1318,0,0,0
LH,1319,0,0,0
LH,1320,0,0,0
LH,1321,0,0,0
LH,1322,0,0,0
LH,1323,0,0,0
LH,1324,0,0,0
LH,1325,0,0,0
LH,1326,0,0,0
LH,1327,0,0,0
LH,1328,0,0,0
LH,1329,0,0,0
LH,1330,0,0,0
LH,1331,0,0,0
LH,1332,0,0,0
LH,1333,0,0,0
LH,1334,0,0,0
LH,1335,0,0,0
LH,1336,0,0,0
LH,1337,0,0,0
LH,1338,0,0,0
LH,1339,0,0,0
LH,1340,0,0,0
LH,1341,0,0,0
LH,1342,0,0,0
LH,1343,0,0,0
LH,1344,0,0,0
LH,1345,0,0,0
LH,1346,0,0,0
LH,1347,0,0,0
LH,1348,0,0,0
LH,1349,0,0,0
LH,1350,0,0,0
LH,1351,0,0,0
LH,1352,0,0,0
LH,1353,0,0,0
LH,1354,0,0,0
LH,1355,0,0,0
LH,1356,0,0,0
LH,1357,0,0,0
LH,1358,0,0,0
LH,1359,0,0,0
LH,1360,0,0,0
LH,1361,0,0,0
LH,1362,0,0,0
LH,1363,0,0,0
LH,1364,0,0,0
LH,1365,0,0,0
LH,1366,0,0,0
LH,1367,0,0,0
LH,1368,0,0,0
LH,1369,0,0,0
LH,1370,0,0,0
LH,1371,0,0,0
LH,1372,0,0,0
LH,1373,0,0,0
LH,1374,0,0,0
LH,1375,0,0,0
LH,1376,0,0,0
LH,1377,0,0,0
LH,1378,0,0,0
LH,1379,0,0,0
LH,1380,0,0,0
LH,1381,0,0,0
LH,1382,0,0,0
LH,1383,0,0,0
LH,1384,0,0,0
LH,1385,0,0,0
LH,1386,0,0,0
LH,1387,0,0,0
LH,1388,0,0,0
LH,1389,0,0,0
LH,1390,0,0,0
LH,1391,0,0,0
LH,1392,0,0,0
LH,1393,0,0,0
LH,1394,0,0,0
LH,1395,0,0,0
LH,1396,0,0,0
LH,1397,0,0,0
LH,1398,0,0,0
LH,1399,0,0,0
LH,1400,0,0,0
LH,1401,0,0,0
LH,1402,0,0,0
LH,1403,0,0,0
LH,1404,0,0,0
LH,1405,0,0,0
LH,1406,0,0,0
LH,1407,0,0,0
LH,1408,0,0,0
LH,1409,0,0,0
LH,1410,0,0,0
LH,1411,0,0,0
LH,1412,0,0,0
LH,1413,0,0,0
LH,1414,0,0,0
LH,1415,0,0,0
LH,1416,0,0,0
LH,1417,0,0,0
LH,1418,0,0,0
LH,1419,0,0,0
LH,1420,0,0,0
LH,1421,0,0,0
LH,1422,0,0,0
LH,1423,0,0,0
LH,1424,0,0,0
LH,1425,0,0,0
LH,1426,0,0,0
LH,1427,0,0,0
LH,1428,0,0,0
LH,1429,0,0,0
LH,1430,0,0,0
LH,1431,0,0,0
LH,1432,0,0,0
LH,1433,0,0,0
LH,1434,0,0,0
LH,1435,0,0,0
LH,1436,0,0,0
LH,1437,0,0,0
LH,1438,0,0,0
LH,1439,0,0,0
LH,1440,0,0,0
LH,1441,0,0,0
LH,1442,0,0,0
LH,1443,0,0,0
LH,1444,0,0,0
LH,1445,0,0,0
LH,1446,0,0,0
LH,1447,0,0,0
LH,1448,0,0,0
LH,1449,0,0,0
LH,1450,0,0,0
LH,1451,0,0,0
LH,1452,0,0,0
LH,1453,0,0,0
LH,1454,0,0,0
LH,1455,0,0,0
LH,1456,0,0,0
LH,1457,0,0,0
LH,1458,0,0,0
LH,1459,0,0,0
LH,1460,0,0,0
LH,1461,0,0,0
LH,1462,0,0,0
LH,1463,0,0,0
LH,1464,0,0,0
LH,1465,0,0,0
LH,1466,0,0,0
LH,1467,0,0,0
LH,1468,0,0,0
LH,1469,0,0,0
LH,1470,0,0,0
LH,1471,0,0,0
LH,1472,0,0,0
LH,1473,0,0,0
LH,1474,0,0,0
LH,1475,0,0,0
LH,1476,0,0,0
LH,1477,0,0,0
LH,1478,0,0,0
LH,1479,0,0,0
LH,1480,0,0,0
LH,1481,0,0,0
LH,1482,0,0,0
LH,1483,0,0,0
LH,1484,0,0,0
LH,1485,0,0,0
LH,1486,0,0,0
LH,1487,0,0,0
LH,1488,0,0,0
LH,1489,0,0,0
LH,1490,0,0,0
LH,1491,0,0,0
LH,1492,0,0,0
LH,1493,0,0,0
LH,1494,0,0,0
LH,1495,0,0,0
LH,1496,0,0,0
LH,1497,0,0,0
LH,1498,0,0,0
LH,1499,0,0,0
LH,1500,0,0,0
LH,1501,0,0,0
LH,1502,0,0,0
LH,1503,0,0,0
LH,1504,0,0,0
LH,1505,0,0,0
LH,1506,0,0,0
LH,1507,0,0,0
LH,1508,0,0,0
LH,1509,0,0,0
LH,1510,0,0,0
LH,1511,0,0,0
LH,1512,0,0,0
LH,1513,0,0,0
LH,1514,0,0,0
LH,1515,0,0,0
LH,1516,0,0,0
LH,1517,0,0,0
LH,1518,0,0,0
LH,1519,0,0,0
LH,1520,0,0,0
LH,1521,0,0,0
LH,1522,0,0,0
LH,1523,0,0,0
LH,1524,0,0,0
LH,1525,0,0,0
LH,1526,0,0,0
LH,1527,0,0,0
LH,1528,0,0,0
LH,1529,0,0,0
LH,1530,0,0,0
LH,1531,0,0,0
LH,1532,0,0,0
LH,1533,0,0,0
LH,1534,0,0,0
LH,1535,0,0,0
LH,1536,0,0,0
LH,1537,0,0,0
LH,1538,0,0,0
LH,1539,0,0,0
LH,1540,0,0,0
LH,1541,0,0,0
LH,1542,0,0,0
LH,1543,0,0,0
LH,1544,0,0,0
LH,1545,0,0,0
LH,1546,0,0,0
LH,1547,0,0,0
LH,1548,0,0,0
LH,1549,0,0,0
LH,1550,0,0,0
LH,1551,0,0,0
LH,1552,0,0,0
LH,1553,0,0,0
LH,1554,0,0,0
LH,1555,0,0,0
LH,1556,0,0,0
LH,1557,0,0,0
LH,1558,0,0,0
LH,1559,0,0,0
LH,1560,0,0,0
LH,1561,0,0,0
LH,1562,0,0,0
LH,1563,0,0,0
LH,1564,0,0,0
LH,1565,0,0,0
LH,1566,0,0,0
LH,1567,0,0,0
LH,1568,0,0,0
LH,1569,0,0,0
LH,1570,0,0,0
LH,1571,0,0,0
LH,1572,0,0,0
LH,1573,0,0,0
LH,1574,0,0,0
LH,1575,0,0,0
LH,1576,0,0,0
LH,1577,0,0,0
LH,1578,0,0,0
LH,1579,0,0,0
LH,1580,0,0,0
LH,1581,0,0,0
LH,1582,0,0,0
LH,1583,0,0,0
LH,1584,0,0,0
LH,1585,0,0,0
LH,1586,0,0,0
LH,1587,0,0,0
LH,1588,0,0,0
LH,1589,0,0,0
LH,1590,0,0,0
LH,1591,0,0,0
LH,1592,0,0,0
LH,1593,0,0,0
LH,1594,0,0,0
LH,1595,0,0,0
LH,1596,0,0,0
LH,1597,0,0,0
LH,1598,0,0,0
LH,1599,0,0,0
LH,1600,0,0,0
LH,1601,0,0,0
LH,1602,0,0,0
LH,1603,0,0,0
LH,1604,0,0,0
LH,1605,0,0,0
LH,1606,0,0,0
LH,1607,0,0,0
LH,1608,0,0,0
LH,1609,0,0,0
LH,1610,0,0,0
LH,1611,0,0,0
LH,1612,0,0,0
LH,1613,0,0,0
LH,1614,0,0,0
LH,1615,0,0,0
LH,1616,0,0,0
LH,1617,0,0,0
LH,1618,0,0,0
LH,1619,0,0,0
LH,1620,0,0,0
LH,1621,0,0,0
LH,1622,0,0,0
LH,1623,0,0,0
LH,1624,0,0,0
LH,1625,0,0,0
LH,1626,0,0,0
LH,1627,0,0,0
LH,1628,0,0,0
LH,1629,0,0,0
LH,1630,0,0,0
LH,1631,0,0,0
LH,1632,0,0,0
LH,1633,0,0,0
LH,1634,0,0,0
LH,1635,0,0,0
LH,1636,0,0,0
LH,1637,0,0,0
LH,1638,0,0,0
LH,1639,0,0,0
LH,1640,0,0,0
LH,1641,0,0,0
LH,1642,0,0,0
LH,1643,0,0,0
LH,1644,0,0,0
LH,1645,0,0,0
LH,1646,0,0,0
LH,1647,0,0,0
LH,1648,0,0,0
LH,1649,0,0,0
LH,1650,0,0,0
LH,1651,0,0,0
LH,1652,0,0,0
LH,1653,0,0,0
LH,1654,0,0,0
LH,1655,0,0,0
LH,1656,0,0,0
LH,1657,0,0,0
LH,1658,0,0,0
LH,1659,0,0,0
LH,1660,0,0,0
LH,1661,0,0,0
LH,1662,0,0,0
LH,1663,0,0,0
LH,1664,0,0,0
LH,1665,0,0,0
LH,1666,0,0,0
LH,1667,0,0,0
LH,1668,0,0,0
LH,1669,0,0,0
LH,1670,0,0,0
LH,1671,0,0,0
LH,1672,0,0,0
LH,1673,0,0,0
LH,1674,0,0,0
LH,1675,0,0,0
LH,1676,0,0,0
LH,1677,0,0,0
LH,1678,0,0,0
LH,1679,0,0,0
LH,1680,0,0,0
LH,1681,0,0,0
LH,1682,0,0,0
LH,1683,0,0,0
LH,1684,0,0,0
LH,1685,0,0,0
LH,1686,0,0,0
LH,1687,0,0,0
LH,1688,0,0,0
LH,1689,0,0,0
LH,1690,0,0,0
LH,1691,0,0,0
LH,1692,0,0,0
LH,1693,0,0,0
LH,1694,0,0,0
LH,1695,0,0,0
LH,1696,0,0,0
LH,1697,0,0,0
LH,1698,0,0,0
LH,1699,0,0,0
LH,1700,0,0,0
LH,1701,0,0,0
LH,1702,0,0,0
LH,1703,0,0,0
LH,1704,0,0,0
LH,1705,0,0,0
LH,1706,0,0,0
LH,1707,0,0,0
LH,1708,0,0,0
LH,1709,0,0,0
LH,1710,0,0,0
LH,1711,0,0,0
LH,1712,0,0,0
LH,1713,0,0,0
LH,1714,0,0,0
LH,1715,0,0,0
LH,1716,0,0,0
LH,1717,0,0,0
LH,1718,0,0,0
LH,1719,0,0,0
LH,1720,0,0,0
LH,1721,0,0,0
LH,1722,0,0,0
LH,1723,0,0,0
LH,1724,0,0,0
LH,1725,0,0,0
LH,1726,0,0,0
LH,1727,0,0,0
LH,1728,0,0,0
LH,1729,0,0,0
LH,1730,0,0,0
LH,1731,0,0,0
LH,1732,0,0,0
LH,1733,0,0,0
LH,1734,0,0,0
LH,1735,0,0,0
LH,1736,0,0,0
LH,1737,0,0,0
LH,1738,0,0,0
LH,1739,0,0,0
LH,1740,0,0,0
LH,1741,0,0,0
LH,1742,0,0,0
LH,1743,0,0,0
LH,1744,0,0,0
LH,1745,0,0,0
LH,1746,0,0,0
LH,1747,0,0,0
LH,1748,0,0,0
LH,1749,0,0,0
LH,1750,0,0,0
LH,1751,0,0,0
LH,1752,0,0,0
LH,1753,0,0,0
LH,1754,0,0,0
LH,1755,0,0,0
LH,1756,0,0,0
LH,1757,0,0,0
LH,1758,0,0,0
LH,1759,0,0,0
LH,1760,0,0,0
LH,1761,0,0,0
LH,1762,0,0,0
LH,1763,0,0,0
LH,1764,0,0,0
LH,1765,0,0,0
LH,1766,0,0,0
LH,1767,0,0,0
LH,1768,0,0,0
LH,1769,0,0,0
LH,1770,0,0,0
LH,1771,0,0,0
LH,1772,0,0,0
LH,1773,0,0,0
LH,1774,0,0,0
LH,1775,0,0,0
LH,1776,0,0,0
LH,1777,0,0,0
LH,1778,0,0,0
LH,1779,0,0,0
LH,1780,0,0,0
LH,1781,0,0,0
LH,1782,0,0,0
LH,1783,0,0,0
LH,1784,0,0,0
LH,1785,0,0,0
LH,1786,0,0,0
LH,1787,0,0,0
LH,1788,0,0,0
LH,1789,0,0,0
LH,1790,0,0,0
LH,1791,0,0,0
LH,1792,0,0,0
LH,1793,0,0,0
LH,1794,0,0,0
LH,1795,0,0,0
LH,1796,0,0,0
LH,1797,0,0,0
LH,1798,0,0,0
LH,1799,0,0,0
LH,1800,0,0,0
LH,1801,0,0,0
LH,1802,0,0,0
LH,1803,0,0,0
LH,1804,0,0,0
LH,1805,0,0,0
LH,1806,0,0,0
LH,1807,0,0,0
LH,1808,0,0,0
LH,1809,0,0,0
LH,1810,0,0,0
LH,1811,0,0,0
LH,1812,0,0,0
LH,1813,0,0,0
LH,1814,0,0,0
LH,1815,0,0,0
LH,1816,0,0,0
LH,1817,0,0,0
LH,1818,0,0,0
LH,1819,0,0,0
LH,1820,0,0,0
LH,1821,0,0,0
LH,1822,0,0,0
LH,1823,0,0,0
LH,1824,0,0,0
LH,1825,0,0,0
LH,1826,0,0,0
LH,1827,0,0,0
LH,1828,0,0,0
LH,1829,0,0,0
LH,1830,0,0,0
LH,1831,0,0,0
LH,1832,0,0,0
LH,1833,0,0,0
LH,1834,0,0,0
LH,1835,0,0,0
LH,1836,0,0,0
LH,1837,0,0,0
LH,1838,0,0,0
LH,1839,0,0,0
LH,1840,0,0,0
LH,1841,0,0,0
LH,1842,0,0,0
LH,1843,0,0,0
LH,1844,0,0,0
LH,1845,0,0,0
LH,1846,0,0,0
LH,1847,0,0,0
LH,1848,0,0,0
LH,1849,0,0,0
LH,1850,0,0,0
LH,1851,0,0,0
LH,1852,0,0,0
LH,1853,0,0,0
LH,1854,0,0,0
LH,1855,0,0,0
LH,1856,0,0,0
LH,1857,0,0,0
LH,1858,0,0,0
LH,1859,0,0,0
LH,1860,0,0,0
LH,1861,0,0,0
LH,1862,0,0,0
LH,1863,0,0,0
LH,1864,0,0,0
LH,1865,0,0,0
LH,1866,0,0,0
LH,1867,0,0,0
LH,1868,0,0,0
LH,1869,0,0,0
LH,1870,0,0,0
LH,1871,0,0,0
LH,1872,0,0,0
LH,1873,0,0,0
LH,1874,0,0,0
LH,1875,0,0,0
LH,1876,0,0,0
LH,1877,0,0,0
LH,1878,0,0,0
LH,1879,0,0,0
LH,1880,0,0,0
LH,1881,0,0,0
LH,1882,0,0,0
LH,1883,0,0,0
LH,1884,0,0,0
LH,1885,0,0,0
LH,1886,0,0,0
LH,1887,0,0,0
LH,1888,0,0,0
LH,1889,0,0,0
LH,1890,0,0,0
LH,1891,0,0,0
LH,1892,0,0,0
LH,1893,0,0,0
LH,1894,0,0,0
LH,1895,0,0,0
LH,1896,0,0,0
LH,1897,0,0,0
LH,1898,0,0,0
LH,1899,0,0,0
LH,1900,0,0,0
LH,1901,0,0,0
LH,1902,0,0,0
LH,1903,0,0,0
LH,1904,0,0,0
LH,1905,0,0,0
LH,1906,0,0,0
LH,1907,0,0,0
LH,1908,0,0,0
LH,1909,0,0,0
LH,1910,0,0,0
LH,1911,0,0,0
LH,1912,0,0,0
LH,1913,0,0,0
LH,1914,0,0,0
LH,1915,0,0,0
LH,1916,0,0,0
LH,1917,0,0,0
LH,1918,0,0,0
LH,1919,0,0,0
LH,1920,0,0,0
LH,1921,0,0,0
LH,1922,0,0,0
LH,1923,0,0,0
LH,1924,0,0,0
LH,1925,0,0,0
LH,1926,0,0,0
LH,1927,0,0,0
LH,1928,0,0,0
LH,1929,0,0,0
LH,1930,0,0,0
LH,1931,0,0,0
LH,1932,0,0,0
LH,1933,0,0,0
LH,1934,0,0,0
LH,1935,0,0,0
LH,1936,0,0,0
LH,1937,0,0,0
LH,1938,0,0,0
LH,1939,0,0,0
LH,1940,0,0,0
LH,1941,0,0,0
LH,1942,0,0,0
LH,1943,0,0,0
LH,1944,0,0,0
LH,1945,0,0,0
LH,1946,0,0,0
LH,1947,0,0,0
LH,1948,0,0,0
LH,1949,0,0,0
LH,1950,0,0,0
LH,1951,0,0,0
LH,1952,0,0,0
LH,1953,0,0,0
LH,1954,0,0,0
LH,1955,0,0,0
LH,1956,0,0,0
LH,1957,0,0,0
LH,1958,0,0,0
LH,1959,0,0,0
LH,1960,0,0,0
LH,1961,0,0,0
LH,1962,0,0,0
LH,1963,0,0,0
LH,1964,0,0,0
LH,1965,0,0,0
LH,1966,0,0,0
LH,1967,0,0,0
LH,1968,0,0,0
LH,1969,0,0,0
LH,1970,0,0,0
LH,1971,0,0,0
LH,1972,0,0,0
LH,1973,0,0,0
LH,1974,0,0,0
LH,1975,0,0,0
LH,1976,0,0,0
LH,1977,0,0,0
LH,1978,0,0,0
LH,1979,0,0,0
LH,1980,0,0,0
LH,1981,0,0,0
LH,1982,0,0,0
LH,1983,0,0,0
LH,1984,0,0,0
LH,1985,0,0,0
LH,1986,0,0,0
LH,1987,0,0,0
LH,1988,0,0,0
LH,1989,0,0,0
LH,1990,0,0,0
LH,1991,0,0,0
LH,1992,0,0,0
LH,1993,0,0,0
LH,1994,0,0,0
LH,1995,0,0,0
LH,1996,0,0,0
LH,1997,0,0,0
LH,1998,0,0,0
LH,1999,0,0,0
LH,2000,0,0,0
LH,2001,0,0,0
LH,2002,0,0,0
LH,2003,0,0,0
LH,2004,0,0,0
LH,2005,0,0,0
LH,2006,0,0,0
LH,2007,0,0,0
LH,2008,0,0,0
LH,2009,0,0,0
LH,2010,0,0,0
LH,2011,0,0,0
LH,2012,0,0,0
LH,2013,0,0,0
LH,2014,0,0,0
LH,2015,0,0,0
LH,2016,0,0,0
LH,2017,0,0,0
LH,2018,0,0,0
LH,2019,0,0,0
LH,2020,0,0,0
LH,2021,0,0,0
LH,2022,0,0,0
LH,2023,0,0,0
LH,2024,0,0,0
LH,2025,0,0,0
LH,2026,0,0,0
LH,2027,0,0,0
LH,2028,0,0,0
LH,2029,0,0,0
LH,2030,0,0,0
LH,2031,0,0,0
LH,2032,0,0,0
LH,2033,0,0,0
LH,2034,0,0,0
LH,2035,0,0,0
LH,2036,0,0,0
LH,2037,0,0,0
LH,2038,0,0,0
LH,2039,0,0,0
LH,2040,0,0,0
LH,2041,0,0,0
LH,2042,0,0,0
LH,2043,0,0,0
LH,2044,0,0,0
LH,2045,0,0,0
LH,2046,0,0,0
LH,2047,0,0,0
LH,2048,0,0,0
LH,2049,0,0,0
LH,2050,0,0,0
LH,2051,0,0,0
LH,2052,0,0,0
LH,2053,0,0,0
LH,2054,0,0,0
LH,2055,0,0,0
LH,2056,0,0,0
LH,2057,0,0,0
LH,2058,0,0,0
LH,2059,0,0,0
LH,2060,0,0,0
LH,2061,0,0,0
LH,2062,0,0,0
LH,2063,0,0,0
LH,2064,0,0,0
LH,2065,0,0,0
LH,2066,0,0,0
LH,2067,0,0,0
LH,2068,0,0,0
LH,2069,0,0,0
LH,2070,0,0,0
LH,2071,0,0,0
LH,2072,0,0,0
LH,2073,0,0,0
LH,2074,0,0,0
LH,2075,0,0,0
LH,2076,0,0,0
LH,2077,0,0,0
LH,2078,0,0,0
LH,2079,0,0,0
LH,2080,0,0,0
LH,2081,0,0,0
LH,2082,0,0,0
LH,2083,0,0,0
LH,2084,0,0,0
LH,2085,0,0,0
LH,2086,0,0,0
LH,2087,0,0,0
LH,2088,0,0,0
LH,2089,0,0,0
LH,2090,0,0,0
LH,2091,0,0,0
LH,2092,0,0,0
LH,2093,0,0,0
LH,2094,0,0,0
LH,2095,0,0,0
LH,2096,0,0,0
LH,2097,0,0,0
LH,2098,0,0,0
LH,2099,0,0,0
LH,2100,0,0,0
LH,2101,0,0,0
LH,2102,0,0,0
LH,2103,0,0,0
LH,2104,0,0,0
LH,2105,0,0,0
LH,2106,0,0,0
LH,2107,0,0,0
LH,2108,0,0,0
LH,2109,0,0,0
LH,2110,0,0,0
LH,2111,0,0,0
LH,2112,0,0,0
LH,2113,0,0,0
LH,2114,0,0,0
LH,2115,0,0,0
LH,2116,0,0,0
LH,2117,0,0,0
LH,2118,0,0,0
LH,2119,0,0,0
LH,2120,0,0,0
LH,2121,0,0,0
LH,2122,0,0,0
LH,2123,0,0,0
LH,2124,0,0,0
LH,2125,0,0,0
LH,2126,0,0,0
LH,2127,0,0,0
LH,2128,0,0,0
LH,2129,0,0,0
LH,2130,0,0,0
LH,2131,0,0,0
LH,2132,0,0,0
LH,2133,0,0,0
LH,2134,0,0,0
LH,2135,0,0,0
LH,2136,0,0,0
LH,2137,0,0,0
LH,2138,0,0,0
LH,2139,0,0,0
LH,2140,0,0,0
LH,2141,0,0,0
LH,2142,0,0,0
LH,2143,0,0,0
LH,2144,0,0,0
LH,2145,0,0,0
LH,2146,0,0,0
LH,2147,0,0,0
LH,2148,0,0,0
LH,2149,0,0,0
LH,2150,0,0,0
LH,2151,0,0,0
LH,2152,0,0,0
LH,2153,0,0,0
LH,2154,0,0,0
LH,2155,0,0,0
LH,2156,0,0,0
LH,2157,0,0,0
LH,2158,0,0,0
LH,2159,0,0,0
LH,2160,0,0,0
LH,2161,0,0,0
LH,2162,0,0,0
LH,2163,0,0,0
LH,2164,0,0,0
LH,2165,0,0,0
LH,2166,0,0,0
LH,2167,0,0,0
LH,2168,0,0,0
LH,2169,0,0,0
LH,2170,0,0,0
LH,2171,0,0,0
LH,2172,0,0,0
LH,2173,0,0,0
LH,2174,0,0,0
LH,2175,0,0,0
LH,2176,0,0,0
LH,2177,0,0,0
LH,2178,0,0,0
LH,2179,0,0,0
LH,2180,0,0,0
LH,2181,0,0,0
LH,2182,0,0,0
LH,2183,0,0,0
LH,2184,0,0,0
LH,2185,0,0,0
LH,2186,0,0,0
LH,2187,0,0,0
LH,2188,0,0,0
LH,2189,0,0,0
LH,2190,0,0,0
LH,2191,0,0,0
LH,2192,0,0,0
LH,2193,0,0,0
LH,2194,0,0,0
LH,2195,0,0,0
LH,2196,0,0,0
LH,2197,0,0,0
LH,2198,0,0,0
LH,2199,0,0,0
LH,2200,0,0,0
LH,2201,0,0,0
LH,2202,0,0,0
LH,2203,0,0,0
LH,2204,0,0,0
LH,2205,0,0,0
LH,2206,0,0,0
LH,2207,0,0,0
LH,2208,0,0,0
LH,2209,0,0,0
LH,2210,0,0,0
LH,2211,0,0,0
LH,2212,0,0,0
LH,2213,0,0,0
LH,2214,0,0,0
LH,2215,0,0,0
LH,2216,0,0,0
LH,2217,0,0,0
LH,2218,0,0,0
LH,2219,0,0,0
LH,2220,0,0,0
LH,2221,0,0,0
LH,2222,0,0,0
LH,2223,0,0,0
LH,2224,0,0,0
LH,2225,0,0,0
LH,2226,0,0,0
LH,2227,0,0,0
LH,2228,0,0,0
LH,2229,0,0,0
LH,2230,0,0,0
LH,2231,0,0,0
LH,2232,0,0,0
LH,2233,0,0,0
LH,2234,0,0,0
LH,2235,0,0,0
LH,2236,0,0,0
LH,2237,0,0,0
LH,2238,0,0,0
LH,2239,0,0,0
LH,2240,0,0,0
LH,2241,0,0,0
LH,2242,0,0,0
LH,2243,0,0,0
LH,2244,0,0,0
LH,2245,0,0,0
LH,2246,0,0,0
LH,2247,0,0,0
LH,2248,0,0,0
LH,2249,0,0,0
LH,2250,0,0,0
LH,2251,0,0,0
LH,2252,0,0,0
LH,2253,0,0,0
LH,2254,0,0,0
LH,2255,0,0,0
LH,2256,0,0,0
LH,2257,0,0,0
LH,2258,0,0,0
LH,2259,0,0,0
LH,2260,0,0,0
LH,2261,0,0,0
LH,2262,0,0,0
LH,2263,0,0,0
LH,2264,0,0,0
LH,2265,0,0,0
LH,2266,0,0,0
LH,2267,0,0,0
LH,2268,0,0,0
LH,2269,0,0,0
LH,2270,0,0,0
LH,2271,0,0,0
LH,2272,0,0,0
LH,2273,0,0,0
LH,2274,0,0,0
LH,2275,0,0,0
LH,2276,0,0,0
LH,2277,0,0,0
LH,2278,0,0,0
LH,2279,0,0,0
LH,2280,0,0,0
LH,2281,0,0,0
LH,2282,0,0,0
LH,2283,0,0,0
LH,2284,0,0,0
LH,2285,0,0,0
LH,2286,0,0,0
LH,2287,0,0,0
LH,2288,0,0,0
LH,2289,0,0,0
LH,2290,0,0,0
LH,2291,0,0,0
LH,2292,0,0,0
LH,2293,0,0,0
LH,2294,0,0,0
LH,2295,0,0,0
LH,2296,0,0,0
LH,2297,0,0,0
LH,2298,0,0,0
LH,2299,0,0,0
LH,2300,0,0,0
LH,2301,0,0,0
LH,2302,0,0,0
LH,2303,0,0,0
LH,2304,0,0,0
LH,2305,0,0,0
LH,2306,0,0,0
LH,2307,0,0,0
LH,2308,0,0,0
LH,2309,0,0,0
LH,2310,0,0,0
LH,2311,0,0,0
LH,2312,0,0,0
LH,2313,0,0,0
LH,2314,0,0,0
LH,2315,0,0,0
LH,2316,0,0,0
LH,2317,0,0,0
LH,2318,0,0,0
LH,2319,0,0,0
LH,2320,0,0,0
LH,2321,0,0,0
LH,2322,0,0,0
LH,2323,0,0,0
LH,2324,0,0,0
LH,2325,0,0,0
LH,2326,0,0,0
LH,2327,0,0,0
LH,2328,0,0,0
LH,2329,0,0,0
LH,2330,0,0,0
LH,2331,0,0,0
LH,2332,0,0,0
LH,2333,0,0,0
LH,2334,0,0,0
LH,2335,0,0,0
LH,2336,0,0,0
LH,2337,0,0,0
LH,2338,0,0,0
LH,2339,0,0,0
LH,2340,0,0,0
LH,2341,0,0,0
LH,2342,0,0,0
LH,2343,0,0,0
LH,2344,0,0,0
LH,2345,0,0,0
LH,2346,0,0,0
LH,2347,0,0,0
LH,2348,0,0,0
LH,2349,0,0,0
LH,2350,0,0,0
LH,2351,0,0,0
LH,2352,0,0,0
LH,2353,0,0,0
LH,2354,0,0,0
LH,2355,0,0,0
LH,2356,0,0,0
LH,2357,0,0,0
LH,2358,0,0,0
LH,2359,0,0,0
LH,2360,0,0,0
LH,2361,0,0,0
LH,2362,0,0,0
LH,2363,0,0,0
LH,2364,0,0,0
LH,2365,0,0,0
LH,2366,0,0,0
LH,2367,0,0,0
LH,2368,0,0,0
LH,2369,0,0,0
LH,2370,0,0,0
LH,2371,0,0,0
LH,2372,0,0,0
LH,2373,0,0,0
LH,2374,0,0,0
LH,2375,0,0,0
LH,2376,0,0,0
LH,2377,0,0,0
LH,2378,0,0,0
LH,2379,0,0,0
LH,2380,0,0,0
LH,2381,0,0,0
LH,2382,0,0,0
LH,2383,0,0,0
LH,2384,0,0,0
LH,2385,0,0,0
LH,2386,0,0,0
LH,2387,0,0,0
LH,2388,0,0,0
LH,2389,0,0,0
LH,2390,0,0,0
LH,2391,0,0,0
LH,2392,0,0,0
LH,2393,0,0,0
LH,2394,0,0,0
LH,2395,0,0,0
LH,2396,0,0,0
LH,2397,0,0,0
LH,2398,0,0,0
LH,2399,0,0,0
LH,2400,0,0,0
LH,2401,0,0,0
LH,2402,0,0,0
LH,2403,0,0,0
LH,2404,0,0,0
LH,2405,0,0,0
LH,2406,0,0,0
LH,2407,0,0,0
LH,2408,0,0,0
LH,2409,0,0,0
LH,2410,0,0,0
LH,2411,0,0,0
LH,2412,0,0,0
LH,2413,0,0,0
LH,2414,0,0,0
LH,2415,0,0,0
LH,2416,0,0,0
LH,2417,0,0,0
LH,2418,0,0,0
LH,2419,0,0,0
LH,2420,0,0,0
LH,2421,0,0,0
LH,2422,0,0,0
LH,2423,0,0,0
LH,2424,0,0,0
LH,2425,0,0,0
LH,2426,0,0,0
LH,2427,0,0,0
LH,2428,0,0,0
LH,2429,0,0,0
LH,2430,0,0,0
LH,2431,0,0,0
LH,2432,0,0,0
LH,2433,0,0,0
LH,2434,0,0,0
LH,2435,0,0,0
LH,2436,0,0,0
LH,2437,0,0,0
LH,2438,0,0,0
LH,2439,0,0,0
LH,2440,0,0,0
LH,2441,0,0,0
LH,2442,0,0,0
LH,2443,0,0,0
LH,2444,0,0,0
LH,2445,0,0,0
LH,2446,0,0,0
LH,2447,0,0,0
LH,2448,0,0,0
LH,2449,0,0,0
LH,2450,0,0,0
LH,2451,0,0,0
LH,2452,0,0,0
LH,2453,0,0,0
LH,2454,0,0,0
LH,2455,0,0,0
LH,2456,0,0,0
LH,2457,0,0,0
LH,2458,0,0,0
LH,2459,0,0,0
LH,2460,0,0,0
LH,2461,0,0,0
LH,2462,0,0,0
LH,2463,0,0,0
LH,2464,0,0,0
LH,2465,0,0,0
LH,2466,0,0,0
LH,2467,0,0,0
LH,2468,0,0,0
LH,2469,0,0,0
LH,2470,0,0,0
LH,2471,0,0,0
LH,2472,0,0,0
LH,2473,0,0,0
LH,2474,0,0,0
LH,2475,0,0,0
LH,2476,0,0,0
LH,2477,0,0,0
LH,2478,0,0,0
LH,2479,0,0,0
LH,2480,0,0,0
LH,2481,0,0,0
LH,2482,0,0,0
LH,2483,0,0,0
LH,2484,0,0,0
LH,2485,0,0,0
LH,2486,0,0,0
LH,2487,0,0,0
LH,2488,0,0,0
LH,2489,0,0,0
LH,2490,0,0,0
LH,2491,0,0,0
LH,2492,0,0,0
LH,2493,0,0,0
LH,2494,0,0,0
LH,2495,0,0,0
LH,2496,0,0,0
LH,2497,0,0,0
LH,2498,0,0,0
LH,2499,0,0,0
LH,2500,0,0,0
LH,2501,0,0,0
LH,2502,0,0,0
LH,2503,0,0,0
LH,2504,0,0,0
LH,2505,0,0,0
LH,2506,0,0,0
LH,2507,0,0,0
LH,2508,0,0,0
LH,2509,0,0,0
LH,2510,0,0,0
LH,2511,0,0,0
LH,2512,0,0,0
LH,2513,0,0,0
LH,2514,0,0,0
LH,2515,0,0,0
LH,2516,0,0,0
LH,2517,0,0,0
LH,2518,0,0,0
LH,2519,0,0,0
LH,2520,0,0,0
LH,2521,0,0,0
LH,2522,0,0,0
LH,2523,0,0,0
LH,2524,0,0,0
LH,2525,0,0,0
LH,2526,0,0,0
LH,2527,0,0,0
LH,2528,0,0,0
LH,2529,0,0,0
LH,2530,0,0,0
LH,2531,0,0,0
LH,2532,0,0,0
LH,2533,0,0,0
LH,2534,0,0,0
LH,2535,0,0,0
LH,2536,0,0,0
LH,2537,0,0,0
LH,2538,0,0,0
LH,2539,0,0,0
LH,2540,0,0,0
LH,2541,0,0,0
LH,2542,0,0,0
LH,2543,0,0,0
LH,2544,0,0,0
LH,2545,0,0,0
LH,2546,0,0,0
LH,2547,0,0,0
LH,2548,0,0,0
LH,2549,0,0,0
LH,2550,0,0,0
LH,2551,0,0,0
LH,2552,0,0,0
LH,2553,0,0,0
LH,2554,0,0,0
LH,2555,0,0,0
LH,2556,0,0,0
LH,2557,0,0,0
LH,2558,0,0,0
LH,2559,0,0,0
LH,2560,0,0,0
LH,2561,0,0,0
LH,2562,0,0,0
LH,2563,0,0,0
LH,2564,0,0,0
LH,2565,0,0,0
LH,2566,0,0,0
LH,2567,0,0,0
LH,2568,0,0,0
LH,2569,0,0,0
LH,2570,0,0,0
LH,2571,0,0,0
LH,2572,0,0,0
LH,2573,0,0,0
LH,2574,0,0,0
LH,2575,0,0,0
LH,2576,0,0,0
LH,2577,0,0,0
LH,2578,0,0,0
LH,2579,0,0,0
LH,2580,0,0,0
LH,2581,0,0,0
LH,2582,0,0,0
LH,2583,0,0,0
LH,2584,0,0,0
LH,2585,0,0,0
LH,2586,0,0,0
LH,2587,0,0,0
LH,2588,0,0,0
LH,2589,0,0,0
LH,2590,0,0,0
LH,2591,0,0,0
LH,2592,0,0,0
LH,2593,0,0,0
LH,2594,0,0,0
LH,2595,0,0,0
LH,2596,0,0,0
LH,2597,0,0,0
LH,2598,0,0,0
LH,2599,0,0,0
LH,2600,0,0,0
LH,2601,0,0,0
LH,2602,0,0,0
LH,2603,0,0,0
LH,2604,0,0,0
LH,2605,0,0,0
LH,2606,0,0,0
LH,2607,0,0,0
LH,2608,0,0,0
LH,2609,0,0,0
LH,2610,0,0,0
LH,2611,0,0,0
LH,2612,0,0,0
LH,2613,0,0,0
LH,2614,0,0,0
LH,2615,0,0,0
LH,2616,0,0,0
LH,2617,0,0,0
LH,2618,0,0,0
LH,2619,0,0,0
LH,2620,0,0,0
LH,2621,0,0,0
LH,2622,0,0,0
LH,2623,0,0,0
LH,2624,0,0,0
LH,2625,0,0,0
LH,2626,0,0,0
LH,2627,0,0,0
LH,2628,0,0,0
LH,2629,0,0,0
LH,2630,0,0,0
LH,2631,0,0,0
LH,2632,0,0,0
LH,2633,0,0,0
LH,2634,0,0,0
LH,2635,0,0,0
LH,2636,0,0,0
LH,2637,0,0,0
LH,2638,0,0,0
LH,2639,0,0,0
LH,2640,0,0,0
LH,2641,0,0,0
LH,2642,0,0,0
LH,2643,0,0,0
LH,2644,0,0,0
LH,2645,0,0,0
LH,2646,0,0,0
LH,2647,0,0,0
LH,2648,0,0,0
LH,2649,0,0,0
LH,2650,0,0,0
LH,2651,0,0,0
LH,2652,0,0,0
LH,2653,0,0,0
LH,2654,0,0,0
LH,2655,0,0,0
LH,2656,0,0,0
LH,2657,0,0,0
LH,2658,0,0,0
LH,2659,0,0,0
LH,2660,0,0,0
LH,2661,0,0,0
LH,2662,0,0,0
LH,2663,0,0,0
LH,2664,0,0,0
LH,2665,0,0,0
LH,2666,0,0,0
LH,2667,0,0,0
LH,2668,0,0,0
LH,2669,0,0,0
LH,2670,0,0,0
LH,2671,0,0,0
LH,2672,0,0,0
LH,2673,0,0,0
LH,2674,0,0,0
LH,2675,0,0,0
LH,2676,0,0,0
LH,2677,0,0,0
LH,2678,0,0,0
LH,2679,0,0,0
LH,2680,0,0,0
LH,2681,0,0,0
LH,2682,0,0,0
LH,2683,0,0,0
LH,2684,0,0,0
LH,2685,0,0,0
LH,2686,0,0,0
LH,2687,0,0,0
LH,2688,0,0,0
LH,2689,0,0,0
LH,2690,0,0,0
LH,2691,0,0,0
LH,2692,0,0,0
LH,2693,0,0,0
LH,2694,0,0,0
LH,2695,0,0,0
LH,2696,0,0,0
LH,2697,0,0,0
LH,2698,0,0,0
LH,2699,0,0,0
LH,2700,0,0,0
LH,2701,0,0,0
LH,2702,0,0,0
LH,2703,0,0,0
LH,2704,0,0,0
LH,2705,0,0,0
LH,2706,0,0,0
LH,2707,0,0,0
LH,2708,0,0,0
LH,2709,0,0,0
LH,2710,0,0,0
LH,2711,0,0,0
LH,2712,0,0,0
LH,2713,0,0,0
LH,2714,0,0,0
LH,2715,0,0,0
LH,2716,0,0,0
LH,2717,0,0,0
LH,2718,0,0,0
LH,2719,0,0,0
LH,2720,0,0,0
LH,2721,0,0,0
LH,2722,0,0,0
LH,2723,0,0,0
LH,2724,0,0,0
LH,2725,0,0,0
LH,2726,0,0,0
LH,2727,0,0,0
LH,2728,0,0,0
LH,2729,0,0,0
LH,2730,0,0,0
LH,2731,0,0,0
LH,2732,0,0,0
LH,2733,0,0,0
LH,2734,0,0,0
LH,2735,0,0,0
LH,2736,0,0,0
LH,2737,0,0,0
LH,2738,0,0,0
LH,2739,0,0,0
LH,2740,0,0,0
LH,2741,0,0,0
LH,2742,0,0,0
LH,2743,0,0,0
LH,2744,0,0,0
LH,2745,0,0,0
LH,2746,0,0,0
LH,2747,0,0,0
LH,2748,0,0,0
LH,2749,0,0,0
LH,2750,0,0,0
LH,2751,0,0,0
LH,2752,0,0,0
LH,2753,0,0,0
LH,2754,0,0,0
LH,2755,0,0,0
LH,2756,0,0,0
LH,2757,0,0,0
LH,2758,0,0,0
LH,2759,0,0,0
LH,2760,0,0,0
LH,2761,0,0,0
LH,2762,0,0,0
LH,2763,0,0,0
LH,2764,0,0,0
LH,2765,0,0,0
LH,2766,0,0,0
LH,2767,0,0,0
LH,2768,0,0,0
LH,2769,0,0,0
LH,2770,0,0,0
LH,2771,0,0,0
LH,2772,0,0,0
LH,2773,0,0,0
LH,2774,0,0,0
LH,2775,0,0,0
LH,2776,0,0,0
LH,2777,0,0,0
LH,2778,0,0,0
LH,2779,0,0,0
LH,2780,0,0,0
LH,2781,0,0,0
LH,2782,0,0,0
LH,2783,0,0,0
LH,2784,0,0,0
LH,2785,0,0,0
LH,2786,0,0,0
LH,2787,0,0,0
LH,2788,0,0,0
LH,2789,0,0,0
LH,2790,0,0,0
LH,2791,0,0,0
LH,2792,0,0,0
LH,2793,0,0,0
LH,2794,0,0,0
LH,2795,0,0,0
LH,2796,0,0,0
LH,2797,0,0,0
LH,2798,0,0,0
LH,2799,0,0,0
LH,2800,0,0,0
LH,2801,0,0,0
LH,2802,0,0,0
LH,2803,0,0,0
LH,2804,0,0,0
LH,2805,0,0,0
LH,2806,0,0,0
LH,2807,0,0,0
LH,2808,0,0,0
LH,2809,0,0,0
LH,2810,0,0,0
LH,2811,0,0,0
LH,2812,0,0,0
LH,2813,0,0,0
LH,2814,0,0,0
LH,2815,0,0,0
LH,2816,0,0,0
LH,2817,0,0,0
LH,2818,0,0,0
LH,2819,0,0,0
LH,2820,0,0,0
LH,2821,0,0,0
LH,2822,0,0,0
LH,2823,0,0,0
LH,2824,0,0,0
LH,2825,0,0,0
LH,2826,0,0,0
LH,2827,0,0,0
LH,2828,0,0,0
LH,2829,0,0,0
LH,2830,0,0,0
LH,2831,0,0,0
LH,2832,0,0,0
LH,2833,0,0,0
LH,2834,0,0,0
LH,2835,0,0,0
LH,2836,0,0,0
LH,2837,0,0,0
LH,2838,0,0,0
LH,2839,0,0,0
LH,2840,0,0,0
LH,2841,0,0,0
LH,2842,0,0,0
LH,2843,0,0,0
LH,2844,0,0,0
LH,2845,0,0,0
LH,2846,0,0,0
LH,2847,0,0,0
LH,2848,0,0,0
LH,2849,0,0,0
LH,2850,0,0,0
LH,2851,0,0,0
LH,2852,0,0,0
LH,2853,0,0,0
LH,2854,0,0,0
LH,2855,0,0,0
LH,2856,0,0,0
LH,2857,0,0,0
LH,2858,0,0,0
LH,2859,0,0,0
LH,2860,0,0,0
LH,2861,0,0,0
LH,2862,0,0,0
LH,2863,0,0,0
LH,2864,0,0,0
LH,2865,0,0,0
LH,2866,0,0,0
LH,2867,0,0,0
LH,2868,0,0,0
LH,2869,0,0,0
LH,2870,0,0,0
LH,2871,0,0,0
LH,2872,0,0,0
LH,2873,0,0,0
LH,2874,0,0,0
LH,2875,0,0,0
LH,2876,0,0,0
LH,2877,0,0,0
LH,2878,0,0,0
LH,2879,0,0,0
LH,2880,0,0,0
LH,2881,0,0,0
LH,2882,0,0,0
LH,2883,0,0,0
LH,2884,0,0,0
LH,2885,0,0,0
LH,2886,0,0,0
LH,2887,0,0,0
LH,2888,0,0,0
LH,2889,0,0,0
LH,2890,0,0,0
LH,2891,0,0,0
LH,2892,0,0,0
LH,2893,0,0,0
LH,2894,0,0,0
LH,2895,0,0,0
LH,2896,0,0,0
LH,2897,0,0,0
LH,2898,0,0,0
LH,2899,0,0,0
LH,2900,0,0,0
LH,2901,0,0,0
LH,2902,0,0,0
LH,2903,0,0,0
LH,2904,0,0,0
LH,2905,0,0,0
LH,2906,0,0,0
LH,2907,0,0,0
LH,2908,0,0,0
LH,2909,0,0,0
LH,2910,0,0,0
LH,2911,0,0,0
LH,2912,0,0,0
LH,2913,0,0,0
LH,2914,0,0,0
LH,2915,0,0,0
LH,2916,0,0,0
LH,2917,0,0,0
LH,2918,0,0,0
LH,2919,0,0,0
LH,2920,0,0,0
LH,2921,0,0,0
LH,2922,0,0,0
LH,2923,0,0,0
LH,2924,0,0,0
LH,2925,0,0,0
LH,2926,0,0,0
LH,2927,0,0,0
LH,2928,0,0,0
LH,2929,0,0,0
LH,2930,0,0,0
LH,2931,0,0,0
LH,2932,0,0,0
LH,2933,0,0,0
LH,2934,0,0,0
LH,2935,0,0,0
LH,2936,0,0,0
LH,2937,0,0,0
LH,2938,0,0,0
LH,2939,0,0,0
LH,2940,0,0,0
LH,2941,0,0,0
LH,2942,0,0,0
LH,2943,0,0,0
LH,2944,0,0,0
LH,2945,0,0,0
LH,2946,0,0,0
LH,2947,0,0,0
LH,2948,0,0,0
LH,2949,0,0,0
LH,2950,0,0,0
LH,2951,0,0,0
LH,2952,0,0,0
LH,2953,0,0,0
LH,2954,0,0,0
LH,2955,0,0,0
LH,2956,0,0,0
LH,2957,0,0,0
LH,2958,0,0,0
LH,2959,0,0,0
LH,2960,0,0,0
LH,2961,0,0,0
LH,2962,0,0,0
LH,2963,0,0,0
LH,2964,0,0,0
LH,2965,0,0,0
LH,2966,0,0,0
LH,2967,0,0,0
LH,2968,0,0,0
LH,2969,0,0,0
LH,2970,0,0,0
LH,2971,0,0,0
LH,2972,0,0,0
LH,2973,0,0,0
LH,2974,0,0,0
LH,2975,0,0,0
LH,2976,0,0,0
LH,2977,0,0,0
LH,2978,0,0,0
LH,2979,0,0,0
LH,2980,0,0,0
LH,2981,0,0,0
LH,2982,0,0,0
LH,2983,0,0,0
LH,2984,0,0,0
LH,2985,0,0,0
LH,2986,0,0,0
LH,2987,0,0,0
LH,2988,0,0,0
LH,2989,0,0,0
LH,2990,0,0,0
LH,2991,0,0,0
LH,2992,0,0,0
LH,2993,0,0,0
LH,2994,0,0,0
LH,2995,0,0,0
LH,2996,0,0,0
LH,2997,0,0,0
LH,2998,0,0,0
LH,2999,0,0,0
