LH,0,1,2,1,0,0
LH,1,1,1,0,0,0
LH,2,2,2,1,0,0
LH,3,3,3,1,0,0
LH,4,4,4,1,0,0
LH,5,5,5,1,0,0
LH,6,5,5,0,0,0
LH,7,6,6,1,0,0
LH,8,6,5,0,0,0
LH,9,7,6,1,0,0
LH,10,8,7,1,0,0
LH,11,9,8,1,0,0
LH,12,10,9,1,0,0
LH,13,10,8,0,0,0
LH,14,11,9,1,0,0
LH,15,12,10,1,0,0
LH,16,13,11,1,0,0
LH,17,14,12,1,0,0
LH,18,14,12,0,0,0
LH,19,15,13,1,0,0
LH,20,15,12,0,0,0
LH,21,16,13,1,0,0
LH,22,17,14,1,0,0
LH,23,18,15,1,0,0
LH,24,19,16,1,0,0
LH,25,19,15,0,0,0
LH,26,20,16,1,0,0
LH,27,21,17,1,0,0
LH,28,22,18,1,0,0
LH,29,23,19,1,0,0
LH,30,23,19,0,0,0
LH,31,24,20,1,0,0
LH,32,24,19,0,0,0
LH,33,25,20,1,0,0
LH,34,26,21,1,0,0
LH,35,27,22,1,0,0
LH,36,28,23,1,0,0
LH,37,28,22,0,0,0
LH,38,29,23,1,0,0
LH,39,30,24,1,0,0
LH,40,31,25,1,0,0
LH,41,32,26,1,0,0
LH,42,32,26,0,0,0
LH,43,33,27,1,0,0
LH,44,33,26,0,0,0
LH,45,34,27,1,0,0
LH,46,35,28,1,0,0
LH,47,36,29,1,0,0
LH,48,37,30,1,0,0
LH,49,37,29,0,0,0
LH,50,38,30,1,0,0
LH,51,39,31,1,0,0
LH,52,40,32,1,0,0
LH,53,41,33,1,0,0
LH,54,41,33,0,0,0
LH,55,42,34,1,0,0
LH,56,42,33,0,0,0
LH,57,43,34,1,0,0
LH,58,44,35,1,0,0
LH,59,45,36,1,0,0
LH,60,46,37,1,0,0
LH,61,46,36,0,0,0
LH,62,47,37,1,0,0
LH,63,48,38,1,0,0
LH,64,49,39,1,0,0
LH,65,50,40,1,0,0
LH,66,50,40,0,0,0
LH,67,51,41,1,0,0
LH,68,51,40,0,0,0
LH,69,52,41,1,0,0
LH,70,53,42,1,0,0
LH,71,54,43,1,0,0
LH,72,55,44,1,0,0
LH,73,55,43,0,0,0
LH,74,56,44,1,0,0
LH,75,57,45,1,0,0
LH,76,58,46,1,0,0
LH,77,59,47,1,0,0
LH,78,59,47,0,0,0
LH,79,60,48,1,0,0
LH,80,60,47,0,0,0
LH,81,61,48,1,0,0
LH,82,62,49,1,0,0
LH,83,63,50,1,0,0
LH,84,64,51,1,0,0
LH,85,64,50,0,0,0
LH,86,64,50,0,0,1
LH,87,64,50,0,0,1
LH,88,64,50,0,0,1
LH,89,64,50,0,0,1
LH,90,64,50,0,0,1
LH,91,64,50,0,0,1
LH,92,64,50,0,0,1
LH,93,64,50,0,0,1
LH,94,64,50,0,0,1
LH,95,64,50,0,0,1
LH,96,64,50,0,0,1
LH,97,64,50,0,0,1
LH,98,64,50,0,0,1
LH,99,64,50,0,0,1
LH,100,64,50,0,0,1
LH,101,64,50,0,0,1
LH,102,64,50,0,0,1
LH,103,64,50,0,0,1
LH,104,64,50,0,0,1
LH,105,64,50,0,0,1
LH,106,64,50,0,0,1
LH,107,64,50,0,0,1
LH,108,64,50,0,0,1
LH,109,64,50,0,0,1
LH,110,64,50,0,0,1
LH,111,64,50,0,0,1
LH,112,64,50,0,0,1
LH,113,64,50,0,0,1
LH,114,64,50,0,0,1
LH,115,64,50,0,0,1
LH,116,64,50,0,0,1
LH,117,64,50,0,0,1
LH,118,64,50,0,0,1
LH,119,64,50,0,0,1
LH,120,64,50,0,0,1
LH,121,64,50,0,0,1
LH,122,64,50,0,0,1
LH,123,64,50,0,0,1
LH,124,64,50,0,0,1
LH,125,64,50,0,0,1
LH,126,64,50,0,0,1
LH,127,64,50,0,0,1
LH,128,64,50,0,0,1
LH,129,64,50,0,0,1
LH,130,64,50,0,0,1
LH,131,64,50,0,0,1
LH,132,64,50,0,0,1
LH,133,64,50,0,0,1
LH,134,64,50,0,0,1
LH,135,64,50,0,0,1
LH,136,64,50,0,0,1
LH,137,64,50,0,0,1
LH,138,64,50,0,0,1
LH,139,64,50,0,0,1
LH,140,64,50,0,0,1
LH,141,64,50,0,0,1
LH,142,64,50,0,0,1
LH,143,64,50,0,0,1
LH,144,64,50,0,0,1
LH,145,64,50,0,0,1
LH,146,64,50,0,0,1
LH,147,64,50,0,0,1
LH,148,64,50,0,0,1
LH,149,64,50,0,0,1
LH,150,64,50,0,0,1
LH,151,64,50,0,0,1
LH,152,64,50,0,0,1
LH,153,64,50,0,0,1
LH,154,64,50,0,0,1
LH,155,64,50,0,0,1
LH,156,64,50,0,0,1
LH,157,64,50,0,0,1
LH,158,64,50,0,0,1
LH,159,64,50,0,0,1
LH,160,64,50,0,0,1
LH,161,64,50,0,0,1
LH,162,64,50,0,0,1
LH,163,64,50,0,0,1
LH,164,64,50,0,0,1
LH,165,64,50,0,0,1
LH,166,64,50,0,0,1
LH,167,64,50,0,0,1
LH,168,64,50,0,0,1
LH,169,64,50,0,0,1
LH,170,64,50,0,0,1
LH,171,64,50,0,0,1
LH,172,64,50,0,0,1
LH,173,64,50,0,0,1
LH,174,64,50,0,0,1
LH,175,64,50,0,0,1
LH,176,64,50,0,0,1
LH,177,64,50,0,0,1
LH,178,64,50,0,0,1
LH,179,64,50,0,0,1
LH,180,64,50,0,0,1
LH,181,64,50,0,0,1
LH,182,64,50,0,0,1
LH,183,64,50,0,0,1
LH,184,64,50,0,0,1
LH,185,64,50,0,0,1
LH,186,64,50,0,0,1
LH,187,64,50,0,0,1
LH,188,64,50,0,0,1
LH,189,64,50,0,0,1
LH,190,64,50,0,0,1
LH,191,64,50,0,0,1
LH,192,64,50,0,0,1
LH,193,64,50,0,0,1
LH,194,64,50,0,0,1
LH,195,64,50,0,0,1
LH,196,64,50,0,0,1
LH,197,64,50,0,0,1
LH,198,64,50,0,0,1
LH,199,64,50,0,0,1
LH,200,64,50,0,0,1
LH,201,64,50,0,0,1
LH,202,64,50,0,0,1
LH,203,64,50,0,0,1
LH,204,64,50,0,0,1
LH,205,64,50,0,0,1
LH,206,64,50,0,0,1
LH,207,64,50,0,0,1
LH,208,64,50,0,0,1
LH,209,64,50,0,0,1
LH,210,64,50,0,0,1
LH,211,64,50,0,0,1
LH,212,64,50,0,0,1
LH,213,64,50,0,0,1
LH,214,64,50,0,0,1
LH,215,64,50,0,0,1
LH,216,64,50,0,0,1
LH,217,64,50,0,0,1
LH,218,64,50,0,0,1
LH,219,64,50,0,0,1
LH,220,64,50,0,0,1
LH,221,64,50,0,0,1
LH,222,64,50,0,0,1
LH,223,64,50,0,0,1
LH,224,64,50,0,0,1
LH,225,64,50,0,0,1
LH,226,64,50,0,0,1
LH,227,64,50,0,0,1
LH,228,64,50,0,0,1
LH,229,64,50,0,0,1
LH,230,64,50,0,0,1
LH,231,64,50,0,0,1
LH,232,64,50,0,0,1
LH,233,64,50,0,0,1
LH,234,64,50,0,0,1
LH,235,64,50,0,0,1
LH,236,64,50,0,0,1
LH,237,64,50,0,0,1
LH,238,64,50,0,0,1
LH,239,64,50,0,0,1
LH,240,64,50,0,0,1
LH,241,64,50,0,0,1
LH,242,64,50,0,0,1
LH,243,64,50,0,0,1
LH,244,64,50,0,0,1
LH,245,64,50,0,0,1
LH,246,64,50,0,0,1
LH,247,64,50,0,0,1
LH,248,64,50,0,0,1
LH,249,64,50,0,0,1
LH,250,64,50,0,0,1
LH,251,64,50,0,0,1
LH,252,64,50,0,0,1
LH,253,64,50,0,0,1
LH,254,64,50,0,0,1
LH,255,64,50,0,0,1
LH,256,64,50,0,0,1
LH,257,64,50,0,0,1
LH,258,64,50,0,0,1
LH,259,64,50,0,0,1
LH,260,64,50,0,0,1
LH,261,64,50,0,0,1
LH,262,64,50,0,0,1
LH,263,64,50,0,0,1
LH,264,64,50,0,0,1
LH,265,64,50,0,0,1
LH,266,64,50,0,0,1
LH,267,64,50,0,0,1
LH,268,64,50,0,0,1
LH,269,64,50,0,0,1
LH,270,64,50,0,0,1
LH,271,64,50,0,0,1
LH,272,64,50,0,0,1
LH,273,64,50,0,0,1
LH,274,64,50,0,0,1
LH,275,64,50,0,0,1
LH,276,64,50,0,0,1
LH,277,64,50,0,0,1
LH,278,64,50,0,0,1
LH,279,64,50,0,0,1
LH,280,64,50,0,0,1
LH,281,64,50,0,0,1
LH,282,64,50,0,0,1
LH,283,64,50,0,0,1
LH,284,64,50,0,0,1
LH,285,64,50,0,0,1
LH,286,64,50,0,0,1
LH,287,64,50,0,0,1
LH,288,64,50,0,0,1
LH,289,64,50,0,0,1
LH,290,64,50,0,0,1
LH,291,64,50,0,0,1
LH,292,64,50,0,0,1
LH,293,64,50,0,0,1
LH,294,64,50,0,0,1
LH,295,64,50,0,0,1
LH,296,64,50,0,0,1
LH,297,64,50,0,0,1
LH,298,64,50,0,0,1
LH,299,64,50,0,0,1
LH,300,64,50,0,0,1
LH,301,64,50,0,0,1
LH,302,64,50,0,0,1
LH,303,64,50,0,0,1
LH,304,64,50,0,0,1
LH,305,64,50,0,0,1
LH,306,64,50,0,0,1
LH,307,64,50,0,0,1
LH,308,64,50,0,0,1
LH,309,64,50,0,0,1
LH,310,64,50,0,0,1
LH,311,64,50,0,0,1
LH,312,64,50,0,0,1
LH,313,64,50,0,0,1
LH,314,64,50,0,0,1
LH,315,64,50,0,0,1
LH,316,64,50,0,0,1
LH,317,64,50,0,0,1
LH,318,64,50,0,0,1
LH,319,64,50,0,0,1
LH,320,64,50,0,0,1
LH,321,64,50,0,0,1
LH,322,64,50,0,0,1
LH,323,64,50,0,0,1
LH,324,64,50,0,0,1
LH,325,64,50,0,0,1
LH,326,64,50,0,0,1
LH,327,64,50,0,0,1
LH,328,64,50,0,0,1
LH,329,64,50,0,0,1
LH,330,64,50,0,0,1
LH,331,64,50,0,0,1
LH,332,64,50,0,0,1
LH,333,64,50,0,0,1
LH,334,64,50,0,0,1
LH,335,64,50,0,0,1
LH,336,64,50,0,0,1
LH,337,64,50,0,0,1
LH,338,64,50,0,0,1
LH,339,64,50,0,0,1
LH,340,64,50,0,0,1
LH,341,64,50,0,0,1
LH,342,64,50,0,0,1
LH,343,64,50,0,0,1
LH,344,64,50,0,0,1
LH,345,64,50,0,0,1
LH,346,64,50,0,0,1
LH,347,64,50,0,0,1
LH,348,64,50,0,0,1
LH,349,64,50,0,0,1
LH,350,64,50,0,0,1
LH,351,64,50,0,0,1
LH,352,64,50,0,0,1
LH,353,64,50,0,0,1
LH,354,64,50,0,0,1
LH,355,64,50,0,0,1
LH,356,64,50,0,0,1
LH,357,64,50,0,0,1
LH,358,64,50,0,0,1
LH,359,64,50,0,0,1
LH,360,64,50,0,0,1
LH,361,64,50,0,0,1
LH,362,64,50,0,0,1
LH,363,64,50,0,0,1
LH,364,64,50,0,0,1
LH,365,64,50,0,0,1
LH,366,64,50,0,0,1
LH,367,64,50,0,0,1
LH,368,64,50,0,0,1
LH,369,64,50,0,0,1
LH,370,64,50,0,0,1
LH,371,64,50,0,0,1
LH,372,64,50,0,0,1
LH,373,64,50,0,0,1
LH,374,64,50,0,0,1
LH,375,64,50,0,0,1
LH,376,64,50,0,0,1
LH,377,64,50,0,0,1
LH,378,64,50,0,0,1
LH,379,64,50,0,0,1
LH,380,64,50,0,0,1
LH,381,64,50,0,0,1
LH,382,64,50,0,0,1
LH,383,64,50,0,0,1
LH,384,64,50,0,0,1
LH,385,64,50,0,0,1
LH,386,64,50,0,0,1
LH,387,64,50,0,0,1
LH,388,64,50,0,0,1
LH,389,64,50,0,0,1
LH,390,64,50,0,0,1
LH,391,64,50,0,0,1
LH,392,64,50,0,0,1
LH,393,64,50,0,0,1
LH,394,64,50,0,0,1
LH,395,64,50,0,0,1
LH,396,64,50,0,0,1
LH,397,64,50,0,0,1
LH,398,64,50,0,0,1
LH,399,64,50,0,0,1
LH,400,64,50,0,0,1
LH,401,64,50,0,0,1
LH,402,64,50,0,0,1
LH,403,64,50,0,0,1
LH,404,64,50,0,0,1
LH,405,64,50,0,0,1
LH,406,64,50,0,0,1
LH,407,64,50,0,0,1
LH,408,64,50,0,0,1
LH,409,64,50,0,0,1
LH,410,64,50,0,0,1
LH,411,64,50,0,0,1
LH,412,64,50,0,0,1
LH,413,64,50,0,0,1
LH,414,64,50,0,0,1
LH,415,64,50,0,0,1
LH,416,64,50,0,0,1
LH,417,64,50,0,0,1
LH,418,64,50,0,0,1
LH,419,64,50,0,0,1
LH,420,64,50,0,0,1
LH,421,64,50,0,0,1
LH,422,64,50,0,0,1
LH,423,64,50,0,0,1
LH,424,64,50,0,0,1
LH,425,64,50,0,0,1
LH,426,64,50,0,0,1
LH,427,64,50,0,0,1
LH,428,64,50,0,0,1
LH,429,64,50,0,0,1
LH,430,64,50,0,0,1
LH,431,64,50,0,0,1
LH,432,64,50,0,0,1
LH,433,64,50,0,0,1
LH,434,64,50,0,0,1
LH,435,64,50,0,0,1
LH,436,64,50,0,0,1
LH,437,64,50,0,0,1
LH,438,64,50,0,0,1
LH,439,64,50,0,0,1
LH,440,64,50,0,0,1
LH,441,64,50,0,0,1
LH,442,64,50,0,0,1
LH,443,64,50,0,0,1
LH,444,64,50,0,0,1
LH,445,64,50,0,0,1
LH,446,64,50,0,0,1
LH,447,64,50,0,0,1
LH,448,64,50,0,0,1
LH,449,64,50,0,0,1
LH,450,64,50,0,0,1
LH,451,64,50,0,0,1
LH,452,64,50,0,0,1
LH,453,64,50,0,0,1
LH,454,64,50,0,0,1
LH,455,64,50,0,0,1
LH,456,64,50,0,0,1
LH,457,64,50,0,0,1
LH,458,64,50,0,0,1
LH,459,64,50,0,0,1
LH,460,64,50,0,0,1
LH,461,64,50,0,0,1
LH,462,64,50,0,0,1
LH,463,64,50,0,0,1
LH,464,64,50,0,0,1
LH,465,64,50,0,0,1
LH,466,64,50,0,0,1
LH,467,64,50,0,0,1
LH,468,64,50,0,0,1
LH,469,64,50,0,0,1
LH,470,64,50,0,0,1
LH,471,64,50,0,0,1
LH,472,64,50,0,0,1
LH,473,64,50,0,0,1
LH,474,64,50,0,0,1
LH,475,64,50,0,0,1
LH,476,64,50,0,0,1
LH,477,64,50,0,0,1
LH,478,64,50,0,0,1
LH,479,64,50,0,0,1
LH,480,64,50,0,0,1
LH,481,64,50,0,0,1
LH,482,64,50,0,0,1
LH,483,64,50,0,0,1
LH,484,64,50,0,0,1
LH,485,64,50,0,0,1
LH,486,64,50,0,0,1
LH,487,64,50,0,0,1
LH,488,64,50,0,0,1
LH,489,64,50,0,0,1
LH,490,64,50,0,0,1
LH,491,64,50,0,0,1
LH,492,64,50,0,0,1
LH,493,64,50,0,0,1
LH,494,64,50,0,0,1
LH,495,64,50,0,0,1
LH,496,64,50,0,0,1
LH,497,64,50,0,0,1
LH,498,64,50,0,0,1
LH,499,64,50,0,0,1
LH,500,64,50,0,0,1
LH,501,64,50,0,0,1
LH,502,64,50,0,0,1
LH,503,64,50,0,0,1
LH,504,64,50,0,0,1
LH,505,64,50,0,0,1
LH,506,64,50,0,0,1
LH,507,64,50,0,0,1
LH,508,64,50,0,0,1
LH,509,64,50,0,0,1
LH,510,64,50,0,0,1
LH,511,64,50,0,0,1
LH,512,64,50,0,0,1
LH,513,64,50,0,0,1
LH,514,64,50,0,0,1
LH,515,64,50,0,0,1
LH,516,64,50,0,0,1
LH,517,64,50,0,0,1
LH,518,64,50,0,0,1
LH,519,64,50,0,0,1
LH,520,64,50,0,0,1
LH,521,64,50,0,0,1
LH,522,64,50,0,0,1
LH,523,64,50,0,0,1
LH,524,64,50,0,0,1
LH,525,64,50,0,0,1
LH,526,64,50,0,0,1
LH,527,64,50,0,0,1
LH,528,64,50,0,0,1
LH,529,64,50,0,0,1
LH,530,64,50,0,0,1
LH,531,64,50,0,0,1
LH,532,64,50,0,0,1
LH,533,64,50,0,0,1
LH,534,64,50,0,0,1
LH,535,64,50,0,0,1
LH,536,64,50,0,0,1
LH,537,64,50,0,0,1
LH,538,64,50,0,0,1
LH,539,64,50,0,0,1
LH,540,64,50,0,0,1
LH,541,64,50,0,0,1
LH,542,64,50,0,0,1
LH,543,64,50,0,0,1
LH,544,64,50,0,0,1
LH,545,64,50,0,0,1
LH,546,64,50,0,0,1
LH,547,64,50,0,0,1
LH,548,64,50,0,0,1
LH,549,64,50,0,0,1
LH,550,64,50,0,0,1
LH,551,64,50,0,0,1
LH,552,64,50,0,0,1
LH,553,64,50,0,0,1
LH,554,64,50,0,0,1
LH,555,64,50,0,0,1
LH,556,64,50,0,0,1
LH,557,64,50,0,0,1
LH,558,64,50,0,0,1
LH,559,64,50,0,0,1
LH,560,64,50,0,0,1
LH,561,64,50,0,0,1
LH,562,64,50,0,0,1
LH,563,64,50,0,0,1
LH,564,64,50,0,0,1
LH,565,64,50,0,0,1
LH,566,64,50,0,0,1
LH,567,64,50,0,0,1
LH,568,64,50,0,0,1
LH,569,64,50,0,0,1
LH,570,64,50,0,0,1
LH,571,64,50,0,0,1
LH,572,64,50,0,0,1
LH,573,64,50,0,0,1
LH,574,64,50,0,0,1
LH,575,64,50,0,0,1
LH,576,64,50,0,0,1
LH,577,64,50,0,0,1
LH,578,64,50,0,0,1
LH,579,64,50,0,0,1
LH,580,64,50,0,0,1
LH,581,64,50,0,0,1
LH,582,64,50,0,0,1
LH,583,64,50,0,0,1
LH,584,64,50,0,0,1
LH,585,64,50,0,0,1
LH,586,64,50,0,0,1
LH,587,64,50,0,0,1
LH,588,64,50,0,0,1
LH,589,64,50,0,0,1
LH,590,64,50,0,0,1
LH,591,64,50,0,0,1
LH,592,64,50,0,0,1
LH,593,64,50,0,0,1
LH,594,64,50,0,0,1
LH,595,64,50,0,0,1
LH,596,64,50,0,0,1
LH,597,64,50,0,0,1
LH,598,64,50,0,0,1
LH,599,64,50,0,0,1
LH,600,64,50,0,0,1
LH,601,64,50,0,0,1
LH,602,64,50,0,0,1
LH,603,64,50,0,0,1
LH,604,64,50,0,0,1
LH,605,64,50,0,0,1
LH,606,64,50,0,0,1
LH,607,64,50,0,0,1
LH,608,64,50,0,0,1
LH,609,64,50,0,0,1
LH,610,64,50,0,0,1
LH,611,64,50,0,0,1
LH,612,64,50,0,0,1
LH,613,64,50,0,0,1
LH,614,64,50,0,0,1
LH,615,64,50,0,0,1
LH,616,64,50,0,0,1
LH,617,64,50,0,0,1
LH,618,64,50,0,0,1
LH,619,64,50,0,0,1
LH,620,64,50,0,0,1
LH,621,64,50,0,0,1
LH,622,64,50,0,0,1
LH,623,64,50,0,0,1
LH,624,64,50,0,0,1
LH,625,64,50,0,0,1
LH,626,64,50,0,0,1
LH,627,64,50,0,0,1
LH,628,64,50,0,0,1
LH,629,64,50,0,0,1
LH,630,64,50,0,0,1
LH,631,64,50,0,0,1
LH,632,64,50,0,0,1
LH,633,64,50,0,0,1
LH,634,64,50,0,0,1
LH,635,64,50,0,0,1
LH,636,64,50,0,0,1
LH,637,64,50,0,0,1
LH,638,64,50,0,0,1
LH,639,64,50,0,0,1
LH,640,64,50,0,0,1
LH,641,64,50,0,0,1
LH,642,64,50,0,0,1
LH,643,64,50,0,0,1
LH,644,64,50,0,0,1
LH,645,64,50,0,0,1
LH,646,64,50,0,0,1
LH,647,64,50,0,0,1
LH,648,64,50,0,0,1
LH,649,64,50,0,0,1
LH,650,64,50,0,0,1
LH,651,64,50,0,0,1
LH,652,64,50,0,0,1
LH,653,64,50,0,0,1
LH,654,64,50,0,0,1
LH,655,64,50,0,0,1
LH,656,64,50,0,0,1
LH,657,64,50,0,0,1
LH,658,64,50,0,0,1
LH,659,64,50,0,0,1
LH,660,64,50,0,0,1
LH,661,64,50,0,0,1
LH,662,64,50,0,0,1
LH,663,64,50,0,0,1
LH,664,64,50,0,0,1
LH,665,64,50,0,0,1
LH,666,64,50,0,0,1
LH,667,64,50,0,0,1
LH,668,64,50,0,0,1
LH,669,64,50,0,0,1
LH,670,64,50,0,0,1
LH,671,64,50,0,0,1
LH,672,64,50,0,0,1
LH,673,64,50,0,0,1
LH,674,64,50,0,0,1
LH,675,64,50,0,0,1
LH,676,64,50,0,0,1
LH,677,64,50,0,0,1
LH,678,64,50,0,0,1
LH,679,64,50,0,0,1
LH,680,64,50,0,0,1
LH,681,64,50,0,0,1
LH,682,64,50,0,0,1
LH,683,64,50,0,0,1
LH,684,64,50,0,0,1
LH,685,64,50,0,0,1
LH,686,64,50,0,0,1
LH,687,64,50,0,0,1
LH,688,64,50,0,0,1
LH,689,64,50,0,0,1
LH,690,64,50,0,0,1
LH,691,64,50,0,0,1
LH,692,64,50,0,0,1
LH,693,64,50,0,0,1
LH,694,64,50,0,0,1
LH,695,64,50,0,0,1
LH,696,64,50,0,0,1
LH,697,64,50,0,0,1
LH,698,64,50,0,0,1
LH,699,64,50,0,0,1
LH,700,64,50,0,0,1
LH,701,64,50,0,0,1
LH,702,64,50,0,0,1
LH,703,64,50,0,0,1
LH,704,64,50,0,0,1
LH,705,64,50,0,0,1
LH,706,64,50,0,0,1
LH,707,64,50,0,0,1
LH,708,64,50,0,0,1
LH,709,64,50,0,0,1
LH,710,64,50,0,0,1
LH,711,64,50,0,0,1
LH,712,64,50,0,0,1
LH,713,64,50,0,0,1
LH,714,64,50,0,0,1
LH,715,64,50,0,0,1
LH,716,64,50,0,0,1
LH,717,64,50,0,0,1
LH,718,64,50,0,0,1
LH,719,64,50,0,0,1
LH,720,64,50,0,0,1
LH,721,64,50,0,0,1
LH,722,64,50,0,0,1
LH,723,64,50,0,0,1
LH,724,64,50,0,0,1
LH,725,64,50,0,0,1
LH,726,64,50,0,0,1
LH,727,64,50,0,0,1
LH,728,64,50,0,0,1
LH,729,64,50,0,0,1
LH,730,64,50,0,0,1
LH,731,64,50,0,0,1
LH,732,64,50,0,0,1
LH,733,64,50,0,0,1
LH,734,64,50,0,0,1
LH,735,64,50,0,0,1
LH,736,64,50,0,0,1
LH,737,64,50,0,0,1
LH,738,64,50,0,0,1
LH,739,64,50,0,0,1
LH,740,64,50,0,0,1
LH,741,64,50,0,0,1
LH,742,64,50,0,0,1
LH,743,64,50,0,0,1
LH,744,64,50,0,0,1
LH,745,64,50,0,0,1
LH,746,64,50,0,0,1
LH,747,64,50,0,0,1
LH,748,64,50,0,0,1
LH,749,64,50,0,0,1
LH,750,64,50,0,0,1
LH,751,64,50,0,0,1
LH,752,64,50,0,0,1
LH,753,64,50,0,0,1
LH,754,64,50,0,0,1
LH,755,64,50,0,0,1
LH,756,64,50,0,0,1
LH,757,64,50,0,0,1
LH,758,64,50,0,0,1
LH,759,64,50,0,0,1
LH,760,64,50,0,0,1
LH,761,64,50,0,0,1
LH,762,64,50,0,0,1
LH,763,64,50,0,0,1
LH,764,64,50,0,0,1
LH,765,64,50,0,0,1
LH,766,64,50,0,0,1
LH,767,64,50,0,0,1
LH,768,64,50,0,0,1
LH,769,64,50,0,0,1
LH,770,64,50,0,0,1
LH,771,64,50,0,0,1
LH,772,64,50,0,0,1
LH,773,64,50,0,0,1
LH,774,64,50,0,0,1
LH,775,64,50,0,0,1
LH,776,64,50,0,0,1
LH,777,64,50,0,0,1
LH,778,64,50,0,0,1
LH,779,64,50,0,0,1
LH,780,64,50,0,0,1
LH,781,64,50,0,0,1
LH,782,64,50,0,0,1
LH,783,64,50,0,0,1
LH,784,64,50,0,0,1
LH,785,64,50,0,0,1
LH,786,64,50,0,0,1
LH,787,64,50,0,0,1
LH,788,64,50,0,0,1
LH,789,64,50,0,0,1
LH,790,64,50,0,0,1
LH,791,64,50,0,0,1
LH,792,64,50,0,0,1
LH,793,64,50,0,0,1
LH,794,64,50,0,0,1
LH,795,64,50,0,0,1
LH,796,64,50,0,0,1
LH,797,64,50,0,0,1
LH,798,64,50,0,0,1
LH,799,64,50,0,0,1
LH,800,64,50,0,0,1
LH,801,64,50,0,0,1
LH,802,64,50,0,0,1
LH,803,64,50,0,0,1
LH,804,64,50,0,0,1
LH,805,64,50,0,0,1
LH,806,64,50,0,0,1
LH,807,64,50,0,0,1
LH,808,64,50,0,0,1
LH,809,64,50,0,0,1
LH,810,64,50,0,0,1
LH,811,64,50,0,0,1
LH,812,64,50,0,0,1
LH,813,64,50,0,0,1
LH,814,64,50,0,0,1
LH,815,64,50,0,0,1
LH,816,64,50,0,0,1
LH,817,64,50,0,0,1
LH,818,64,50,0,0,1
LH,819,64,50,0,0,1
LH,820,64,50,0,0,1
LH,821,64,50,0,0,1
LH,822,64,50,0,0,1
LH,823,64,50,0,0,1
LH,824,64,50,0,0,1
LH,825,64,50,0,0,1
LH,826,64,50,0,0,1
LH,827,64,50,0,0,1
LH,828,64,50,0,0,1
LH,829,64,50,0,0,1
LH,830,64,50,0,0,1
LH,831,64,50,0,0,1
LH,832,64,50,0,0,1
LH,833,64,50,0,0,1
LH,834,64,50,0,0,1
LH,835,64,50,0,0,1
LH,836,64,50,0,0,1
LH,837,64,50,0,0,1
LH,838,64,50,0,0,1
LH,839,64,50,0,0,1
LH,840,64,50,0,0,1
LH,841,64,50,0,0,1
LH,842,64,50,0,0,1
LH,843,64,50,0,0,1
LH,844,64,50,0,0,1
LH,845,64,50,0,0,1
LH,846,64,50,0,0,1
LH,847,64,50,0,0,1
LH,848,64,50,0,0,1
LH,849,64,50,0,0,1
LH,850,64,50,0,0,1
LH,851,64,50,0,0,1
LH,852,64,50,0,0,1
LH,853,64,50,0,0,1
LH,854,64,50,0,0,1
LH,855,64,50,0,0,1
LH,856,64,50,0,0,1
LH,857,64,50,0,0,1
LH,858,64,50,0,0,1
LH,859,64,50,0,0,1
LH,860,64,50,0,0,1
LH,861,64,50,0,0,1
LH,862,64,50,0,0,1
LH,863,64,50,0,0,1
LH,864,64,50,0,0,1
LH,865,64,50,0,0,1
LH,866,64,50,0,0,1
LH,867,64,50,0,0,1
LH,868,64,50,0,0,1
LH,869,64,50,0,0,1
LH,870,64,50,0,0,1
LH,871,64,50,0,0,1
LH,872,64,50,0,0,1
LH,873,64,50,0,0,1
LH,874,64,50,0,0,1
LH,875,64,50,0,0,1
LH,876,64,50,0,0,1
LH,877,64,50,0,0,1
LH,878,64,50,0,0,1
LH,879,64,50,0,0,1
LH,880,64,50,0,0,1
LH,881,64,50,0,0,1
LH,882,64,50,0,0,1
LH,883,64,50,0,0,1
LH,884,64,50,0,0,1
LH,885,64,50,0,0,1
LH,886,64,50,0,0,1
LH,887,64,50,0,0,1
LH,888,64,50,0,0,1
LH,889,64,50,0,0,1
LH,890,64,50,0,0,1
LH,891,64,50,0,0,1
LH,892,64,50,0,0,1
LH,893,64,50,0,0,1
LH,894,64,50,0,0,1
LH,895,64,50,0,0,1
LH,896,64,50,0,0,1
LH,897,64,50,0,0,1
LH,898,64,50,0,0,1
LH,899,64,50,0,0,1
LH,900,64,50,0,0,1
LH,901,64,50,0,0,1
LH,902,64,50,0,0,1
LH,903,64,50,0,0,1
LH,904,64,50,0,0,1
LH,905,64,50,0,0,1
LH,906,64,50,0,0,0
LH,907,64,50,0,0,0
LH,908,64,50,0,0,0
LH,909,64,50,0,0,0
LH,910,64,50,0,0,0
LH,911,64,50,0,0,0
LH,912,64,50,0,0,0
LH,913,64,50,0,0,0
LH,914,64,50,0,0,0
LH,915,64,50,0,0,0
LH,916,64,50,0,0,0
LH,917,64,50,0,0,0
LH,918,64,50,0,0,0
LH,919,64,50,0,0,0
LH,920,64,50,0,0,0
LH,921,64,50,0,0,0
LH,922,64,50,0,0,0
LH,923,64,50,0,0,0
LH,924,64,50,0,0,0
LH,925,64,50,0,0,0
LH,926,64,50,0,0,0
LH,927,64,50,0,0,0
LH,928,64,50,0,0,0
LH,929,64,50,0,0,0
LH,930,64,50,0,0,0
LH,931,64,50,0,0,0
LH,932,64,50,0,0,0
LH,933,64,50,0,0,0
LH,934,64,50,0,0,0
LH,935,64,50,0,0,0
LH,936,64,50,0,0,0
LH,937,64,50,0,0,0
LH,938,64,50,0,0,0
LH,939,64,50,0,0,0
LH,940,64,50,0,0,0
LH,941,64,50,0,0,0
LH,942,64,50,0,0,0
LH,943,64,50,0,0,0
LH,944,64,50,0,0,0
LH,945,64,50,0,0,0
LH,946,64,50,0,0,0
LH,947,64,50,0,0,0
LH,948,64,50,0,0,0
LH,949,64,50,0,0,0
LH,950,64,50,0,0,0
LH,951,64,50,0,0,0
LH,952,64,50,0,0,0
LH,953,64,50,0,0,0
LH,954,64,50,0,0,0
LH,955,64,50,0,0,0
LH,956,64,50,0,0,0
LH,957,64,50,0,0,0
LH,958,64,50,0,0,0
LH,959,64,50,0,0,0
LH,960,64,50,0,0,0
LH,961,64,50,0,0,0
LH,962,64,50,0,0,0
LH,963,64,50,0,0,0
LH,964,64,50,0,0,0
LH,965,64,50,0,0,0
LH,966,64,50,0,0,0
LH,967,64,50,0,0,0
LH,968,64,50,0,0,0
LH,969,64,50,0,0,0
LH,970,64,50,0,0,0
LH,971,64,50,0,0,0
LH,972,64,50,0,0,0
LH,973,64,50,0,0,0
LH,974,64,50,0,0,0
LH,975,64,50,0,0,0
LH,976,64,50,0,0,0
LH,977,64,50,0,0,0
LH,978,64,50,0,0,0
LH,979,64,50,0,0,0
LH,980,64,50,0,0,0
LH,981,64,50,0,0,0
LH,982,64,50,0,0,0
LH,983,64,50,0,0,0
LH,984,64,50,0,0,0
LH,985,64,50,0,0,0
LH,986,64,50,0,0,0
LH,987,64,50,0,0,0
LH,988,64,50,0,0,0
LH,989,64,50,0,0,0
LH,990,64,50,0,0,0
LH,991,64,50,0,0,0
LH,992,64,50,0,0,0
LH,993,64,50,0,0,0
LH,994,64,50,0,0,0
LH,995,64,50,0,0,0
LH,996,64,50,0,0,0
LH,997,64,50,0,0,0
LH,998,64,50,0,0,0
LH,999,64,50,0,0,0
LH,1000,64,50,0,0,0
LH,1001,64,50,0,0,0
LH,1002,64,50,0,0,0
LH,1003,64,50,0,0,0
LH,1004,64,50,0,0,0
LH,1005,64,50,0,0,0
LH,1006,64,50,0,0,0
LH,1007,64,50,0,0,0
LH,1008,64,50,0,0,0
LH,1009,64,50,0,0,0
LH,1010,64,50,0,0,0
LH,1011,64,50,0,0,0
LH,1012,64,50,0,0,0
LH,1013,64,50,0,0,0
LH,1014,64,50,0,0,0
LH,1015,64,50,0,0,0
LH,1016,64,50,0,0,0
LH,1017,64,50,0,0,0
LH,1018,64,50,0,0,0
LH,1019,64,50,0,0,0
LH,1020,64,50,0,0,0
LH,1021,64,50,0,0,0
LH,1022,64,50,0,0,0
LH,1023,64,50,0,0,0
LH,1024,64,50,0,0,0
LH,1025,64,50,0,0,0
LH,1026,64,50,0,0,0
LH,1027,64,50,0,0,0
LH,1028,64,50,0,0,0
LH,1029,64,50,0,0,0
LH,1030,64,50,0,0,0
LH,1031,64,50,0,0,0
LH,1032,64,50,0,0,0
LH,1033,64,50,0,0,0
LH,1034,64,50,0,0,0
LH,1035,64,50,0,0,0
LH,1036,64,50,0,0,0
LH,1037,64,50,0,0,0
LH,1038,64,50,0,0,0
LH,1039,64,50,0,0,0
LH,1040,64,50,0,0,0
LH,1041,64,50,0,0,0
LH,1042,64,50,0,0,0
LH,1043,64,50,0,0,0
LH,1044,64,50,0,0,0
LH,1045,64,50,0,0,0
LH,1046,64,50,0,0,0
LH,1047,64,50,0,0,0
LH,1048,64,50,0,0,0
LH,1049,64,50,0,0,0
LH,1050,64,50,0,0,0
LH,1051,64,50,0,0,0
LH,1052,64,50,0,0,0
LH,1053,64,50,0,0,0
LH,1054,64,50,0,0,0
LH,1055,64,50,0,0,0
LH,1056,64,50,0,0,0
LH,1057,64,50,0,0,0
LH,1058,64,50,0,0,0
LH,1059,64,50,0,0,0
LH,1060,64,50,0,0,0
LH,1061,64,50,0,0,0
LH,1062,64,50,0,0,0
LH,1063,64,50,0,0,0
LH,1064,64,50,0,0,0
LH,1065,64,50,0,0,0
LH,1066,64,50,0,0,0
LH,1067,64,50,0,0,0
LH,1068,64,50,0,0,0
LH,1069,64,50,0,0,0
LH,1070,64,50,0,0,0
LH,1071,64,50,0,0,0
LH,1072,64,50,0,0,0
LH,1073,64,50,0,0,0
LH,1074,64,50,0,0,0
LH,1075,64,50,0,0,0
LH,1076,64,50,0,0,0
LH,1077,64,50,0,0,0
LH,1078,64,50,0,0,0
LH,1079,64,50,0,0,0
LH,1080,64,50,0,0,0
LH,1081,64,50,0,0,0
LH,1082,64,50,0,0,0
LH,1083,64,50,0,0,0
LH,1084,64,50,0,0,0
LH,1085,64,50,0,0,0
LH,1086,64,50,0,0,0
LH,1087,64,50,0,0,0
LH,1088,64,50,0,0,0
LH,1089,64,50,0,0,0
LH,1090,64,50,0,0,0
LH,1091,64,50,0,0,0
LH,1092,64,50,0,0,0
LH,1093,64,50,0,0,0
LH,1094,64,50,0,0,0
LH,1095,64,50,0,0,0
LH,1096,64,50,0,0,0
LH,1097,64,50,0,0,0
LH,1098,64,50,0,0,0
LH,1099,64,50,0,0,0
LH,1100,64,50,0,0,0
LH,1101,64,50,0,0,0
LH,1102,64,50,0,0,0
LH,1103,64,50,0,0,0
LH,1104,64,50,0,0,0
LH,1105,64,50,0,0,0
LH,1106,64,50,0,0,0
LH,1107,64,50,0,0,0
LH,1108,64,50,0,0,0
LH,1109,64,50,0,0,0
LH,1110,64,50,0,0,0
LH,1111,64,50,0,0,0
LH,1112,64,50,0,0,0
LH,1113,64,50,0,0,0
LH,1114,64,50,0,0,0
LH,1115,64,50,0,0,0
LH,1116,64,50,0,0,0
LH,1117,64,50,0,0,0
LH,1118,64,50,0,0,0
LH,1119,64,50,0,0,0
LH,1120,64,50,0,0,0
LH,1121,64,50,0,0,0
LH,1122,64,50,0,0,0
LH,1123,64,50,0,0,0
LH,1124,64,50,0,0,0
LH,1125,64,50,0,0,0
LH,1126,64,50,0,0,0
LH,1127,64,50,0,0,0
LH,1128,64,50,0,0,0
LH,1129,64,50,0,0,0
LH,1130,64,50,0,0,0
LH,1131,64,50,0,0,0
LH,1132,64,50,0,0,0
LH,1133,64,50,0,0,0
LH,1134,64,50,0,0,0
LH,1135,64,50,0,0,0
LH,1136,64,50,0,0,0
LH,1137,64,50,0,0,0
LH,1138,64,50,0,0,0
LH,1139,64,50,0,0,0
LH,1140,64,50,0,0,0
LH,1141,64,50,0,0,0
LH,1142,64,50,0,0,0
LH,1143,64,50,0,0,0
LH,1144,64,50,0,0,0
LH,1145,64,50,0,0,0
LH,1146,64,50,0,0,0
LH,1147,64,50,0,0,0
LH,1148,64,50,0,0,0
LH,1149,64,50,0,0,0
LH,1150,64,50,0,0,0
LH,1151,64,50,0,0,0
LH,1152,64,50,0,0,0
LH,1153,64,50,0,0,0
LH,1154,64,50,0,0,0
LH,1155,64,50,0,0,0
LH,1156,64,50,0,0,0
LH,1157,64,50,0,0,0
LH,1158,64,50,0,0,0
LH,1159,64,50,0,0,0
LH,1160,64,50,0,0,0
LH,1161,64,50,0,0,0
LH,1162,64,50,0,0,0
LH,1163,64,50,0,0,0
LH,1164,64,50,0,0,0
LH,1165,64,50,0,0,0
LH,1166,64,50,0,0,0
LH,1167,64,50,0,0,0
LH,1168,64,50,0,0,0
LH,1169,64,50,0,0,0
LH,1170,64,50,0,0,0
LH,1171,64,50,0,0,0
LH,1172,64,50,0,0,0
LH,1173,64,50,0,0,0
LH,1174,64,50,0,0,0
LH,1175,64,50,0,0,0
LH,1176,64,50,0,0,0
LH,1177,64,50,0,0,0
LH,1178,64,50,0,0,0
LH,1179,64,50,0,0,0
LH,1180,64,50,0,0,0
LH,1181,64,50,0,0,0
LH,1182,64,50,0,0,0
LH,1183,64,50,0,0,0
LH,1184,64,50,0,0,0
LH,1185,64,50,0,0,0
LH,1186,64,50,0,0,0
LH,1187,64,50,0,0,0
LH,1188,64,50,0,0,0
LH,1189,64,50,0,0,0
LH,1190,64,50,0,0,0
LH,1191,64,50,0,0,0
LH,1192,64,50,0,0,0
LH,1193,64,50,0,0,0
LH,1194,64,50,0,0,0
LH,1195,64,50,0,0,0
LH,1196,64,50,0,0,0
LH,1197,64,50,0,0,0
LH,1198,64,50,0,0,0
LH,1199,64,50,0,0,0
LH,1200,64,50,0,0,0
LH,1201,64,50,0,0,0
LH,1202,64,50,0,0,0
LH,1203,64,50,0,0,0
LH,1204,64,50,0,0,0
LH,1205,64,50,0,0,0
LH,1206,64,50,0,0,0
LH,1207,64,50,0,0,0
LH,1208,64,50,0,0,0
LH,1209,64,50,0,0,0
LH,1210,64,50,0,0,0
LH,1211,64,50,0,0,0
LH,1212,64,50,0,0,0
LH,1213,64,50,0,0,0
LH,1214,64,50,0,0,0
LH,1215,64,50,0,0,0
LH,1216,64,50,0,0,0
LH,1217,64,50,0,0,0
LH,1218,64,50,0,0,0
LH,1219,64,50,0,0,0
LH,1220,64,50,0,0,0
LH,1221,64,50,0,0,0
LH,1222,64,50,0,0,0
LH,1223,64,50,0,0,0
LH,1224,64,50,0,0,0
LH,1225,64,50,0,0,0
LH,1226,64,50,0,0,0
LH,1227,64,50,0,0,0
LH,1228,64,50,0,0,0
LH,1229,64,50,0,0,0
LH,1230,64,50,0,0,0
LH,1231,64,50,0,0,0
LH,1232,64,50,0,0,0
LH,1233,64,50,0,0,0
LH,1234,64,50,0,0,0
LH,1235,64,50,0,0,0
LH,1236,64,50,0,0,0
LH,1237,64,50,0,0,0
LH,1238,64,50,0,0,0
LH,1239,64,50,0,0,0
LH,1240,64,50,0,0,0
LH,1241,64,50,0,0,0
LH,1242,64,50,0,0,0
LH,1243,64,50,0,0,0
LH,1244,64,50,0,0,0
LH,1245,64,50,0,0,0
LH,1246,64,50,0,0,0
LH,1247,64,50,0,0,0
LH,1248,64,50,0,0,0
LH,1249,64,50,0,0,0
LH,1250,64,50,0,0,0
LH,1251,64,50,0,0,0
LH,1252,64,50,0,0,0
LH,1253,64,50,0,0,0
LH,1254,64,50,0,0,0
LH,1255,64,50,0,0,0
LH,1256,64,50,0,0,0
LH,1257,64,50,0,0,0
LH,1258,64,50,0,0,0
LH,1259,64,50,0,0,0
LH,1260,64,50,0,0,0
LH,1261,64,50,0,0,0
LH,1262,64,50,0,0,0
LH,1263,64,50,0,0,0
LH,1264,64,50,0,0,0
LH,1265,64,50,0,0,0
LH,1266,64,50,0,0,0
LH,1267,64,50,0,0,0
LH,1268,64,50,0,0,0
LH,1269,64,50,0,0,0
LH,1270,64,50,0,0,0
LH,1271,64,50,0,0,0
LH,1272,64,50,0,0,0
LH,1273,64,50,0,0,0
LH,1274,64,50,0,0,0
LH,1275,64,50,0,0,0
LH,1276,64,50,0,0,0
LH,1277,64,50,0,0,0
LH,1278,64,50,0,0,0
LH,1279,64,50,0,0,0
LH,1280,64,50,0,0,0
LH,1281,64,50,0,0,0
LH,1282,64,50,0,0,0
LH,1283,64,50,0,0,0
LH,1284,64,50,0,0,0
LH,1285,64,50,0,0,0
LH,1286,64,50,0,0,0
LH,1287,64,50,0,0,0
LH,1288,64,50,0,0,0
LH,1289,64,50,0,0,0
LH,1290,64,50,0,0,0
LH,1291,64,50,0,0,0
LH,1292,64,50,0,0,0
LH,1293,64,50,0,0,0
LH,1294,64,50,0,0,0
LH,1295,64,50,0,0,0
LH,1296,64,50,0,0,0
LH,1297,64,50,0,0,0
LH,1298,64,50,0,0,0
LH,1299,64,50,0,0,0
LH,1300,64,50,0,0,0
LH,1301,64,50,0,0,0
LH,1302,64,50,0,0,0
LH,1303,64,50,0,0,0
LH,1304,64,50,0,0,0
LH,1305,64,50,0,0,0
LH,1306,64,50,0,0,0
LH,1307,64,50,0,0,0
LH,1308,64,50,0,0,0
LH,1309,64,50,0,0,0
LH,1310,64,50,0,0,0
LH,1311,64,50,0,0,0
LH,1312,64,50,0,0,0
LH,1313,64,50,0,0,0
LH,1314,64,50,0,0,0
LH,1315,64,50,0,0,0
LH,1316,64,50,0,0,0
LH,1317,64,50,0,0,0
LH,1318,64,50,0,0,0
LH,1319,64,50,0,0,0
LH,1320,64,50,0,0,0
LH,1321,64,50,0,0,0
LH,1322,64,50,0,0,0
LH,1323,64,50,0,0,0
LH,1324,64,50,0,0,0
LH,1325,64,50,0,0,0
LH,1326,64,50,0,0,0
LH,1327,64,50,0,0,0
LH,1328,64,50,0,0,0
LH,1329,64,50,0,0,0
LH,1330,64,50,0,0,0
LH,1331,64,50,0,0,0
LH,1332,64,50,0,0,0
LH,1333,64,50,0,0,0
LH,1334,64,50,0,0,0
LH,1335,64,50,0,0,0
LH,1336,64,50,0,0,0
LH,1337,64,50,0,0,0
LH,1338,64,50,0,0,0
LH,1339,64,50,0,0,0
LH,1340,64,50,0,0,0
LH,1341,64,50,0,0,0
LH,1342,64,50,0,0,0
LH,1343,64,50,0,0,0
LH,1344,64,50,0,0,0
LH,1345,64,50,0,0,0
LH,1346,64,50,0,0,0
LH,1347,64,50,0,0,0
LH,1348,64,50,0,0,0
LH,1349,64,50,0,0,0
LH,1350,64,50,0,0,0
LH,1351,64,50,0,0,0
LH,1352,64,50,0,0,0
LH,1353,64,50,0,0,0
LH,1354,64,50,0,0,0
LH,1355,64,50,0,0,0
LH,1356,64,50,0,0,0
LH,1357,64,50,0,0,0
LH,1358,64,50,0,0,0
LH,1359,64,50,0,0,0
LH,1360,64,50,0,0,0
LH,1361,64,50,0,0,0
LH,1362,64,50,0,0,0
LH,1363,64,50,0,0,0
LH,1364,64,50,0,0,0
LH,1365,64,50,0,0,0
LH,1366,64,50,0,0,0
LH,1367,64,50,0,0,0
LH,1368,64,50,0,0,0
LH,1369,64,50,0,0,0
LH,1370,64,50,0,0,0
LH,1371,64,50,0,0,0
LH,1372,64,50,0,0,0
LH,1373,64,50,0,0,0
LH,1374,64,50,0,0,0
LH,1375,64,50,0,0,0
LH,1376,64,50,0,0,0
LH,1377,64,50,0,0,0
LH,1378,64,50,0,0,0
LH,1379,64,50,0,0,0
LH,1380,64,50,0,0,0
LH,1381,64,50,0,0,0
LH,1382,64,50,0,0,0
LH,1383,64,50,0,0,0
LH,1384,64,50,0,0,0
LH,1385,64,50,0,0,0
LH,1386,64,50,0,0,0
LH,1387,64,50,0,0,0
LH,1388,64,50,0,0,0
LH,1389,64,50,0,0,0
LH,1390,64,50,0,0,0
LH,1391,64,50,0,0,0
LH,1392,64,50,0,0,0
LH,1393,64,50,0,0,0
LH,1394,64,50,0,0,0
LH,1395,64,50,0,0,0
LH,1396,64,50,0,0,0
LH,1397,64,50,0,0,0
LH,1398,64,50,0,0,0
LH,1399,64,50,0,0,0
LH,1400,64,50,0,0,0
LH,1401,64,50,0,0,0
LH,1402,64,50,0,0,0
LH,1403,64,50,0,0,0
LH,1404,64,50,0,0,0
LH,1405,64,50,0,0,0
LH,1406,64,50,0,0,0
LH,1407,64,50,0,0,0
LH,1408,64,50,0,0,0
LH,1409,64,50,0,0,0
LH,1410,64,50,0,0,0
LH,1411,64,50,0,0,0
LH,1412,64,50,0,0,0
LH,1413,64,50,0,0,0
LH,1414,64,50,0,0,0
LH,1415,64,50,0,0,0
LH,1416,64,50,0,0,0
LH,1417,64,50,0,0,0
LH,1418,64,50,0,0,0
LH,1419,64,50,0,0,0
LH,1420,64,50,0,0,0
LH,1421,64,50,0,0,0
LH,1422,64,50,0,0,0
LH,1423,64,50,0,0,0
LH,1424,64,50,0,0,0
LH,1425,64,50,0,0,0
LH,1426,64,50,0,0,0
LH,1427,64,50,0,0,0
LH,1428,64,50,0,0,0
LH,1429,64,50,0,0,0
LH,1430,64,50,0,0,0
LH,1431,64,50,0,0,0
LH,1432,64,50,0,0,0
LH,1433,64,50,0,0,0
LH,1434,64,50,0,0,0
LH,1435,64,50,0,0,0
LH,1436,64,50,0,0,0
LH,1437,64,50,0,0,0
LH,1438,64,50,0,0,0
LH,1439,64,50,0,0,0
LH,1440,64,50,0,0,0
LH,1441,64,50,0,0,0
LH,1442,64,50,0,0,0
LH,1443,64,50,0,0,0
LH,1444,64,50,0,0,0
LH,1445,64,50,0,0,0
LH,1446,64,50,0,0,0
LH,1447,64,50,0,0,0
LH,1448,64,50,0,0,0
LH,1449,64,50,0,0,0
LH,1450,64,50,0,0,0
LH,1451,64,50,0,0,0
LH,1452,64,50,0,0,0
LH,1453,64,50,0,0,0
LH,1454,64,50,0,0,0
LH,1455,64,50,0,0,0
LH,1456,64,50,0,0,0
LH,1457,64,50,0,0,0
LH,1458,64,50,0,0,0
LH,1459,64,50,0,0,0
LH,1460,64,50,0,0,0
LH,1461,64,50,0,0,0
LH,1462,64,50,0,0,0
LH,1463,64,50,0,0,0
LH,1464,64,50,0,0,0
LH,1465,64,50,0,0,0
LH,1466,64,50,0,0,0
LH,1467,64,50,0,0,0
LH,1468,64,50,0,0,0
LH,1469,64,50,0,0,0
LH,1470,64,50,0,0,0
LH,1471,64,50,0,0,0
LH,1472,64,50,0,0,0
LH,1473,64,50,0,0,0
LH,1474,64,50,0,0,0
LH,1475,64,50,0,0,0
LH,1476,64,50,0,0,0
LH,1477,64,50,0,0,0
LH,1478,64,50,0,0,0
LH,1479,64,50,0,0,0
LH,1480,64,50,0,0,0
LH,1481,64,50,0,0,0
LH,1482,64,50,0,0,0
LH,1483,64,50,0,0,0
LH,1484,64,50,0,0,0
LH,1485,64,50,0,0,0
LH,1486,64,50,0,0,0
LH,1487,64,50,0,0,0
LH,1488,64,50,0,0,0
LH,1489,64,50,0,0,0
LH,1490,64,50,0,0,0
LH,1491,64,50,0,0,0
LH,1492,64,50,0,0,0
LH,1493,64,50,0,0,0
LH,1494,64,50,0,0,0
LH,1495,64,50,0,0,0
LH,1496,64,50,0,0,0
LH,1497,64,50,0,0,0
LH,1498,64,50,0,0,0
LH,1499,64,50,0,0,0
LH,1500,64,50,0,0,0
LH,1501,64,50,0,0,0
LH,1502,64,50,0,0,0
LH,1503,64,50,0,0,0
LH,1504,64,50,0,0,0
LH,1505,64,50,0,0,0
LH,1506,64,50,0,0,0
LH,1507,64,50,0,0,0
LH,1508,64,50,0,0,0
LH,1509,64,50,0,0,0
LH,1510,64,50,0,0,0
LH,1511,64,50,0,0,0
LH,1512,64,50,0,0,0
LH,1513,64,50,0,0,0
LH,1514,64,50,0,0,0
LH,1515,64,50,0,0,0
LH,1516,64,50,0,0,0
LH,1517,64,50,0,0,0
LH,1518,64,50,0,0,0
LH,1519,64,50,0,0,0
LH,1520,64,50,0,0,0
LH,1521,64,50,0,0,0
LH,1522,64,50,0,0,0
LH,1523,64,50,0,0,0
LH,1524,64,50,0,0,0
LH,1525,64,50,0,0,0
LH,1526,64,50,0,0,0
LH,1527,64,50,0,0,0
LH,1528,64,50,0,0,0
LH,1529,64,50,0,0,0
LH,1530,64,50,0,0,0
LH,1531,64,50,0,0,0
LH,1532,64,50,0,0,0
LH,1533,64,50,0,0,0
LH,1534,64,50,0,0,0
LH,1535,64,50,0,0,0
LH,1536,64,50,0,0,0
LH,1537,64,50,0,0,0
LH,1538,64,50,0,0,0
LH,1539,64,50,0,0,0
LH,1540,64,50,0,0,0
LH,1541,64,50,0,0,0
LH,1542,64,50,0,0,0
LH,1543,64,50,0,0,0
LH,1544,64,50,0,0,0
LH,1545,64,50,0,0,0
LH,1546,64,50,0,0,0
LH,1547,64,50,0,0,0
LH,1548,64,50,0,0,0
LH,1549,64,50,0,0,0
LH,1550,64,50,0,0,0
LH,1551,64,50,0,0,0
LH,1552,64,50,0,0,0
LH,1553,64,50,0,0,0
LH,1554,64,50,0,0,0
LH,1555,64,50,0,0,0
LH,1556,64,50,0,0,0
LH,1557,64,50,0,0,0
LH,1558,64,50,0,0,0
LH,1559,64,50,0,0,0
LH,1560,64,50,0,0,0
LH,1561,64,50,0,0,0
LH,1562,64,50,0,0,0
LH,1563,64,50,0,0,0
LH,1564,64,50,0,0,0
LH,1565,64,50,0,0,0
LH,1566,64,50,0,0,0
LH,1567,64,50,0,0,0
LH,1568,64,50,0,0,0
LH,1569,64,50,0,0,0
LH,1570,64,50,0,0,0
LH,1571,64,50,0,0,0
LH,1572,64,50,0,0,0
LH,1573,64,50,0,0,0
LH,1574,64,50,0,0,0
LH,1575,64,50,0,0,0
LH,1576,64,50,0,0,0
LH,1577,64,50,0,0,0
LH,1578,64,50,0,0,0
LH,1579,64,50,0,0,0
LH,1580,64,50,0,0,0
LH,1581,64,50,0,0,0
LH,1582,64,50,0,0,0
LH,1583,64,50,0,0,0
LH,1584,64,50,0,0,0
LH,1585,64,50,0,0,0
LH,1586,64,50,0,0,0
LH,1587,64,50,0,0,0
LH,1588,64,50,0,0,0
LH,1589,64,50,0,0,0
LH,1590,64,50,0,0,0
LH,1591,64,50,0,0,0
LH,1592,64,50,0,0,0
LH,1593,64,50,0,0,0
LH,1594,64,50,0,0,0
LH,1595,64,50,0,0,0
LH,1596,64,50,0,0,0
LH,1597,64,50,0,0,0
LH,1598,64,50,0,0,0
LH,1599,64,50,0,0,0
LH,1600,64,50,0,0,0
LH,1601,64,50,0,0,0
LH,1602,64,50,0,0,0
LH,1603,64,50,0,0,0
LH,1604,64,50,0,0,0
LH,1605,64,50,0,0,0
LH,1606,64,50,0,0,0
LH,1607,64,50,0,0,0
LH,1608,64,50,0,0,0
LH,1609,64,50,0,0,0
LH,1610,64,50,0,0,0
LH,1611,64,50,0,0,0
LH,1612,64,50,0,0,0
LH,1613,64,50,0,0,0
LH,1614,64,50,0,0,0
LH,1615,64,50,0,0,0
LH,1616,64,50,0,0,0
LH,1617,64,50,0,0,0
LH,1618,64,50,0,0,0
LH,1619,64,50,0,0,0
LH,1620,64,50,0,0,0
LH,1621,64,50,0,0,0
LH,1622,64,50,0,0,0
LH,1623,64,50,0,0,0
LH,1624,64,50,0,0,0
LH,1625,64,50,0,0,0
LH,1626,64,50,0,0,0
LH,1627,64,50,0,0,0
LH,1628,64,50,0,0,0
LH,1629,64,50,0,0,0
LH,1630,64,50,0,0,0
LH,1631,64,50,0,0,0
LH,1632,64,50,0,0,0
LH,1633,64,50,0,0,0
LH,1634,64,50,0,0,0
LH,1635,64,50,0,0,0
LH,1636,64,50,0,0,0
LH,1637,64,50,0,0,0
LH,1638,64,50,0,0,0
LH,1639,64,50,0,0,0
LH,1640,64,50,0,0,0
LH,1641,64,50,0,0,0
LH,1642,64,50,0,0,0
LH,1643,64,50,0,0,0
LH,1644,64,50,0,0,0
LH,1645,64,50,0,0,0
LH,1646,64,50,0,0,0
LH,1647,64,50,0,0,0
LH,1648,64,50,0,0,0
LH,1649,64,50,0,0,0
LH,1650,64,50,0,0,0
LH,1651,64,50,0,0,0
LH,1652,64,50,0,0,0
LH,1653,64,50,0,0,0
LH,1654,64,50,0,0,0
LH,1655,64,50,0,0,0
LH,1656,64,50,0,0,0
LH,1657,64,50,0,0,0
LH,1658,64,50,0,0,0
LH,1659,64,50,0,0,0
LH,1660,64,50,0,0,0
LH,1661,64,50,0,0,0
LH,1662,64,50,0,0,0
LH,1663,64,50,0,0,0
LH,1664,64,50,0,0,0
LH,1665,64,50,0,0,0
LH,1666,64,50,0,0,0
LH,1667,64,50,0,0,0
LH,1668,64,50,0,0,0
LH,1669,64,50,0,0,0
LH,1670,64,50,0,0,0
LH,1671,64,50,0,0,0
LH,1672,64,50,0,0,0
LH,1673,64,50,0,0,0
LH,1674,64,50,0,0,0
LH,1675,64,50,0,0,0
LH,1676,64,50,0,0,0
LH,1677,64,50,0,0,0
LH,1678,64,50,0,0,0
LH,1679,64,50,0,0,0
LH,1680,64,50,0,0,0
LH,1681,64,50,0,0,0
LH,1682,64,50,0,0,0
LH,1683,64,50,0,0,0
LH,1684,64,50,0,0,0
LH,1685,64,50,0,0,0
LH,1686,64,50,0,0,0
LH,1687,64,50,0,0,0
LH,1688,64,50,0,0,0
LH,1689,64,50,0,0,0
LH,1690,64,50,0,0,0
LH,1691,64,50,0,0,0
LH,1692,64,50,0,0,0
LH,1693,64,50,0,0,0
LH,1694,64,50,0,0,0
LH,1695,64,50,0,0,0
LH,1696,64,50,0,0,0
LH,1697,64,50,0,0,0
LH,1698,64,50,0,0,0
LH,1699,64,50,0,0,0
LH,1700,64,50,0,0,0
LH,1701,64,50,0,0,0
LH,1702,64,50,0,0,0
LH,1703,64,50,0,0,0
LH,1704,64,50,0,0,0
LH,1705,64,50,0,0,0
LH,1706,64,50,0,0,0
LH,1707,64,50,0,0,0
LH,1708,64,50,0,0,0
LH,1709,64,50,0,0,0
LH,1710,64,50,0,0,0
LH,1711,64,50,0,0,0
LH,1712,64,50,0,0,0
LH,1713,64,50,0,0,0
LH,1714,64,50,0,0,0
LH,1715,64,50,0,0,0
LH,1716,64,50,0,0,0
LH,1717,64,50,0,0,0
LH,1718,64,50,0,0,0
LH,1719,64,50,0,0,0
LH,1720,64,50,0,0,0
LH,1721,64,50,0,0,0
LH,1722,64,50,0,0,0
LH,1723,64,50,0,0,0
LH,1724,64,50,0,0,0
LH,1725,64,50,0,0,0
LH,1726,64,50,0,0,0
LH,1727,64,50,0,0,0
LH,1728,64,50,0,0,0
LH,1729,64,50,0,0,0
LH,1730,64,50,0,0,0
LH,1731,64,50,0,0,0
LH,1732,64,50,0,0,0
LH,1733,64,50,0,0,0
LH,1734,64,50,0,0,0
LH,1735,64,50,0,0,0
LH,1736,64,50,0,0,0
LH,1737,64,50,0,0,0
LH,1738,64,50,0,0,0
LH,1739,64,50,0,0,0
LH,1740,64,50,0,0,0
LH,1741,64,50,0,0,0
LH,1742,64,50,0,0,0
LH,1743,64,50,0,0,0
LH,1744,64,50,0,0,0
LH,1745,64,50,0,0,0
LH,1746,64,50,0,0,0
LH,1747,64,50,0,0,0
LH,1748,64,50,0,0,0
LH,1749,64,50,0,0,0
LH,1750,64,50,0,0,0
LH,1751,64,50,0,0,0
LH,1752,64,50,0,0,0
LH,1753,64,50,0,0,0
LH,1754,64,50,0,0,0
LH,1755,64,50,0,0,0
LH,1756,64,50,0,0,0
LH,1757,64,50,0,0,0
LH,1758,64,50,0,0,0
LH,1759,64,50,0,0,0
LH,1760,64,50,0,0,0
LH,1761,64,50,0,0,0
LH,1762,64,50,0,0,0
LH,1763,64,50,0,0,0
LH,1764,64,50,0,0,0
LH,1765,64,50,0,0,0
LH,1766,64,50,0,0,0
LH,1767,64,50,0,0,0
LH,1768,64,50,0,0,0
LH,1769,64,50,0,0,0
LH,1770,64,50,0,0,0
LH,1771,64,50,0,0,0
LH,1772,64,50,0,0,0
LH,1773,64,50,0,0,0
LH,1774,64,50,0,0,0
LH,1775,64,50,0,0,0
LH,1776,64,50,0,0,0
LH,1777,64,50,0,0,0
LH,1778,64,50,0,0,0
LH,1779,64,50,0,0,0
LH,1780,64,50,0,0,0
LH,1781,64,50,0,0,0
LH,1782,64,50,0,0,0
LH,1783,64,50,0,0,0
LH,1784,64,50,0,0,0
LH,1785,64,50,0,0,0
LH,1786,64,50,0,0,0
LH,1787,64,50,0,0,0
LH,1788,64,50,0,0,0
LH,1789,64,50,0,0,0
LH,1790,64,50,0,0,0
LH,1791,64,50,0,0,0
LH,1792,64,50,0,0,0
LH,1793,64,50,0,0,0
LH,1794,64,50,0,0,0
LH,1795,64,50,0,0,0
LH,1796,64,50,0,0,0
LH,1797,64,50,0,0,0
LH,1798,64,50,0,0,0
LH,1799,64,50,0,0,0
LH,1800,64,50,0,0,0
LH,1801,64,50,0,0,0
LH,1802,64,50,0,0,0
LH,1803,64,50,0,0,0
LH,1804,64,50,0,0,0
LH,1805,64,50,0,0,0
LH,1806,64,50,0,0,0
LH,1807,64,50,0,0,0
LH,1808,64,50,0,0,0
LH,1809,64,50,0,0,0
LH,1810,64,50,0,0,0
LH,1811,64,50,0,0,0
LH,1812,64,50,0,0,0
LH,1813,64,50,0,0,0
LH,1814,64,50,0,0,0
LH,1815,64,50,0,0,0
LH,1816,64,50,0,0,0
LH,1817,64,50,0,0,0
LH,1818,64,50,0,0,0
LH,1819,64,50,0,0,0
LH,1820,64,50,0,0,0
LH,1821,64,50,0,0,0
LH,1822,64,50,0,0,0
LH,1823,64,50,0,0,0
LH,1824,64,50,0,0,0
LH,1825,64,50,0,0,0
LH,1826,64,50,0,0,0
LH,1827,64,50,0,0,0
LH,1828,64,50,0,0,0
LH,1829,64,50,0,0,0
LH,1830,64,50,0,0,0
LH,1831,64,50,0,0,0
LH,1832,64,50,0,0,0
LH,1833,64,50,0,0,0
LH,1834,64,50,0,0,0
LH,1835,64,50,0,0,0
LH,1836,64,50,0,0,0
LH,1837,64,50,0,0,0
LH,1838,64,50,0,0,0
LH,1839,64,50,0,0,0
LH,1840,64,50,0,0,0
LH,1841,64,50,0,0,0
LH,1842,64,50,0,0,0
LH,1843,64,50,0,0,0
LH,1844,64,50,0,0,0
LH,1845,64,50,0,0,0
LH,1846,64,50,0,0,0
LH,1847,64,50,0,0,0
LH,1848,64,50,0,0,0
LH,1849,64,50,0,0,0
LH,1850,64,50,0,0,0
LH,1851,64,50,0,0,0
LH,1852,64,50,0,0,0
LH,1853,64,50,0,0,0
LH,1854,64,50,0,0,0
LH,1855,64,50,0,0,0
LH,1856,64,50,0,0,0
LH,1857,64,50,0,0,0
LH,1858,64,50,0,0,0
LH,1859,64,50,0,0,0
LH,1860,64,50,0,0,0
LH,1861,64,50,0,0,0
LH,1862,64,50,0,0,0
LH,1863,64,50,0,0,0
LH,1864,64,50,0,0,0
LH,1865,64,50,0,0,0
LH,1866,64,50,0,0,0
LH,1867,64,50,0,0,0
LH,1868,64,50,0,0,0
LH,1869,64,50,0,0,0
LH,1870,64,50,0,0,0
LH,1871,64,50,0,0,0
LH,1872,64,50,0,0,0
LH,1873,64,50,0,0,0
LH,1874,64,50,0,0,0
LH,1875,64,50,0,0,0
LH,1876,64,50,0,0,0
LH,1877,64,50,0,0,0
LH,1878,64,50,0,0,0
LH,1879,64,50,0,0,0
LH,1880,64,50,0,0,0
LH,1881,64,50,0,0,0
LH,1882,64,50,0,0,0
LH,1883,64,50,0,0,0
LH,1884,64,50,0,0,0
LH,1885,64,50,0,0,0
LH,1886,64,50,0,0,0
LH,1887,64,50,0,0,0
LH,1888,64,50,0,0,0
LH,1889,64,50,0,0,0
LH,1890,64,50,0,0,0
LH,1891,64,50,0,0,0
LH,1892,64,50,0,0,0
LH,1893,64,50,0,0,0
LH,1894,64,50,0,0,0
LH,1895,64,50,0,0,0
LH,1896,64,50,0,0,0
LH,1897,64,50,0,0,0
LH,1898,64,50,0,0,0
LH,1899,64,50,0,0,0
LH,1900,64,50,0,0,0
LH,1901,64,50,0,0,0
LH,1902,64,50,0,0,0
LH,1903,64,50,0,0,0
LH,1904,64,50,0,0,0
LH,1905,64,50,0,0,0
LH,1906,64,50,0,0,0
LH,1907,64,50,0,0,0
LH,1908,64,50,0,0,0
LH,1909,64,50,0,0,0
LH,1910,64,50,0,0,0
LH,1911,64,50,0,0,0
LH,1912,64,50,0,0,0
LH,1913,64,50,0,0,0
LH,1914,64,50,0,0,0
LH,1915,64,50,0,0,0
LH,1916,64,50,0,0,0
LH,1917,64,50,0,0,0
LH,1918,64,50,0,0,0
LH,1919,64,50,0,0,0
LH,1920,64,50,0,0,0
LH,1921,64,50,0,0,0
LH,1922,64,50,0,0,0
LH,1923,64,50,0,0,0
LH,1924,64,50,0,0,0
LH,1925,64,50,0,0,0
LH,1926,64,50,0,0,0
LH,1927,64,50,0,0,0
LH,1928,64,50,0,0,0
LH,1929,64,50,0,0,0
LH,1930,64,50,0,0,0
LH,1931,64,50,0,0,0
LH,1932,64,50,0,0,0
LH,1933,64,50,0,0,0
LH,1934,64,50,0,0,0
LH,1935,64,50,0,0,0
LH,1936,64,50,0,0,0
LH,1937,64,50,0,0,0
LH,1938,64,50,0,0,0
LH,1939,64,50,0,0,0
LH,1940,64,50,0,0,0
LH,1941,64,50,0,0,0
LH,1942,64,50,0,0,0
LH,1943,64,50,0,0,0
LH,1944,64,50,0,0,0
LH,1945,64,50,0,0,0
LH,1946,64,50,0,0,0
LH,1947,64,50,0,0,0
LH,1948,64,50,0,0,0
LH,1949,64,50,0,0,0
LH,1950,64,50,0,0,0
LH,1951,64,50,0,0,0
LH,1952,64,50,0,0,0
LH,1953,64,50,0,0,0
LH,1954,64,50,0,0,0
LH,1955,64,50,0,0,0
LH,1956,64,50,0,0,0
LH,1957,64,50,0,0,0
LH,1958,64,50,0,0,0
LH,1959,64,50,0,0,0
LH,1960,64,50,0,0,0
LH,1961,64,50,0,0,0
LH,1962,64,50,0,0,0
LH,1963,64,50,0,0,0
LH,1964,64,50,0,0,0
LH,1965,64,50,0,0,0
LH,1966,64,50,0,0,0
LH,1967,64,50,0,0,0
LH,1968,64,50,0,0,0
LH,1969,64,50,0,0,0
LH,1970,64,50,0,0,0
LH,1971,64,50,0,0,0
LH,1972,64,50,0,0,0
LH,1973,64,50,0,0,0
LH,1974,64,50,0,0,0
LH,1975,64,50,0,0,0
LH,1976,64,50,0,0,0
LH,1977,64,50,0,0,0
LH,1978,64,50,0,0,0
LH,1979,64,50,0,0,0
LH,1980,64,50,0,0,0
LH,1981,64,50,0,0,0
LH,1982,64,50,0,0,0
LH,1983,64,50,0,0,0
LH,1984,64,50,0,0,0
LH,1985,64,50,0,0,0
LH,1986,64,50,0,0,0
LH,1987,64,50,0,0,0
LH,1988,64,50,0,0,0
LH,1989,64,50,0,0,0
LH,1990,64,50,0,0,0
LH,1991,64,50,0,0,0
LH,1992,64,50,0,0,0
LH,1993,64,50,0,0,0
LH,1994,64,50,0,0,0
LH,1995,64,50,0,0,0
LH,1996,64,50,0,0,0
LH,1997,64,50,0,0,0
LH,1998,64,50,0,0,0
LH,1999,64,50,0,0,0
LH,2000,64,50,0,0,0
LH,2001,64,50,0,0,0
LH,2002,64,50,0,0,0
LH,2003,64,50,0,0,0
LH,2004,64,50,0,0,0
LH,2005,64,50,0,0,0
LH,2006,64,50,0,0,0
LH,2007,64,50,0,0,0
LH,2008,64,50,0,0,0
LH,2009,64,50,0,0,0
LH,2010,64,50,0,0,0
LH,2011,64,50,0,0,0
LH,2012,64,50,0,0,0
LH,2013,64,50,0,0,0
LH,2014,64,50,0,0,0
LH,2015,64,50,0,0,0
LH,2016,64,50,0,0,0
LH,2017,64,50,0,0,0
LH,2018,64,50,0,0,0
LH,2019,64,50,0,0,0
LH,2020,64,50,0,0,0
LH,2021,64,50,0,0,0
LH,2022,64,50,0,0,0
LH,2023,64,50,0,0,0
LH,2024,64,50,0,0,0
LH,2025,64,50,0,0,0
LH,2026,64,50,0,0,0
LH,2027,64,50,0,0,0
LH,2028,64,50,0,0,0
LH,2029,64,50,0,0,0
LH,2030,64,50,0,0,0
LH,2031,64,50,0,0,0
LH,2032,64,50,0,0,0
LH,2033,64,50,0,0,0
LH,2034,64,50,0,0,0
LH,2035,64,50,0,0,0
LH,2036,64,50,0,0,0
LH,2037,64,50,0,0,0
LH,2038,64,50,0,0,0
LH,2039,64,50,0,0,0
LH,2040,64,50,0,0,0
LH,2041,64,50,0,0,0
LH,2042,64,50,0,0,0
LH,2043,64,50,0,0,0
LH,2044,64,50,0,0,0
LH,2045,64,50,0,0,0
LH,2046,64,50,0,0,0
LH,2047,64,50,0,0,0
LH,2048,64,50,0,0,0
LH,2049,64,50,0,0,0
LH,2050,64,50,0,0,0
LH,2051,64,50,0,0,0
LH,2052,64,50,0,0,0
LH,2053,64,50,0,0,0
LH,2054,64,50,0,0,0
LH,2055,64,50,0,0,0
LH,2056,64,50,0,0,0
LH,2057,64,50,0,0,0
LH,2058,64,50,0,0,0
LH,2059,64,50,0,0,0
LH,2060,64,50,0,0,0
LH,2061,64,50,0,0,0
LH,2062,64,50,0,0,0
LH,2063,64,50,0,0,0
LH,2064,64,50,0,0,0
LH,2065,64,50,0,0,0
LH,2066,64,50,0,0,0
LH,2067,64,50,0,0,0
LH,2068,64,50,0,0,0
LH,2069,64,50,0,0,0
LH,2070,64,50,0,0,0
LH,2071,64,50,0,0,0
LH,2072,64,50,0,0,0
LH,2073,64,50,0,0,0
LH,2074,64,50,0,0,0
LH,2075,64,50,0,0,0
LH,2076,64,50,0,0,0
LH,2077,64,50,0,0,0
LH,2078,64,50,0,0,0
LH,2079,64,50,0,0,0
LH,2080,64,50,0,0,0
LH,2081,64,50,0,0,0
LH,2082,64,50,0,0,0
LH,2083,64,50,0,0,0
LH,2084,64,50,0,0,0
LH,2085,64,50,0,0,0
LH,2086,64,50,0,0,0
LH,2087,64,50,0,0,0
LH,2088,64,50,0,0,0
LH,2089,64,50,0,0,0
LH,2090,64,50,0,0,0
LH,2091,64,50,0,0,0
LH,2092,64,50,0,0,0
LH,2093,64,50,0,0,0
LH,2094,64,50,0,0,0
LH,2095,64,50,0,0,0
LH,2096,64,50,0,0,0
LH,2097,64,50,0,0,0
LH,2098,64,50,0,0,0
LH,2099,64,50,0,0,0
LH,2100,64,50,0,0,0
LH,2101,64,50,0,0,0
LH,2102,64,50,0,0,0
LH,2103,64,50,0,0,0
LH,2104,64,50,0,0,0
LH,2105,64,50,0,0,0
LH,2106,64,50,0,0,0
LH,2107,64,50,0,0,0
LH,2108,64,50,0,0,0
LH,2109,64,50,0,0,0
LH,2110,64,50,0,0,0
LH,2111,64,50,0,0,0
LH,2112,64,50,0,0,0
LH,2113,64,50,0,0,0
LH,2114,64,50,0,0,0
LH,2115,64,50,0,0,0
LH,2116,64,50,0,0,0
LH,2117,64,50,0,0,0
LH,2118,64,50,0,0,0
LH,2119,64,50,0,0,0
LH,2120,64,50,0,0,0
LH,2121,64,50,0,0,0
LH,2122,64,50,0,0,0
LH,2123,64,50,0,0,0
LH,2124,64,50,0,0,0
LH,2125,64,50,0,0,0
LH,2126,64,50,0,0,0
LH,2127,64,50,0,0,0
LH,2128,64,50,0,0,0
LH,2129,64,50,0,0,0
LH,2130,64,50,0,0,0
LH,2131,64,50,0,0,0
LH,2132,64,50,0,0,0
LH,2133,64,50,0,0,0
LH,2134,64,50,0,0,0
LH,2135,64,50,0,0,0
LH,2136,64,50,0,0,0
LH,2137,64,50,0,0,0
LH,2138,64,50,0,0,0
LH,2139,64,50,0,0,0
LH,2140,64,50,0,0,0
LH,2141,64,50,0,0,0
LH,2142,64,50,0,0,0
LH,2143,64,50,0,0,0
LH,2144,64,50,0,0,0
LH,2145,64,50,0,0,0
LH,2146,64,50,0,0,0
LH,2147,64,50,0,0,0
LH,2148,64,50,0,0,0
LH,2149,64,50,0,0,0
LH,2150,64,50,0,0,0
LH,2151,64,50,0,0,0
LH,2152,64,50,0,0,0
LH,2153,64,50,0,0,0
LH,2154,64,50,0,0,0
LH,2155,64,50,0,0,0
LH,2156,64,50,0,0,0
LH,2157,64,50,0,0,0
LH,2158,64,50,0,0,0
LH,2159,64,50,0,0,0
LH,2160,64,50,0,0,0
LH,2161,64,50,0,0,0
LH,2162,64,50,0,0,0
LH,2163,64,50,0,0,0
LH,2164,64,50,0,0,0
LH,2165,64,50,0,0,0
LH,2166,64,50,0,0,0
LH,2167,64,50,0,0,0
LH,2168,64,50,0,0,0
LH,2169,64,50,0,0,0
LH,2170,64,50,0,0,0
LH,2171,64,50,0,0,0
LH,2172,64,50,0,0,0
LH,2173,64,50,0,0,0
LH,2174,64,50,0,0,0
LH,2175,64,50,0,0,0
LH,2176,64,50,0,0,0
LH,2177,64,50,0,0,0
LH,2178,64,50,0,0,0
LH,2179,64,50,0,0,0
LH,2180,64,50,0,0,0
LH,2181,64,50,0,0,0
LH,2182,64,50,0,0,0
LH,2183,64,50,0,0,0
LH,2184,64,50,0,0,0
LH,2185,64,50,0,0,0
LH,2186,64,50,0,0,0
LH,2187,64,50,0,0,0
LH,2188,64,50,0,0,0
LH,2189,64,50,0,0,0
LH,2190,64,50,0,0,0
LH,2191,64,50,0,0,0
LH,2192,64,50,0,0,0
LH,2193,64,50,0,0,0
LH,2194,64,50,0,0,0
LH,2195,64,50,0,0,0
LH,2196,64,50,0,0,0
LH,2197,64,50,0,0,0
LH,2198,64,50,0,0,0
LH,2199,64,50,0,0,0
LH,2200,64,50,0,0,0
LH,2201,64,50,0,0,0
LH,2202,64,50,0,0,0
LH,2203,64,50,0,0,0
LH,2204,64,50,0,0,0
LH,2205,64,50,0,0,0
LH,2206,64,50,0,0,0
LH,2207,64,50,0,0,0
LH,2208,64,50,0,0,0
LH,2209,64,50,0,0,0
LH,2210,64,50,0,0,0
LH,2211,64,50,0,0,0
LH,2212,64,50,0,0,0
LH,2213,64,50,0,0,0
LH,2214,64,50,0,0,0
LH,2215,64,50,0,0,0
LH,2216,64,50,0,0,0
LH,2217,64,50,0,0,0
LH,2218,64,50,0,0,0
LH,2219,64,50,0,0,0
LH,2220,64,50,0,0,0
LH,2221,64,50,0,0,0
LH,2222,64,50,0,0,0
LH,2223,64,50,0,0,0
LH,2224,64,50,0,0,0
LH,2225,64,50,0,0,0
LH,2226,64,50,0,0,0
LH,2227,64,50,0,0,0
LH,2228,64,50,0,0,0
LH,2229,64,50,0,0,0
LH,2230,64,50,0,0,0
LH,2231,64,50,0,0,0
LH,2232,64,50,0,0,0
LH,2233,64,50,0,0,0
LH,2234,64,50,0,0,0
LH,2235,64,50,0,0,0
LH,2236,64,50,0,0,0
LH,2237,64,50,0,0,0
LH,2238,64,50,0,0,0
LH,2239,64,50,0,0,0
LH,2240,64,50,0,0,0
LH,2241,64,50,0,0,0
LH,2242,64,50,0,0,0
LH,2243,64,50,0,0,0
LH,2244,64,50,0,0,0
LH,2245,64,50,0,0,0
LH,2246,64,50,0,0,0
LH,2247,64,50,0,0,0
LH,2248,64,50,0,0,0
LH,2249,64,50,0,0,0
LH,2250,64,50,0,0,0
LH,2251,64,50,0,0,0
LH,2252,64,50,0,0,0
LH,2253,64,50,0,0,0
LH,2254,64,50,0,0,0
LH,2255,64,50,0,0,0
LH,2256,64,50,0,0,0
LH,2257,64,50,0,0,0
LH,2258,64,50,0,0,0
LH,2259,64,50,0,0,0
LH,2260,64,50,0,0,0
LH,2261,64,50,0,0,0
LH,2262,64,50,0,0,0
LH,2263,64,50,0,0,0
LH,2264,64,50,0,0,0
LH,2265,64,50,0,0,0
LH,2266,64,50,0,0,0
LH,2267,64,50,0,0,0
LH,2268,64,50,0,0,0
LH,2269,64,50,0,0,0
LH,2270,64,50,0,0,0
LH,2271,64,50,0,0,0
LH,2272,64,50,0,0,0
LH,2273,64,50,0,0,0
LH,2274,64,50,0,0,0
LH,2275,64,50,0,0,0
LH,2276,64,50,0,0,0
LH,2277,64,50,0,0,0
LH,2278,64,50,0,0,0
LH,2279,64,50,0,0,0
LH,2280,64,50,0,0,0
LH,2281,64,50,0,0,0
LH,2282,64,50,0,0,0
LH,2283,64,50,0,0,0
LH,2284,64,50,0,0,0
LH,2285,64,50,0,0,0
LH,2286,64,50,0,0,0
LH,2287,64,50,0,0,0
LH,2288,64,50,0,0,0
LH,2289,64,50,0,0,0
LH,2290,64,50,0,0,0
LH,2291,64,50,0,0,0
LH,2292,64,50,0,0,0
LH,2293,64,50,0,0,0
LH,2294,64,50,0,0,0
LH,2295,64,50,0,0,0
LH,2296,64,50,0,0,0
LH,2297,64,50,0,0,0
LH,2298,64,50,0,0,0
LH,2299,64,50,0,0,0
LH,2300,64,50,0,0,0
LH,2301,64,50,0,0,0
LH,2302,64,50,0,0,0
LH,2303,64,50,0,0,0
LH,2304,64,50,0,0,0
LH,2305,64,50,0,0,0
LH,2306,64,50,0,0,0
LH,2307,64,50,0,0,0
LH,2308,64,50,0,0,0
LH,2309,64,50,0,0,0
LH,2310,64,50,0,0,0
LH,2311,64,50,0,0,0
LH,2312,64,50,0,0,0
LH,2313,64,50,0,0,0
LH,2314,64,50,0,0,0
LH,2315,64,50,0,0,0
LH,2316,64,50,0,0,0
LH,2317,64,50,0,0,0
LH,2318,64,50,0,0,0
LH,2319,64,50,0,0,0
LH,2320,64,50,0,0,0
LH,2321,64,50,0,0,0
LH,2322,64,50,0,0,0
LH,2323,64,50,0,0,0
LH,2324,64,50,0,0,0
LH,2325,64,50,0,0,0
LH,2326,64,50,0,0,0
LH,2327,64,50,0,0,0
LH,2328,64,50,0,0,0
LH,2329,64,50,0,0,0
LH,2330,64,50,0,0,0
LH,2331,64,50,0,0,0
LH,2332,64,50,0,0,0
LH,2333,64,50,0,0,0
LH,2334,64,50,0,0,0
LH,2335,64,50,0,0,0
LH,2336,64,50,0,0,0
LH,2337,64,50,0,0,0
LH,2338,64,50,0,0,0
LH,2339,64,50,0,0,0
LH,2340,64,50,0,0,0
LH,2341,64,50,0,0,0
LH,2342,64,50,0,0,0
LH,2343,64,50,0,0,0
LH,2344,64,50,0,0,0
LH,2345,64,50,0,0,0
LH,2346,64,50,0,0,0
LH,2347,64,50,0,0,0
LH,2348,64,50,0,0,0
LH,2349,64,50,0,0,0
LH,2350,64,50,0,0,0
LH,2351,64,50,0,0,0
LH,2352,64,50,0,0,0
LH,2353,64,50,0,0,0
LH,2354,64,50,0,0,0
LH,2355,64,50,0,0,0
LH,2356,64,50,0,0,0
LH,2357,64,50,0,0,0
LH,2358,64,50,0,0,0
LH,2359,64,50,0,0,0
LH,2360,64,50,0,0,0
LH,2361,64,50,0,0,0
LH,2362,64,50,0,0,0
LH,2363,64,50,0,0,0
LH,2364,64,50,0,0,0
LH,2365,64,50,0,0,0
LH,2366,64,50,0,0,0
LH,2367,64,50,0,0,0
LH,2368,64,50,0,0,0
LH,2369,64,50,0,0,0
LH,2370,64,50,0,0,0
LH,2371,64,50,0,0,0
LH,2372,64,50,0,0,0
LH,2373,64,50,0,0,0
LH,2374,64,50,0,0,0
LH,2375,64,50,0,0,0
LH,2376,64,50,0,0,0
LH,2377,64,50,0,0,0
LH,2378,64,50,0,0,0
LH,2379,64,50,0,0,0
LH,2380,64,50,0,0,0
LH,2381,64,50,0,0,0
LH,2382,64,50,0,0,0
LH,2383,64,50,0,0,0
LH,2384,64,50,0,0,0
LH,2385,64,50,0,0,0
LH,2386,64,50,0,0,0
LH,2387,64,50,0,0,0
LH,2388,64,50,0,0,0
LH,2389,64,50,0,0,0
LH,2390,64,50,0,0,0
LH,2391,64,50,0,0,0
LH,2392,64,50,0,0,0
LH,2393,64,50,0,0,0
LH,2394,64,50,0,0,0
LH,2395,64,50,0,0,0
LH,2396,64,50,0,0,0
LH,2397,64,50,0,0,0
LH,2398,64,50,0,0,0
LH,2399,64,50,0,0,0
LH,2400,64,50,0,0,0
LH,2401,64,50,0,0,0
LH,2402,64,50,0,0,0
LH,2403,64,50,0,0,0
LH,2404,64,50,0,0,0
LH,2405,64,50,0,0,0
LH,2406,64,50,0,0,0
LH,2407,64,50,0,0,0
LH,2408,64,50,0,0,0
LH,2409,64,50,0,0,0
LH,2410,64,50,0,0,0
LH,2411,64,50,0,0,0
LH,2412,64,50,0,0,0
LH,2413,64,50,0,0,0
LH,2414,64,50,0,0,0
LH,2415,64,50,0,0,0
LH,2416,64,50,0,0,0
LH,2417,64,50,0,0,0
LH,2418,64,50,0,0,0
LH,2419,64,50,0,0,0
LH,2420,64,50,0,0,0
LH,2421,64,50,0,0,0
LH,2422,64,50,0,0,0
LH,2423,64,50,0,0,0
LH,2424,64,50,0,0,0
LH,2425,64,50,0,0,0
LH,2426,64,50,0,0,0
LH,2427,64,50,0,0,0
LH,2428,64,50,0,0,0
LH,2429,64,50,0,0,0
LH,2430,64,50,0,0,0
LH,2431,64,50,0,0,0
LH,2432,64,50,0,0,0
LH,2433,64,50,0,0,0
LH,2434,64,50,0,0,0
LH,2435,64,50,0,0,0
LH,2436,64,50,0,0,0
LH,2437,64,50,0,0,0
LH,2438,64,50,0,0,0
LH,2439,64,50,0,0,0
LH,2440,64,50,0,0,0
LH,2441,64,50,0,0,0
LH,2442,64,50,0,0,0
LH,2443,64,50,0,0,0
LH,2444,64,50,0,0,0
LH,2445,64,50,0,0,0
LH,2446,64,50,0,0,0
LH,2447,64,50,0,0,0
LH,2448,64,50,0,0,0
LH,2449,64,50,0,0,0
LH,2450,64,50,0,0,0
LH,2451,64,50,0,0,0
LH,2452,64,50,0,0,0
LH,2453,64,50,0,0,0
LH,2454,64,50,0,0,0
LH,2455,64,50,0,0,0
LH,2456,64,50,0,0,0
LH,2457,64,50,0,0,0
LH,2458,64,50,0,0,0
LH,2459,64,50,0,0,0
LH,2460,64,50,0,0,0
LH,2461,64,50,0,0,0
LH,2462,64,50,0,0,0
LH,2463,64,50,0,0,0
LH,2464,64,50,0,0,0
LH,2465,64,50,0,0,0
LH,2466,64,50,0,0,0
LH,2467,64,50,0,0,0
LH,2468,64,50,0,0,0
LH,2469,64,50,0,0,0
LH,2470,64,50,0,0,0
LH,2471,64,50,0,0,0
LH,2472,64,50,0,0,0
LH,2473,64,50,0,0,0
LH,2474,64,50,0,0,0
LH,2475,64,50,0,0,0
LH,2476,64,50,0,0,0
LH,2477,64,50,0,0,0
LH,2478,64,50,0,0,0
LH,2479,64,50,0,0,0
LH,2480,64,50,0,0,0
LH,2481,64,50,0,0,0
LH,2482,64,50,0,0,0
LH,2483,64,50,0,0,0
LH,2484,64,50,0,0,0
LH,2485,64,50,0,0,0
LH,2486,64,50,0,0,0
LH,2487,64,50,0,0,0
LH,2488,64,50,0,0,0
LH,2489,64,50,0,0,0
LH,2490,64,50,0,0,0
LH,2491,64,50,0,0,0
LH,2492,64,50,0,0,0
LH,2493,64,50,0,0,0
LH,2494,64,50,0,0,0
LH,2495,64,50,0,0,0
LH,2496,64,50,0,0,0
LH,2497,64,50,0,0,0
LH,2498,64,50,0,0,0
LH,2499,64,50,0,0,0
LH,2500,64,50,0,0,0
LH,2501,64,50,0,0,0
LH,2502,64,50,0,0,0
LH,2503,64,50,0,0,0
LH,2504,64,50,0,0,0
LH,2505,64,50,0,0,0
LH,2506,64,50,0,0,0
LH,2507,64,50,0,0,0
LH,2508,64,50,0,0,0
LH,2509,64,50,0,0,0
LH,2510,64,50,0,0,0
LH,2511,64,50,0,0,0
LH,2512,64,50,0,0,0
LH,2513,64,50,0,0,0
LH,2514,64,50,0,0,0
LH,2515,64,50,0,0,0
LH,2516,64,50,0,0,0
LH,2517,64,50,0,0,0
LH,2518,64,50,0,0,0
LH,2519,64,50,0,0,0
LH,2520,64,50,0,0,0
LH,2521,64,50,0,0,0
LH,2522,64,50,0,0,0
LH,2523,64,50,0,0,0
LH,2524,64,50,0,0,0
LH,2525,64,50,0,0,0
LH,2526,64,50,0,0,0
LH,2527,64,50,0,0,0
LH,2528,64,50,0,0,0
LH,2529,64,50,0,0,0
LH,2530,64,50,0,0,0
LH,2531,64,50,0,0,0
LH,2532,64,50,0,0,0
LH,2533,64,50,0,0,0
LH,2534,64,50,0,0,0
LH,2535,64,50,0,0,0
LH,2536,64,50,0,0,0
LH,2537,64,50,0,0,0
LH,2538,64,50,0,0,0
LH,2539,64,50,0,0,0
LH,2540,64,50,0,0,0
LH,2541,64,50,0,0,0
LH,2542,64,50,0,0,0
LH,2543,64,50,0,0,0
LH,2544,64,50,0,0,0
LH,2545,64,50,0,0,0
LH,2546,64,50,0,0,0
LH,2547,64,50,0,0,0
LH,2548,64,50,0,0,0
LH,2549,64,50,0,0,0
LH,2550,64,50,0,0,0
LH,2551,64,50,0,0,0
LH,2552,64,50,0,0,0
LH,2553,64,50,0,0,0
LH,2554,64,50,0,0,0
LH,2555,64,50,0,0,0
LH,2556,64,50,0,0,0
LH,2557,64,50,0,0,0
LH,2558,64,50,0,0,0
LH,2559,64,50,0,0,0
LH,2560,64,50,0,0,0
LH,2561,64,50,0,0,0
LH,2562,64,50,0,0,0
LH,2563,64,50,0,0,0
LH,2564,64,50,0,0,0
LH,2565,64,50,0,0,0
LH,2566,64,50,0,0,0
LH,2567,64,50,0,0,0
LH,2568,64,50,0,0,0
LH,2569,64,50,0,0,0
LH,2570,64,50,0,0,0
LH,2571,64,50,0,0,0
LH,2572,64,50,0,0,0
LH,2573,64,50,0,0,0
LH,2574,64,50,0,0,0
LH,2575,64,50,0,0,0
LH,2576,64,50,0,0,0
LH,2577,64,50,0,0,0
LH,2578,64,50,0,0,0
LH,2579,64,50,0,0,0
LH,2580,64,50,0,0,0
LH,2581,64,50,0,0,0
LH,2582,64,50,0,0,0
LH,2583,64,50,0,0,0
LH,2584,64,50,0,0,0
LH,2585,64,50,0,0,0
LH,2586,64,50,0,0,0
LH,2587,64,50,0,0,0
LH,2588,64,50,0,0,0
LH,2589,64,50,0,0,0
LH,2590,64,50,0,0,0
LH,2591,64,50,0,0,0
LH,2592,64,50,0,0,0
LH,2593,64,50,0,0,0
LH,2594,64,50,0,0,0
LH,2595,64,50,0,0,0
LH,2596,64,50,0,0,0
LH,2597,64,50,0,0,0
LH,2598,64,50,0,0,0
LH,2599,64,50,0,0,0
LH,2600,64,50,0,0,0
LH,2601,64,50,0,0,0
LH,2602,64,50,0,0,0
LH,2603,64,50,0,0,0
LH,2604,64,50,0,0,0
LH,2605,64,50,0,0,0
LH,2606,64,50,0,0,0
LH,2607,64,50,0,0,0
LH,2608,64,50,0,0,0
LH,2609,64,50,0,0,0
LH,2610,64,50,0,0,0
LH,2611,64,50,0,0,0
LH,2612,64,50,0,0,0
LH,2613,64,50,0,0,0
LH,2614,64,50,0,0,0
LH,2615,64,50,0,0,0
LH,2616,64,50,0,0,0
LH,2617,64,50,0,0,0
LH,2618,64,50,0,0,0
LH,2619,64,50,0,0,0
LH,2620,64,50,0,0,0
LH,2621,64,50,0,0,0
LH,2622,64,50,0,0,0
LH,2623,64,50,0,0,0
LH,2624,64,50,0,0,0
LH,2625,64,50,0,0,0
LH,2626,64,50,0,0,0
LH,2627,64,50,0,0,0
LH,2628,64,50,0,0,0
LH,2629,64,50,0,0,0
LH,2630,64,50,0,0,0
LH,2631,64,50,0,0,0
LH,2632,64,50,0,0,0
LH,2633,64,50,0,0,0
LH,2634,64,50,0,0,0
LH,2635,64,50,0,0,0
LH,2636,64,50,0,0,0
LH,2637,64,50,0,0,0
LH,2638,64,50,0,0,0
LH,2639,64,50,0,0,0
LH,2640,64,50,0,0,0
LH,2641,64,50,0,0,0
LH,2642,64,50,0,0,0
LH,2643,64,50,0,0,0
LH,2644,64,50,0,0,0
LH,2645,64,50,0,0,0
LH,2646,64,50,0,0,0
LH,2647,64,50,0,0,0
LH,2648,64,50,0,0,0
LH,2649,64,50,0,0,0
LH,2650,64,50,0,0,0
LH,2651,64,50,0,0,0
LH,2652,64,50,0,0,0
LH,2653,64,50,0,0,0
LH,2654,64,50,0,0,0
LH,2655,64,50,0,0,0
LH,2656,64,50,0,0,0
LH,2657,64,50,0,0,0
LH,2658,64,50,0,0,0
LH,2659,64,50,0,0,0
LH,2660,64,50,0,0,0
LH,2661,64,50,0,0,0
LH,2662,64,50,0,0,0
LH,2663,64,50,0,0,0
LH,2664,64,50,0,0,0
LH,2665,64,50,0,0,0
LH,2666,64,50,0,0,0
LH,2667,64,50,0,0,0
LH,2668,64,50,0,0,0
LH,2669,64,50,0,0,0
LH,2670,64,50,0,0,0
LH,2671,64,50,0,0,0
LH,2672,64,50,0,0,0
LH,2673,64,50,0,0,0
LH,2674,64,50,0,0,0
LH,2675,64,50,0,0,0
LH,2676,64,50,0,0,0
LH,2677,64,50,0,0,0
LH,2678,64,50,0,0,0
LH,2679,64,50,0,0,0
LH,2680,64,50,0,0,0
LH,2681,64,50,0,0,0
LH,2682,64,50,0,0,0
LH,2683,64,50,0,0,0
LH,2684,64,50,0,0,0
LH,2685,64,50,0,0,0
LH,2686,64,50,0,0,0
LH,2687,64,50,0,0,0
LH,2688,64,50,0,0,0
LH,2689,64,50,0,0,0
LH,2690,64,50,0,0,0
LH,2691,64,50,0,0,0
LH,2692,64,50,0,0,0
LH,2693,64,50,0,0,0
LH,2694,64,50,0,0,0
LH,2695,64,50,0,0,0
LH,2696,64,50,0,0,0
LH,2697,64,50,0,0,0
LH,2698,64,50,0,0,0
LH,2699,64,50,0,0,0
LH,2700,64,50,0,0,0
LH,2701,64,50,0,0,0
LH,2702,64,50,0,0,0
LH,2703,64,50,0,0,0
LH,2704,64,50,0,0,0
LH,2705,64,50,0,0,0
LH,2706,64,50,0,0,0
LH,2707,64,50,0,0,0
LH,2708,64,50,0,0,0
LH,2709,64,50,0,0,0
LH,2710,64,50,0,0,0
LH,2711,64,50,0,0,0
LH,2712,64,50,0,0,0
LH,2713,64,50,0,0,0
LH,2714,64,50,0,0,0
LH,2715,64,50,0,0,0
LH,2716,64,50,0,0,0
LH,2717,64,50,0,0,0
LH,2718,64,50,0,0,0
LH,2719,64,50,0,0,0
LH,2720,64,50,0,0,0
LH,2721,64,50,0,0,0
LH,2722,64,50,0,0,0
LH,2723,64,50,0,0,0
LH,2724,64,50,0,0,0
LH,2725,64,50,0,0,0
LH,2726,64,50,0,0,0
LH,2727,64,50,0,0,0
LH,2728,64,50,0,0,0
LH,2729,64,50,0,0,0
LH,2730,64,50,0,0,0
LH,2731,64,50,0,0,0
LH,2732,64,50,0,0,0
LH,2733,64,50,0,0,0
LH,2734,64,50,0,0,0
LH,2735,64,50,0,0,0
LH,2736,64,50,0,0,0
LH,2737,64,50,0,0,0
LH,2738,64,50,0,0,0
LH,2739,64,50,0,0,0
LH,2740,64,50,0,0,0
LH,2741,64,50,0,0,0
LH,2742,64,50,0,0,0
LH,2743,64,50,0,0,0
LH,2744,64,50,0,0,0
LH,2745,64,50,0,0,0
LH,2746,64,50,0,0,0
LH,2747,64,50,0,0,0
LH,2748,64,50,0,0,0
LH,2749,64,50,0,0,0
LH,2750,64,50,0,0,0
LH,2751,64,50,0,0,0
LH,2752,64,50,0,0,0
LH,2753,64,50,0,0,0
LH,2754,64,50,0,0,0
LH,2755,64,50,0,0,0
LH,2756,64,50,0,0,0
LH,2757,64,50,0,0,0
LH,2758,64,50,0,0,0
LH,2759,64,50,0,0,0
LH,2760,64,50,0,0,0
LH,2761,64,50,0,0,0
LH,2762,64,50,0,0,0
LH,2763,64,50,0,0,0
LH,2764,64,50,0,0,0
LH,2765,64,50,0,0,0
LH,2766,64,50,0,0,0
LH,2767,64,50,0,0,0
LH,2768,64,50,0,0,0
LH,2769,64,50,0,0,0
LH,2770,64,50,0,0,0
LH,2771,64,50,0,0,0
LH,2772,64,50,0,0,0
LH,2773,64,50,0,0,0
LH,2774,64,50,0,0,0
LH,2775,64,50,0,0,0
LH,2776,64,50,0,0,0
LH,2777,64,50,0,0,0
LH,2778,64,50,0,0,0
LH,2779,64,50,0,0,0
LH,2780,64,50,0,0,0
LH,2781,64,50,0,0,0
LH,2782,64,50,0,0,0
LH,2783,64,50,0,0,0
LH,2784,64,50,0,0,0
LH,2785,64,50,0,0,0
LH,2786,64,50,0,0,0
LH,2787,64,50,0,0,0
LH,2788,64,50,0,0,0
LH,2789,64,50,0,0,0
LH,2790,64,50,0,0,0
LH,2791,64,50,0,0,0
LH,2792,64,50,0,0,0
LH,2793,64,50,0,0,0
LH,2794,64,50,0,0,0
LH,2795,64,50,0,0,0
LH,2796,64,50,0,0,0
LH,2797,64,50,0,0,0
LH,2798,64,50,0,0,0
LH,2799,64,50,0,0,0
LH,2800,64,50,0,0,0
LH,2801,64,50,0,0,0
LH,2802,64,50,0,0,0
LH,2803,64,50,0,0,0
LH,2804,64,50,0,0,0
LH,2805,64,50,0,0,0
LH,2806,64,50,0,0,0
LH,2807,64,50,0,0,0
LH,2808,64,50,0,0,0
LH,2809,64,50,0,0,0
LH,2810,64,50,0,0,0
LH,2811,64,50,0,0,0
LH,2812,64,50,0,0,0
LH,2813,64,50,0,0,0
LH,2814,64,50,0,0,0
LH,2815,64,50,0,0,0
LH,2816,64,50,0,0,0
LH,2817,64,50,0,0,0
LH,2818,64,50,0,0,0
LH,2819,64,50,0,0,0
LH,2820,64,50,0,0,0
LH,2821,64,50,0,0,0
LH,2822,64,50,0,0,0
LH,2823,64,50,0,0,0
LH,2824,64,50,0,0,0
LH,2825,64,50,0,0,0
LH,2826,64,50,0,0,0
LH,2827,64,50,0,0,0
LH,2828,64,50,0,0,0
LH,2829,64,50,0,0,0
LH,2830,64,50,0,0,0
LH,2831,64,50,0,0,0
LH,2832,64,50,0,0,0
LH,2833,64,50,0,0,0
LH,2834,64,50,0,0,0
LH,2835,64,50,0,0,0
LH,2836,64,50,0,0,0
LH,2837,64,50,0,0,0
LH,2838,64,50,0,0,0
LH,2839,64,50,0,0,0
LH,2840,64,50,0,0,0
LH,2841,64,50,0,0,0
LH,2842,64,50,0,0,0
LH,2843,64,50,0,0,0
LH,2844,64,50,0,0,0
LH,2845,64,50,0,0,0
LH,2846,64,50,0,0,0
LH,2847,64,50,0,0,0
LH,2848,64,50,0,0,0
LH,2849,64,50,0,0,0
LH,2850,64,50,0,0,0
LH,2851,64,50,0,0,0
LH,2852,64,50,0,0,0
LH,2853,64,50,0,0,0
LH,2854,64,50,0,0,0
LH,2855,64,50,0,0,0
LH,2856,64,50,0,0,0
LH,2857,64,50,0,0,0
LH,2858,64,50,0,0,0
LH,2859,64,50,0,0,0
LH,2860,64,50,0,0,0
LH,2861,64,50,0,0,0
LH,2862,64,50,0,0,0
LH,2863,64,50,0,0,0
LH,2864,64,50,0,0,0
LH,2865,64,50,0,0,0
LH,2866,64,50,0,0,0
LH,2867,64,50,0,0,0
LH,2868,64,50,0,0,0
LH,2869,64,50,0,0,0
LH,2870,64,50,0,0,0
LH,2871,64,50,0,0,0
LH,2872,64,50,0,0,0
LH,2873,64,50,0,0,0
LH,2874,64,50,0,0,0
LH,2875,64,50,0,0,0
LH,2876,64,50,0,0,0
LH,2877,64,50,0,0,0
LH,2878,64,50,0,0,0
LH,2879,64,50,0,0,0
LH,2880,64,50,0,0,0
LH,2881,64,50,0,0,0
LH,2882,64,50,0,0,0
LH,2883,64,50,0,0,0
LH,2884,64,50,0,0,0
LH,2885,64,50,0,0,0
LH,2886,64,50,0,0,0
LH,2887,64,50,0,0,0
LH,2888,64,50,0,0,0
LH,2889,64,50,0,0,0
LH,2890,64,50,0,0,0
LH,2891,64,50,0,0,0
LH,2892,64,50,0,0,0
LH,2893,64,50,0,0,0
LH,2894,64,50,0,0,0
LH,2895,64,50,0,0,0
LH,2896,64,50,0,0,0
LH,2897,64,50,0,0,0
LH,2898,64,50,0,0,0
LH,2899,64,50,0,0,0
LH,2900,64,50,0,0,0
LH,2901,64,50,0,0,0
LH,2902,64,50,0,0,0
LH,2903,64,50,0,0,0
LH,2904,64,50,0,0,0
LH,2905,64,50,0,0,0
LH,2906,64,50,0,0,0
LH,2907,64,50,0,0,0
LH,2908,64,50,0,0,0
LH,2909,64,50,0,0,0
LH,2910,64,50,0,0,0
LH,2911,64,50,0,0,0
LH,2912,64,50,0,0,0
LH,2913,64,50,0,0,0
LH,2914,64,50,0,0,0
LH,2915,64,50,0,0,0
LH,2916,64,50,0,0,0
LH,2917,64,50,0,0,0
LH,2918,64,50,0,0,0
LH,2919,64,50,0,0,0
LH,2920,64,50,0,0,0
LH,2921,64,50,0,0,0
LH,2922,64,50,0,0,0
LH,2923,64,50,0,0,0
LH,2924,64,50,0,0,0
LH,2925,64,50,0,0,0
LH,2926,64,50,0,0,0
LH,2927,64,50,0,0,0
LH,2928,64,50,0,0,0
LH,2929,64,50,0,0,0
LH,2930,64,50,0,0,0
LH,2931,64,50,0,0,0
LH,2932,64,50,0,0,0
LH,2933,64,50,0,0,0
LH,2934,64,50,0,0,0
LH,2935,64,50,0,0,0
LH,2936,64,50,0,0,0
LH,2937,64,50,0,0,0
LH,2938,64,50,0,0,0
LH,2939,64,50,0,0,0
LH,2940,64,50,0,0,0
LH,2941,64,50,0,0,0
LH,2942,64,50,0,0,0
LH,2943,64,50,0,0,0
LH,2944,64,50,0,0,0
LH,2945,64,50,0,0,0
LH,2946,64,50,0,0,0
LH,2947,64,50,0,0,0
LH,2948,64,50,0,0,0
LH,2949,64,50,0,0,0
LH,2950,64,50,0,0,0
LH,2951,64,50,0,0,0
LH,2952,64,50,0,0,0
LH,2953,64,50,0,0,0
LH,2954,64,50,0,0,0
LH,2955,64,50,0,0,0
LH,2956,64,50,0,0,0
LH,2957,64,50,0,0,0
LH,2958,64,50,0,0,0
LH,2959,64,50,0,0,0
LH,2960,64,50,0,0,0
LH,2961,64,50,0,0,0
LH,2962,64,50,0,0,0
LH,2963,64,50,0,0,0
LH,2964,64,50,0,0,0
LH,2965,64,50,0,0,0
LH,2966,64,50,0,0,0
LH,2967,64,50,0,0,0
LH,2968,64,50,0,0,0
LH,2969,64,50,0,0,0
LH,2970,64,50,0,0,0
LH,2971,64,50,0,0,0
LH,2972,64,50,0,0,0
LH,2973,64,50,0,0,0
LH,2974,64,50,0,0,0
LH,2975,64,50,0,0,0
LH,2976,64,50,0,0,0
LH,2977,64,50,0,0,0
LH,2978,64,50,0,0,0
LH,2979,64,50,0,0,0
LH,2980,64,50,0,0,0
LH,2981,64,50,0,0,0
LH,2982,64,50,0,0,0
LH,2983,64,50,0,0,0
LH,2984,64,50,0,0,0
LH,2985,64,50,0,0,0
LH,2986,64,50,0,0,0
LH,2987,64,50,0,0,0
LH,2988,64,50,0,0,0
LH,2989,64,50,0,0,0
LH,2990,64,50,0,0,0
LH,2991,64,50,0,0,0
LH,2992,64,50,0,0,0
LH,2993,64,50,0,0,0
LH,2994,64,50,0,0,0
LH,2995,64,50,0,0,0
LH,2996,64,50,0,0,0
LH,2997,64,50,0,0,0
LH,2998,64,50,0,0,0
LH,2999,64,50,0,0,0
LH_SUMMARY,64,50,64,0,820,0
