LH,0,1,2,1,0,0
LH,1,1,1,0,0,0
LH,2,2,1,0,1,1
LH,3,3,2,1,0,0
LH,4,4,3,1,0,0
LH,5,5,4,1,0,0
LH,6,5,4,0,0,0
LH,7,6,5,1,0,0
LH,8,6,4,0,0,0
LH,9,7,5,1,0,0
LH,10,8,6,1,0,0
LH,11,9,7,1,0,0
LH,12,10,8,1,0,0
LH,13,10,7,0,0,0
LH,14,11,7,0,1,1
LH,15,12,8,1,0,0
LH,16,13,9,1,0,0
LH,17,14,10,1,0,0
LH,18,14,10,0,0,0
LH,19,15,11,1,0,0
LH,20,15,10,0,0,0
LH,21,16,11,1,0,0
LH,22,17,12,1,0,0
LH,23,18,13,1,0,0
LH,24,19,14,1,0,0
LH,25,19,13,0,0,0
LH,26,20,13,0,1,1
LH,27,21,14,1,0,0
LH,28,22,15,1,0,0
LH,29,23,16,1,0,0
LH,30,23,16,0,0,0
LH,31,24,17,1,0,0
LH,32,24,16,0,0,0
LH,33,25,17,1,0,0
LH,34,26,18,1,0,0
LH,35,27,19,1,0,0
LH,36,28,20,1,0,0
LH,37,28,19,0,0,0
LH,38,29,19,0,1,1
LH,39,30,20,1,0,0
LH,40,31,21,1,0,0
LH,41,32,22,1,0,0
LH,42,32,22,0,0,0
LH,43,33,23,1,0,0
LH,44,33,22,0,0,0
LH,45,34,23,1,0,0
LH,46,35,24,1,0,0
LH,47,36,25,1,0,0
LH,48,37,26,1,0,0
LH,49,37,25,0,0,0
LH,50,38,25,0,1,1
LH,51,39,26,1,0,0
LH,52,40,27,1,0,0
LH,53,41,28,1,0,0
LH,54,41,28,0,0,0
LH,55,42,29,1,0,0
LH,56,42,28,0,0,0
LH,57,43,29,1,0,0
LH,58,44,30,1,0,0
LH,59,45,31,1,0,0
LH,60,46,32,1,0,0
LH,61,46,31,0,0,0
LH,62,47,31,0,1,1
LH,63,48,32,1,0,0
LH,64,49,33,1,0,0
LH,65,50,34,1,0,0
LH,66,50,34,0,0,0
LH,67,51,35,1,0,0
LH,68,51,34,0,0,0
LH,69,52,35,1,0,0
LH,70,53,36,1,0,0
LH,71,54,37,1,0,0
LH,72,55,38,1,0,0
LH,73,55,37,0,0,0
LH,74,56,37,0,1,1
LH,75,56,37,0,0,1
LH,76,56,37,0,0,1
LH,77,56,37,0,0,1
LH,78,56,37,0,0,1
LH,79,56,37,0,0,1
LH,80,56,37,0,0,1
LH,81,56,37,0,0,1
LH,82,56,37,0,0,1
LH,83,56,37,0,0,1
LH,84,56,37,0,0,1
LH,85,56,37,0,0,1
LH,86,56,37,0,0,1
LH,87,56,37,0,0,1
LH,88,56,37,0,0,1
LH,89,56,37,0,0,1
LH,90,56,37,0,0,1
LH,91,56,37,0,0,1
LH,92,56,37,0,0,1
LH,93,56,37,0,0,1
LH,94,56,37,0,0,1
LH,95,56,37,0,0,1
LH,96,56,37,0,0,1
LH,97,56,37,0,0,1
LH,98,56,37,0,0,1
LH,99,56,37,0,0,1
LH,100,56,37,0,0,1
LH,101,56,37,0,0,1
LH,102,56,37,0,0,1
LH,103,56,37,0,0,1
LH,104,56,37,0,0,1
LH,105,56,37,0,0,1
LH,106,56,37,0,0,1
LH,107,56,37,0,0,1
LH,108,56,37,0,0,1
LH,109,56,37,0,0,1
LH,110,56,37,0,0,1
LH,111,56,37,0,0,1
LH,112,56,37,0,0,1
LH,113,56,37,0,0,1
LH,114,56,37,0,0,1
LH,115,56,37,0,0,1
LH,116,56,37,0,0,1
LH,117,56,37,0,0,1
LH,118,56,37,0,0,1
LH,119,56,37,0,0,1
LH,120,56,37,0,0,1
LH,121,56,37,0,0,1
LH,122,56,37,0,0,1
LH,123,56,37,0,0,1
LH,124,56,37,0,0,1
LH,125,56,37,0,0,1
LH,126,56,37,0,0,1
LH,127,56,37,0,0,1
LH,128,56,37,0,0,1
LH,129,56,37,0,0,1
LH,130,56,37,0,0,1
LH,131,56,37,0,0,1
LH,132,56,37,0,0,1
LH,133,56,37,0,0,1
LH,134,56,37,0,0,1
LH,135,56,37,0,0,1
LH,136,56,37,0,0,1
LH,137,56,37,0,0,1
LH,138,56,37,0,0,1
LH,139,56,37,0,0,1
LH,140,56,37,0,0,1
LH,141,56,37,0,0,1
LH,142,56,37,0,0,1
LH,143,56,37,0,0,1
LH,144,56,37,0,0,1
LH,145,56,37,0,0,1
LH,146,56,37,0,0,1
LH,147,56,37,0,0,1
LH,148,56,37,0,0,1
LH,149,56,37,0,0,1
LH,150,56,37,0,0,1
LH,151,56,37,0,0,1
LH,152,56,37,0,0,1
LH,153,56,37,0,0,1
LH,154,56,37,0,0,1
LH,155,56,37,0,0,1
LH,156,56,37,0,0,1
LH,157,56,37,0,0,1
LH,158,56,37,0,0,1
LH,159,56,37,0,0,1
LH,160,56,37,0,0,1
LH,161,56,37,0,0,1
LH,162,56,37,0,0,1
LH,163,56,37,0,0,1
LH,164,56,37,0,0,1
LH,165,56,37,0,0,1
LH,166,56,37,0,0,1
LH,167,56,37,0,0,1
LH,168,56,37,0,0,1
LH,169,56,37,0,0,1
LH,170,56,37,0,0,1
LH,171,56,37,0,0,1
LH,172,56,37,0,0,1
LH,173,56,37,0,0,1
LH,174,56,37,0,0,1
LH,175,56,37,0,0,1
LH,176,56,37,0,0,1
LH,177,56,37,0,0,1
LH,178,56,37,0,0,1
LH,179,56,37,0,0,1
LH,180,56,37,0,0,1
LH,181,56,37,0,0,1
LH,182,56,37,0,0,1
LH,183,56,37,0,0,1
LH,184,56,37,0,0,1
LH,185,56,37,0,0,1
LH,186,56,37,0,0,1
LH,187,56,37,0,0,1
LH,188,56,37,0,0,1
LH,189,56,37,0,0,1
LH,190,56,37,0,0,1
LH,191,56,37,0,0,1
LH,192,56,37,0,0,1
LH,193,56,37,0,0,1
LH,194,56,37,0,0,1
LH,195,56,37,0,0,1
LH,196,56,37,0,0,1
LH,197,56,37,0,0,1
LH,198,56,37,0,0,1
LH,199,56,37,0,0,1
LH,200,56,37,0,0,1
LH,201,56,37,0,0,1
LH,202,56,37,0,0,1
LH,203,56,37,0,0,1
LH,204,56,37,0,0,1
LH,205,56,37,0,0,1
LH,206,56,37,0,0,1
LH,207,56,37,0,0,1
LH,208,56,37,0,0,1
LH,209,56,37,0,0,1
LH,210,56,37,0,0,1
LH,211,56,37,0,0,1
LH,212,56,37,0,0,1
LH,213,56,37,0,0,1
LH,214,56,37,0,0,1
LH,215,56,37,0,0,1
LH,216,56,37,0,0,1
LH,217,56,37,0,0,1
LH,218,56,37,0,0,1
LH,219,56,37,0,0,1
LH,220,56,37,0,0,1
LH,221,56,37,0,0,1
LH,222,56,37,0,0,1
LH,223,56,37,0,0,1
LH,224,56,37,0,0,1
LH,225,56,37,0,0,1
LH,226,56,37,0,0,1
LH,227,56,37,0,0,1
LH,228,56,37,0,0,1
LH,229,56,37,0,0,1
LH,230,56,37,0,0,1
LH,231,56,37,0,0,1
LH,232,56,37,0,0,1
LH,233,56,37,0,0,1
LH,234,56,37,0,0,1
LH,235,56,37,0,0,1
LH,236,56,37,0,0,1
LH,237,56,37,0,0,1
LH,238,56,37,0,0,1
LH,239,56,37,0,0,1
LH,240,56,37,0,0,1
LH,241,56,37,0,0,1
LH,242,56,37,0,0,1
LH,243,56,37,0,0,1
LH,244,56,37,0,0,1
LH,245,56,37,0,0,1
LH,246,56,37,0,0,1
LH,247,56,37,0,0,1
LH,248,56,37,0,0,1
LH,249,56,37,0,0,1
LH,250,56,37,0,0,1
LH,251,56,37,0,0,1
LH,252,56,37,0,0,1
LH,253,56,37,0,0,1
LH,254,56,37,0,0,1
LH,255,56,37,0,0,1
LH,256,56,37,0,0,1
LH,257,56,37,0,0,1
LH,258,56,37,0,0,1
LH,259,56,37,0,0,1
LH,260,56,37,0,0,1
LH,261,56,37,0,0,1
LH,262,56,37,0,0,1
LH,263,56,37,0,0,1
LH,264,56,37,0,0,1
LH,265,56,37,0,0,1
LH,266,56,37,0,0,1
LH,267,56,37,0,0,1
LH,268,56,37,0,0,1
LH,269,56,37,0,0,1
LH,270,56,37,0,0,1
LH,271,56,37,0,0,1
LH,272,56,37,0,0,1
LH,273,56,37,0,0,1
LH,274,56,37,0,0,1
LH,275,56,37,0,0,1
LH,276,56,37,0,0,1
LH,277,56,37,0,0,1
LH,278,56,37,0,0,1
LH,279,56,37,0,0,1
LH,280,56,37,0,0,1
LH,281,56,37,0,0,1
LH,282,56,37,0,0,1
LH,283,56,37,0,0,1
LH,284,56,37,0,0,1
LH,285,56,37,0,0,1
LH,286,56,37,0,0,1
LH,287,56,37,0,0,1
LH,288,56,37,0,0,1
LH,289,56,37,0,0,1
LH,290,56,37,0,0,1
LH,291,56,37,0,0,1
LH,292,56,37,0,0,1
LH,293,56,37,0,0,1
LH,294,56,37,0,0,1
LH,295,56,37,0,0,1
LH,296,56,37,0,0,1
LH,297,56,37,0,0,1
LH,298,56,37,0,0,1
LH,299,56,37,0,0,1
LH,300,56,37,0,0,1
LH,301,56,37,0,0,1
LH,302,56,37,0,0,1
LH,303,56,37,0,0,1
LH,304,56,37,0,0,1
LH,305,56,37,0,0,1
LH,306,56,37,0,0,1
LH,307,56,37,0,0,1
LH,308,56,37,0,0,1
LH,309,56,37,0,0,1
LH,310,56,37,0,0,1
LH,311,56,37,0,0,1
LH,312,56,37,0,0,1
LH,313,56,37,0,0,1
LH,314,56,37,0,0,1
LH,315,56,37,0,0,1
LH,316,56,37,0,0,1
LH,317,56,37,0,0,1
LH,318,56,37,0,0,1
LH,319,56,37,0,0,1
LH,320,56,37,0,0,1
LH,321,56,37,0,0,1
LH,322,56,37,0,0,1
LH,323,56,37,0,0,1
LH,324,56,37,0,0,1
LH,325,56,37,0,0,1
LH,326,56,37,0,0,1
LH,327,56,37,0,0,1
LH,328,56,37,0,0,1
LH,329,56,37,0,0,1
LH,330,56,37,0,0,1
LH,331,56,37,0,0,1
LH,332,56,37,0,0,1
LH,333,56,37,0,0,1
LH,334,56,37,0,0,1
LH,335,56,37,0,0,1
LH,336,56,37,0,0,1
LH,337,56,37,0,0,1
LH,338,56,37,0,0,1
LH,339,56,37,0,0,1
LH,340,56,37,0,0,1
LH,341,56,37,0,0,1
LH,342,56,37,0,0,1
LH,343,56,37,0,0,1
LH,344,56,37,0,0,1
LH,345,56,37,0,0,1
LH,346,56,37,0,0,1
LH,347,56,37,0,0,1
LH,348,56,37,0,0,1
LH,349,56,37,0,0,1
LH,350,56,37,0,0,1
LH,351,56,37,0,0,1
LH,352,56,37,0,0,1
LH,353,56,37,0,0,1
LH,354,56,37,0,0,1
LH,355,56,37,0,0,1
LH,356,56,37,0,0,1
LH,357,56,37,0,0,1
LH,358,56,37,0,0,1
LH,359,56,37,0,0,1
LH,360,56,37,0,0,1
LH,361,56,37,0,0,1
LH,362,56,37,0,0,1
LH,363,56,37,0,0,1
LH,364,56,37,0,0,1
LH,365,56,37,0,0,1
LH,366,56,37,0,0,1
LH,367,56,37,0,0,1
LH,368,56,37,0,0,1
LH,369,56,37,0,0,1
LH,370,56,37,0,0,1
LH,371,56,37,0,0,1
LH,372,56,37,0,0,1
LH,373,56,37,0,0,1
LH,374,56,37,0,0,1
LH,375,56,37,0,0,1
LH,376,56,37,0,0,1
LH,377,56,37,0,0,1
LH,378,56,37,0,0,1
LH,379,56,37,0,0,1
LH,380,56,37,0,0,1
LH,381,56,37,0,0,1
LH,382,56,37,0,0,1
LH,383,56,37,0,0,1
LH,384,56,37,0,0,1
LH,385,56,37,0,0,1
LH,386,56,37,0,0,1
LH,387,56,37,0,0,1
LH,388,56,37,0,0,1
LH,389,56,37,0,0,1
LH,390,56,37,0,0,1
LH,391,56,37,0,0,1
LH,392,56,37,0,0,1
LH,393,56,37,0,0,1
LH,394,56,37,0,0,1
LH,395,56,37,0,0,1
LH,396,56,37,0,0,1
LH,397,56,37,0,0,1
LH,398,56,37,0,0,1
LH,399,56,37,0,0,1
LH,400,56,37,0,0,1
LH,401,56,37,0,0,1
LH,402,56,37,0,0,1
LH,403,56,37,0,0,1
LH,404,56,37,0,0,1
LH,405,56,37,0,0,1
LH,406,56,37,0,0,1
LH,407,56,37,0,0,1
LH,408,56,37,0,0,1
LH,409,56,37,0,0,1
LH,410,56,37,0,0,1
LH,411,56,37,0,0,1
LH,412,56,37,0,0,1
LH,413,56,37,0,0,1
LH,414,56,37,0,0,1
LH,415,56,37,0,0,1
LH,416,56,37,0,0,1
LH,417,56,37,0,0,1
LH,418,56,37,0,0,1
LH,419,56,37,0,0,1
LH,420,56,37,0,0,1
LH,421,56,37,0,0,1
LH,422,56,37,0,0,1
LH,423,56,37,0,0,1
LH,424,56,37,0,0,1
LH,425,56,37,0,0,1
LH,426,56,37,0,0,1
LH,427,56,37,0,0,1
LH,428,56,37,0,0,1
LH,429,56,37,0,0,1
LH,430,56,37,0,0,1
LH,431,56,37,0,0,1
LH,432,56,37,0,0,1
LH,433,56,37,0,0,1
LH,434,56,37,0,0,1
LH,435,56,37,0,0,1
LH,436,56,37,0,0,1
LH,437,56,37,0,0,1
LH,438,56,37,0,0,1
LH,439,56,37,0,0,1
LH,440,56,37,0,0,1
LH,441,56,37,0,0,1
LH,442,56,37,0,0,1
LH,443,56,37,0,0,1
LH,444,56,37,0,0,1
LH,445,56,37,0,0,1
LH,446,56,37,0,0,1
LH,447,56,37,0,0,1
LH,448,56,37,0,0,1
LH,449,56,37,0,0,1
LH,450,56,37,0,0,1
LH,451,56,37,0,0,1
LH,452,56,37,0,0,1
LH,453,56,37,0,0,1
LH,454,56,37,0,0,1
LH,455,56,37,0,0,1
LH,456,56,37,0,0,1
LH,457,56,37,0,0,1
LH,458,56,37,0,0,1
LH,459,56,37,0,0,1
LH,460,56,37,0,0,1
LH,461,56,37,0,0,1
LH,462,56,37,0,0,1
LH,463,56,37,0,0,1
LH,464,56,37,0,0,1
LH,465,56,37,0,0,1
LH,466,56,37,0,0,1
LH,467,56,37,0,0,1
LH,468,56,37,0,0,1
LH,469,56,37,0,0,1
LH,470,56,37,0,0,1
LH,471,56,37,0,0,1
LH,472,56,37,0,0,1
LH,473,56,37,0,0,1
LH,474,56,37,0,0,1
LH,475,56,37,0,0,1
LH,476,56,37,0,0,1
LH,477,56,37,0,0,1
LH,478,56,37,0,0,1
LH,479,56,37,0,0,1
LH,480,56,37,0,0,1
LH,481,56,37,0,0,1
LH,482,56,37,0,0,1
LH,483,56,37,0,0,1
LH,484,56,37,0,0,1
LH,485,56,37,0,0,1
LH,486,56,37,0,0,1
LH,487,56,37,0,0,1
LH,488,56,37,0,0,1
LH,489,56,37,0,0,1
LH,490,56,37,0,0,1
LH,491,56,37,0,0,1
LH,492,56,37,0,0,1
LH,493,56,37,0,0,1
LH,494,56,37,0,0,1
LH,495,56,37,0,0,1
LH,496,56,37,0,0,1
LH,497,56,37,0,0,1
LH,498,56,37,0,0,1
LH,499,56,37,0,0,1
LH,500,56,37,0,0,1
LH,501,56,37,0,0,1
LH,502,56,37,0,0,1
LH,503,56,37,0,0,1
LH,504,56,37,0,0,1
LH,505,56,37,0,0,1
LH,506,56,37,0,0,1
LH,507,56,37,0,0,1
LH,508,56,37,0,0,1
LH,509,56,37,0,0,1
LH,510,56,37,0,0,1
LH,511,56,37,0,0,1
LH,512,56,37,0,0,1
LH,513,56,37,0,0,1
LH,514,56,37,0,0,1
LH,515,56,37,0,0,1
LH,516,56,37,0,0,1
LH,517,56,37,0,0,1
LH,518,56,37,0,0,1
LH,519,56,37,0,0,1
LH,520,56,37,0,0,1
LH,521,56,37,0,0,1
LH,522,56,37,0,0,1
LH,523,56,37,0,0,1
LH,524,56,37,0,0,1
LH,525,56,37,0,0,1
LH,526,56,37,0,0,1
LH,527,56,37,0,0,1
LH,528,56,37,0,0,1
LH,529,56,37,0,0,1
LH,530,56,37,0,0,1
LH,531,56,37,0,0,1
LH,532,56,37,0,0,1
LH,533,56,37,0,0,1
LH,534,56,37,0,0,1
LH,535,56,37,0,0,1
LH,536,56,37,0,0,1
LH,537,56,37,0,0,1
LH,538,56,37,0,0,1
LH,539,56,37,0,0,1
LH,540,56,37,0,0,1
LH,541,56,37,0,0,1
LH,542,56,37,0,0,1
LH,543,56,37,0,0,1
LH,544,56,37,0,0,1
LH,545,56,37,0,0,1
LH,546,56,37,0,0,1
LH,547,56,37,0,0,1
LH,548,56,37,0,0,1
LH,549,56,37,0,0,1
LH,550,56,37,0,0,1
LH,551,56,37,0,0,1
LH,552,56,37,0,0,1
LH,553,56,37,0,0,1
LH,554,56,37,0,0,1
LH,555,56,37,0,0,1
LH,556,56,37,0,0,1
LH,557,56,37,0,0,1
LH,558,56,37,0,0,1
LH,559,56,37,0,0,1
LH,560,56,37,0,0,1
LH,561,56,37,0,0,1
LH,562,56,37,0,0,1
LH,563,56,37,0,0,1
LH,564,56,37,0,0,1
LH,565,56,37,0,0,1
LH,566,56,37,0,0,1
LH,567,56,37,0,0,1
LH,568,56,37,0,0,1
LH,569,56,37,0,0,1
LH,570,56,37,0,0,1
LH,571,56,37,0,0,1
LH,572,56,37,0,0,1
LH,573,56,37,0,0,1
LH,574,56,37,0,0,1
LH,575,56,37,0,0,1
LH,576,56,37,0,0,1
LH,577,56,37,0,0,1
LH,578,56,37,0,0,1
LH,579,56,37,0,0,1
LH,580,56,37,0,0,1
LH,581,56,37,0,0,1
LH,582,56,37,0,0,1
LH,583,56,37,0,0,1
LH,584,56,37,0,0,1
LH,585,56,37,0,0,1
LH,586,56,37,0,0,1
LH,587,56,37,0,0,1
LH,588,56,37,0,0,1
LH,589,56,37,0,0,1
LH,590,56,37,0,0,1
LH,591,56,37,0,0,1
LH,592,56,37,0,0,1
LH,593,56,37,0,0,1
LH,594,56,37,0,0,1
LH,595,56,37,0,0,1
LH,596,56,37,0,0,1
LH,597,56,37,0,0,1
LH,598,56,37,0,0,1
LH,599,56,37,0,0,1
LH,600,56,37,0,0,1
LH,601,56,37,0,0,1
LH,602,56,37,0,0,1
LH,603,56,37,0,0,1
LH,604,56,37,0,0,1
LH,605,56,37,0,0,1
LH,606,56,37,0,0,1
LH,607,56,37,0,0,1
LH,608,56,37,0,0,1
LH,609,56,37,0,0,1
LH,610,56,37,0,0,1
LH,611,56,37,0,0,1
LH,612,56,37,0,0,1
LH,613,56,37,0,0,1
LH,614,56,37,0,0,1
LH,615,56,37,0,0,1
LH,616,56,37,0,0,1
LH,617,56,37,0,0,1
LH,618,56,37,0,0,1
LH,619,56,37,0,0,1
LH,620,56,37,0,0,1
LH,621,56,37,0,0,1
LH,622,56,37,0,0,1
LH,623,56,37,0,0,1
LH,624,56,37,0,0,1
LH,625,56,37,0,0,1
LH,626,56,37,0,0,1
LH,627,56,37,0,0,1
LH,628,56,37,0,0,1
LH,629,56,37,0,0,1
LH,630,56,37,0,0,1
LH,631,56,37,0,0,1
LH,632,56,37,0,0,1
LH,633,56,37,0,0,1
LH,634,56,37,0,0,1
LH,635,56,37,0,0,1
LH,636,56,37,0,0,1
LH,637,56,37,0,0,1
LH,638,56,37,0,0,1
LH,639,56,37,0,0,1
LH,640,56,37,0,0,1
LH,641,56,37,0,0,1
LH,642,56,37,0,0,1
LH,643,56,37,0,0,1
LH,644,56,37,0,0,1
LH,645,56,37,0,0,1
LH,646,56,37,0,0,1
LH,647,56,37,0,0,1
LH,648,56,37,0,0,1
LH,649,56,37,0,0,1
LH,650,56,37,0,0,1
LH,651,56,37,0,0,1
LH,652,56,37,0,0,1
LH,653,56,37,0,0,1
LH,654,56,37,0,0,1
LH,655,56,37,0,0,1
LH,656,56,37,0,0,1
LH,657,56,37,0,0,1
LH,658,56,37,0,0,1
LH,659,56,37,0,0,1
LH,660,56,37,0,0,1
LH,661,56,37,0,0,1
LH,662,56,37,0,0,1
LH,663,56,37,0,0,1
LH,664,56,37,0,0,1
LH,665,56,37,0,0,1
LH,666,56,37,0,0,1
LH,667,56,37,0,0,1
LH,668,56,37,0,0,1
LH,669,56,37,0,0,1
LH,670,56,37,0,0,1
LH,671,56,37,0,0,1
LH,672,56,37,0,0,1
LH,673,56,37,0,0,1
LH,674,56,37,0,0,1
LH,675,56,37,0,0,1
LH,676,56,37,0,0,1
LH,677,56,37,0,0,1
LH,678,56,37,0,0,1
LH,679,56,37,0,0,1
LH,680,56,37,0,0,1
LH,681,56,37,0,0,1
LH,682,56,37,0,0,1
LH,683,56,37,0,0,1
LH,684,56,37,0,0,1
LH,685,56,37,0,0,1
LH,686,56,37,0,0,1
LH,687,56,37,0,0,1
LH,688,56,37,0,0,1
LH,689,56,37,0,0,1
LH,690,56,37,0,0,1
LH,691,56,37,0,0,1
LH,692,56,37,0,0,1
LH,693,56,37,0,0,1
LH,694,56,37,0,0,1
LH,695,56,37,0,0,1
LH,696,56,37,0,0,1
LH,697,56,37,0,0,1
LH,698,56,37,0,0,1
LH,699,56,37,0,0,1
LH,700,56,37,0,0,1
LH,701,56,37,0,0,1
LH,702,56,37,0,0,1
LH,703,56,37,0,0,1
LH,704,56,37,0,0,1
LH,705,56,37,0,0,1
LH,706,56,37,0,0,1
LH,707,56,37,0,0,1
LH,708,56,37,0,0,1
LH,709,56,37,0,0,1
LH,710,56,37,0,0,1
LH,711,56,37,0,0,1
LH,712,56,37,0,0,1
LH,713,56,37,0,0,1
LH,714,56,37,0,0,1
LH,715,56,37,0,0,1
LH,716,56,37,0,0,1
LH,717,56,37,0,0,1
LH,718,56,37,0,0,1
LH,719,56,37,0,0,1
LH,720,56,37,0,0,1
LH,721,56,37,0,0,1
LH,722,56,37,0,0,1
LH,723,56,37,0,0,1
LH,724,56,37,0,0,1
LH,725,56,37,0,0,1
LH,726,56,37,0,0,1
LH,727,56,37,0,0,1
LH,728,56,37,0,0,1
LH,729,56,37,0,0,1
LH,730,56,37,0,0,1
LH,731,56,37,0,0,1
LH,732,56,37,0,0,1
LH,733,56,37,0,0,1
LH,734,56,37,0,0,1
LH,735,56,37,0,0,1
LH,736,56,37,0,0,1
LH,737,56,37,0,0,1
LH,738,56,37,0,0,1
LH,739,56,37,0,0,1
LH,740,56,37,0,0,1
LH,741,56,37,0,0,1
LH,742,56,37,0,0,1
LH,743,56,37,0,0,1
LH,744,56,37,0,0,1
LH,745,56,37,0,0,1
LH,746,56,37,0,0,1
LH,747,56,37,0,0,1
LH,748,56,37,0,0,1
LH,749,56,37,0,0,1
LH,750,56,37,0,0,1
LH,751,56,37,0,0,1
LH,752,56,37,0,0,1
LH,753,56,37,0,0,1
LH,754,56,37,0,0,1
LH,755,56,37,0,0,1
LH,756,56,37,0,0,1
LH,757,56,37,0,0,1
LH,758,56,37,0,0,1
LH,759,56,37,0,0,1
LH,760,56,37,0,0,1
LH,761,56,37,0,0,1
LH,762,56,37,0,0,1
LH,763,56,37,0,0,1
LH,764,56,37,0,0,1
LH,765,56,37,0,0,1
LH,766,56,37,0,0,1
LH,767,56,37,0,0,1
LH,768,56,37,0,0,1
LH,769,56,37,0,0,1
LH,770,56,37,0,0,1
LH,771,56,37,0,0,1
LH,772,56,37,0,0,1
LH,773,56,37,0,0,1
LH,774,56,37,0,0,1
LH,775,56,37,0,0,1
LH,776,56,37,0,0,1
LH,777,56,37,0,0,1
LH,778,56,37,0,0,1
LH,779,56,37,0,0,1
LH,780,56,37,0,0,1
LH,781,56,37,0,0,1
LH,782,56,37,0,0,1
LH,783,56,37,0,0,1
LH,784,56,37,0,0,1
LH,785,56,37,0,0,1
LH,786,56,37,0,0,1
LH,787,56,37,0,0,1
LH,788,56,37,0,0,1
LH,789,56,37,0,0,1
LH,790,56,37,0,0,1
LH,791,56,37,0,0,1
LH,792,56,37,0,0,1
LH,793,56,37,0,0,1
LH,794,56,37,0,0,1
LH,795,56,37,0,0,1
LH,796,56,37,0,0,1
LH,797,56,37,0,0,1
LH,798,56,37,0,0,1
LH,799,56,37,0,0,1
LH,800,56,37,0,0,1
LH,801,56,37,0,0,1
LH,802,56,37,0,0,1
LH,803,56,37,0,0,1
LH,804,56,37,0,0,1
LH,805,56,37,0,0,1
LH,806,56,37,0,0,1
LH,807,56,37,0,0,1
LH,808,56,37,0,0,1
LH,809,56,37,0,0,1
LH,810,56,37,0,0,1
LH,811,56,37,0,0,1
LH,812,56,37,0,0,1
LH,813,56,37,0,0,1
LH,814,56,37,0,0,1
LH,815,56,37,0,0,1
LH,816,56,37,0,0,1
LH,817,56,37,0,0,1
LH,818,56,37,0,0,1
LH,819,56,37,0,0,1
LH,820,56,37,0,0,1
LH,821,56,37,0,0,1
LH,822,56,37,0,0,1
LH,823,56,37,0,0,1
LH,824,56,37,0,0,1
LH,825,56,37,0,0,1
LH,826,56,37,0,0,1
LH,827,56,37,0,0,1
LH,828,56,37,0,0,1
LH,829,56,37,0,0,1
LH,830,56,37,0,0,1
LH,831,56,37,0,0,1
LH,832,56,37,0,0,1
LH,833,56,37,0,0,1
LH,834,56,37,0,0,1
LH,835,56,37,0,0,1
LH,836,56,37,0,0,1
LH,837,56,37,0,0,1
LH,838,56,37,0,0,1
LH,839,56,37,0,0,1
LH,840,56,37,0,0,1
LH,841,56,37,0,0,1
LH,842,56,37,0,0,1
LH,843,56,37,0,0,1
LH,844,56,37,0,0,1
LH,845,56,37,0,0,1
LH,846,56,37,0,0,1
LH,847,56,37,0,0,1
LH,848,56,37,0,0,1
LH,849,56,37,0,0,1
LH,850,56,37,0,0,1
LH,851,56,37,0,0,1
LH,852,56,37,0,0,1
LH,853,56,37,0,0,0
LH,854,56,37,0,0,0
LH,855,56,37,0,0,0
LH,856,56,37,0,0,0
LH,857,56,37,0,0,0
LH,858,56,37,0,0,0
LH,859,56,37,0,0,0
LH,860,56,37,0,0,0
LH,861,56,37,0,0,0
LH,862,56,37,0,0,0
LH,863,56,37,0,0,0
LH,864,56,37,0,0,0
LH,865,56,37,0,0,0
LH,866,56,37,0,0,0
LH,867,56,37,0,0,0
LH,868,56,37,0,0,0
LH,869,56,37,0,0,0
LH,870,56,37,0,0,0
LH,871,56,37,0,0,0
LH,872,56,37,0,0,0
LH,873,56,37,0,0,0
LH,874,56,37,0,0,0
LH,875,56,37,0,0,0
LH,876,56,37,0,0,0
LH,877,56,37,0,0,0
LH,878,56,37,0,0,0
LH,879,56,37,0,0,0
LH,880,56,37,0,0,0
LH,881,56,37,0,0,0
LH,882,56,37,0,0,0
LH,883,56,37,0,0,0
LH,884,56,37,0,0,0
LH,885,56,37,0,0,0
LH,886,56,37,0,0,0
LH,887,56,37,0,0,0
LH,888,56,37,0,0,0
LH,889,56,37,0,0,0
LH,890,56,37,0,0,0
LH,891,56,37,0,0,0
LH,892,56,37,0,0,0
LH,893,56,37,0,0,0
LH,894,56,37,0,0,0
LH,895,56,37,0,0,0
LH,896,56,37,0,0,0
LH,897,56,37,0,0,0
LH,898,56,37,0,0,0
LH,899,56,37,0,0,0
LH,900,56,37,0,0,0
LH,901,56,37,0,0,0
LH,902,56,37,0,0,0
LH,903,56,37,0,0,0
LH,904,56,37,0,0,0
LH,905,56,37,0,0,0
LH,906,56,37,0,0,0
LH,907,56,37,0,0,0
LH,908,56,37,0,0,0
LH,909,56,37,0,0,0
LH,910,56,37,0,0,0
LH,911,56,37,0,0,0
LH,912,56,37,0,0,0
LH,913,56,37,0,0,0
LH,914,56,37,0,0,0
LH,915,56,37,0,0,0
LH,916,56,37,0,0,0
LH,917,56,37,0,0,0
LH,918,56,37,0,0,0
LH,919,56,37,0,0,0
LH,920,56,37,0,0,0
LH,921,56,37,0,0,0
LH,922,56,37,0,0,0
LH,923,56,37,0,0,0
LH,924,56,37,0,0,0
LH,925,56,37,0,0,0
LH,926,56,37,0,0,0
LH,927,56,37,0,0,0
LH,928,56,37,0,0,0
LH,929,56,37,0,0,0
LH,930,56,37,0,0,0
LH,931,56,37,0,0,0
LH,932,56,37,0,0,0
LH,933,56,37,0,0,0
LH,934,56,37,0,0,0
LH,935,56,37,0,0,0
LH,936,56,37,0,0,0
LH,937,56,37,0,0,0
LH,938,56,37,0,0,0
LH,939,56,37,0,0,0
LH,940,56,37,0,0,0
LH,941,56,37,0,0,0
LH,942,56,37,0,0,0
LH,943,56,37,0,0,0
LH,944,56,37,0,0,0
LH,945,56,37,0,0,0
LH,946,56,37,0,0,0
LH,947,56,37,0,0,0
LH,948,56,37,0,0,0
LH,949,56,37,0,0,0
LH,950,56,37,0,0,0
LH,951,56,37,0,0,0
LH,952,56,37,0,0,0
LH,953,56,37,0,0,0
LH,954,56,37,0,0,0
LH,955,56,37,0,0,0
LH,956,56,37,0,0,0
LH,957,56,37,0,0,0
LH,958,56,37,0,0,0
LH,959,56,37,0,0,0
LH,960,56,37,0,0,0
LH,961,56,37,0,0,0
LH,962,56,37,0,0,0
LH,963,56,37,0,0,0
LH,964,56,37,0,0,0
LH,965,56,37,0,0,0
LH,966,56,37,0,0,0
LH,967,56,37,0,0,0
LH,968,56,37,0,0,0
LH,969,56,37,0,0,0
LH,970,56,37,0,0,0
LH,971,56,37,0,0,0
LH,972,56,37,0,0,0
LH,973,56,37,0,0,0
LH,974,56,37,0,0,0
LH,975,56,37,0,0,0
LH,976,56,37,0,0,0
LH,977,56,37,0,0,0
LH,978,56,37,0,0,0
LH,979,56,37,0,0,0
LH,980,56,37,0,0,0
LH,981,56,37,0,0,0
LH,982,56,37,0,0,0
LH,983,56,37,0,0,0
LH,984,56,37,0,0,0
LH,985,56,37,0,0,0
LH,986,56,37,0,0,0
LH,987,56,37,0,0,0
LH,988,56,37,0,0,0
LH,989,56,37,0,0,0
LH,990,56,37,0,0,0
LH,991,56,37,0,0,0
LH,992,56,37,0,0,0
LH,993,56,37,0,0,0
LH,994,56,37,0,0,0
LH,995,56,37,0,0,0
LH,996,56,37,0,0,0
LH,997,56,37,0,0,0
LH,998,56,37,0,0,0
LH,999,56,37,0,0,0
LH,1000,56,37,0,0,0
LH,1001,56,37,0,0,0
LH,1002,56,37,0,0,0
LH,1003,56,37,0,0,0
LH,1004,56,37,0,0,0
LH,1005,56,37,0,0,0
LH,1006,56,37,0,0,0
LH,1007,56,37,0,0,0
LH,1008,56,37,0,0,0
LH,1009,56,37,0,0,0
LH,1010,56,37,0,0,0
LH,1011,56,37,0,0,0
LH,1012,56,37,0,0,0
LH,1013,56,37,0,0,0
LH,1014,56,37,0,0,0
LH,1015,56,37,0,0,0
LH,1016,56,37,0,0,0
LH,1017,56,37,0,0,0
LH,1018,56,37,0,0,0
LH,1019,56,37,0,0,0
LH,1020,56,37,0,0,0
LH,1021,56,37,0,0,0
LH,1022,56,37,0,0,0
LH,1023,56,37,0,0,0
LH,1024,56,37,0,0,0
LH,1025,56,37,0,0,0
LH,1026,56,37,0,0,0
LH,1027,56,37,0,0,0
LH,1028,56,37,0,0,0
LH,1029,56,37,0,0,0
LH,1030,56,37,0,0,0
LH,1031,56,37,0,0,0
LH,1032,56,37,0,0,0
LH,1033,56,37,0,0,0
LH,1034,56,37,0,0,0
LH,1035,56,37,0,0,0
LH,1036,56,37,0,0,0
LH,1037,56,37,0,0,0
LH,1038,56,37,0,0,0
LH,1039,56,37,0,0,0
LH,1040,56,37,0,0,0
LH,1041,56,37,0,0,0
LH,1042,56,37,0,0,0
LH,1043,56,37,0,0,0
LH,1044,56,37,0,0,0
LH,1045,56,37,0,0,0
LH,1046,56,37,0,0,0
LH,1047,56,37,0,0,0
LH,1048,56,37,0,0,0
LH,1049,56,37,0,0,0
LH,1050,56,37,0,0,0
LH,1051,56,37,0,0,0
LH,1052,56,37,0,0,0
LH,1053,56,37,0,0,0
LH,1054,56,37,0,0,0
LH,1055,56,37,0,0,0
LH,1056,56,37,0,0,0
LH,1057,56,37,0,0,0
LH,1058,56,37,0,0,0
LH,1059,56,37,0,0,0
LH,1060,56,37,0,0,0
LH,1061,56,37,0,0,0
LH,1062,56,37,0,0,0
LH,1063,56,37,0,0,0
LH,1064,56,37,0,0,0
LH,1065,56,37,0,0,0
LH,1066,56,37,0,0,0
LH,1067,56,37,0,0,0
LH,1068,56,37,0,0,0
LH,1069,56,37,0,0,0
LH,1070,56,37,0,0,0
LH,1071,56,37,0,0,0
LH,1072,56,37,0,0,0
LH,1073,56,37,0,0,0
LH,1074,56,37,0,0,0
LH,1075,56,37,0,0,0
LH,1076,56,37,0,0,0
LH,1077,56,37,0,0,0
LH,1078,56,37,0,0,0
LH,1079,56,37,0,0,0
LH,1080,56,37,0,0,0
LH,1081,56,37,0,0,0
LH,1082,56,37,0,0,0
LH,1083,56,37,0,0,0
LH,1084,56,37,0,0,0
LH,1085,56,37,0,0,0
LH,1086,56,37,0,0,0
LH,1087,56,37,0,0,0
LH,1088,56,37,0,0,0
LH,1089,56,37,0,0,0
LH,1090,56,37,0,0,0
LH,1091,56,37,0,0,0
LH,1092,56,37,0,0,0
LH,1093,56,37,0,0,0
LH,1094,56,37,0,0,0
LH,1095,56,37,0,0,0
LH,1096,56,37,0,0,0
LH,1097,56,37,0,0,0
LH,1098,56,37,0,0,0
LH,1099,56,37,0,0,0
LH,1100,56,37,0,0,0
LH,1101,56,37,0,0,0
LH,1102,56,37,0,0,0
LH,1103,56,37,0,0,0
LH,1104,56,37,0,0,0
LH,1105,56,37,0,0,0
LH,1106,56,37,0,0,0
LH,1107,56,37,0,0,0
LH,1108,56,37,0,0,0
LH,1109,56,37,0,0,0
LH,1110,56,37,0,0,0
LH,1111,56,37,0,0,0
LH,1112,56,37,0,0,0
LH,1113,56,37,0,0,0
LH,1114,56,37,0,0,0
LH,1115,56,37,0,0,0
LH,1116,56,37,0,0,0
LH,1117,56,37,0,0,0
LH,1118,56,37,0,0,0
LH,1119,56,37,0,0,0
LH,1120,56,37,0,0,0
LH,1121,56,37,0,0,0
LH,1122,56,37,0,0,0
LH,1123,56,37,0,0,0
LH,1124,56,37,0,0,0
LH,1125,56,37,0,0,0
LH,1126,56,37,0,0,0
LH,1127,56,37,0,0,0
LH,1128,56,37,0,0,0
LH,1129,56,37,0,0,0
LH,1130,56,37,0,0,0
LH,1131,56,37,0,0,0
LH,1132,56,37,0,0,0
LH,1133,56,37,0,0,0
LH,1134,56,37,0,0,0
LH,1135,56,37,0,0,0
LH,1136,56,37,0,0,0
LH,1137,56,37,0,0,0
LH,1138,56,37,0,0,0
LH,1139,56,37,0,0,0
LH,1140,56,37,0,0,0
LH,1141,56,37,0,0,0
LH,1142,56,37,0,0,0
LH,1143,56,37,0,0,0
LH,1144,56,37,0,0,0
LH,1145,56,37,0,0,0
LH,1146,56,37,0,0,0
LH,1147,56,37,0,0,0
LH,1148,56,37,0,0,0
LH,1149,56,37,0,0,0
LH,1150,56,37,0,0,0
LH,1151,56,37,0,0,0
LH,1152,56,37,0,0,0
LH,1153,56,37,0,0,0
LH,1154,56,37,0,0,0
LH,1155,56,37,0,0,0
LH,1156,56,37,0,0,0
LH,1157,56,37,0,0,0
LH,1158,56,37,0,0,0
LH,1159,56,37,0,0,0
LH,1160,56,37,0,0,0
LH,1161,56,37,0,0,0
LH,1162,56,37,0,0,0
LH,1163,56,37,0,0,0
LH,1164,56,37,0,0,0
LH,1165,56,37,0,0,0
LH,1166,56,37,0,0,0
LH,1167,56,37,0,0,0
LH,1168,56,37,0,0,0
LH,1169,56,37,0,0,0
LH,1170,56,37,0,0,0
LH,1171,56,37,0,0,0
LH,1172,56,37,0,0,0
LH,1173,56,37,0,0,0
LH,1174,56,37,0,0,0
LH,1175,56,37,0,0,0
LH,1176,56,37,0,0,0
LH,1177,56,37,0,0,0
LH,1178,56,37,0,0,0
LH,1179,56,37,0,0,0
LH,1180,56,37,0,0,0
LH,1181,56,37,0,0,0
LH,1182,56,37,0,0,0
LH,1183,56,37,0,0,0
LH,1184,56,37,0,0,0
LH,1185,56,37,0,0,0
LH,1186,56,37,0,0,0
LH,1187,56,37,0,0,0
LH,1188,56,37,0,0,0
LH,1189,56,37,0,0,0
LH,1190,56,37,0,0,0
LH,1191,56,37,0,0,0
LH,1192,56,37,0,0,0
LH,1193,56,37,0,0,0
LH,1194,56,37,0,0,0
LH,1195,56,37,0,0,0
LH,1196,56,37,0,0,0
LH,1197,56,37,0,0,0
LH,1198,56,37,0,0,0
LH,1199,56,37,0,0,0
LH,1200,56,37,0,0,0
LH,1201,56,37,0,0,0
LH,1202,56,37,0,0,0
LH,1203,56,37,0,0,0
LH,1204,56,37,0,0,0
LH,1205,56,37,0,0,0
LH,1206,56,37,0,0,0
LH,1207,56,37,0,0,0
LH,1208,56,37,0,0,0
LH,1209,56,37,0,0,0
LH,1210,56,37,0,0,0
LH,1211,56,37,0,0,0
LH,1212,56,37,0,0,0
LH,1213,56,37,0,0,0
LH,1214,56,37,0,0,0
LH,1215,56,37,0,0,0
LH,1216,56,37,0,0,0
LH,1217,56,37,0,0,0
LH,1218,56,37,0,0,0
LH,1219,56,37,0,0,0
LH,1220,56,37,0,0,0
LH,1221,56,37,0,0,0
LH,1222,56,37,0,0,0
LH,1223,56,37,0,0,0
LH,1224,56,37,0,0,0
LH,1225,56,37,0,0,0
LH,1226,56,37,0,0,0
LH,1227,56,37,0,0,0
LH,1228,56,37,0,0,0
LH,1229,56,37,0,0,0
LH,1230,56,37,0,0,0
LH,1231,56,37,0,0,0
LH,1232,56,37,0,0,0
LH,1233,56,37,0,0,0
LH,1234,56,37,0,0,0
LH,1235,56,37,0,0,0
LH,1236,56,37,0,0,0
LH,1237,56,37,0,0,0
LH,1238,56,37,0,0,0
LH,1239,56,37,0,0,0
LH,1240,56,37,0,0,0
LH,1241,56,37,0,0,0
LH,1242,56,37,0,0,0
LH,1243,56,37,0,0,0
LH,1244,56,37,0,0,0
LH,1245,56,37,0,0,0
LH,1246,56,37,0,0,0
LH,1247,56,37,0,0,0
LH,1248,56,37,0,0,0
LH,1249,56,37,0,0,0
LH,1250,56,37,0,0,0
LH,1251,56,37,0,0,0
LH,1252,56,37,0,0,0
LH,1253,56,37,0,0,0
LH,1254,56,37,0,0,0
LH,1255,56,37,0,0,0
LH,1256,56,37,0,0,0
LH,1257,56,37,0,0,0
LH,1258,56,37,0,0,0
LH,1259,56,37,0,0,0
LH,1260,56,37,0,0,0
LH,1261,56,37,0,0,0
LH,1262,56,37,0,0,0
LH,1263,56,37,0,0,0
LH,1264,56,37,0,0,0
LH,1265,56,37,0,0,0
LH,1266,56,37,0,0,0
LH,1267,56,37,0,0,0
LH,1268,56,37,0,0,0
LH,1269,56,37,0,0,0
LH,1270,56,37,0,0,0
LH,1271,56,37,0,0,0
LH,1272,56,37,0,0,0
LH,1273,56,37,0,0,0
LH,1274,56,37,0,0,0
LH,1275,56,37,0,0,0
LH,1276,56,37,0,0,0
LH,1277,56,37,0,0,0
LH,1278,56,37,0,0,0
LH,1279,56,37,0,0,0
LH,1280,56,37,0,0,0
LH,1281,56,37,0,0,0
LH,1282,56,37,0,0,0
LH,1283,56,37,0,0,0
LH,1284,56,37,0,0,0
LH,1285,56,37,0,0,0
LH,1286,56,37,0,0,0
LH,1287,56,37,0,0,0
LH,1288,56,37,0,0,0
LH,1289,56,37,0,0,0
LH,1290,56,37,0,0,0
LH,1291,56,37,0,0,0
LH,1292,56,37,0,0,0
LH,1293,56,37,0,0,0
LH,1294,56,37,0,0,0
LH,1295,56,37,0,0,0
LH,1296,56,37,0,0,0
LH,1297,56,37,0,0,0
LH,1298,56,37,0,0,0
LH,1299,56,37,0,0,0
LH,1300,56,37,0,0,0
LH,1301,56,37,0,0,0
LH,1302,56,37,0,0,0
LH,1303,56,37,0,0,0
LH,1304,56,37,0,0,0
LH,1305,56,37,0,0,0
LH,1306,56,37,0,0,0
LH,1307,56,37,0,0,0
LH,1308,56,37,0,0,0
LH,1309,56,37,0,0,0
LH,1310,56,37,0,0,0
LH,1311,56,37,0,0,0
LH,1312,56,37,0,0,0
LH,1313,56,37,0,0,0
LH,1314,56,37,0,0,0
LH,1315,56,37,0,0,0
LH,1316,56,37,0,0,0
LH,1317,56,37,0,0,0
LH,1318,56,37,0,0,0
LH,1319,56,37,0,0,0
LH,1320,56,37,0,0,0
LH,1321,56,37,0,0,0
LH,1322,56,37,0,0,0
LH,1323,56,37,0,0,0
LH,1324,56,37,0,0,0
LH,1325,56,37,0,0,0
LH,1326,56,37,0,0,0
LH,1327,56,37,0,0,0
LH,1328,56,37,0,0,0
LH,1329,56,37,0,0,0
LH,1330,56,37,0,0,0
LH,1331,56,37,0,0,0
LH,1332,56,37,0,0,0
LH,1333,56,37,0,0,0
LH,1334,56,37,0,0,0
LH,1335,56,37,0,0,0
LH,1336,56,37,0,0,0
LH,1337,56,37,0,0,0
LH,1338,56,37,0,0,0
LH,1339,56,37,0,0,0
LH,1340,56,37,0,0,0
LH,1341,56,37,0,0,0
LH,1342,56,37,0,0,0
LH,1343,56,37,0,0,0
LH,1344,56,37,0,0,0
LH,1345,56,37,0,0,0
LH,1346,56,37,0,0,0
LH,1347,56,37,0,0,0
LH,1348,56,37,0,0,0
LH,1349,56,37,0,0,0
LH,1350,56,37,0,0,0
LH,1351,56,37,0,0,0
LH,1352,56,37,0,0,0
LH,1353,56,37,0,0,0
LH,1354,56,37,0,0,0
LH,1355,56,37,0,0,0
LH,1356,56,37,0,0,0
LH,1357,56,37,0,0,0
LH,1358,56,37,0,0,0
LH,1359,56,37,0,0,0
LH,1360,56,37,0,0,0
LH,1361,56,37,0,0,0
LH,1362,56,37,0,0,0
LH,1363,56,37,0,0,0
LH,1364,56,37,0,0,0
LH,1365,56,37,0,0,0
LH,1366,56,37,0,0,0
LH,1367,56,37,0,0,0
LH,1368,56,37,0,0,0
LH,1369,56,37,0,0,0
LH,1370,56,37,0,0,0
LH,1371,56,37,0,0,0
LH,1372,56,37,0,0,0
LH,1373,56,37,0,0,0
LH,1374,56,37,0,0,0
LH,1375,56,37,0,0,0
LH,1376,56,37,0,0,0
LH,1377,56,37,0,0,0
LH,1378,56,37,0,0,0
LH,1379,56,37,0,0,0
LH,1380,56,37,0,0,0
LH,1381,56,37,0,0,0
LH,1382,56,37,0,0,0
LH,1383,56,37,0,0,0
LH,1384,56,37,0,0,0
LH,1385,56,37,0,0,0
LH,1386,56,37,0,0,0
LH,1387,56,37,0,0,0
LH,1388,56,37,0,0,0
LH,1389,56,37,0,0,0
LH,1390,56,37,0,0,0
LH,1391,56,37,0,0,0
LH,1392,56,37,0,0,0
LH,1393,56,37,0,0,0
LH,1394,56,37,0,0,0
LH,1395,56,37,0,0,0
LH,1396,56,37,0,0,0
LH,1397,56,37,0,0,0
LH,1398,56,37,0,0,0
LH,1399,56,37,0,0,0
LH,1400,56,37,0,0,0
LH,1401,56,37,0,0,0
LH,1402,56,37,0,0,0
LH,1403,56,37,0,0,0
LH,1404,56,37,0,0,0
LH,1405,56,37,0,0,0
LH,1406,56,37,0,0,0
LH,1407,56,37,0,0,0
LH,1408,56,37,0,0,0
LH,1409,56,37,0,0,0
LH,1410,56,37,0,0,0
LH,1411,56,37,0,0,0
LH,1412,56,37,0,0,0
LH,1413,56,37,0,0,0
LH,1414,56,37,0,0,0
LH,1415,56,37,0,0,0
LH,1416,56,37,0,0,0
LH,1417,56,37,0,0,0
LH,1418,56,37,0,0,0
LH,1419,56,37,0,0,0
LH,1420,56,37,0,0,0
LH,1421,56,37,0,0,0
LH,1422,56,37,0,0,0
LH,1423,56,37,0,0,0
LH,1424,56,37,0,0,0
LH,1425,56,37,0,0,0
LH,1426,56,37,0,0,0
LH,1427,56,37,0,0,0
LH,1428,56,37,0,0,0
LH,1429,56,37,0,0,0
LH,1430,56,37,0,0,0
LH,1431,56,37,0,0,0
LH,1432,56,37,0,0,0
LH,1433,56,37,0,0,0
LH,1434,56,37,0,0,0
LH,1435,56,37,0,0,0
LH,1436,56,37,0,0,0
LH,1437,56,37,0,0,0
LH,1438,56,37,0,0,0
LH,1439,56,37,0,0,0
LH,1440,56,37,0,0,0
LH,1441,56,37,0,0,0
LH,1442,56,37,0,0,0
LH,1443,56,37,0,0,0
LH,1444,56,37,0,0,0
LH,1445,56,37,0,0,0
LH,1446,56,37,0,0,0
LH,1447,56,37,0,0,0
LH,1448,56,37,0,0,0
LH,1449,56,37,0,0,0
LH,1450,56,37,0,0,0
LH,1451,56,37,0,0,0
LH,1452,56,37,0,0,0
LH,1453,56,37,0,0,0
LH,1454,56,37,0,0,0
LH,1455,56,37,0,0,0
LH,1456,56,37,0,0,0
LH,1457,56,37,0,0,0
LH,1458,56,37,0,0,0
LH,1459,56,37,0,0,0
LH,1460,56,37,0,0,0
LH,1461,56,37,0,0,0
LH,1462,56,37,0,0,0
LH,1463,56,37,0,0,0
LH,1464,56,37,0,0,0
LH,1465,56,37,0,0,0
LH,1466,56,37,0,0,0
LH,1467,56,37,0,0,0
LH,1468,56,37,0,0,0
LH,1469,56,37,0,0,0
LH,1470,56,37,0,0,0
LH,1471,56,37,0,0,0
LH,1472,56,37,0,0,0
LH,1473,56,37,0,0,0
LH,1474,56,37,0,0,0
LH,1475,56,37,0,0,0
LH,1476,56,37,0,0,0
LH,1477,56,37,0,0,0
LH,1478,56,37,0,0,0
LH,1479,56,37,0,0,0
LH,1480,56,37,0,0,0
LH,1481,56,37,0,0,0
LH,1482,56,37,0,0,0
LH,1483,56,37,0,0,0
LH,1484,56,37,0,0,0
LH,1485,56,37,0,0,0
LH,1486,56,37,0,0,0
LH,1487,56,37,0,0,0
LH,1488,56,37,0,0,0
LH,1489,56,37,0,0,0
LH,1490,56,37,0,0,0
LH,1491,56,37,0,0,0
LH,1492,56,37,0,0,0
LH,1493,56,37,0,0,0
LH,1494,56,37,0,0,0
LH,1495,56,37,0,0,0
LH,1496,56,37,0,0,0
LH,1497,56,37,0,0,0
LH,1498,56,37,0,0,0
LH,1499,56,37,0,0,0
LH,1500,56,37,0,0,0
LH,1501,56,37,0,0,0
LH,1502,56,37,0,0,0
LH,1503,56,37,0,0,0
LH,1504,56,37,0,0,0
LH,1505,56,37,0,0,0
LH,1506,56,37,0,0,0
LH,1507,56,37,0,0,0
LH,1508,56,37,0,0,0
LH,1509,56,37,0,0,0
LH,1510,56,37,0,0,0
LH,1511,56,37,0,0,0
LH,1512,56,37,0,0,0
LH,1513,56,37,0,0,0
LH,1514,56,37,0,0,0
LH,1515,56,37,0,0,0
LH,1516,56,37,0,0,0
LH,1517,56,37,0,0,0
LH,1518,56,37,0,0,0
LH,1519,56,37,0,0,0
LH,1520,56,37,0,0,0
LH,1521,56,37,0,0,0
LH,1522,56,37,0,0,0
LH,1523,56,37,0,0,0
LH,1524,56,37,0,0,0
LH,1525,56,37,0,0,0
LH,1526,56,37,0,0,0
LH,1527,56,37,0,0,0
LH,1528,56,37,0,0,0
LH,1529,56,37,0,0,0
LH,1530,56,37,0,0,0
LH,1531,56,37,0,0,0
LH,1532,56,37,0,0,0
LH,1533,56,37,0,0,0
LH,1534,56,37,0,0,0
LH,1535,56,37,0,0,0
LH,1536,56,37,0,0,0
LH,1537,56,37,0,0,0
LH,1538,56,37,0,0,0
LH,1539,56,37,0,0,0
LH,1540,56,37,0,0,0
LH,1541,56,37,0,0,0
LH,1542,56,37,0,0,0
LH,1543,56,37,0,0,0
LH,1544,56,37,0,0,0
LH,1545,56,37,0,0,0
LH,1546,56,37,0,0,0
LH,1547,56,37,0,0,0
LH,1548,56,37,0,0,0
LH,1549,56,37,0,0,0
LH,1550,56,37,0,0,0
LH,1551,56,37,0,0,0
LH,1552,56,37,0,0,0
LH,1553,56,37,0,0,0
LH,1554,56,37,0,0,0
LH,1555,56,37,0,0,0
LH,1556,56,37,0,0,0
LH,1557,56,37,0,0,0
LH,1558,56,37,0,0,0
LH,1559,56,37,0,0,0
LH,1560,56,37,0,0,0
LH,1561,56,37,0,0,0
LH,1562,56,37,0,0,0
LH,1563,56,37,0,0,0
LH,1564,56,37,0,0,0
LH,1565,56,37,0,0,0
LH,1566,56,37,0,0,0
LH,1567,56,37,0,0,0
LH,1568,56,37,0,0,0
LH,1569,56,37,0,0,0
LH,1570,56,37,0,0,0
LH,1571,56,37,0,0,0
LH,1572,56,37,0,0,0
LH,1573,56,37,0,0,0
LH,1574,56,37,0,0,0
LH,1575,56,37,0,0,0
LH,1576,56,37,0,0,0
LH,1577,56,37,0,0,0
LH,1578,56,37,0,0,0
LH,1579,56,37,0,0,0
LH,1580,56,37,0,0,0
LH,1581,56,37,0,0,0
LH,1582,56,37,0,0,0
LH,1583,56,37,0,0,0
LH,1584,56,37,0,0,0
LH,1585,56,37,0,0,0
LH,1586,56,37,0,0,0
LH,1587,56,37,0,0,0
LH,1588,56,37,0,0,0
LH,1589,56,37,0,0,0
LH,1590,56,37,0,0,0
LH,1591,56,37,0,0,0
LH,1592,56,37,0,0,0
LH,1593,56,37,0,0,0
LH,1594,56,37,0,0,0
LH,1595,56,37,0,0,0
LH,1596,56,37,0,0,0
LH,1597,56,37,0,0,0
LH,1598,56,37,0,0,0
LH,1599,56,37,0,0,0
LH,1600,56,37,0,0,0
LH,1601,56,37,0,0,0
LH,1602,56,37,0,0,0
LH,1603,56,37,0,0,0
LH,1604,56,37,0,0,0
LH,1605,56,37,0,0,0
LH,1606,56,37,0,0,0
LH,1607,56,37,0,0,0
LH,1608,56,37,0,0,0
LH,1609,56,37,0,0,0
LH,1610,56,37,0,0,0
LH,1611,56,37,0,0,0
LH,1612,56,37,0,0,0
LH,1613,56,37,0,0,0
LH,1614,56,37,0,0,0
LH,1615,56,37,0,0,0
LH,1616,56,37,0,0,0
LH,1617,56,37,0,0,0
LH,1618,56,37,0,0,0
LH,1619,56,37,0,0,0
LH,1620,56,37,0,0,0
LH,1621,56,37,0,0,0
LH,1622,56,37,0,0,0
LH,1623,56,37,0,0,0
LH,1624,56,37,0,0,0
LH,1625,56,37,0,0,0
LH,1626,56,37,0,0,0
LH,1627,56,37,0,0,0
LH,1628,56,37,0,0,0
LH,1629,56,37,0,0,0
LH,1630,56,37,0,0,0
LH,1631,56,37,0,0,0
LH,1632,56,37,0,0,0
LH,1633,56,37,0,0,0
LH,1634,56,37,0,0,0
LH,1635,56,37,0,0,0
LH,1636,56,37,0,0,0
LH,1637,56,37,0,0,0
LH,1638,56,37,0,0,0
LH,1639,56,37,0,0,0
LH,1640,56,37,0,0,0
LH,1641,56,37,0,0,0
LH,1642,56,37,0,0,0
LH,1643,56,37,0,0,0
LH,1644,56,37,0,0,0
LH,1645,56,37,0,0,0
LH,1646,56,37,0,0,0
LH,1647,56,37,0,0,0
LH,1648,56,37,0,0,0
LH,1649,56,37,0,0,0
LH,1650,56,37,0,0,0
LH,1651,56,37,0,0,0
LH,1652,56,37,0,0,0
LH,1653,56,37,0,0,0
LH,1654,56,37,0,0,0
LH,1655,56,37,0,0,0
LH,1656,56,37,0,0,0
LH,1657,56,37,0,0,0
LH,1658,56,37,0,0,0
LH,1659,56,37,0,0,0
LH,1660,56,37,0,0,0
LH,1661,56,37,0,0,0
LH,1662,56,37,0,0,0
LH,1663,56,37,0,0,0
LH,1664,56,37,0,0,0
LH,1665,56,37,0,0,0
LH,1666,56,37,0,0,0
LH,1667,56,37,0,0,0
LH,1668,56,37,0,0,0
LH,1669,56,37,0,0,0
LH,1670,56,37,0,0,0
LH,1671,56,37,0,0,0
LH,1672,56,37,0,0,0
LH,1673,56,37,0,0,0
LH,1674,56,37,0,0,0
LH,1675,56,37,0,0,0
LH,1676,56,37,0,0,0
LH,1677,56,37,0,0,0
LH,1678,56,37,0,0,0
LH,1679,56,37,0,0,0
LH,1680,56,37,0,0,0
LH,1681,56,37,0,0,0
LH,1682,56,37,0,0,0
LH,1683,56,37,0,0,0
LH,1684,56,37,0,0,0
LH,1685,56,37,0,0,0
LH,1686,56,37,0,0,0
LH,1687,56,37,0,0,0
LH,1688,56,37,0,0,0
LH,1689,56,37,0,0,0
LH,1690,56,37,0,0,0
LH,1691,56,37,0,0,0
LH,1692,56,37,0,0,0
LH,1693,56,37,0,0,0
LH,1694,56,37,0,0,0
LH,1695,56,37,0,0,0
LH,1696,56,37,0,0,0
LH,1697,56,37,0,0,0
LH,1698,56,37,0,0,0
LH,1699,56,37,0,0,0
LH,1700,56,37,0,0,0
LH,1701,56,37,0,0,0
LH,1702,56,37,0,0,0
LH,1703,56,37,0,0,0
LH,1704,56,37,0,0,0
LH,1705,56,37,0,0,0
LH,1706,56,37,0,0,0
LH,1707,56,37,0,0,0
LH,1708,56,37,0,0,0
LH,1709,56,37,0,0,0
LH,1710,56,37,0,0,0
LH,1711,56,37,0,0,0
LH,1712,56,37,0,0,0
LH,1713,56,37,0,0,0
LH,1714,56,37,0,0,0
LH,1715,56,37,0,0,0
LH,1716,56,37,0,0,0
LH,1717,56,37,0,0,0
LH,1718,56,37,0,0,0
LH,1719,56,37,0,0,0
LH,1720,56,37,0,0,0
LH,1721,56,37,0,0,0
LH,1722,56,37,0,0,0
LH,1723,56,37,0,0,0
LH,1724,56,37,0,0,0
LH,1725,56,37,0,0,0
LH,1726,56,37,0,0,0
LH,1727,56,37,0,0,0
LH,1728,56,37,0,0,0
LH,1729,56,37,0,0,0
LH,1730,56,37,0,0,0
LH,1731,56,37,0,0,0
LH,1732,56,37,0,0,0
LH,1733,56,37,0,0,0
LH,1734,56,37,0,0,0
LH,1735,56,37,0,0,0
LH,1736,56,37,0,0,0
LH,1737,56,37,0,0,0
LH,1738,56,37,0,0,0
LH,1739,56,37,0,0,0
LH,1740,56,37,0,0,0
LH,1741,56,37,0,0,0
LH,1742,56,37,0,0,0
LH,1743,56,37,0,0,0
LH,1744,56,37,0,0,0
LH,1745,56,37,0,0,0
LH,1746,56,37,0,0,0
LH,1747,56,37,0,0,0
LH,1748,56,37,0,0,0
LH,1749,56,37,0,0,0
LH,1750,56,37,0,0,0
LH,1751,56,37,0,0,0
LH,1752,56,37,0,0,0
LH,1753,56,37,0,0,0
LH,1754,56,37,0,0,0
LH,1755,56,37,0,0,0
LH,1756,56,37,0,0,0
LH,1757,56,37,0,0,0
LH,1758,56,37,0,0,0
LH,1759,56,37,0,0,0
LH,1760,56,37,0,0,0
LH,1761,56,37,0,0,0
LH,1762,56,37,0,0,0
LH,1763,56,37,0,0,0
LH,1764,56,37,0,0,0
LH,1765,56,37,0,0,0
LH,1766,56,37,0,0,0
LH,1767,56,37,0,0,0
LH,1768,56,37,0,0,0
LH,1769,56,37,0,0,0
LH,1770,56,37,0,0,0
LH,1771,56,37,0,0,0
LH,1772,56,37,0,0,0
LH,1773,56,37,0,0,0
LH,1774,56,37,0,0,0
LH,1775,56,37,0,0,0
LH,1776,56,37,0,0,0
LH,1777,56,37,0,0,0
LH,1778,56,37,0,0,0
LH,1779,56,37,0,0,0
LH,1780,56,37,0,0,0
LH,1781,56,37,0,0,0
LH,1782,56,37,0,0,0
LH,1783,56,37,0,0,0
LH,1784,56,37,0,0,0
LH,1785,56,37,0,0,0
LH,1786,56,37,0,0,0
LH,1787,56,37,0,0,0
LH,1788,56,37,0,0,0
LH,1789,56,37,0,0,0
LH,1790,56,37,0,0,0
LH,1791,56,37,0,0,0
LH,1792,56,37,0,0,0
LH,1793,56,37,0,0,0
LH,1794,56,37,0,0,0
LH,1795,56,37,0,0,0
LH,1796,56,37,0,0,0
LH,1797,56,37,0,0,0
LH,1798,56,37,0,0,0
LH,1799,56,37,0,0,0
LH,1800,56,37,0,0,0
LH,1801,56,37,0,0,0
LH,1802,56,37,0,0,0
LH,1803,56,37,0,0,0
LH,1804,56,37,0,0,0
LH,1805,56,37,0,0,0
LH,1806,56,37,0,0,0
LH,1807,56,37,0,0,0
LH,1808,56,37,0,0,0
LH,1809,56,37,0,0,0
LH,1810,56,37,0,0,0
LH,1811,56,37,0,0,0
LH,1812,56,37,0,0,0
LH,1813,56,37,0,0,0
LH,1814,56,37,0,0,0
LH,1815,56,37,0,0,0
LH,1816,56,37,0,0,0
LH,1817,56,37,0,0,0
LH,1818,56,37,0,0,0
LH,1819,56,37,0,0,0
LH,1820,56,37,0,0,0
LH,1821,56,37,0,0,0
LH,1822,56,37,0,0,0
LH,1823,56,37,0,0,0
LH,1824,56,37,0,0,0
LH,1825,56,37,0,0,0
LH,1826,56,37,0,0,0
LH,1827,56,37,0,0,0
LH,1828,56,37,0,0,0
LH,1829,56,37,0,0,0
LH,1830,56,37,0,0,0
LH,1831,56,37,0,0,0
LH,1832,56,37,0,0,0
LH,1833,56,37,0,0,0
LH,1834,56,37,0,0,0
LH,1835,56,37,0,0,0
LH,1836,56,37,0,0,0
LH,1837,56,37,0,0,0
LH,1838,56,37,0,0,0
LH,1839,56,37,0,0,0
LH,1840,56,37,0,0,0
LH,1841,56,37,0,0,0
LH,1842,56,37,0,0,0
LH,1843,56,37,0,0,0
LH,1844,56,37,0,0,0
LH,1845,56,37,0,0,0
LH,1846,56,37,0,0,0
LH,1847,56,37,0,0,0
LH,1848,56,37,0,0,0
LH,1849,56,37,0,0,0
LH,1850,56,37,0,0,0
LH,1851,56,37,0,0,0
LH,1852,56,37,0,0,0
LH,1853,56,37,0,0,0
LH,1854,56,37,0,0,0
LH,1855,56,37,0,0,0
LH,1856,56,37,0,0,0
LH,1857,56,37,0,0,0
LH,1858,56,37,0,0,0
LH,1859,56,37,0,0,0
LH,1860,56,37,0,0,0
LH,1861,56,37,0,0,0
LH,1862,56,37,0,0,0
LH,1863,56,37,0,0,0
LH,1864,56,37,0,0,0
LH,1865,56,37,0,0,0
LH,1866,56,37,0,0,0
LH,1867,56,37,0,0,0
LH,1868,56,37,0,0,0
LH,1869,56,37,0,0,0
LH,1870,56,37,0,0,0
LH,1871,56,37,0,0,0
LH,1872,56,37,0,0,0
LH,1873,56,37,0,0,0
LH,1874,56,37,0,0,0
LH,1875,56,37,0,0,0
LH,1876,56,37,0,0,0
LH,1877,56,37,0,0,0
LH,1878,56,37,0,0,0
LH,1879,56,37,0,0,0
LH,1880,56,37,0,0,0
LH,1881,56,37,0,0,0
LH,1882,56,37,0,0,0
LH,1883,56,37,0,0,0
LH,1884,56,37,0,0,0
LH,1885,56,37,0,0,0
LH,1886,56,37,0,0,0
LH,1887,56,37,0,0,0
LH,1888,56,37,0,0,0
LH,1889,56,37,0,0,0
LH,1890,56,37,0,0,0
LH,1891,56,37,0,0,0
LH,1892,56,37,0,0,0
LH,1893,56,37,0,0,0
LH,1894,56,37,0,0,0
LH,1895,56,37,0,0,0
LH,1896,56,37,0,0,0
LH,1897,56,37,0,0,0
LH,1898,56,37,0,0,0
LH,1899,56,37,0,0,0
LH,1900,56,37,0,0,0
LH,1901,56,37,0,0,0
LH,1902,56,37,0,0,0
LH,1903,56,37,0,0,0
LH,1904,56,37,0,0,0
LH,1905,56,37,0,0,0
LH,1906,56,37,0,0,0
LH,1907,56,37,0,0,0
LH,1908,56,37,0,0,0
LH,1909,56,37,0,0,0
LH,1910,56,37,0,0,0
LH,1911,56,37,0,0,0
LH,1912,56,37,0,0,0
LH,1913,56,37,0,0,0
LH,1914,56,37,0,0,0
LH,1915,56,37,0,0,0
LH,1916,56,37,0,0,0
LH,1917,56,37,0,0,0
LH,1918,56,37,0,0,0
LH,1919,56,37,0,0,0
LH,1920,56,37,0,0,0
LH,1921,56,37,0,0,0
LH,1922,56,37,0,0,0
LH,1923,56,37,0,0,0
LH,1924,56,37,0,0,0
LH,1925,56,37,0,0,0
LH,1926,56,37,0,0,0
LH,1927,56,37,0,0,0
LH,1928,56,37,0,0,0
LH,1929,56,37,0,0,0
LH,1930,56,37,0,0,0
LH,1931,56,37,0,0,0
LH,1932,56,37,0,0,0
LH,1933,56,37,0,0,0
LH,1934,56,37,0,0,0
LH,1935,56,37,0,0,0
LH,1936,56,37,0,0,0
LH,1937,56,37,0,0,0
LH,1938,56,37,0,0,0
LH,1939,56,37,0,0,0
LH,1940,56,37,0,0,0
LH,1941,56,37,0,0,0
LH,1942,56,37,0,0,0
LH,1943,56,37,0,0,0
LH,1944,56,37,0,0,0
LH,1945,56,37,0,0,0
LH,1946,56,37,0,0,0
LH,1947,56,37,0,0,0
LH,1948,56,37,0,0,0
LH,1949,56,37,0,0,0
LH,1950,56,37,0,0,0
LH,1951,56,37,0,0,0
LH,1952,56,37,0,0,0
LH,1953,56,37,0,0,0
LH,1954,56,37,0,0,0
LH,1955,56,37,0,0,0
LH,1956,56,37,0,0,0
LH,1957,56,37,0,0,0
LH,1958,56,37,0,0,0
LH,1959,56,37,0,0,0
LH,1960,56,37,0,0,0
LH,1961,56,37,0,0,0
LH,1962,56,37,0,0,0
LH,1963,56,37,0,0,0
LH,1964,56,37,0,0,0
LH,1965,56,37,0,0,0
LH,1966,56,37,0,0,0
LH,1967,56,37,0,0,0
LH,1968,56,37,0,0,0
LH,1969,56,37,0,0,0
LH,1970,56,37,0,0,0
LH,1971,56,37,0,0,0
LH,1972,56,37,0,0,0
LH,1973,56,37,0,0,0
LH,1974,56,37,0,0,0
LH,1975,56,37,0,0,0
LH,1976,56,37,0,0,0
LH,1977,56,37,0,0,0
LH,1978,56,37,0,0,0
LH,1979,56,37,0,0,0
LH,1980,56,37,0,0,0
LH,1981,56,37,0,0,0
LH,1982,56,37,0,0,0
LH,1983,56,37,0,0,0
LH,1984,56,37,0,0,0
LH,1985,56,37,0,0,0
LH,1986,56,37,0,0,0
LH,1987,56,37,0,0,0
LH,1988,56,37,0,0,0
LH,1989,56,37,0,0,0
LH,1990,56,37,0,0,0
LH,1991,56,37,0,0,0
LH,1992,56,37,0,0,0
LH,1993,56,37,0,0,0
LH,1994,56,37,0,0,0
LH,1995,56,37,0,0,0
LH,1996,56,37,0,0,0
LH,1997,56,37,0,0,0
LH,1998,56,37,0,0,0
LH,1999,56,37,0,0,0
LH,2000,56,37,0,0,0
LH,2001,56,37,0,0,0
LH,2002,56,37,0,0,0
LH,2003,56,37,0,0,0
LH,2004,56,37,0,0,0
LH,2005,56,37,0,0,0
LH,2006,56,37,0,0,0
LH,2007,56,37,0,0,0
LH,2008,56,37,0,0,0
LH,2009,56,37,0,0,0
LH,2010,56,37,0,0,0
LH,2011,56,37,0,0,0
LH,2012,56,37,0,0,0
LH,2013,56,37,0,0,0
LH,2014,56,37,0,0,0
LH,2015,56,37,0,0,0
LH,2016,56,37,0,0,0
LH,2017,56,37,0,0,0
LH,2018,56,37,0,0,0
LH,2019,56,37,0,0,0
LH,2020,56,37,0,0,0
LH,2021,56,37,0,0,0
LH,2022,56,37,0,0,0
LH,2023,56,37,0,0,0
LH,2024,56,37,0,0,0
LH,2025,56,37,0,0,0
LH,2026,56,37,0,0,0
LH,2027,56,37,0,0,0
LH,2028,56,37,0,0,0
LH,2029,56,37,0,0,0
LH,2030,56,37,0,0,0
LH,2031,56,37,0,0,0
LH,2032,56,37,0,0,0
LH,2033,56,37,0,0,0
LH,2034,56,37,0,0,0
LH,2035,56,37,0,0,0
LH,2036,56,37,0,0,0
LH,2037,56,37,0,0,0
LH,2038,56,37,0,0,0
LH,2039,56,37,0,0,0
LH,2040,56,37,0,0,0
LH,2041,56,37,0,0,0
LH,2042,56,37,0,0,0
LH,2043,56,37,0,0,0
LH,2044,56,37,0,0,0
LH,2045,56,37,0,0,0
LH,2046,56,37,0,0,0
LH,2047,56,37,0,0,0
LH,2048,56,37,0,0,0
LH,2049,56,37,0,0,0
LH,2050,56,37,0,0,0
LH,2051,56,37,0,0,0
LH,2052,56,37,0,0,0
LH,2053,56,37,0,0,0
LH,2054,56,37,0,0,0
LH,2055,56,37,0,0,0
LH,2056,56,37,0,0,0
LH,2057,56,37,0,0,0
LH,2058,56,37,0,0,0
LH,2059,56,37,0,0,0
LH,2060,56,37,0,0,0
LH,2061,56,37,0,0,0
LH,2062,56,37,0,0,0
LH,2063,56,37,0,0,0
LH,2064,56,37,0,0,0
LH,2065,56,37,0,0,0
LH,2066,56,37,0,0,0
LH,2067,56,37,0,0,0
LH,2068,56,37,0,0,0
LH,2069,56,37,0,0,0
LH,2070,56,37,0,0,0
LH,2071,56,37,0,0,0
LH,2072,56,37,0,0,0
LH,2073,56,37,0,0,0
LH,2074,56,37,0,0,0
LH,2075,56,37,0,0,0
LH,2076,56,37,0,0,0
LH,2077,56,37,0,0,0
LH,2078,56,37,0,0,0
LH,2079,56,37,0,0,0
LH,2080,56,37,0,0,0
LH,2081,56,37,0,0,0
LH,2082,56,37,0,0,0
LH,2083,56,37,0,0,0
LH,2084,56,37,0,0,0
LH,2085,56,37,0,0,0
LH,2086,56,37,0,0,0
LH,2087,56,37,0,0,0
LH,2088,56,37,0,0,0
LH,2089,56,37,0,0,0
LH,2090,56,37,0,0,0
LH,2091,56,37,0,0,0
LH,2092,56,37,0,0,0
LH,2093,56,37,0,0,0
LH,2094,56,37,0,0,0
LH,2095,56,37,0,0,0
LH,2096,56,37,0,0,0
LH,2097,56,37,0,0,0
LH,2098,56,37,0,0,0
LH,2099,56,37,0,0,0
LH,2100,56,37,0,0,0
LH,2101,56,37,0,0,0
LH,2102,56,37,0,0,0
LH,2103,56,37,0,0,0
LH,2104,56,37,0,0,0
LH,2105,56,37,0,0,0
LH,2106,56,37,0,0,0
LH,2107,56,37,0,0,0
LH,2108,56,37,0,0,0
LH,2109,56,37,0,0,0
LH,2110,56,37,0,0,0
LH,2111,56,37,0,0,0
LH,2112,56,37,0,0,0
LH,2113,56,37,0,0,0
LH,2114,56,37,0,0,0
LH,2115,56,37,0,0,0
LH,2116,56,37,0,0,0
LH,2117,56,37,0,0,0
LH,2118,56,37,0,0,0
LH,2119,56,37,0,0,0
LH,2120,56,37,0,0,0
LH,2121,56,37,0,0,0
LH,2122,56,37,0,0,0
LH,2123,56,37,0,0,0
LH,2124,56,37,0,0,0
LH,2125,56,37,0,0,0
LH,2126,56,37,0,0,0
LH,2127,56,37,0,0,0
LH,2128,56,37,0,0,0
LH,2129,56,37,0,0,0
LH,2130,56,37,0,0,0
LH,2131,56,37,0,0,0
LH,2132,56,37,0,0,0
LH,2133,56,37,0,0,0
LH,2134,56,37,0,0,0
LH,2135,56,37,0,0,0
LH,2136,56,37,0,0,0
LH,2137,56,37,0,0,0
LH,2138,56,37,0,0,0
LH,2139,56,37,0,0,0
LH,2140,56,37,0,0,0
LH,2141,56,37,0,0,0
LH,2142,56,37,0,0,0
LH,2143,56,37,0,0,0
LH,2144,56,37,0,0,0
LH,2145,56,37,0,0,0
LH,2146,56,37,0,0,0
LH,2147,56,37,0,0,0
LH,2148,56,37,0,0,0
LH,2149,56,37,0,0,0
LH,2150,56,37,0,0,0
LH,2151,56,37,0,0,0
LH,2152,56,37,0,0,0
LH,2153,56,37,0,0,0
LH,2154,56,37,0,0,0
LH,2155,56,37,0,0,0
LH,2156,56,37,0,0,0
LH,2157,56,37,0,0,0
LH,2158,56,37,0,0,0
LH,2159,56,37,0,0,0
LH,2160,56,37,0,0,0
LH,2161,56,37,0,0,0
LH,2162,56,37,0,0,0
LH,2163,56,37,0,0,0
LH,2164,56,37,0,0,0
LH,2165,56,37,0,0,0
LH,2166,56,37,0,0,0
LH,2167,56,37,0,0,0
LH,2168,56,37,0,0,0
LH,2169,56,37,0,0,0
LH,2170,56,37,0,0,0
LH,2171,56,37,0,0,0
LH,2172,56,37,0,0,0
LH,2173,56,37,0,0,0
LH,2174,56,37,0,0,0
LH,2175,56,37,0,0,0
LH,2176,56,37,0,0,0
LH,2177,56,37,0,0,0
LH,2178,56,37,0,0,0
LH,2179,56,37,0,0,0
LH,2180,56,37,0,0,0
LH,2181,56,37,0,0,0
LH,2182,56,37,0,0,0
LH,2183,56,37,0,0,0
LH,2184,56,37,0,0,0
LH,2185,56,37,0,0,0
LH,2186,56,37,0,0,0
LH,2187,56,37,0,0,0
LH,2188,56,37,0,0,0
LH,2189,56,37,0,0,0
LH,2190,56,37,0,0,0
LH,2191,56,37,0,0,0
LH,2192,56,37,0,0,0
LH,2193,56,37,0,0,0
LH,2194,56,37,0,0,0
LH,2195,56,37,0,0,0
LH,2196,56,37,0,0,0
LH,2197,56,37,0,0,0
LH,2198,56,37,0,0,0
LH,2199,56,37,0,0,0
LH,2200,56,37,0,0,0
LH,2201,56,37,0,0,0
LH,2202,56,37,0,0,0
LH,2203,56,37,0,0,0
LH,2204,56,37,0,0,0
LH,2205,56,37,0,0,0
LH,2206,56,37,0,0,0
LH,2207,56,37,0,0,0
LH,2208,56,37,0,0,0
LH,2209,56,37,0,0,0
LH,2210,56,37,0,0,0
LH,2211,56,37,0,0,0
LH,2212,56,37,0,0,0
LH,2213,56,37,0,0,0
LH,2214,56,37,0,0,0
LH,2215,56,37,0,0,0
LH,2216,56,37,0,0,0
LH,2217,56,37,0,0,0
LH,2218,56,37,0,0,0
LH,2219,56,37,0,0,0
LH,2220,56,37,0,0,0
LH,2221,56,37,0,0,0
LH,2222,56,37,0,0,0
LH,2223,56,37,0,0,0
LH,2224,56,37,0,0,0
LH,2225,56,37,0,0,0
LH,2226,56,37,0,0,0
LH,2227,56,37,0,0,0
LH,2228,56,37,0,0,0
LH,2229,56,37,0,0,0
LH,2230,56,37,0,0,0
LH,2231,56,37,0,0,0
LH,2232,56,37,0,0,0
LH,2233,56,37,0,0,0
LH,2234,56,37,0,0,0
LH,2235,56,37,0,0,0
LH,2236,56,37,0,0,0
LH,2237,56,37,0,0,0
LH,2238,56,37,0,0,0
LH,2239,56,37,0,0,0
LH,2240,56,37,0,0,0
LH,2241,56,37,0,0,0
LH,2242,56,37,0,0,0
LH,2243,56,37,0,0,0
LH,2244,56,37,0,0,0
LH,2245,56,37,0,0,0
LH,2246,56,37,0,0,0
LH,2247,56,37,0,0,0
LH,2248,56,37,0,0,0
LH,2249,56,37,0,0,0
LH,2250,56,37,0,0,0
LH,2251,56,37,0,0,0
LH,2252,56,37,0,0,0
LH,2253,56,37,0,0,0
LH,2254,56,37,0,0,0
LH,2255,56,37,0,0,0
LH,2256,56,37,0,0,0
LH,2257,56,37,0,0,0
LH,2258,56,37,0,0,0
LH,2259,56,37,0,0,0
LH,2260,56,37,0,0,0
LH,2261,56,37,0,0,0
LH,2262,56,37,0,0,0
LH,2263,56,37,0,0,0
LH,2264,56,37,0,0,0
LH,2265,56,37,0,0,0
LH,2266,56,37,0,0,0
LH,2267,56,37,0,0,0
LH,2268,56,37,0,0,0
LH,2269,56,37,0,0,0
LH,2270,56,37,0,0,0
LH,2271,56,37,0,0,0
LH,2272,56,37,0,0,0
LH,2273,56,37,0,0,0
LH,2274,56,37,0,0,0
LH,2275,56,37,0,0,0
LH,2276,56,37,0,0,0
LH,2277,56,37,0,0,0
LH,2278,56,37,0,0,0
LH,2279,56,37,0,0,0
LH,2280,56,37,0,0,0
LH,2281,56,37,0,0,0
LH,2282,56,37,0,0,0
LH,2283,56,37,0,0,0
LH,2284,56,37,0,0,0
LH,2285,56,37,0,0,0
LH,2286,56,37,0,0,0
LH,2287,56,37,0,0,0
LH,2288,56,37,0,0,0
LH,2289,56,37,0,0,0
LH,2290,56,37,0,0,0
LH,2291,56,37,0,0,0
LH,2292,56,37,0,0,0
LH,2293,56,37,0,0,0
LH,2294,56,37,0,0,0
LH,2295,56,37,0,0,0
LH,2296,56,37,0,0,0
LH,2297,56,37,0,0,0
LH,2298,56,37,0,0,0
LH,2299,56,37,0,0,0
LH,2300,56,37,0,0,0
LH,2301,56,37,0,0,0
LH,2302,56,37,0,0,0
LH,2303,56,37,0,0,0
LH,2304,56,37,0,0,0
LH,2305,56,37,0,0,0
LH,2306,56,37,0,0,0
LH,2307,56,37,0,0,0
LH,2308,56,37,0,0,0
LH,2309,56,37,0,0,0
LH,2310,56,37,0,0,0
LH,2311,56,37,0,0,0
LH,2312,56,37,0,0,0
LH,2313,56,37,0,0,0
LH,2314,56,37,0,0,0
LH,2315,56,37,0,0,0
LH,2316,56,37,0,0,0
LH,2317,56,37,0,0,0
LH,2318,56,37,0,0,0
LH,2319,56,37,0,0,0
LH,2320,56,37,0,0,0
LH,2321,56,37,0,0,0
LH,2322,56,37,0,0,0
LH,2323,56,37,0,0,0
LH,2324,56,37,0,0,0
LH,2325,56,37,0,0,0
LH,2326,56,37,0,0,0
LH,2327,56,37,0,0,0
LH,2328,56,37,0,0,0
LH,2329,56,37,0,0,0
LH,2330,56,37,0,0,0
LH,2331,56,37,0,0,0
LH,2332,56,37,0,0,0
LH,2333,56,37,0,0,0
LH,2334,56,37,0,0,0
LH,2335,56,37,0,0,0
LH,2336,56,37,0,0,0
LH,2337,56,37,0,0,0
LH,2338,56,37,0,0,0
LH,2339,56,37,0,0,0
LH,2340,56,37,0,0,0
LH,2341,56,37,0,0,0
LH,2342,56,37,0,0,0
LH,2343,56,37,0,0,0
LH,2344,56,37,0,0,0
LH,2345,56,37,0,0,0
LH,2346,56,37,0,0,0
LH,2347,56,37,0,0,0
LH,2348,56,37,0,0,0
LH,2349,56,37,0,0,0
LH,2350,56,37,0,0,0
LH,2351,56,37,0,0,0
LH,2352,56,37,0,0,0
LH,2353,56,37,0,0,0
LH,2354,56,37,0,0,0
LH,2355,56,37,0,0,0
LH,2356,56,37,0,0,0
LH,2357,56,37,0,0,0
LH,2358,56,37,0,0,0
LH,2359,56,37,0,0,0
LH,2360,56,37,0,0,0
LH,2361,56,37,0,0,0
LH,2362,56,37,0,0,0
LH,2363,56,37,0,0,0
LH,2364,56,37,0,0,0
LH,2365,56,37,0,0,0
LH,2366,56,37,0,0,0
LH,2367,56,37,0,0,0
LH,2368,56,37,0,0,0
LH,2369,56,37,0,0,0
LH,2370,56,37,0,0,0
LH,2371,56,37,0,0,0
LH,2372,56,37,0,0,0
LH,2373,56,37,0,0,0
LH,2374,56,37,0,0,0
LH,2375,56,37,0,0,0
LH,2376,56,37,0,0,0
LH,2377,56,37,0,0,0
LH,2378,56,37,0,0,0
LH,2379,56,37,0,0,0
LH,2380,56,37,0,0,0
LH,2381,56,37,0,0,0
LH,2382,56,37,0,0,0
LH,2383,56,37,0,0,0
LH,2384,56,37,0,0,0
LH,2385,56,37,0,0,0
LH,2386,56,37,0,0,0
LH,2387,56,37,0,0,0
LH,2388,56,37,0,0,0
LH,2389,56,37,0,0,0
LH,2390,56,37,0,0,0
LH,2391,56,37,0,0,0
LH,2392,56,37,0,0,0
LH,2393,56,37,0,0,0
LH,2394,56,37,0,0,0
LH,2395,56,37,0,0,0
LH,2396,56,37,0,0,0
LH,2397,56,37,0,0,0
LH,2398,56,37,0,0,0
LH,2399,56,37,0,0,0
LH,2400,56,37,0,0,0
LH,2401,56,37,0,0,0
LH,2402,56,37,0,0,0
LH,2403,56,37,0,0,0
LH,2404,56,37,0,0,0
LH,2405,56,37,0,0,0
LH,2406,56,37,0,0,0
LH,2407,56,37,0,0,0
LH,2408,56,37,0,0,0
LH,2409,56,37,0,0,0
LH,2410,56,37,0,0,0
LH,2411,56,37,0,0,0
LH,2412,56,37,0,0,0
LH,2413,56,37,0,0,0
LH,2414,56,37,0,0,0
LH,2415,56,37,0,0,0
LH,2416,56,37,0,0,0
LH,2417,56,37,0,0,0
LH,2418,56,37,0,0,0
LH,2419,56,37,0,0,0
LH,2420,56,37,0,0,0
LH,2421,56,37,0,0,0
LH,2422,56,37,0,0,0
LH,2423,56,37,0,0,0
LH,2424,56,37,0,0,0
LH,2425,56,37,0,0,0
LH,2426,56,37,0,0,0
LH,2427,56,37,0,0,0
LH,2428,56,37,0,0,0
LH,2429,56,37,0,0,0
LH,2430,56,37,0,0,0
LH,2431,56,37,0,0,0
LH,2432,56,37,0,0,0
LH,2433,56,37,0,0,0
LH,2434,56,37,0,0,0
LH,2435,56,37,0,0,0
LH,2436,56,37,0,0,0
LH,2437,56,37,0,0,0
LH,2438,56,37,0,0,0
LH,2439,56,37,0,0,0
LH,2440,56,37,0,0,0
LH,2441,56,37,0,0,0
LH,2442,56,37,0,0,0
LH,2443,56,37,0,0,0
LH,2444,56,37,0,0,0
LH,2445,56,37,0,0,0
LH,2446,56,37,0,0,0
LH,2447,56,37,0,0,0
LH,2448,56,37,0,0,0
LH,2449,56,37,0,0,0
LH,2450,56,37,0,0,0
LH,2451,56,37,0,0,0
LH,2452,56,37,0,0,0
LH,2453,56,37,0,0,0
LH,2454,56,37,0,0,0
LH,2455,56,37,0,0,0
LH,2456,56,37,0,0,0
LH,2457,56,37,0,0,0
LH,2458,56,37,0,0,0
LH,2459,56,37,0,0,0
LH,2460,56,37,0,0,0
LH,2461,56,37,0,0,0
LH,2462,56,37,0,0,0
LH,2463,56,37,0,0,0
LH,2464,56,37,0,0,0
LH,2465,56,37,0,0,0
LH,2466,56,37,0,0,0
LH,2467,56,37,0,0,0
LH,2468,56,37,0,0,0
LH,2469,56,37,0,0,0
LH,2470,56,37,0,0,0
LH,2471,56,37,0,0,0
LH,2472,56,37,0,0,0
LH,2473,56,37,0,0,0
LH,2474,56,37,0,0,0
LH,2475,56,37,0,0,0
LH,2476,56,37,0,0,0
LH,2477,56,37,0,0,0
LH,2478,56,37,0,0,0
LH,2479,56,37,0,0,0
LH,2480,56,37,0,0,0
LH,2481,56,37,0,0,0
LH,2482,56,37,0,0,0
LH,2483,56,37,0,0,0
LH,2484,56,37,0,0,0
LH,2485,56,37,0,0,0
LH,2486,56,37,0,0,0
LH,2487,56,37,0,0,0
LH,2488,56,37,0,0,0
LH,2489,56,37,0,0,0
LH,2490,56,37,0,0,0
LH,2491,56,37,0,0,0
LH,2492,56,37,0,0,0
LH,2493,56,37,0,0,0
LH,2494,56,37,0,0,0
LH,2495,56,37,0,0,0
LH,2496,56,37,0,0,0
LH,2497,56,37,0,0,0
LH,2498,56,37,0,0,0
LH,2499,56,37,0,0,0
LH,2500,56,37,0,0,0
LH,2501,56,37,0,0,0
LH,2502,56,37,0,0,0
LH,2503,56,37,0,0,0
LH,2504,56,37,0,0,0
LH,2505,56,37,0,0,0
LH,2506,56,37,0,0,0
LH,2507,56,37,0,0,0
LH,2508,56,37,0,0,0
LH,2509,56,37,0,0,0
LH,2510,56,37,0,0,0
LH,2511,56,37,0,0,0
LH,2512,56,37,0,0,0
LH,2513,56,37,0,0,0
LH,2514,56,37,0,0,0
LH,2515,56,37,0,0,0
LH,2516,56,37,0,0,0
LH,2517,56,37,0,0,0
LH,2518,56,37,0,0,0
LH,2519,56,37,0,0,0
LH,2520,56,37,0,0,0
LH,2521,56,37,0,0,0
LH,2522,56,37,0,0,0
LH,2523,56,37,0,0,0
LH,2524,56,37,0,0,0
LH,2525,56,37,0,0,0
LH,2526,56,37,0,0,0
LH,2527,56,37,0,0,0
LH,2528,56,37,0,0,0
LH,2529,56,37,0,0,0
LH,2530,56,37,0,0,0
LH,2531,56,37,0,0,0
LH,2532,56,37,0,0,0
LH,2533,56,37,0,0,0
LH,2534,56,37,0,0,0
LH,2535,56,37,0,0,0
LH,2536,56,37,0,0,0
LH,2537,56,37,0,0,0
LH,2538,56,37,0,0,0
LH,2539,56,37,0,0,0
LH,2540,56,37,0,0,0
LH,2541,56,37,0,0,0
LH,2542,56,37,0,0,0
LH,2543,56,37,0,0,0
LH,2544,56,37,0,0,0
LH,2545,56,37,0,0,0
LH,2546,56,37,0,0,0
LH,2547,56,37,0,0,0
LH,2548,56,37,0,0,0
LH,2549,56,37,0,0,0
LH,2550,56,37,0,0,0
LH,2551,56,37,0,0,0
LH,2552,56,37,0,0,0
LH,2553,56,37,0,0,0
LH,2554,56,37,0,0,0
LH,2555,56,37,0,0,0
LH,2556,56,37,0,0,0
LH,2557,56,37,0,0,0
LH,2558,56,37,0,0,0
LH,2559,56,37,0,0,0
LH,2560,56,37,0,0,0
LH,2561,56,37,0,0,0
LH,2562,56,37,0,0,0
LH,2563,56,37,0,0,0
LH,2564,56,37,0,0,0
LH,2565,56,37,0,0,0
LH,2566,56,37,0,0,0
LH,2567,56,37,0,0,0
LH,2568,56,37,0,0,0
LH,2569,56,37,0,0,0
LH,2570,56,37,0,0,0
LH,2571,56,37,0,0,0
LH,2572,56,37,0,0,0
LH,2573,56,37,0,0,0
LH,2574,56,37,0,0,0
LH,2575,56,37,0,0,0
LH,2576,56,37,0,0,0
LH,2577,56,37,0,0,0
LH,2578,56,37,0,0,0
LH,2579,56,37,0,0,0
LH,2580,56,37,0,0,0
LH,2581,56,37,0,0,0
LH,2582,56,37,0,0,0
LH,2583,56,37,0,0,0
LH,2584,56,37,0,0,0
LH,2585,56,37,0,0,0
LH,2586,56,37,0,0,0
LH,2587,56,37,0,0,0
LH,2588,56,37,0,0,0
LH,2589,56,37,0,0,0
LH,2590,56,37,0,0,0
LH,2591,56,37,0,0,0
LH,2592,56,37,0,0,0
LH,2593,56,37,0,0,0
LH,2594,56,37,0,0,0
LH,2595,56,37,0,0,0
LH,2596,56,37,0,0,0
LH,2597,56,37,0,0,0
LH,2598,56,37,0,0,0
LH,2599,56,37,0,0,0
LH,2600,56,37,0,0,0
LH,2601,56,37,0,0,0
LH,2602,56,37,0,0,0
LH,2603,56,37,0,0,0
LH,2604,56,37,0,0,0
LH,2605,56,37,0,0,0
LH,2606,56,37,0,0,0
LH,2607,56,37,0,0,0
LH,2608,56,37,0,0,0
LH,2609,56,37,0,0,0
LH,2610,56,37,0,0,0
LH,2611,56,37,0,0,0
LH,2612,56,37,0,0,0
LH,2613,56,37,0,0,0
LH,2614,56,37,0,0,0
LH,2615,56,37,0,0,0
LH,2616,56,37,0,0,0
LH,2617,56,37,0,0,0
LH,2618,56,37,0,0,0
LH,2619,56,37,0,0,0
LH,2620,56,37,0,0,0
LH,2621,56,37,0,0,0
LH,2622,56,37,0,0,0
LH,2623,56,37,0,0,0
LH,2624,56,37,0,0,0
LH,2625,56,37,0,0,0
LH,2626,56,37,0,0,0
LH,2627,56,37,0,0,0
LH,2628,56,37,0,0,0
LH,2629,56,37,0,0,0
LH,2630,56,37,0,0,0
LH,2631,56,37,0,0,0
LH,2632,56,37,0,0,0
LH,2633,56,37,0,0,0
LH,2634,56,37,0,0,0
LH,2635,56,37,0,0,0
LH,2636,56,37,0,0,0
LH,2637,56,37,0,0,0
LH,2638,56,37,0,0,0
LH,2639,56,37,0,0,0
LH,2640,56,37,0,0,0
LH,2641,56,37,0,0,0
LH,2642,56,37,0,0,0
LH,2643,56,37,0,0,0
LH,2644,56,37,0,0,0
LH,2645,56,37,0,0,0
LH,2646,56,37,0,0,0
LH,2647,56,37,0,0,0
LH,2648,56,37,0,0,0
LH,2649,56,37,0,0,0
LH,2650,56,37,0,0,0
LH,2651,56,37,0,0,0
LH,2652,56,37,0,0,0
LH,2653,56,37,0,0,0
LH,2654,56,37,0,0,0
LH,2655,56,37,0,0,0
LH,2656,56,37,0,0,0
LH,2657,56,37,0,0,0
LH,2658,56,37,0,0,0
LH,2659,56,37,0,0,0
LH,2660,56,37,0,0,0
LH,2661,56,37,0,0,0
LH,2662,56,37,0,0,0
LH,2663,56,37,0,0,0
LH,2664,56,37,0,0,0
LH,2665,56,37,0,0,0
LH,2666,56,37,0,0,0
LH,2667,56,37,0,0,0
LH,2668,56,37,0,0,0
LH,2669,56,37,0,0,0
LH,2670,56,37,0,0,0
LH,2671,56,37,0,0,0
LH,2672,56,37,0,0,0
LH,2673,56,37,0,0,0
LH,2674,56,37,0,0,0
LH,2675,56,37,0,0,0
LH,2676,56,37,0,0,0
LH,2677,56,37,0,0,0
LH,2678,56,37,0,0,0
LH,2679,56,37,0,0,0
LH,2680,56,37,0,0,0
LH,2681,56,37,0,0,0
LH,2682,56,37,0,0,0
LH,2683,56,37,0,0,0
LH,2684,56,37,0,0,0
LH,2685,56,37,0,0,0
LH,2686,56,37,0,0,0
LH,2687,56,37,0,0,0
LH,2688,56,37,0,0,0
LH,2689,56,37,0,0,0
LH,2690,56,37,0,0,0
LH,2691,56,37,0,0,0
LH,2692,56,37,0,0,0
LH,2693,56,37,0,0,0
LH,2694,56,37,0,0,0
LH,2695,56,37,0,0,0
LH,2696,56,37,0,0,0
LH,2697,56,37,0,0,0
LH,2698,56,37,0,0,0
LH,2699,56,37,0,0,0
LH,2700,56,37,0,0,0
LH,2701,56,37,0,0,0
LH,2702,56,37,0,0,0
LH,2703,56,37,0,0,0
LH,2704,56,37,0,0,0
LH,2705,56,37,0,0,0
LH,2706,56,37,0,0,0
LH,2707,56,37,0,0,0
LH,2708,56,37,0,0,0
LH,2709,56,37,0,0,0
LH,2710,56,37,0,0,0
LH,2711,56,37,0,0,0
LH,2712,56,37,0,0,0
LH,2713,56,37,0,0,0
LH,2714,56,37,0,0,0
LH,2715,56,37,0,0,0
LH,2716,56,37,0,0,0
LH,2717,56,37,0,0,0
LH,2718,56,37,0,0,0
LH,2719,56,37,0,0,0
LH,2720,56,37,0,0,0
LH,2721,56,37,0,0,0
LH,2722,56,37,0,0,0
LH,2723,56,37,0,0,0
LH,2724,56,37,0,0,0
LH,2725,56,37,0,0,0
LH,2726,56,37,0,0,0
LH,2727,56,37,0,0,0
LH,2728,56,37,0,0,0
LH,2729,56,37,0,0,0
LH,2730,56,37,0,0,0
LH,2731,56,37,0,0,0
LH,2732,56,37,0,0,0
LH,2733,56,37,0,0,0
LH,2734,56,37,0,0,0
LH,2735,56,37,0,0,0
LH,2736,56,37,0,0,0
LH,2737,56,37,0,0,0
LH,2738,56,37,0,0,0
LH,2739,56,37,0,0,0
LH,2740,56,37,0,0,0
LH,2741,56,37,0,0,0
LH,2742,56,37,0,0,0
LH,2743,56,37,0,0,0
LH,2744,56,37,0,0,0
LH,2745,56,37,0,0,0
LH,2746,56,37,0,0,0
LH,2747,56,37,0,0,0
LH,2748,56,37,0,0,0
LH,2749,56,37,0,0,0
LH,2750,56,37,0,0,0
LH,2751,56,37,0,0,0
LH,2752,56,37,0,0,0
LH,2753,56,37,0,0,0
LH,2754,56,37,0,0,0
LH,2755,56,37,0,0,0
LH,2756,56,37,0,0,0
LH,2757,56,37,0,0,0
LH,2758,56,37,0,0,0
LH,2759,56,37,0,0,0
LH,2760,56,37,0,0,0
LH,2761,56,37,0,0,0
LH,2762,56,37,0,0,0
LH,2763,56,37,0,0,0
LH,2764,56,37,0,0,0
LH,2765,56,37,0,0,0
LH,2766,56,37,0,0,0
LH,2767,56,37,0,0,0
LH,2768,56,37,0,0,0
LH,2769,56,37,0,0,0
LH,2770,56,37,0,0,0
LH,2771,56,37,0,0,0
LH,2772,56,37,0,0,0
LH,2773,56,37,0,0,0
LH,2774,56,37,0,0,0
LH,2775,56,37,0,0,0
LH,2776,56,37,0,0,0
LH,2777,56,37,0,0,0
LH,2778,56,37,0,0,0
LH,2779,56,37,0,0,0
LH,2780,56,37,0,0,0
LH,2781,56,37,0,0,0
LH,2782,56,37,0,0,0
LH,2783,56,37,0,0,0
LH,2784,56,37,0,0,0
LH,2785,56,37,0,0,0
LH,2786,56,37,0,0,0
LH,2787,56,37,0,0,0
LH,2788,56,37,0,0,0
LH,2789,56,37,0,0,0
LH,2790,56,37,0,0,0
LH,2791,56,37,0,0,0
LH,2792,56,37,0,0,0
LH,2793,56,37,0,0,0
LH,2794,56,37,0,0,0
LH,2795,56,37,0,0,0
LH,2796,56,37,0,0,0
LH,2797,56,37,0,0,0
LH,2798,56,37,0,0,0
LH,2799,56,37,0,0,0
LH,2800,56,37,0,0,0
LH,2801,56,37,0,0,0
LH,2802,56,37,0,0,0
LH,2803,56,37,0,0,0
LH,2804,56,37,0,0,0
LH,2805,56,37,0,0,0
LH,2806,56,37,0,0,0
LH,2807,56,37,0,0,0
LH,2808,56,37,0,0,0
LH,2809,56,37,0,0,0
LH,2810,56,37,0,0,0
LH,2811,56,37,0,0,0
LH,2812,56,37,0,0,0
LH,2813,56,37,0,0,0
LH,2814,56,37,0,0,0
LH,2815,56,37,0,0,0
LH,2816,56,37,0,0,0
LH,2817,56,37,0,0,0
LH,2818,56,37,0,0,0
LH,2819,56,37,0,0,0
LH,2820,56,37,0,0,0
LH,2821,56,37,0,0,0
LH,2822,56,37,0,0,0
LH,2823,56,37,0,0,0
LH,2824,56,37,0,0,0
LH,2825,56,37,0,0,0
LH,2826,56,37,0,0,0
LH,2827,56,37,0,0,0
LH,2828,56,37,0,0,0
LH,2829,56,37,0,0,0
LH,2830,56,37,0,0,0
LH,2831,56,37,0,0,0
LH,2832,56,37,0,0,0
LH,2833,56,37,0,0,0
LH,2834,56,37,0,0,0
LH,2835,56,37,0,0,0
LH,2836,56,37,0,0,0
LH,2837,56,37,0,0,0
LH,2838,56,37,0,0,0
LH,2839,56,37,0,0,0
LH,2840,56,37,0,0,0
LH,2841,56,37,0,0,0
LH,2842,56,37,0,0,0
LH,2843,56,37,0,0,0
LH,2844,56,37,0,0,0
LH,2845,56,37,0,0,0
LH,2846,56,37,0,0,0
LH,2847,56,37,0,0,0
LH,2848,56,37,0,0,0
LH,2849,56,37,0,0,0
LH,2850,56,37,0,0,0
LH,2851,56,37,0,0,0
LH,2852,56,37,0,0,0
LH,2853,56,37,0,0,0
LH,2854,56,37,0,0,0
LH,2855,56,37,0,0,0
LH,2856,56,37,0,0,0
LH,2857,56,37,0,0,0
LH,2858,56,37,0,0,0
LH,2859,56,37,0,0,0
LH,2860,56,37,0,0,0
LH,2861,56,37,0,0,0
LH,2862,56,37,0,0,0
LH,2863,56,37,0,0,0
LH,2864,56,37,0,0,0
LH,2865,56,37,0,0,0
LH,2866,56,37,0,0,0
LH,2867,56,37,0,0,0
LH,2868,56,37,0,0,0
LH,2869,56,37,0,0,0
LH,2870,56,37,0,0,0
LH,2871,56,37,0,0,0
LH,2872,56,37,0,0,0
LH,2873,56,37,0,0,0
LH,2874,56,37,0,0,0
LH,2875,56,37,0,0,0
LH,2876,56,37,0,0,0
LH,2877,56,37,0,0,0
LH,2878,56,37,0,0,0
LH,2879,56,37,0,0,0
LH,2880,56,37,0,0,0
LH,2881,56,37,0,0,0
LH,2882,56,37,0,0,0
LH,2883,56,37,0,0,0
LH,2884,56,37,0,0,0
LH,2885,56,37,0,0,0
LH,2886,56,37,0,0,0
LH,2887,56,37,0,0,0
LH,2888,56,37,0,0,0
LH,2889,56,37,0,0,0
LH,2890,56,37,0,0,0
LH,2891,56,37,0,0,0
LH,2892,56,37,0,0,0
LH,2893,56,37,0,0,0
LH,2894,56,37,0,0,0
LH,2895,56,37,0,0,0
LH,2896,56,37,0,0,0
LH,2897,56,37,0,0,0
LH,2898,56,37,0,0,0
LH,2899,56,37,0,0,0
LH,2900,56,37,0,0,0
LH,2901,56,37,0,0,0
LH,2902,56,37,0,0,0
LH,2903,56,37,0,0,0
LH,2904,56,37,0,0,0
LH,2905,56,37,0,0,0
LH,2906,56,37,0,0,0
LH,2907,56,37,0,0,0
LH,2908,56,37,0,0,0
LH,2909,56,37,0,0,0
LH,2910,56,37,0,0,0
LH,2911,56,37,0,0,0
LH,2912,56,37,0,0,0
LH,2913,56,37,0,0,0
LH,2914,56,37,0,0,0
LH,2915,56,37,0,0,0
LH,2916,56,37,0,0,0
LH,2917,56,37,0,0,0
LH,2918,56,37,0,0,0
LH,2919,56,37,0,0,0
LH,2920,56,37,0,0,0
LH,2921,56,37,0,0,0
LH,2922,56,37,0,0,0
LH,2923,56,37,0,0,0
LH,2924,56,37,0,0,0
LH,2925,56,37,0,0,0
LH,2926,56,37,0,0,0
LH,2927,56,37,0,0,0
LH,2928,56,37,0,0,0
LH,2929,56,37,0,0,0
LH,2930,56,37,0,0,0
LH,2931,56,37,0,0,0
LH,2932,56,37,0,0,0
LH,2933,56,37,0,0,0
LH,2934,56,37,0,0,0
LH,2935,56,37,0,0,0
LH,2936,56,37,0,0,0
LH,2937,56,37,0,0,0
LH,2938,56,37,0,0,0
LH,2939,56,37,0,0,0
LH,2940,56,37,0,0,0
LH,2941,56,37,0,0,0
LH,2942,56,37,0,0,0
LH,2943,56,37,0,0,0
LH,2944,56,37,0,0,0
LH,2945,56,37,0,0,0
LH,2946,56,37,0,0,0
LH,2947,56,37,0,0,0
LH,2948,56,37,0,0,0
LH,2949,56,37,0,0,0
LH,2950,56,37,0,0,0
LH,2951,56,37,0,0,0
LH,2952,56,37,0,0,0
LH,2953,56,37,0,0,0
LH,2954,56,37,0,0,0
LH,2955,56,37,0,0,0
LH,2956,56,37,0,0,0
LH,2957,56,37,0,0,0
LH,2958,56,37,0,0,0
LH,2959,56,37,0,0,0
LH,2960,56,37,0,0,0
LH,2961,56,37,0,0,0
LH,2962,56,37,0,0,0
LH,2963,56,37,0,0,0
LH,2964,56,37,0,0,0
LH,2965,56,37,0,0,0
LH,2966,56,37,0,0,0
LH,2967,56,37,0,0,0
LH,2968,56,37,0,0,0
LH,2969,56,37,0,0,0
LH,2970,56,37,0,0,0
LH,2971,56,37,0,0,0
LH,2972,56,37,0,0,0
LH,2973,56,37,0,0,0
LH,2974,56,37,0,0,0
LH,2975,56,37,0,0,0
LH,2976,56,37,0,0,0
LH,2977,56,37,0,0,0
LH,2978,56,37,0,0,0
LH,2979,56,37,0,0,0
LH,2980,56,37,0,0,0
LH,2981,56,37,0,0,0
LH,2982,56,37,0,0,0
LH,2983,56,37,0,0,0
LH,2984,56,37,0,0,0
LH,2985,56,37,0,0,0
LH,2986,56,37,0,0,0
LH,2987,56,37,0,0,0
LH,2988,56,37,0,0,0
LH,2989,56,37,0,0,0
LH,2990,56,37,0,0,0
LH,2991,56,37,0,0,0
LH,2992,56,37,0,0,0
LH,2993,56,37,0,0,0
LH,2994,56,37,0,0,0
LH,2995,56,37,0,0,0
LH,2996,56,37,0,0,0
LH,2997,56,37,0,0,0
LH,2998,56,37,0,0,0
LH,2999,56,37,0,0,0
LH_SUMMARY,56,37,49,7,785,7
