LH,300
LHO,0,exp,1
LHE,0,1,0,0,0,1,0,0,0
LHE,1,2,0,0,0,3,0,0,0
LHO,0,kill,1,0
LHE,2,2,0,0,0,4,0,0,1
LHE,3,2,0,1,0,4,0,0,1
LHO,1,exp,1
LHE,4,3,0,1,0,5,0,0,1
LHE,5,4,0,1,0,7,0,0,1
LHO,1,kill,1,0
LHE,6,4,0,1,0,8,0,0,2
LHE,7,4,0,2,0,8,0,0,2
LHO,2,exp,1
LHE,8,5,0,2,0,9,0,0,2
LHE,9,6,0,2,0,11,0,0,2
LHO,2,kill,1,0
LHE,10,6,0,2,0,12,0,0,3
LHE,11,6,0,3,0,12,0,0,3
LHO,3,exp,1
LHE,12,7,0,3,0,13,0,0,3
LHE,13,8,0,3,0,15,0,0,3
LHO,3,kill,1,0
LHE,14,8,0,3,0,16,0,0,4
LHE,15,8,0,4,0,16,0,0,4
LHO,4,exp,1
LHE,16,9,0,4,0,17,0,0,4
LHE,17,10,0,4,0,19,0,0,4
LHO,4,kill,1,0
LHE,18,10,0,4,0,20,0,0,5
LHE,19,10,0,5,0,20,0,0,5
LHO,5,exp,1
LHE,20,11,0,5,0,21,0,0,5
LHE,21,12,0,5,0,23,0,0,5
LHO,5,kill,1,0
LHE,22,12,0,5,0,24,0,0,6
LHE,23,12,0,6,0,24,0,0,6
LHO,6,exp,1
LHE,24,13,0,6,0,25,0,0,6
LHE,25,14,0,6,0,27,0,0,6
LHO,6,kill,1,0
LHE,26,14,0,6,0,28,0,0,7
LHE,27,14,0,7,0,28,0,0,7
LHO,7,exp,1
LHE,28,15,0,7,0,29,0,0,7
LHE,29,16,0,7,0,31,0,0,7
LHO,7,kill,9,102
LHE,30,16,0,7,1,31,0,0,8
LHE,31,16,0,8,1,31,0,0,8
LHO,8,exp,10
LHE,32,17,0,8,1,32,0,0,8
LHE,33,18,0,8,1,34,0,0,8
LHO,8,kill,10,0
LHE,34,18,0,8,1,35,0,0,9
LHE,35,18,0,9,1,35,0,0,9
LHO,9,exp,10
LHE,36,19,0,9,1,36,0,0,9
LHE,37,20,0,9,1,38,0,0,9
LHO,9,kill,10,0
LHE,38,20,0,9,1,39,0,0,10
LHE,39,20,0,10,1,39,0,0,10
LHO,10,exp,10
LHE,40,21,0,10,1,40,0,0,10
LHE,41,22,0,10,1,42,0,0,10
LHO,10,kill,10,0
LHE,42,22,0,10,1,43,0,0,11
LHE,43,22,0,11,1,43,0,0,11
LHO,11,exp,10
LHE,44,23,0,11,1,44,0,0,11
LHE,45,24,0,11,1,46,0,0,11
LHO,11,kill,10,0
LHE,46,24,0,11,1,47,0,0,12
LHE,47,24,0,12,1,47,0,0,12
LHO,12,exp,10
LHE,48,25,0,12,1,48,0,0,12
LHE,49,26,0,12,1,50,0,0,12
LHO,12,kill,10,0
LHE,50,26,0,12,1,51,0,0,13
LHE,51,26,0,13,1,51,0,0,13
LHO,13,exp,10
LHE,52,27,0,13,1,52,0,0,13
LHE,53,28,0,13,1,54,0,0,13
LHO,13,kill,10,0
LHE,54,28,0,13,1,55,0,0,14
LHE,55,28,0,14,1,55,0,0,14
LHO,14,exp,10
LHE,56,29,0,14,1,56,0,0,14
LHE,57,30,0,14,1,58,0,0,14
LHO,14,kill,10,0
LHE,58,30,0,14,1,59,0,0,15
LHE,59,30,0,15,1,59,0,0,15
LHO,15,exp,10
LHE,60,31,0,15,1,60,0,0,15
LHE,61,32,0,15,1,62,0,0,15
LHO,15,kill,10,0
LHE,62,32,0,15,1,63,0,0,16
LHE,63,32,0,16,1,63,0,0,16
LHO,16,exp,10
LHE,64,33,0,16,1,64,0,0,16
LHE,65,34,0,16,1,65,0,0,16
LHO,16,kill,10,0
LHE,66,34,0,16,1,66,0,0,17
LHE,67,34,0,17,1,66,0,0,17
LHO,17,exp,10
LHE,68,35,0,17,1,67,0,0,17
LHE,69,36,0,17,1,68,0,0,17
LHO,17,kill,10,0
LHE,70,36,0,17,1,69,0,0,18
LHE,71,36,0,18,1,69,0,0,18
LHO,18,exp,10
LHE,72,37,0,18,1,70,0,0,18
LHE,73,38,0,18,1,71,0,0,18
LHO,18,kill,10,0
LHE,74,38,0,18,1,72,0,0,19
LHE,75,38,0,19,1,72,0,0,19
LHO,19,exp,10
LHE,76,39,0,19,1,73,0,0,19
LHE,77,40,0,19,1,74,0,0,19
LHO,19,kill,10,0
LHE,78,40,0,19,1,75,0,0,20
LHE,79,40,0,20,1,75,0,0,20
LHO,20,exp,10
LHE,80,41,0,20,1,76,0,0,20
LHE,81,42,0,20,1,77,0,0,20
LHO,20,kill,10,0
LHE,82,42,0,20,1,78,0,0,21
LHE,83,42,0,21,1,78,0,0,21
LHO,21,exp,10
LHE,84,43,0,21,1,79,0,0,21
LHE,85,44,0,21,1,80,0,0,21
LHO,21,kill,10,0
LHE,86,44,0,21,1,81,0,0,22
LHE,87,44,0,22,1,81,0,0,22
LHO,22,exp,10
LHE,88,45,0,22,1,82,0,0,22
LHE,89,46,0,22,1,83,0,0,22
LHO,22,kill,10,0
LHE,90,46,0,22,1,84,0,0,23
LHE,91,46,0,23,1,84,0,0,23
LHO,23,exp,10
LHE,92,47,0,23,1,85,0,0,23
LHE,93,48,0,23,1,86,0,0,23
LHO,23,kill,10,0
LHE,94,48,0,23,1,87,0,0,24
LHE,95,48,0,24,1,87,0,0,24
LHO,24,exp,10
LHE,96,49,0,24,1,88,0,0,24
LHE,97,50,0,24,1,89,0,0,24
LHO,24,kill,10,0
LHE,98,50,0,24,1,90,0,0,25
LHE,99,50,0,25,1,90,0,0,25
LHO,25,exp,10
LHE,100,51,0,25,1,91,0,0,25
LHE,101,52,0,25,1,92,0,0,25
LHO,25,kill,10,0
LHE,102,52,0,25,1,93,0,0,26
LHE,103,52,0,26,1,93,0,0,26
LHO,26,exp,10
LHE,104,53,0,26,1,94,0,0,26
LHE,105,54,0,26,1,95,0,0,26
LHO,26,kill,10,0
LHE,106,54,0,26,1,96,0,0,27
LHE,107,54,0,27,1,96,0,0,27
LHO,27,exp,10
LHE,108,55,0,27,1,97,0,0,27
LHE,109,56,0,27,1,98,0,0,27
LHO,27,kill,10,0
LHE,110,56,0,27,1,99,0,0,28
LHE,111,56,0,28,1,99,0,0,28
LHO,28,exp,10
LHE,112,57,0,28,1,100,0,0,28
LHE,113,58,0,28,1,101,0,0,28
LHO,28,kill,10,0
LHE,114,58,0,28,1,102,0,0,29
LHE,115,58,0,29,1,102,0,0,29
LHO,29,exp,10
LHE,116,59,0,29,1,103,0,0,29
LHE,117,60,0,29,1,104,0,0,29
LHO,29,kill,10,0
LHE,118,60,0,29,1,105,0,0,30
LHE,119,60,0,30,1,105,0,0,30
LHO,30,exp,10
LHE,120,61,0,30,1,106,0,0,30
LHE,121,62,0,30,1,107,0,0,30
LHO,30,kill,10,0
LHE,122,62,0,30,1,108,0,0,31
LHE,123,62,0,31,1,108,0,0,31
LHO,31,exp,10
LHE,124,63,0,31,1,109,0,0,31
LHE,125,64,0,31,1,110,0,0,31
LHO,31,kill,10,0
LHE,126,64,0,31,1,111,0,0,32
LHE,127,64,0,32,1,111,0,0,32
LHO,32,exp,-1
LHE,128,64,0,33,1,111,0,0,32
LHE,129,64,0,34,1,111,0,0,32
LHO,32,kill,-2,-99
LHE,130,64,0,35,1,111,0,0,32
LHE,131,64,0,36,1,111,0,0,32
LHO,33,exp,-1
LHE,132,64,0,37,1,111,0,0,32
LHE,133,64,0,38,1,111,0,0,32
LHO,33,kill,-2,-99
LHE,134,64,0,39,1,111,0,0,32
LHE,135,64,0,40,1,111,0,0,32
LHO,34,exp,-1
LHE,136,64,0,41,1,111,0,0,32
LHE,137,64,0,42,1,111,0,0,32
LHO,34,kill,-2,-99
LHE,138,64,0,43,1,111,0,0,32
LHE,139,64,0,44,1,111,0,0,32
LHO,35,exp,-1
LHE,140,64,0,45,1,111,0,0,32
LHE,141,64,0,46,1,111,0,0,32
LHO,35,kill,-2,-99
LHE,142,64,0,47,1,111,0,0,32
LHE,143,64,0,48,1,111,0,0,32
LHO,36,exp,-1
LHE,144,64,0,49,1,111,0,0,32
LHE,145,64,0,50,1,111,0,0,32
LHO,36,kill,-2,-99
LHE,146,64,0,51,1,111,0,0,32
LHE,147,64,0,52,1,111,0,0,32
LHO,37,exp,-1
LHE,148,64,0,53,1,111,0,0,32
LHE,149,64,0,54,1,111,0,0,32
LHO,37,kill,-2,-99
LHE,150,64,0,55,1,111,0,0,32
LHE,151,64,0,56,1,111,0,0,32
LHO,38,exp,-1
LHE,152,64,0,57,1,111,0,0,32
LHE,153,64,0,58,1,111,0,0,32
LHO,38,kill,-2,-99
LHE,154,64,0,59,1,111,0,0,32
LHE,155,64,0,60,1,111,0,0,32
LHO,39,exp,-1
LHE,156,64,0,61,1,111,0,0,32
LHE,157,64,0,62,1,111,0,0,32
LHO,39,kill,-2,-99
LHE,158,64,0,63,1,111,0,0,32
LHE,159,64,0,64,1,111,0,0,32
LHO,40,exp,-1
LHE,160,64,0,65,1,111,0,0,32
LHE,161,64,0,66,1,111,0,0,32
LHO,40,kill,-2,-99
LHE,162,64,0,67,1,111,0,0,32
LHE,163,64,0,68,1,111,0,0,32
LHO,41,exp,-1
LHE,164,64,0,69,1,111,0,0,32
LHE,165,64,0,70,1,111,0,0,32
LHO,41,kill,-2,-99
LHE,166,64,0,71,1,111,0,0,32
LHE,167,64,0,72,1,111,0,0,32
LHO,42,exp,-1
LHE,168,64,0,73,1,111,0,0,32
LHE,169,64,0,74,1,111,0,0,32
LHO,42,kill,-2,-99
LHE,170,64,0,75,1,111,0,0,32
LHE,171,64,0,76,1,111,0,0,32
LHO,43,exp,-1
LHE,172,64,0,77,1,111,0,0,32
LHE,173,64,0,78,1,111,0,0,32
LHO,43,kill,-2,-99
LHE,174,64,0,79,1,111,0,0,32
LHE,175,64,0,80,1,111,0,0,32
LHO,44,exp,-1
LHE,176,64,0,81,1,111,0,0,32
LHE,177,64,0,82,1,111,0,0,32
LHO,44,kill,-2,-99
LHE,178,64,0,83,1,111,0,0,32
LHE,179,64,0,84,1,111,0,0,32
LHO,45,exp,-1
LHE,180,64,0,85,1,111,0,0,32
LHE,181,64,0,86,1,111,0,0,32
LHO,45,kill,-2,-99
LHE,182,64,0,87,1,111,0,0,32
LHE,183,64,0,88,1,111,0,0,32
LHO,46,exp,-1
LHE,184,64,0,89,1,111,0,0,32
LHE,185,64,0,90,1,111,0,0,32
LHO,46,kill,-2,-99
LHE,186,64,0,91,1,111,0,0,32
LHE,187,64,0,92,1,111,0,0,32
LHO,47,exp,-1
LHE,188,64,0,93,1,111,0,0,32
LHE,189,64,0,94,1,111,0,0,32
LHO,47,kill,-2,-99
LHE,190,64,0,95,1,111,0,0,32
LHE,191,64,0,96,1,111,0,0,32
LHO,48,exp,-1
LHE,192,64,0,97,1,111,0,0,32
LHE,193,64,0,98,1,111,0,0,32
LHO,48,kill,-2,-99
LHE,194,64,0,99,1,111,0,0,32
LHE,195,64,0,100,1,111,0,0,32
LHO,49,exp,-1
LHE,196,64,0,101,1,111,0,0,32
LHE,197,64,0,102,1,111,0,0,32
LHO,49,kill,-2,-99
LHE,198,64,0,103,1,111,0,0,32
LHE,199,64,0,104,1,111,0,0,32
LHO,50,exp,-1
LHE,200,64,0,105,1,111,0,0,32
LHE,201,64,0,106,1,111,0,0,32
LHO,50,kill,-2,-99
LHE,202,64,0,107,1,111,0,0,32
LHE,203,64,0,108,1,111,0,0,32
LHO,51,exp,-1
LHE,204,64,0,109,1,111,0,0,32
LHE,205,64,0,110,1,111,0,0,32
LHO,51,kill,-2,-99
LHE,206,64,0,111,1,111,0,0,32
LHE,207,64,0,112,1,111,0,0,32
LHO,52,exp,-1
LHE,208,64,0,113,1,111,0,0,32
LHE,209,64,0,114,1,111,0,0,32
LHO,52,kill,-2,-99
LHE,210,64,0,115,1,111,0,0,32
LHE,211,64,0,116,1,111,0,0,32
LHO,53,exp,-1
LHE,212,64,0,117,1,111,0,0,32
LHE,213,64,0,118,1,111,0,0,32
LHO,53,kill,-2,-99
LHE,214,64,0,119,1,111,0,0,32
LHE,215,64,0,120,1,111,0,0,32
LHO,54,exp,-1
LHE,216,64,0,121,1,111,0,0,32
LHE,217,64,0,122,1,111,0,0,32
LHO,54,kill,-2,-99
LHE,218,64,0,123,1,111,0,0,32
LHE,219,64,0,124,1,111,0,0,32
LHO,55,exp,-1
LHE,220,64,0,125,1,111,0,0,32
LHE,221,64,0,126,1,111,0,0,32
LHO,55,kill,-2,-99
LHE,222,64,0,127,1,111,0,0,32
LHE,223,64,0,128,1,111,0,0,32
LHO,56,exp,-1
LHE,224,64,0,129,1,111,0,0,32
LHE,225,64,0,130,1,111,0,0,32
LHO,56,kill,-2,-99
LHE,226,64,0,131,1,111,0,0,32
LHE,227,64,0,132,1,111,0,0,32
LHO,57,exp,-1
LHE,228,64,0,133,1,111,0,0,32
LHE,229,64,0,134,1,111,0,0,32
LHO,57,kill,-2,-99
LHE,230,64,0,135,1,111,0,0,32
LHE,231,64,0,136,1,111,0,0,32
LHO,58,exp,-1
LHE,232,64,0,137,1,111,0,0,32
LHE,233,64,0,138,1,111,0,0,32
LHO,58,kill,-2,-99
LHE,234,64,0,139,1,111,0,0,32
LHE,235,64,0,140,1,111,0,0,32
LHO,59,exp,-1
LHE,236,64,0,141,1,111,0,0,32
LHE,237,64,0,142,1,111,0,0,32
LHO,59,kill,-2,-99
LHE,238,64,0,143,1,111,0,0,32
LHE,239,64,0,144,1,111,0,0,32
LHO,60,exp,-1
LHE,240,64,0,145,1,111,0,0,32
LHE,241,64,0,146,1,111,0,0,32
LHO,60,kill,-2,-99
LHE,242,64,0,147,1,111,0,0,32
LHE,243,64,0,148,1,111,0,0,32
LHO,61,exp,-1
LHE,244,64,0,149,1,111,0,0,32
LHE,245,64,0,150,1,111,0,0,32
LHO,61,kill,-2,-99
LHE,246,64,0,151,1,111,0,0,32
LHE,247,64,0,152,1,111,0,0,32
LHO,62,exp,-1
LHE,248,64,0,153,1,111,0,0,32
LHE,249,64,0,154,1,111,0,0,32
LHO,62,kill,-2,-99
LHE,250,64,0,155,1,111,0,0,32
LHE,251,64,0,156,1,111,0,0,32
LHO,63,exp,-1
LHE,252,64,0,157,1,111,0,0,32
LHE,253,64,0,158,1,111,0,0,32
LHO,63,kill,-2,-99
LHE,254,64,0,159,1,111,0,0,32
LHE,255,64,0,160,1,111,0,0,32
LHO,64,exp,-1
LHE,256,64,0,161,1,111,0,0,32
LHE,257,64,0,162,1,111,0,0,32
LHO,64,kill,-2,-99
LHE,258,64,0,163,1,111,0,0,32
LHE,259,64,0,164,1,111,0,0,32
LHO,65,exp,-1
LHE,260,64,0,165,1,111,0,0,32
LHE,261,64,0,166,1,111,0,0,32
LHO,65,kill,-2,-99
LHE,262,64,0,167,1,111,0,0,32
LHE,263,64,0,168,1,111,0,0,32
LHO,66,exp,-1
LHE,264,64,0,169,1,111,0,0,32
LHE,265,64,0,170,1,111,0,0,32
LHO,66,kill,-2,-99
LHE,266,64,0,171,1,111,0,0,32
LHE,267,64,0,172,1,111,0,0,32
LHO,67,exp,-1
LHE,268,64,0,173,1,111,0,0,32
LHE,269,64,0,174,1,111,0,0,32
LHO,67,kill,-2,-99
LHE,270,64,0,175,1,111,0,0,32
LHE,271,64,0,176,1,111,0,0,32
LHO,68,exp,-1
LHE,272,64,0,177,1,111,0,0,32
LHE,273,64,0,178,1,111,0,0,32
LHO,68,kill,-2,-99
LHE,274,64,0,179,1,111,0,0,32
LHE,275,64,0,180,1,111,0,0,32
LHO,69,exp,-1
LHE,276,64,0,181,1,111,0,0,32
LHE,277,64,0,182,1,111,0,0,32
LHO,69,kill,-2,-99
LHE,278,64,0,183,1,111,0,0,32
LHE,279,64,0,184,1,111,0,0,32
LHO,70,exp,-1
LHE,280,64,0,185,1,111,0,0,32
LHE,281,64,0,186,1,111,0,0,32
LHO,70,kill,-2,-99
LHE,282,64,0,187,1,111,0,0,32
LHE,283,64,0,188,1,111,0,0,32
LHO,71,exp,-1
LHE,284,64,0,189,1,111,0,0,32
LHE,285,64,0,190,1,111,0,0,32
LHO,71,kill,-2,-99
LHE,286,64,0,191,1,111,0,0,32
LHE,287,64,0,192,1,111,0,0,32
LHO,72,exp,-1
LHE,288,64,0,193,1,111,0,0,32
LHE,289,64,0,194,1,111,0,0,32
LHO,72,kill,-2,-99
LHE,290,64,0,195,1,111,0,0,32
LHE,291,64,0,196,1,111,0,0,32
LHO,73,exp,-1
LHE,292,64,0,197,1,111,0,0,32
LHE,293,64,0,198,1,111,0,0,32
LHO,73,kill,-2,-99
LHE,294,64,0,199,1,111,0,0,32
LHE,295,64,0,200,1,111,0,0,32
LHO,74,exp,-1
LHE,296,64,0,201,1,111,0,0,32
LHE,297,64,0,202,1,111,0,0,32
LHO,74,kill,-2,-99
LHE,298,64,0,203,1,111,0,0,32
LHE,299,64,0,204,1,111,0,0,32
LH_DONE
