LHE,0,1,0,0,0,1,0,0,0
LHE,1,2,0,0,0,3,0,0,0
LHE,2,2,0,0,0,4,0,0,1
LHE,3,2,0,1,0,4,0,0,1
LHE,4,3,0,1,0,5,0,0,1
LHE,5,4,0,1,0,7,0,0,1
LHE,6,4,0,1,0,8,0,0,2
LHE,7,4,0,2,0,8,0,0,2
LHE,8,5,0,2,0,9,0,0,2
LHE,9,6,0,2,0,11,0,0,2
LHE,10,6,0,2,0,12,0,0,3
LHE,11,6,0,3,0,12,0,0,3
LHE,12,7,0,3,0,13,0,0,3
LHE,13,8,0,3,0,15,0,0,3
LHE,14,8,0,3,0,16,0,0,4
LHE,15,8,0,4,0,16,0,0,4
LHE,16,9,0,4,0,17,0,0,4
LHE,17,10,0,4,0,19,0,0,4
LHE,18,10,0,4,0,20,0,0,5
LHE,19,10,0,5,0,20,0,0,5
LHE,20,11,0,5,0,21,0,0,5
LHE,21,12,0,5,0,23,0,0,5
LHE,22,12,0,5,0,24,0,0,6
LHE,23,12,0,6,0,24,0,0,6
LHE,24,13,0,6,0,25,0,0,6
LHE,25,14,0,6,0,27,0,0,6
LHE,26,14,0,6,0,28,0,0,7
LHE,27,14,0,7,0,28,0,0,7
LHE,28,15,0,7,0,29,0,0,7
LHE,29,16,0,7,0,31,0,0,7
LHE,30,16,0,7,0,32,0,0,8
LHE,31,16,0,8,0,32,0,0,8
LHE,32,17,0,8,0,33,0,0,8
LHE,33,18,0,8,0,35,0,0,8
LHE,34,18,0,8,0,36,0,0,9
LHE,35,18,0,9,0,36,0,0,9
LHE,36,19,0,9,0,37,0,0,9
LHE,37,20,0,9,0,39,0,0,9
LHE,38,20,0,9,0,40,0,0,10
LHE,39,20,0,10,0,40,0,0,10
LHE,40,21,0,10,0,41,0,0,10
LHE,41,22,0,10,0,43,0,0,10
LHE,42,22,0,10,0,44,0,0,11
LHE,43,22,0,11,0,44,0,0,11
LHE,44,23,0,11,0,45,0,0,11
LHE,45,24,0,11,0,47,0,0,11
LHE,46,24,0,11,0,48,0,0,12
LHE,47,24,0,12,0,48,0,0,12
LHE,48,25,0,12,0,49,0,0,12
LHE,49,26,0,12,0,51,0,0,12
LHE,50,26,0,12,0,52,0,0,13
LHE,51,26,0,13,0,52,0,0,13
LHE,52,27,0,13,0,53,0,0,13
LHE,53,28,0,13,0,55,0,0,13
LHE,54,28,0,13,0,56,0,0,14
LHE,55,28,0,14,0,56,0,0,14
LHE,56,29,0,14,0,57,0,0,14
LHE,57,30,0,14,0,59,0,0,14
LHE,58,30,0,14,0,60,0,0,15
LHE,59,30,0,15,0,60,0,0,15
LHE,60,31,0,15,0,61,0,0,15
LHE,61,32,0,15,0,63,0,0,15
LHE,62,32,0,15,0,64,0,0,16
LHE,63,32,0,16,0,64,0,0,16
LHE,64,33,0,16,0,65,0,0,16
LHE,65,34,0,16,0,66,0,0,16
LHE,66,34,0,16,0,67,0,0,17
LHE,67,34,0,17,0,67,0,0,17
LHE,68,35,0,17,0,68,0,0,17
LHE,69,36,0,17,0,69,0,0,17
LHE,70,36,0,17,0,70,0,0,18
LHE,71,36,0,18,0,70,0,0,18
LHE,72,37,0,18,0,71,0,0,18
LHE,73,38,0,18,0,72,0,0,18
LHE,74,38,0,18,0,73,0,0,19
LHE,75,38,0,19,0,73,0,0,19
LHE,76,39,0,19,0,74,0,0,19
LHE,77,40,0,19,0,75,0,0,19
LHE,78,40,0,19,0,76,0,0,20
LHE,79,40,0,20,0,76,0,0,20
LHE,80,41,0,20,0,77,0,0,20
LHE,81,42,0,20,0,78,0,0,20
LHE,82,42,0,20,0,79,0,0,21
LHE,83,42,0,21,0,79,0,0,21
LHE,84,43,0,21,0,80,0,0,21
LHE,85,44,0,21,0,81,0,0,21
LHE,86,44,0,21,0,82,0,0,22
LHE,87,44,0,22,0,82,0,0,22
LHE,88,45,0,22,0,83,0,0,22
LHE,89,46,0,22,0,84,0,0,22
LHE,90,46,0,22,0,85,0,0,23
LHE,91,46,0,23,0,85,0,0,23
LHE,92,47,0,23,0,86,0,0,23
LHE,93,48,0,23,0,87,0,0,23
LHE,94,48,0,23,0,88,0,0,24
LHE,95,48,0,24,0,88,0,0,24
LHE,96,49,0,24,0,89,0,0,24
LHE,97,50,0,24,0,90,0,0,24
LHE,98,50,0,24,0,91,0,0,25
LHE,99,50,0,25,0,91,0,0,25
LHE,100,51,0,25,0,92,0,0,25
LHE,101,52,0,25,0,93,0,0,25
LHE,102,52,0,25,0,94,0,0,26
LHE,103,52,0,26,0,94,0,0,26
LHE,104,53,0,26,0,95,0,0,26
LHE,105,54,0,26,0,96,0,0,26
LHE,106,54,0,26,0,97,0,0,27
LHE,107,54,0,27,0,97,0,0,27
LHE,108,55,0,27,0,98,0,0,27
LHE,109,56,0,27,0,99,0,0,27
LHE,110,56,0,27,0,100,0,0,28
LHE,111,56,0,28,0,100,0,0,28
LHE,112,56,0,29,0,100,0,0,28
LHE,113,56,0,30,0,100,0,0,28
LHE,114,56,0,31,0,100,0,0,28
LHE,115,56,0,32,0,100,0,0,28
LHE,116,56,0,33,0,100,0,0,28
LHE,117,56,0,34,0,100,0,0,28
LHE,118,56,0,35,0,100,0,0,28
LHE,119,56,0,36,0,100,0,0,28
LHE,120,56,0,37,0,100,0,0,28
LHE,121,56,0,38,0,100,0,0,28
LHE,122,56,0,39,0,100,0,0,28
LHE,123,56,0,40,0,100,0,0,28
LHE,124,56,0,41,0,100,0,0,28
LHE,125,56,0,42,0,100,0,0,28
LHE,126,56,0,43,0,100,0,0,28
LHE,127,56,0,44,0,100,0,0,28
LHE,128,56,0,45,0,100,0,0,28
LHE,129,56,0,46,0,100,0,0,28
LHE,130,56,0,47,0,100,0,0,28
LHE,131,56,0,48,0,100,0,0,28
LHE,132,56,0,49,0,100,0,0,28
LHE,133,56,0,50,0,100,0,0,28
LHE,134,56,0,51,0,100,0,0,28
LHE,135,56,0,52,0,100,0,0,28
LHE,136,56,0,53,0,100,0,0,28
LHE,137,56,0,54,0,100,0,0,28
LHE,138,56,0,55,0,100,0,0,28
LHE,139,56,0,56,0,100,0,0,28
LHE,140,56,0,57,0,100,0,0,28
LHE,141,56,0,58,0,100,0,0,28
LHE,142,56,0,59,0,100,0,0,28
LHE,143,56,0,60,0,100,0,0,28
LHE,144,56,0,61,0,100,0,0,28
LHE,145,56,0,62,0,100,0,0,28
LHE,146,56,0,63,0,100,0,0,28
LHE,147,56,0,64,0,100,0,0,28
LHE,148,56,0,65,0,100,0,0,28
LHE,149,56,0,66,0,100,0,0,28
LHE,150,56,0,67,0,100,0,0,28
LHE,151,56,0,68,0,100,0,0,28
LHE,152,56,0,69,0,100,0,0,28
LHE,153,56,0,70,0,100,0,0,28
LHE,154,56,0,71,0,100,0,0,28
LHE,155,56,0,72,0,100,0,0,28
LHE,156,56,0,73,0,100,0,0,28
LHE,157,56,0,74,0,100,0,0,28
LHE,158,56,0,75,0,100,0,0,28
LHE,159,56,0,76,0,100,0,0,28
LHE,160,56,0,77,0,100,0,0,28
LHE,161,56,0,78,0,100,0,0,28
LHE,162,56,0,79,0,100,0,0,28
LHE,163,56,0,80,0,100,0,0,28
LHE,164,56,0,81,0,100,0,0,28
LHE,165,56,0,82,0,100,0,0,28
LHE,166,56,0,83,0,100,0,0,28
LHE,167,56,0,84,0,100,0,0,28
LHE,168,56,0,85,0,100,0,0,28
LHE,169,56,0,86,0,100,0,0,28
LHE,170,56,0,87,0,100,0,0,28
LHE,171,56,0,88,0,100,0,0,28
LHE,172,56,0,89,0,100,0,0,28
LHE,173,56,0,90,0,100,0,0,28
LHE,174,56,0,91,0,100,0,0,28
LHE,175,56,0,92,0,100,0,0,28
LHE,176,56,0,93,0,100,0,0,28
LHE,177,56,0,94,0,100,0,0,28
LHE,178,56,0,95,0,100,0,0,28
LHE,179,56,0,96,0,100,0,0,28
LHE,180,56,0,97,0,100,0,0,28
LHE,181,56,0,98,0,100,0,0,28
LHE,182,56,0,99,0,100,0,0,28
LHE,183,56,0,100,0,100,0,0,28
LHE,184,56,0,101,0,100,0,0,28
LHE,185,56,0,102,0,100,0,0,28
LHE,186,56,0,103,0,100,0,0,28
LHE,187,56,0,104,0,100,0,0,28
LHE,188,56,0,105,0,100,0,0,28
LHE,189,56,0,106,0,100,0,0,28
LHE,190,56,0,107,0,100,0,0,28
LHE,191,56,0,108,0,100,0,0,28
LHE,192,56,0,109,0,100,0,0,28
LHE,193,56,0,110,0,100,0,0,28
LHE,194,56,0,111,0,100,0,0,28
LHE,195,56,0,112,0,100,0,0,28
LHE,196,56,0,113,0,100,0,0,28
LHE,197,56,0,114,0,100,0,0,28
LHE,198,56,0,115,0,100,0,0,28
LHE,199,56,0,116,0,100,0,0,28
LHE,200,56,0,117,0,100,0,0,28
LHE,201,56,0,118,0,100,0,0,28
LHE,202,56,0,119,0,100,0,0,28
LHE,203,56,0,120,0,100,0,0,28
LHE,204,56,0,121,0,100,0,0,28
LHE,205,56,0,122,0,100,0,0,28
LHE,206,56,0,123,0,100,0,0,28
LHE,207,56,0,124,0,100,0,0,28
LHE,208,56,0,125,0,100,0,0,28
LHE,209,56,0,126,0,100,0,0,28
LHE,210,56,0,127,0,100,0,0,28
LHE,211,56,0,128,0,100,0,0,28
LHE,212,56,0,129,0,100,0,0,28
LHE,213,56,0,130,0,100,0,0,28
LHE,214,56,0,131,0,100,0,0,28
LHE,215,56,0,132,0,100,0,0,28
LHE,216,56,0,133,0,100,0,0,28
LHE,217,56,0,134,0,100,0,0,28
LHE,218,56,0,135,0,100,0,0,28
LHE,219,56,0,136,0,100,0,0,28
LHE,220,56,0,137,0,100,0,0,28
LHE,221,56,0,138,0,100,0,0,28
LHE,222,56,0,139,0,100,0,0,28
LHE,223,56,0,140,0,100,0,0,28
LHE,224,56,0,141,0,100,0,0,28
LHE,225,56,0,142,0,100,0,0,28
LHE,226,56,0,143,0,100,0,0,28
LHE,227,56,0,144,0,100,0,0,28
LHE,228,56,0,145,0,100,0,0,28
LHE,229,56,0,146,0,100,0,0,28
LHE,230,56,0,147,0,100,0,0,28
LHE,231,56,0,148,0,100,0,0,28
LHE,232,56,0,149,0,100,0,0,28
LHE,233,56,0,150,0,100,0,0,28
LHE,234,56,0,151,0,100,0,0,28
LHE,235,56,0,152,0,100,0,0,28
LHE,236,56,0,153,0,100,0,0,28
LHE,237,56,0,154,0,100,0,0,28
LHE,238,56,0,155,0,100,0,0,28
LHE,239,56,0,156,0,100,0,0,28
LHE,240,56,0,157,0,100,0,0,28
LHE,241,56,0,158,0,100,0,0,28
LHE,242,56,0,159,0,100,0,0,28
LHE,243,56,0,160,0,100,0,0,28
LHE,244,56,0,161,0,100,0,0,28
LHE,245,56,0,162,0,100,0,0,28
LHE,246,56,0,163,0,100,0,0,28
LHE,247,56,0,164,0,100,0,0,28
LHE,248,56,0,165,0,100,0,0,28
LHE,249,56,0,166,0,100,0,0,28
LHE,250,56,0,167,0,100,0,0,28
LHE,251,56,0,168,0,100,0,0,28
LHE,252,56,0,169,0,100,0,0,28
LHE,253,56,0,170,0,100,0,0,28
LHE,254,56,0,171,0,100,0,0,28
LHE,255,56,0,172,0,100,0,0,28
LHE,256,56,0,173,0,100,0,0,28
LHE,257,56,0,174,0,100,0,0,28
LHE,258,56,0,175,0,100,0,0,28
LHE,259,56,0,176,0,100,0,0,28
LHE,260,56,0,177,0,100,0,0,28
LHE,261,56,0,178,0,100,0,0,28
LHE,262,56,0,179,0,100,0,0,28
LHE,263,56,0,180,0,100,0,0,28
LHE,264,56,0,181,0,100,0,0,28
LHE,265,56,0,182,0,100,0,0,28
LHE,266,56,0,183,0,100,0,0,28
LHE,267,56,0,184,0,100,0,0,28
LHE,268,56,0,185,0,100,0,0,28
LHE,269,56,0,186,0,100,0,0,28
LHE,270,56,0,187,0,100,0,0,28
LHE,271,56,0,188,0,100,0,0,28
LHE,272,56,0,189,0,100,0,0,28
LHE,273,56,0,190,0,100,0,0,28
LHE,274,56,0,191,0,100,0,0,28
LHE,275,56,0,192,0,100,0,0,28
LHE,276,56,0,193,0,100,0,0,28
LHE,277,56,0,194,0,100,0,0,28
LHE,278,56,0,195,0,100,0,0,28
LHE,279,56,0,196,0,100,0,0,28
LHE,280,56,0,197,0,100,0,0,28
LHE,281,56,0,198,0,100,0,0,28
LHE,282,56,0,199,0,100,0,0,28
LHE,283,56,0,200,0,100,0,0,28
LHE,284,56,0,201,0,100,0,0,28
LHE,285,56,0,202,0,100,0,0,28
LHE,286,56,0,203,0,100,0,0,28
LHE,287,56,0,204,0,100,0,0,28
LHE,288,56,0,205,0,100,0,0,28
LHE,289,56,0,206,0,100,0,0,28
LHE,290,56,0,207,0,100,0,0,28
LHE,291,56,0,208,0,100,0,0,28
LHE,292,56,0,209,0,100,0,0,28
LHE,293,56,0,210,0,100,0,0,28
LHE,294,56,0,211,0,100,0,0,28
LHE,295,56,0,212,0,100,0,0,28
LHE,296,56,0,213,0,100,0,0,28
LHE,297,56,0,214,0,100,0,0,28
LHE,298,56,0,215,0,100,0,0,28
LHE,299,56,0,216,0,100,0,0,28
LHE,300,56,0,217,0,100,0,0,28
LHE,301,56,0,218,0,100,0,0,28
LHE,302,56,0,219,0,100,0,0,28
LHE,303,56,0,220,0,100,0,0,28
LHE,304,56,0,221,0,100,0,0,28
LHE,305,56,0,222,0,100,0,0,28
LHE,306,56,0,223,0,100,0,0,28
LHE,307,56,0,224,0,100,0,0,28
LHE,308,56,0,225,0,100,0,0,28
LHE,309,56,0,226,0,100,0,0,28
LHE,310,56,0,227,0,100,0,0,28
LHE,311,56,0,228,0,100,0,0,28
LHE,312,56,0,229,0,100,0,0,28
LHE,313,56,0,230,0,100,0,0,28
LHE,314,56,0,231,0,100,0,0,28
LHE,315,56,0,232,0,100,0,0,28
LHE,316,56,0,233,0,100,0,0,28
LHE,317,56,0,234,0,100,0,0,28
LHE,318,56,0,235,0,100,0,0,28
LHE,319,56,0,236,0,100,0,0,28
LHE,320,56,0,237,0,100,0,0,28
LHE,321,56,0,238,0,100,0,0,28
LHE,322,56,0,239,0,100,0,0,28
LHE,323,56,0,240,0,100,0,0,28
LHE,324,56,0,241,0,100,0,0,28
LHE,325,56,0,242,0,100,0,0,28
LHE,326,56,0,243,0,100,0,0,28
LHE,327,56,0,244,0,100,0,0,28
LHE,328,56,0,245,0,100,0,0,28
LHE,329,56,0,246,0,100,0,0,28
LHE,330,56,0,247,0,100,0,0,28
LHE,331,56,0,248,0,100,0,0,28
LHE,332,56,0,249,0,100,0,0,28
LHE,333,56,0,250,0,100,0,0,28
LHE,334,56,0,251,0,100,0,0,28
LHE,335,56,0,252,0,100,0,0,28
LHE,336,56,0,253,0,100,0,0,28
LHE,337,56,0,254,0,100,0,0,28
LHE,338,56,0,255,0,100,0,0,28
LHE,339,56,0,256,0,100,0,0,28
LHE,340,56,0,257,0,100,0,0,28
LHE,341,56,0,258,0,100,0,0,28
LHE,342,56,0,259,0,100,0,0,28
LHE,343,56,0,260,0,100,0,0,28
LHE,344,56,0,261,0,100,0,0,28
LHE,345,56,0,262,0,100,0,0,28
LHE,346,56,0,263,0,100,0,0,28
LHE,347,56,0,264,0,100,0,0,28
LHE,348,56,0,265,0,100,0,0,28
LHE,349,56,0,266,0,100,0,0,28
LHE,350,56,0,267,0,100,0,0,28
LHE,351,56,0,268,0,100,0,0,28
LHE,352,56,0,269,0,100,0,0,28
LHE,353,56,0,270,0,100,0,0,28
LHE,354,56,0,271,0,100,0,0,28
LHE,355,56,0,272,0,100,0,0,28
LHE,356,56,0,273,0,100,0,0,28
LHE,357,56,0,274,0,100,0,0,28
LHE,358,56,0,275,0,100,0,0,28
LHE,359,56,0,276,0,100,0,0,28
LHE,360,56,0,277,0,100,0,0,28
LHE,361,56,0,278,0,100,0,0,28
LHE,362,56,0,279,0,100,0,0,28
LHE,363,56,0,280,0,100,0,0,28
LHE,364,56,0,281,0,100,0,0,28
LHE,365,56,0,282,0,100,0,0,28
LHE,366,56,0,283,0,100,0,0,28
LHE,367,56,0,284,0,100,0,0,28
LHE,368,56,0,285,0,100,0,0,28
LHE,369,56,0,286,0,100,0,0,28
LHE,370,56,0,287,0,100,0,0,28
LHE,371,56,0,288,0,100,0,0,28
LHE,372,56,0,289,0,100,0,0,28
LHE,373,56,0,290,0,100,0,0,28
LHE,374,56,0,291,0,100,0,0,28
LHE,375,56,0,292,0,100,0,0,28
LHE,376,56,0,293,0,100,0,0,28
LHE,377,56,0,294,0,100,0,0,28
LHE,378,56,0,295,0,100,0,0,28
LHE,379,56,0,296,0,100,0,0,28
LHE,380,56,0,297,0,100,0,0,28
LHE,381,56,0,298,0,100,0,0,28
LHE,382,56,0,299,0,100,0,0,28
LHE,383,56,0,300,0,100,0,0,28
LHE,384,56,0,301,0,100,0,0,28
LHE,385,56,0,302,0,100,0,0,28
LHE,386,56,0,303,0,100,0,0,28
LHE,387,56,0,304,0,100,0,0,28
LHE,388,56,0,305,0,100,0,0,28
LHE,389,56,0,306,0,100,0,0,28
LHE,390,56,0,307,0,100,0,0,28
LHE,391,56,0,308,0,100,0,0,28
LHE,392,56,0,309,0,100,0,0,28
LHE,393,56,0,310,0,100,0,0,28
LHE,394,56,0,311,0,100,0,0,28
LHE,395,56,0,312,0,100,0,0,28
LHE,396,56,0,313,0,100,0,0,28
LHE,397,56,0,314,0,100,0,0,28
LHE,398,56,0,315,0,100,0,0,28
LHE,399,56,0,316,0,100,0,0,28
LHE,400,56,0,317,0,100,0,0,28
LHE,401,56,0,318,0,100,0,0,28
LHE,402,56,0,319,0,100,0,0,28
LHE,403,56,0,320,0,100,0,0,28
LHE,404,56,0,321,0,100,0,0,28
LHE,405,56,0,322,0,100,0,0,28
LHE,406,56,0,323,0,100,0,0,28
LHE,407,56,0,324,0,100,0,0,28
LHE,408,56,0,325,0,100,0,0,28
LHE,409,56,0,326,0,100,0,0,28
LHE,410,56,0,327,0,100,0,0,28
LHE,411,56,0,328,0,100,0,0,28
LHE,412,56,0,329,0,100,0,0,28
LHE,413,56,0,330,0,100,0,0,28
LHE,414,56,0,331,0,100,0,0,28
LHE,415,56,0,332,0,100,0,0,28
LHE,416,56,0,333,0,100,0,0,28
LHE,417,56,0,334,0,100,0,0,28
LHE,418,56,0,335,0,100,0,0,28
LHE,419,56,0,336,0,100,0,0,28
LHE,420,56,0,337,0,100,0,0,28
LHE,421,56,0,338,0,100,0,0,28
LHE,422,56,0,339,0,100,0,0,28
LHE,423,56,0,340,0,100,0,0,28
LHE,424,56,0,341,0,100,0,0,28
LHE,425,56,0,342,0,100,0,0,28
LHE,426,56,0,343,0,100,0,0,28
LHE,427,56,0,344,0,100,0,0,28
LHE,428,56,0,345,0,100,0,0,28
LHE,429,56,0,346,0,100,0,0,28
LHE,430,56,0,347,0,100,0,0,28
LHE,431,56,0,348,0,100,0,0,28
LHE,432,56,0,349,0,100,0,0,28
LHE,433,56,0,350,0,100,0,0,28
LHE,434,56,0,351,0,100,0,0,28
LHE,435,56,0,352,0,100,0,0,28
LHE,436,56,0,353,0,100,0,0,28
LHE,437,56,0,354,0,100,0,0,28
LHE,438,56,0,355,0,100,0,0,28
LHE,439,56,0,356,0,100,0,0,28
LHE,440,56,0,357,0,100,0,0,28
LHE,441,56,0,358,0,100,0,0,28
LHE,442,56,0,359,0,100,0,0,28
LHE,443,56,0,360,0,100,0,0,28
LHE,444,56,0,361,0,100,0,0,28
LHE,445,56,0,362,0,100,0,0,28
LHE,446,56,0,363,0,100,0,0,28
LHE,447,56,0,364,0,100,0,0,28
LHE,448,56,0,365,0,100,0,0,28
LHE,449,56,0,366,0,100,0,0,28
LHE,450,56,0,367,0,100,0,0,28
LHE,451,56,0,368,0,100,0,0,28
LHE,452,56,0,369,0,100,0,0,28
LHE,453,56,0,370,0,100,0,0,28
LHE,454,56,0,371,0,100,0,0,28
LHE,455,56,0,372,0,100,0,0,28
LHE,456,56,0,373,0,100,0,0,28
LHE,457,56,0,374,0,100,0,0,28
LHE,458,56,0,375,0,100,0,0,28
LHE,459,56,0,376,0,100,0,0,28
LHE,460,56,0,377,0,100,0,0,28
LHE,461,56,0,378,0,100,0,0,28
LHE,462,56,0,379,0,100,0,0,28
LHE,463,56,0,380,0,100,0,0,28
LHE,464,56,0,381,0,100,0,0,28
LHE,465,56,0,382,0,100,0,0,28
LHE,466,56,0,383,0,100,0,0,28
LHE,467,56,0,384,0,100,0,0,28
LHE,468,56,0,385,0,100,0,0,28
LHE,469,56,0,386,0,100,0,0,28
LHE,470,56,0,387,0,100,0,0,28
LHE,471,56,0,388,0,100,0,0,28
LHE,472,56,0,389,0,100,0,0,28
LHE,473,56,0,390,0,100,0,0,28
LHE,474,56,0,391,0,100,0,0,28
LHE,475,56,0,392,0,100,0,0,28
LHE,476,56,0,393,0,100,0,0,28
LHE,477,56,0,394,0,100,0,0,28
LHE,478,56,0,395,0,100,0,0,28
LHE,479,56,0,396,0,100,0,0,28
LHE,480,56,0,397,0,100,0,0,28
LHE,481,56,0,398,0,100,0,0,28
LHE,482,56,0,399,0,100,0,0,28
LHE,483,56,0,400,0,100,0,0,28
LHE,484,56,0,401,0,100,0,0,28
LHE,485,56,0,402,0,100,0,0,28
LHE,486,56,0,403,0,100,0,0,28
LHE,487,56,0,404,0,100,0,0,28
LHE,488,56,0,405,0,100,0,0,28
LHE,489,56,0,406,0,100,0,0,28
LHE,490,56,0,407,0,100,0,0,28
LHE,491,56,0,408,0,100,0,0,28
LHE,492,56,0,409,0,100,0,0,28
LHE,493,56,0,410,0,100,0,0,28
LHE,494,56,0,411,0,100,0,0,28
LHE,495,56,0,412,0,100,0,0,28
LHE,496,56,0,413,0,100,0,0,28
LHE,497,56,0,414,0,100,0,0,28
LHE,498,56,0,415,0,100,0,0,28
LHE,499,56,0,416,0,100,0,0,28
LHE,500,56,0,417,0,100,0,0,28
LHE,501,56,0,418,0,100,0,0,28
LHE,502,56,0,419,0,100,0,0,28
LHE,503,56,0,420,0,100,0,0,28
LHE,504,56,0,421,0,100,0,0,28
LHE,505,56,0,422,0,100,0,0,28
LHE,506,56,0,423,0,100,0,0,28
LHE,507,56,0,424,0,100,0,0,28
LHE,508,56,0,425,0,100,0,0,28
LHE,509,56,0,426,0,100,0,0,28
LHE,510,56,0,427,0,100,0,0,28
LHE,511,56,0,428,0,100,0,0,28
LHE,512,56,0,429,0,100,0,0,28
LHE,513,56,0,430,0,100,0,0,28
LHE,514,56,0,431,0,100,0,0,28
LHE,515,56,0,432,0,100,0,0,28
LHE,516,56,0,433,0,100,0,0,28
LHE,517,56,0,434,0,100,0,0,28
LHE,518,56,0,435,0,100,0,0,28
LHE,519,56,0,436,0,100,0,0,28
LHE,520,56,0,437,0,100,0,0,28
LHE,521,56,0,438,0,100,0,0,28
LHE,522,56,0,439,0,100,0,0,28
LHE,523,56,0,440,0,100,0,0,28
LHE,524,56,0,441,0,100,0,0,28
LHE,525,56,0,442,0,100,0,0,28
LHE,526,56,0,443,0,100,0,0,28
LHE,527,56,0,444,0,100,0,0,28
LHE,528,56,0,445,0,100,0,0,28
LHE,529,56,0,446,0,100,0,0,28
LHE,530,56,0,447,0,100,0,0,28
LHE,531,56,0,448,0,100,0,0,28
LHE,532,56,0,449,0,100,0,0,28
LHE,533,56,0,450,0,100,0,0,28
LHE,534,56,0,451,0,100,0,0,28
LHE,535,56,0,452,0,100,0,0,28
LHE,536,56,0,453,0,100,0,0,28
LHE,537,56,0,454,0,100,0,0,28
LHE,538,56,0,455,0,100,0,0,28
LHE,539,56,0,456,0,100,0,0,28
LHE,540,56,0,457,0,100,0,0,28
LHE,541,56,0,458,0,100,0,0,28
LHE,542,56,0,459,0,100,0,0,28
LHE,543,56,0,460,0,100,0,0,28
LHE,544,56,0,461,0,100,0,0,28
LHE,545,56,0,462,0,100,0,0,28
LHE,546,56,0,463,0,100,0,0,28
LHE,547,56,0,464,0,100,0,0,28
LHE,548,56,0,465,0,100,0,0,28
LHE,549,56,0,466,0,100,0,0,28
LHE,550,56,0,467,0,100,0,0,28
LHE,551,56,0,468,0,100,0,0,28
LHE,552,56,0,469,0,100,0,0,28
LHE,553,56,0,470,0,100,0,0,28
LHE,554,56,0,471,0,100,0,0,28
LHE,555,56,0,472,0,100,0,0,28
LHE,556,56,0,473,0,100,0,0,28
LHE,557,56,0,474,0,100,0,0,28
LHE,558,56,0,475,0,100,0,0,28
LHE,559,56,0,476,0,100,0,0,28
LHE,560,56,0,477,0,100,0,0,28
LHE,561,56,0,478,0,100,0,0,28
LHE,562,56,0,479,0,100,0,0,28
LHE,563,56,0,480,0,100,0,0,28
LHE,564,56,0,481,0,100,0,0,28
LHE,565,56,0,482,0,100,0,0,28
LHE,566,56,0,483,0,100,0,0,28
LHE,567,56,0,484,0,100,0,0,28
LHE,568,56,0,485,0,100,0,0,28
LHE,569,56,0,486,0,100,0,0,28
LHE,570,56,0,487,0,100,0,0,28
LHE,571,56,0,488,0,100,0,0,28
LHE,572,56,0,489,0,100,0,0,28
LHE,573,56,0,490,0,100,0,0,28
LHE,574,56,0,491,0,100,0,0,28
LHE,575,56,0,492,0,100,0,0,28
LHE,576,56,0,493,0,100,0,0,28
LHE,577,56,0,494,0,100,0,0,28
LHE,578,56,0,495,0,100,0,0,28
LHE,579,56,0,496,0,100,0,0,28
LHE,580,56,0,497,0,100,0,0,28
LHE,581,56,0,498,0,100,0,0,28
LHE,582,56,0,499,0,100,0,0,28
LHE,583,56,0,500,0,100,0,0,28
LHE,584,56,0,501,0,100,0,0,28
LHE,585,56,0,502,0,100,0,0,28
LHE,586,56,0,503,0,100,0,0,28
LHE,587,56,0,504,0,100,0,0,28
LHE,588,56,0,505,0,100,0,0,28
LHE,589,56,0,506,0,100,0,0,28
LHE,590,56,0,507,0,100,0,0,28
LHE,591,56,0,508,0,100,0,0,28
LHE,592,56,0,509,0,100,0,0,28
LHE,593,56,0,510,0,100,0,0,28
LHE,594,56,0,511,0,100,0,0,28
LHE,595,56,0,512,0,100,0,0,28
LHE,596,56,0,513,0,100,0,0,28
LHE,597,56,0,514,0,100,0,0,28
LHE,598,56,0,515,0,100,0,0,28
LHE,599,56,0,516,0,100,0,0,28
LHE,600,56,0,517,0,100,0,0,28
LHE,601,56,0,518,0,100,0,0,28
LHE,602,56,0,519,0,100,0,0,28
LHE,603,56,0,520,0,100,0,0,28
LHE,604,56,0,521,0,100,0,0,28
LHE,605,56,0,522,0,100,0,0,28
LHE,606,56,0,523,0,100,0,0,28
LHE,607,56,0,524,0,100,0,0,28
LHE,608,56,0,525,0,100,0,0,28
LHE,609,56,0,526,0,100,0,0,28
LHE,610,56,0,527,0,100,0,0,28
LHE,611,56,0,528,0,100,0,0,28
LHE,612,56,0,529,0,100,0,0,28
LHE,613,56,0,530,0,100,0,0,28
LHE,614,56,0,531,0,100,0,0,28
LHE,615,56,0,532,0,100,0,0,28
LHE,616,56,0,533,0,100,0,0,28
LHE,617,56,0,534,0,100,0,0,28
LHE,618,56,0,535,0,100,0,0,28
LHE,619,56,0,536,0,100,0,0,28
LHE,620,56,0,537,0,100,0,0,28
LHE,621,56,0,538,0,100,0,0,28
LHE,622,56,0,539,0,100,0,0,28
LHE,623,56,0,540,0,100,0,0,28
LHE,624,56,0,541,0,100,0,0,28
LHE,625,56,0,542,0,100,0,0,28
LHE,626,56,0,543,0,100,0,0,28
LHE,627,56,0,544,0,100,0,0,28
LHE,628,56,0,545,0,100,0,0,28
LHE,629,56,0,546,0,100,0,0,28
LHE,630,56,0,547,0,100,0,0,28
LHE,631,56,0,548,0,100,0,0,28
LHE,632,56,0,549,0,100,0,0,28
LHE,633,56,0,550,0,100,0,0,28
LHE,634,56,0,551,0,100,0,0,28
LHE,635,56,0,552,0,100,0,0,28
LHE,636,56,0,553,0,100,0,0,28
LHE,637,56,0,554,0,100,0,0,28
LHE,638,56,0,555,0,100,0,0,28
LHE,639,56,0,556,0,100,0,0,28
LHE,640,56,0,557,0,100,0,0,28
LHE,641,56,0,558,0,100,0,0,28
LHE,642,56,0,559,0,100,0,0,28
LHE,643,56,0,560,0,100,0,0,28
LHE,644,56,0,561,0,100,0,0,28
LHE,645,56,0,562,0,100,0,0,28
LHE,646,56,0,563,0,100,0,0,28
LHE,647,56,0,564,0,100,0,0,28
LHE,648,56,0,565,0,100,0,0,28
LHE,649,56,0,566,0,100,0,0,28
LHE,650,56,0,567,0,100,0,0,28
LHE,651,56,0,568,0,100,0,0,28
LHE,652,56,0,569,0,100,0,0,28
LHE,653,56,0,570,0,100,0,0,28
LHE,654,56,0,571,0,100,0,0,28
LHE,655,56,0,572,0,100,0,0,28
LHE,656,56,0,573,0,100,0,0,28
LHE,657,56,0,574,0,100,0,0,28
LHE,658,56,0,575,0,100,0,0,28
LHE,659,56,0,576,0,100,0,0,28
LHE,660,56,0,577,0,100,0,0,28
LHE,661,56,0,578,0,100,0,0,28
LHE,662,56,0,579,0,100,0,0,28
LHE,663,56,0,580,0,100,0,0,28
LHE,664,56,0,581,0,100,0,0,28
LHE,665,56,0,582,0,100,0,0,28
LHE,666,56,0,583,0,100,0,0,28
LHE,667,56,0,584,0,100,0,0,28
LHE,668,56,0,585,0,100,0,0,28
LHE,669,56,0,586,0,100,0,0,28
LHE,670,56,0,587,0,100,0,0,28
LHE,671,56,0,588,0,100,0,0,28
LHE,672,56,0,589,0,100,0,0,28
LHE,673,56,0,590,0,100,0,0,28
LHE,674,56,0,591,0,100,0,0,28
LHE,675,56,0,592,0,100,0,0,28
LHE,676,56,0,593,0,100,0,0,28
LHE,677,56,0,594,0,100,0,0,28
LHE,678,56,0,595,0,100,0,0,28
LHE,679,56,0,596,0,100,0,0,28
LHE,680,56,0,597,0,100,0,0,28
LHE,681,56,0,598,0,100,0,0,28
LHE,682,56,0,599,0,100,0,0,28
LHE,683,56,0,600,0,100,0,0,28
LHE,684,56,0,601,0,100,0,0,28
LHE,685,56,0,602,0,100,0,0,28
LHE,686,56,0,603,0,100,0,0,28
LHE,687,56,0,604,0,100,0,0,28
LHE,688,56,0,605,0,100,0,0,28
LHE,689,56,0,606,0,100,0,0,28
LHE,690,56,0,607,0,100,0,0,28
LHE,691,56,0,608,0,100,0,0,28
LHE,692,56,0,609,0,100,0,0,28
LHE,693,56,0,610,0,100,0,0,28
LHE,694,56,0,611,0,100,0,0,28
LHE,695,56,0,612,0,100,0,0,28
LHE,696,56,0,613,0,100,0,0,28
LHE,697,56,0,614,0,100,0,0,28
LHE,698,56,0,615,0,100,0,0,28
LHE,699,56,0,616,0,100,0,0,28
LHE,700,56,0,617,0,100,0,0,28
LHE,701,56,0,618,0,100,0,0,28
LHE,702,56,0,619,0,100,0,0,28
LHE,703,56,0,620,0,100,0,0,28
LHE,704,56,0,621,0,100,0,0,28
LHE,705,56,0,622,0,100,0,0,28
LHE,706,56,0,623,0,100,0,0,28
LHE,707,56,0,624,0,100,0,0,28
LHE,708,56,0,625,0,100,0,0,28
LHE,709,56,0,626,0,100,0,0,28
LHE,710,56,0,627,0,100,0,0,28
LHE,711,56,0,628,0,100,0,0,28
LHE,712,56,0,629,0,100,0,0,28
LHE,713,56,0,630,0,100,0,0,28
LHE,714,56,0,631,0,100,0,0,28
LHE,715,56,0,632,0,100,0,0,28
LHE,716,56,0,633,0,100,0,0,28
LHE,717,56,0,634,0,100,0,0,28
LHE,718,56,0,635,0,100,0,0,28
LHE,719,56,0,636,0,100,0,0,28
LHE,720,56,0,637,0,100,0,0,28
LHE,721,56,0,638,0,100,0,0,28
LHE,722,56,0,639,0,100,0,0,28
LHE,723,56,0,640,0,100,0,0,28
LHE,724,56,0,641,0,100,0,0,28
LHE,725,56,0,642,0,100,0,0,28
LHE,726,56,0,643,0,100,0,0,28
LHE,727,56,0,644,0,100,0,0,28
LHE,728,56,0,645,0,100,0,0,28
LHE,729,56,0,646,0,100,0,0,28
LHE,730,56,0,647,0,100,0,0,28
LHE,731,56,0,648,0,100,0,0,28
LHE,732,56,0,649,0,100,0,0,28
LHE,733,56,0,650,0,100,0,0,28
LHE,734,56,0,651,0,100,0,0,28
LHE,735,56,0,652,0,100,0,0,28
LHE,736,56,0,653,0,100,0,0,28
LHE,737,56,0,654,0,100,0,0,28
LHE,738,56,0,655,0,100,0,0,28
LHE,739,56,0,656,0,100,0,0,28
LHE,740,56,0,657,0,100,0,0,28
LHE,741,56,0,658,0,100,0,0,28
LHE,742,56,0,659,0,100,0,0,28
LHE,743,56,0,660,0,100,0,0,28
LHE,744,56,0,661,0,100,0,0,28
LHE,745,56,0,662,0,100,0,0,28
LHE,746,56,0,663,0,100,0,0,28
LHE,747,56,0,664,0,100,0,0,28
LHE,748,56,0,665,0,100,0,0,28
LHE,749,56,0,666,0,100,0,0,28
LHE,750,56,0,667,0,100,0,0,28
LHE,751,56,0,668,0,100,0,0,28
LHE,752,56,0,669,0,100,0,0,28
LHE,753,56,0,670,0,100,0,0,28
LHE,754,56,0,671,0,100,0,0,28
LHE,755,56,0,672,0,100,0,0,28
LHE,756,56,0,673,0,100,0,0,28
LHE,757,56,0,674,0,100,0,0,28
LHE,758,56,0,675,0,100,0,0,28
LHE,759,56,0,676,0,100,0,0,28
LHE,760,56,0,677,0,100,0,0,28
LHE,761,56,0,678,0,100,0,0,28
LHE,762,56,0,679,0,100,0,0,28
LHE,763,56,0,680,0,100,0,0,28
LHE,764,56,0,681,0,100,0,0,28
LHE,765,56,0,682,0,100,0,0,28
LHE,766,56,0,683,0,100,0,0,28
LHE,767,56,0,684,0,100,0,0,28
LHE,768,56,0,685,0,100,0,0,28
LHE,769,56,0,686,0,100,0,0,28
LHE,770,56,0,687,0,100,0,0,28
LHE,771,56,0,688,0,100,0,0,28
LHE,772,56,0,689,0,100,0,0,28
LHE,773,56,0,690,0,100,0,0,28
LHE,774,56,0,691,0,100,0,0,28
LHE,775,56,0,692,0,100,0,0,28
LHE,776,56,0,693,0,100,0,0,28
LHE,777,56,0,694,0,100,0,0,28
LHE,778,56,0,695,0,100,0,0,28
LHE,779,56,0,696,0,100,0,0,28
LHE,780,56,0,697,0,100,0,0,28
LHE,781,56,0,698,0,100,0,0,28
LHE,782,56,0,699,0,100,0,0,28
LHE,783,56,0,700,0,100,0,0,28
LHE,784,56,0,701,0,100,0,0,28
LHE,785,56,0,702,0,100,0,0,28
LHE,786,56,0,703,0,100,0,0,28
LHE,787,56,0,704,0,100,0,0,28
LHE,788,56,0,705,0,100,0,0,28
LHE,789,56,0,706,0,100,0,0,28
LHE,790,56,0,707,0,100,0,0,28
LHE,791,56,0,708,0,100,0,0,28
LHE,792,56,0,709,0,100,0,0,28
LHE,793,56,0,710,0,100,0,0,28
LHE,794,56,0,711,0,100,0,0,28
LHE,795,56,0,712,0,100,0,0,28
LHE,796,56,0,713,0,100,0,0,28
LHE,797,56,0,714,0,100,0,0,28
LHE,798,56,0,715,0,100,0,0,28
LHE,799,56,0,716,0,100,0,0,28
LHE,800,56,0,717,0,100,0,0,28
LHE,801,56,0,718,0,100,0,0,28
LHE,802,56,0,719,0,100,0,0,28
LHE,803,56,0,720,0,100,0,0,28
LHE,804,56,0,721,0,100,0,0,28
LHE,805,56,0,722,0,100,0,0,28
LHE,806,56,0,723,0,100,0,0,28
LHE,807,56,0,724,0,100,0,0,28
LHE,808,56,0,725,0,100,0,0,28
LHE,809,56,0,726,0,100,0,0,28
LHE,810,56,0,727,0,100,0,0,28
LHE,811,56,0,728,0,100,0,0,28
LHE,812,56,0,729,0,100,0,0,28
LHE,813,56,0,730,0,100,0,0,28
LHE,814,56,0,731,0,100,0,0,28
LHE,815,56,0,732,0,100,0,0,28
LHE,816,56,0,733,0,100,0,0,28
LHE,817,56,0,734,0,100,0,0,28
LHE,818,56,0,735,0,100,0,0,28
LHE,819,56,0,736,0,100,0,0,28
LHE,820,56,0,737,0,100,0,0,28
LHE,821,56,0,738,0,100,0,0,28
LHE,822,56,0,739,0,100,0,0,28
LHE,823,56,0,740,0,100,0,0,28
LHE,824,56,0,741,0,100,0,0,28
LHE,825,56,0,742,0,100,0,0,28
LHE,826,56,0,743,0,100,0,0,28
LHE,827,56,0,744,0,100,0,0,28
LHE,828,56,0,745,0,100,0,0,28
LHE,829,56,0,746,0,100,0,0,28
LHE,830,56,0,747,0,100,0,0,28
LHE,831,56,0,748,0,100,0,0,28
LHE,832,56,0,749,0,100,0,0,28
LHE,833,56,0,750,0,100,0,0,28
LHE,834,56,0,751,0,100,0,0,28
LHE,835,56,0,752,0,100,0,0,28
LHE,836,56,0,753,0,100,0,0,28
LHE,837,56,0,754,0,100,0,0,28
LHE,838,56,0,755,0,100,0,0,28
LHE,839,56,0,756,0,100,0,0,28
LHE,840,56,0,757,0,100,0,0,28
LHE,841,56,0,758,0,100,0,0,28
LHE,842,56,0,759,0,100,0,0,28
LHE,843,56,0,760,0,100,0,0,28
LHE,844,56,0,760,0,100,0,0,28
LHE,845,56,0,760,0,100,0,0,28
LHE,846,56,0,760,0,100,0,0,28
LHE,847,56,0,760,0,100,0,0,28
LHE,848,56,0,760,0,100,0,0,28
LHE,849,56,0,760,0,100,0,0,28
LHE,850,56,0,760,0,100,0,0,28
LHE,851,56,0,760,0,100,0,0,28
LHE,852,56,0,760,0,100,0,0,28
LHE,853,56,0,760,0,100,0,0,28
LHE,854,56,0,760,0,100,0,0,28
LHE,855,56,0,760,0,100,0,0,28
LHE,856,56,0,760,0,100,0,0,28
LHE,857,56,0,760,0,100,0,0,28
LHE,858,56,0,760,0,100,0,0,28
LHE,859,56,0,760,0,100,0,0,28
LHE,860,56,0,760,0,100,0,0,28
LHE,861,56,0,760,0,100,0,0,28
LHE,862,56,0,760,0,100,0,0,28
LHE,863,56,0,760,0,100,0,0,28
LHE,864,56,0,760,0,100,0,0,28
LHE,865,56,0,760,0,100,0,0,28
LHE,866,56,0,760,0,100,0,0,28
LHE,867,56,0,760,0,100,0,0,28
LHE,868,56,0,760,0,100,0,0,28
LHE,869,56,0,760,0,100,0,0,28
LHE,870,56,0,760,0,100,0,0,28
LHE,871,56,0,760,0,100,0,0,28
LHE,872,56,0,760,0,100,0,0,28
LHE,873,56,0,760,0,100,0,0,28
LHE,874,56,0,760,0,100,0,0,28
LHE,875,56,0,760,0,100,0,0,28
LHE,876,56,0,760,0,100,0,0,28
LHE,877,56,0,760,0,100,0,0,28
LHE,878,56,0,760,0,100,0,0,28
LHE,879,56,0,760,0,100,0,0,28
LHE,880,56,0,760,0,100,0,0,28
LHE,881,56,0,760,0,100,0,0,28
LHE,882,56,0,760,0,100,0,0,28
LHE,883,56,0,760,0,100,0,0,28
LHE,884,56,0,760,0,100,0,0,28
LHE,885,56,0,760,0,100,0,0,28
LHE,886,56,0,760,0,100,0,0,28
LHE,887,56,0,760,0,100,0,0,28
LHE,888,56,0,760,0,100,0,0,28
LHE,889,56,0,760,0,100,0,0,28
LHE,890,56,0,760,0,100,0,0,28
LHE,891,56,0,760,0,100,0,0,28
LHE,892,56,0,760,0,100,0,0,28
LHE,893,56,0,760,0,100,0,0,28
LHE,894,56,0,760,0,100,0,0,28
LHE,895,56,0,760,0,100,0,0,28
LHE,896,56,0,760,0,100,0,0,28
LHE,897,56,0,760,0,100,0,0,28
LHE,898,56,0,760,0,100,0,0,28
LHE,899,56,0,760,0,100,0,0,28
LHE,900,56,0,760,0,100,0,0,28
LHE,901,56,0,760,0,100,0,0,28
LHE,902,56,0,760,0,100,0,0,28
LHE,903,56,0,760,0,100,0,0,28
LHE,904,56,0,760,0,100,0,0,28
LHE,905,56,0,760,0,100,0,0,28
LHE,906,56,0,760,0,100,0,0,28
LHE,907,56,0,760,0,100,0,0,28
LHE,908,56,0,760,0,100,0,0,28
LHE,909,56,0,760,0,100,0,0,28
LHE,910,56,0,760,0,100,0,0,28
LHE,911,56,0,760,0,100,0,0,28
LHE,912,56,0,760,0,100,0,0,28
LHE,913,56,0,760,0,100,0,0,28
LHE,914,56,0,760,0,100,0,0,28
LHE,915,56,0,760,0,100,0,0,28
LHE,916,56,0,760,0,100,0,0,28
LHE,917,56,0,760,0,100,0,0,28
LHE,918,56,0,760,0,100,0,0,28
LHE,919,56,0,760,0,100,0,0,28
LHE,920,56,0,760,0,100,0,0,28
LHE,921,56,0,760,0,100,0,0,28
LHE,922,56,0,760,0,100,0,0,28
LHE,923,56,0,760,0,100,0,0,28
LHE,924,56,0,760,0,100,0,0,28
LHE,925,56,0,760,0,100,0,0,28
LHE,926,56,0,760,0,100,0,0,28
LHE,927,56,0,760,0,100,0,0,28
LHE,928,56,0,760,0,100,0,0,28
LHE,929,56,0,760,0,100,0,0,28
LHE,930,56,0,760,0,100,0,0,28
LHE,931,56,0,760,0,100,0,0,28
LHE,932,56,0,760,0,100,0,0,28
LHE,933,56,0,760,0,100,0,0,28
LHE,934,56,0,760,0,100,0,0,28
LHE,935,56,0,760,0,100,0,0,28
LHE,936,56,0,760,0,100,0,0,28
LHE,937,56,0,760,0,100,0,0,28
LHE,938,56,0,760,0,100,0,0,28
LHE,939,56,0,760,0,100,0,0,28
LHE,940,56,0,760,0,100,0,0,28
LHE,941,56,0,760,0,100,0,0,28
LHE,942,56,0,760,0,100,0,0,28
LHE,943,56,0,760,0,100,0,0,28
LHE,944,56,0,760,0,100,0,0,28
LHE,945,56,0,760,0,100,0,0,28
LHE,946,56,0,760,0,100,0,0,28
LHE,947,56,0,760,0,100,0,0,28
LHE,948,56,0,760,0,100,0,0,28
LHE,949,56,0,760,0,100,0,0,28
LHE,950,56,0,760,0,100,0,0,28
LHE,951,56,0,760,0,100,0,0,28
LHE,952,56,0,760,0,100,0,0,28
LHE,953,56,0,760,0,100,0,0,28
LHE,954,56,0,760,0,100,0,0,28
LHE,955,56,0,760,0,100,0,0,28
LHE,956,56,0,760,0,100,0,0,28
LHE,957,56,0,760,0,100,0,0,28
LHE,958,56,0,760,0,100,0,0,28
LHE,959,56,0,760,0,100,0,0,28
LHE,960,56,0,760,0,100,0,0,28
LHE,961,56,0,760,0,100,0,0,28
LHE,962,56,0,760,0,100,0,0,28
LHE,963,56,0,760,0,100,0,0,28
LHE,964,56,0,760,0,100,0,0,28
LHE,965,56,0,760,0,100,0,0,28
LHE,966,56,0,760,0,100,0,0,28
LHE,967,56,0,760,0,100,0,0,28
LHE,968,56,0,760,0,100,0,0,28
LHE,969,56,0,760,0,100,0,0,28
LHE,970,56,0,760,0,100,0,0,28
LHE,971,56,0,760,0,100,0,0,28
LHE,972,56,0,760,0,100,0,0,28
LHE,973,56,0,760,0,100,0,0,28
LHE,974,56,0,760,0,100,0,0,28
LHE,975,56,0,760,0,100,0,0,28
LHE,976,56,0,760,0,100,0,0,28
LHE,977,56,0,760,0,100,0,0,28
LHE,978,56,0,760,0,100,0,0,28
LHE,979,56,0,760,0,100,0,0,28
LHE,980,56,0,760,0,100,0,0,28
LHE,981,56,0,760,0,100,0,0,28
LHE,982,56,0,760,0,100,0,0,28
LHE,983,56,0,760,0,100,0,0,28
LHE,984,56,0,760,0,100,0,0,28
LHE,985,56,0,760,0,100,0,0,28
LHE,986,56,0,760,0,100,0,0,28
LHE,987,56,0,760,0,100,0,0,28
LHE,988,56,0,760,0,100,0,0,28
LHE,989,56,0,760,0,100,0,0,28
LHE,990,56,0,760,0,100,0,0,28
LHE,991,56,0,760,0,100,0,0,28
LHE,992,56,0,760,0,100,0,0,28
LHE,993,56,0,760,0,100,0,0,28
LHE,994,56,0,760,0,100,0,0,28
LHE,995,56,0,760,0,100,0,0,28
LHE,996,56,0,760,0,100,0,0,28
LHE,997,56,0,760,0,100,0,0,28
LHE,998,56,0,760,0,100,0,0,28
LHE,999,56,0,760,0,100,0,0,28
LHE,1000,56,0,760,0,100,0,0,28
LHE,1001,56,0,760,0,100,0,0,28
LHE,1002,56,0,760,0,100,0,0,28
LHE,1003,56,0,760,0,100,0,0,28
LHE,1004,56,0,760,0,100,0,0,28
LHE,1005,56,0,760,0,100,0,0,28
LHE,1006,56,0,760,0,100,0,0,28
LHE,1007,56,0,760,0,100,0,0,28
LHE,1008,56,0,760,0,100,0,0,28
LHE,1009,56,0,760,0,100,0,0,28
LHE,1010,56,0,760,0,100,0,0,28
LHE,1011,56,0,760,0,100,0,0,28
LHE,1012,56,0,760,0,100,0,0,28
LHE,1013,56,0,760,0,100,0,0,28
LHE,1014,56,0,760,0,100,0,0,28
LHE,1015,56,0,760,0,100,0,0,28
LHE,1016,56,0,760,0,100,0,0,28
LHE,1017,56,0,760,0,100,0,0,28
LHE,1018,56,0,760,0,100,0,0,28
LHE,1019,56,0,760,0,100,0,0,28
LHE,1020,56,0,760,0,100,0,0,28
LHE,1021,56,0,760,0,100,0,0,28
LHE,1022,56,0,760,0,100,0,0,28
LHE,1023,56,0,760,0,100,0,0,28
LHE,1024,56,0,760,0,100,0,0,28
LHE,1025,56,0,760,0,100,0,0,28
LHE,1026,56,0,760,0,100,0,0,28
LHE,1027,56,0,760,0,100,0,0,28
LHE,1028,56,0,760,0,100,0,0,28
LHE,1029,56,0,760,0,100,0,0,28
LHE,1030,56,0,760,0,100,0,0,28
LHE,1031,56,0,760,0,100,0,0,28
LHE,1032,56,0,760,0,100,0,0,28
LHE,1033,56,0,760,0,100,0,0,28
LHE,1034,56,0,760,0,100,0,0,28
LHE,1035,56,0,760,0,100,0,0,28
LHE,1036,56,0,760,0,100,0,0,28
LHE,1037,56,0,760,0,100,0,0,28
LHE,1038,56,0,760,0,100,0,0,28
LHE,1039,56,0,760,0,100,0,0,28
LHE,1040,56,0,760,0,100,0,0,28
LHE,1041,56,0,760,0,100,0,0,28
LHE,1042,56,0,760,0,100,0,0,28
LHE,1043,56,0,760,0,100,0,0,28
LHE,1044,56,0,760,0,100,0,0,28
LHE,1045,56,0,760,0,100,0,0,28
LHE,1046,56,0,760,0,100,0,0,28
LHE,1047,56,0,760,0,100,0,0,28
LHE,1048,56,0,760,0,100,0,0,28
LHE,1049,56,0,760,0,100,0,0,28
LHE,1050,56,0,760,0,100,0,0,28
LHE,1051,56,0,760,0,100,0,0,28
LHE,1052,56,0,760,0,100,0,0,28
LHE,1053,56,0,760,0,100,0,0,28
LHE,1054,56,0,760,0,100,0,0,28
LHE,1055,56,0,760,0,100,0,0,28
LHE,1056,56,0,760,0,100,0,0,28
LHE,1057,56,0,760,0,100,0,0,28
LHE,1058,56,0,760,0,100,0,0,28
LHE,1059,56,0,760,0,100,0,0,28
LHE,1060,56,0,760,0,100,0,0,28
LHE,1061,56,0,760,0,100,0,0,28
LHE,1062,56,0,760,0,100,0,0,28
LHE,1063,56,0,760,0,100,0,0,28
LHE,1064,56,0,760,0,100,0,0,28
LHE,1065,56,0,760,0,100,0,0,28
LHE,1066,56,0,760,0,100,0,0,28
LHE,1067,56,0,760,0,100,0,0,28
LHE,1068,56,0,760,0,100,0,0,28
LHE,1069,56,0,760,0,100,0,0,28
LHE,1070,56,0,760,0,100,0,0,28
LHE,1071,56,0,760,0,100,0,0,28
LHE,1072,56,0,760,0,100,0,0,28
LHE,1073,56,0,760,0,100,0,0,28
LHE,1074,56,0,760,0,100,0,0,28
LHE,1075,56,0,760,0,100,0,0,28
LHE,1076,56,0,760,0,100,0,0,28
LHE,1077,56,0,760,0,100,0,0,28
LHE,1078,56,0,760,0,100,0,0,28
LHE,1079,56,0,760,0,100,0,0,28
LHE,1080,56,0,760,0,100,0,0,28
LHE,1081,56,0,760,0,100,0,0,28
LHE,1082,56,0,760,0,100,0,0,28
LHE,1083,56,0,760,0,100,0,0,28
LHE,1084,56,0,760,0,100,0,0,28
LHE,1085,56,0,760,0,100,0,0,28
LHE,1086,56,0,760,0,100,0,0,28
LHE,1087,56,0,760,0,100,0,0,28
LHE,1088,56,0,760,0,100,0,0,28
LHE,1089,56,0,760,0,100,0,0,28
LHE,1090,56,0,760,0,100,0,0,28
LHE,1091,56,0,760,0,100,0,0,28
LHE,1092,56,0,760,0,100,0,0,28
LHE,1093,56,0,760,0,100,0,0,28
LHE,1094,56,0,760,0,100,0,0,28
LHE,1095,56,0,760,0,100,0,0,28
LHE,1096,56,0,760,0,100,0,0,28
LHE,1097,56,0,760,0,100,0,0,28
LHE,1098,56,0,760,0,100,0,0,28
LHE,1099,56,0,760,0,100,0,0,28
LHE,1100,56,0,760,0,100,0,0,28
LHE,1101,56,0,760,0,100,0,0,28
LHE,1102,56,0,760,0,100,0,0,28
LHE,1103,56,0,760,0,100,0,0,28
LHE,1104,56,0,760,0,100,0,0,28
LHE,1105,56,0,760,0,100,0,0,28
LHE,1106,56,0,760,0,100,0,0,28
LHE,1107,56,0,760,0,100,0,0,28
LHE,1108,56,0,760,0,100,0,0,28
LHE,1109,56,0,760,0,100,0,0,28
LHE,1110,56,0,760,0,100,0,0,28
LHE,1111,56,0,760,0,100,0,0,28
LHE,1112,56,0,760,0,100,0,0,28
LHE,1113,56,0,760,0,100,0,0,28
LHE,1114,56,0,760,0,100,0,0,28
LHE,1115,56,0,760,0,100,0,0,28
LHE,1116,56,0,760,0,100,0,0,28
LHE,1117,56,0,760,0,100,0,0,28
LHE,1118,56,0,760,0,100,0,0,28
LHE,1119,56,0,760,0,100,0,0,28
LHE,1120,56,0,760,0,100,0,0,28
LHE,1121,56,0,760,0,100,0,0,28
LHE,1122,56,0,760,0,100,0,0,28
LHE,1123,56,0,760,0,100,0,0,28
LHE,1124,56,0,760,0,100,0,0,28
LHE,1125,56,0,760,0,100,0,0,28
LHE,1126,56,0,760,0,100,0,0,28
LHE,1127,56,0,760,0,100,0,0,28
LHE,1128,56,0,760,0,100,0,0,28
LHE,1129,56,0,760,0,100,0,0,28
LHE,1130,56,0,760,0,100,0,0,28
LHE,1131,56,0,760,0,100,0,0,28
LHE,1132,56,0,760,0,100,0,0,28
LHE,1133,56,0,760,0,100,0,0,28
LHE,1134,56,0,760,0,100,0,0,28
LHE,1135,56,0,760,0,100,0,0,28
LHE,1136,56,0,760,0,100,0,0,28
LHE,1137,56,0,760,0,100,0,0,28
LHE,1138,56,0,760,0,100,0,0,28
LHE,1139,56,0,760,0,100,0,0,28
LHE,1140,56,0,760,0,100,0,0,28
LHE,1141,56,0,760,0,100,0,0,28
LHE,1142,56,0,760,0,100,0,0,28
LHE,1143,56,0,760,0,100,0,0,28
LHE,1144,56,0,760,0,100,0,0,28
LHE,1145,56,0,760,0,100,0,0,28
LHE,1146,56,0,760,0,100,0,0,28
LHE,1147,56,0,760,0,100,0,0,28
LHE,1148,56,0,760,0,100,0,0,28
LHE,1149,56,0,760,0,100,0,0,28
LHE,1150,56,0,760,0,100,0,0,28
LHE,1151,56,0,760,0,100,0,0,28
LHE,1152,56,0,760,0,100,0,0,28
LHE,1153,56,0,760,0,100,0,0,28
LHE,1154,56,0,760,0,100,0,0,28
LHE,1155,56,0,760,0,100,0,0,28
LHE,1156,56,0,760,0,100,0,0,28
LHE,1157,56,0,760,0,100,0,0,28
LHE,1158,56,0,760,0,100,0,0,28
LHE,1159,56,0,760,0,100,0,0,28
LHE,1160,56,0,760,0,100,0,0,28
LHE,1161,56,0,760,0,100,0,0,28
LHE,1162,56,0,760,0,100,0,0,28
LHE,1163,56,0,760,0,100,0,0,28
LHE,1164,56,0,760,0,100,0,0,28
LHE,1165,56,0,760,0,100,0,0,28
LHE,1166,56,0,760,0,100,0,0,28
LHE,1167,56,0,760,0,100,0,0,28
LHE,1168,56,0,760,0,100,0,0,28
LHE,1169,56,0,760,0,100,0,0,28
LHE,1170,56,0,760,0,100,0,0,28
LHE,1171,56,0,760,0,100,0,0,28
LHE,1172,56,0,760,0,100,0,0,28
LHE,1173,56,0,760,0,100,0,0,28
LHE,1174,56,0,760,0,100,0,0,28
LHE,1175,56,0,760,0,100,0,0,28
LHE,1176,56,0,760,0,100,0,0,28
LHE,1177,56,0,760,0,100,0,0,28
LHE,1178,56,0,760,0,100,0,0,28
LHE,1179,56,0,760,0,100,0,0,28
LHE,1180,56,0,760,0,100,0,0,28
LHE,1181,56,0,760,0,100,0,0,28
LHE,1182,56,0,760,0,100,0,0,28
LHE,1183,56,0,760,0,100,0,0,28
LHE,1184,56,0,760,0,100,0,0,28
LHE,1185,56,0,760,0,100,0,0,28
LHE,1186,56,0,760,0,100,0,0,28
LHE,1187,56,0,760,0,100,0,0,28
LHE,1188,56,0,760,0,100,0,0,28
LHE,1189,56,0,760,0,100,0,0,28
LHE,1190,56,0,760,0,100,0,0,28
LHE,1191,56,0,760,0,100,0,0,28
LHE,1192,56,0,760,0,100,0,0,28
LHE,1193,56,0,760,0,100,0,0,28
LHE,1194,56,0,760,0,100,0,0,28
LHE,1195,56,0,760,0,100,0,0,28
LHE,1196,56,0,760,0,100,0,0,28
LHE,1197,56,0,760,0,100,0,0,28
LHE,1198,56,0,760,0,100,0,0,28
LHE,1199,56,0,760,0,100,0,0,28
LHE,1200,56,0,760,0,100,0,0,28
LHE,1201,56,0,760,0,100,0,0,28
LHE,1202,56,0,760,0,100,0,0,28
LHE,1203,56,0,760,0,100,0,0,28
LHE,1204,56,0,760,0,100,0,0,28
LHE,1205,56,0,760,0,100,0,0,28
LHE,1206,56,0,760,0,100,0,0,28
LHE,1207,56,0,760,0,100,0,0,28
LHE,1208,56,0,760,0,100,0,0,28
LHE,1209,56,0,760,0,100,0,0,28
LHE,1210,56,0,760,0,100,0,0,28
LHE,1211,56,0,760,0,100,0,0,28
LHE,1212,56,0,760,0,100,0,0,28
LHE,1213,56,0,760,0,100,0,0,28
LHE,1214,56,0,760,0,100,0,0,28
LHE,1215,56,0,760,0,100,0,0,28
LHE,1216,56,0,760,0,100,0,0,28
LHE,1217,56,0,760,0,100,0,0,28
LHE,1218,56,0,760,0,100,0,0,28
LHE,1219,56,0,760,0,100,0,0,28
LHE,1220,56,0,760,0,100,0,0,28
LHE,1221,56,0,760,0,100,0,0,28
LHE,1222,56,0,760,0,100,0,0,28
LHE,1223,56,0,760,0,100,0,0,28
LHE,1224,56,0,760,0,100,0,0,28
LHE,1225,56,0,760,0,100,0,0,28
LHE,1226,56,0,760,0,100,0,0,28
LHE,1227,56,0,760,0,100,0,0,28
LHE,1228,56,0,760,0,100,0,0,28
LHE,1229,56,0,760,0,100,0,0,28
LHE,1230,56,0,760,0,100,0,0,28
LHE,1231,56,0,760,0,100,0,0,28
LHE,1232,56,0,760,0,100,0,0,28
LHE,1233,56,0,760,0,100,0,0,28
LHE,1234,56,0,760,0,100,0,0,28
LHE,1235,56,0,760,0,100,0,0,28
LHE,1236,56,0,760,0,100,0,0,28
LHE,1237,56,0,760,0,100,0,0,28
LHE,1238,56,0,760,0,100,0,0,28
LHE,1239,56,0,760,0,100,0,0,28
LHE,1240,56,0,760,0,100,0,0,28
LHE,1241,56,0,760,0,100,0,0,28
LHE,1242,56,0,760,0,100,0,0,28
LHE,1243,56,0,760,0,100,0,0,28
LHE,1244,56,0,760,0,100,0,0,28
LHE,1245,56,0,760,0,100,0,0,28
LHE,1246,56,0,760,0,100,0,0,28
LHE,1247,56,0,760,0,100,0,0,28
LHE,1248,56,0,760,0,100,0,0,28
LHE,1249,56,0,760,0,100,0,0,28
LHE,1250,56,0,760,0,100,0,0,28
LHE,1251,56,0,760,0,100,0,0,28
LHE,1252,56,0,760,0,100,0,0,28
LHE,1253,56,0,760,0,100,0,0,28
LHE,1254,56,0,760,0,100,0,0,28
LHE,1255,56,0,760,0,100,0,0,28
LHE,1256,56,0,760,0,100,0,0,28
LHE,1257,56,0,760,0,100,0,0,28
LHE,1258,56,0,760,0,100,0,0,28
LHE,1259,56,0,760,0,100,0,0,28
LHE,1260,56,0,760,0,100,0,0,28
LHE,1261,56,0,760,0,100,0,0,28
LHE,1262,56,0,760,0,100,0,0,28
LHE,1263,56,0,760,0,100,0,0,28
LHE,1264,56,0,760,0,100,0,0,28
LHE,1265,56,0,760,0,100,0,0,28
LHE,1266,56,0,760,0,100,0,0,28
LHE,1267,56,0,760,0,100,0,0,28
LHE,1268,56,0,760,0,100,0,0,28
LHE,1269,56,0,760,0,100,0,0,28
LHE,1270,56,0,760,0,100,0,0,28
LHE,1271,56,0,760,0,100,0,0,28
LHE,1272,56,0,760,0,100,0,0,28
LHE,1273,56,0,760,0,100,0,0,28
LHE,1274,56,0,760,0,100,0,0,28
LHE,1275,56,0,760,0,100,0,0,28
LHE,1276,56,0,760,0,100,0,0,28
LHE,1277,56,0,760,0,100,0,0,28
LHE,1278,56,0,760,0,100,0,0,28
LHE,1279,56,0,760,0,100,0,0,28
LHE,1280,56,0,760,0,100,0,0,28
LHE,1281,56,0,760,0,100,0,0,28
LHE,1282,56,0,760,0,100,0,0,28
LHE,1283,56,0,760,0,100,0,0,28
LHE,1284,56,0,760,0,100,0,0,28
LHE,1285,56,0,760,0,100,0,0,28
LHE,1286,56,0,760,0,100,0,0,28
LHE,1287,56,0,760,0,100,0,0,28
LHE,1288,56,0,760,0,100,0,0,28
LHE,1289,56,0,760,0,100,0,0,28
LHE,1290,56,0,760,0,100,0,0,28
LHE,1291,56,0,760,0,100,0,0,28
LHE,1292,56,0,760,0,100,0,0,28
LHE,1293,56,0,760,0,100,0,0,28
LHE,1294,56,0,760,0,100,0,0,28
LHE,1295,56,0,760,0,100,0,0,28
LHE,1296,56,0,760,0,100,0,0,28
LHE,1297,56,0,760,0,100,0,0,28
LHE,1298,56,0,760,0,100,0,0,28
LHE,1299,56,0,760,0,100,0,0,28
LHE,1300,56,0,760,0,100,0,0,28
LHE,1301,56,0,760,0,100,0,0,28
LHE,1302,56,0,760,0,100,0,0,28
LHE,1303,56,0,760,0,100,0,0,28
LHE,1304,56,0,760,0,100,0,0,28
LHE,1305,56,0,760,0,100,0,0,28
LHE,1306,56,0,760,0,100,0,0,28
LHE,1307,56,0,760,0,100,0,0,28
LHE,1308,56,0,760,0,100,0,0,28
LHE,1309,56,0,760,0,100,0,0,28
LHE,1310,56,0,760,0,100,0,0,28
LHE,1311,56,0,760,0,100,0,0,28
LHE,1312,56,0,760,0,100,0,0,28
LHE,1313,56,0,760,0,100,0,0,28
LHE,1314,56,0,760,0,100,0,0,28
LHE,1315,56,0,760,0,100,0,0,28
LHE,1316,56,0,760,0,100,0,0,28
LHE,1317,56,0,760,0,100,0,0,28
LHE,1318,56,0,760,0,100,0,0,28
LHE,1319,56,0,760,0,100,0,0,28
LHE,1320,56,0,760,0,100,0,0,28
LHE,1321,56,0,760,0,100,0,0,28
LHE,1322,56,0,760,0,100,0,0,28
LHE,1323,56,0,760,0,100,0,0,28
LHE,1324,56,0,760,0,100,0,0,28
LHE,1325,56,0,760,0,100,0,0,28
LHE,1326,56,0,760,0,100,0,0,28
LHE,1327,56,0,760,0,100,0,0,28
LHE,1328,56,0,760,0,100,0,0,28
LHE,1329,56,0,760,0,100,0,0,28
LHE,1330,56,0,760,0,100,0,0,28
LHE,1331,56,0,760,0,100,0,0,28
LHE,1332,56,0,760,0,100,0,0,28
LHE,1333,56,0,760,0,100,0,0,28
LHE,1334,56,0,760,0,100,0,0,28
LHE,1335,56,0,760,0,100,0,0,28
LHE,1336,56,0,760,0,100,0,0,28
LHE,1337,56,0,760,0,100,0,0,28
LHE,1338,56,0,760,0,100,0,0,28
LHE,1339,56,0,760,0,100,0,0,28
LHE,1340,56,0,760,0,100,0,0,28
LHE,1341,56,0,760,0,100,0,0,28
LHE,1342,56,0,760,0,100,0,0,28
LHE,1343,56,0,760,0,100,0,0,28
LHE,1344,56,0,760,0,100,0,0,28
LHE,1345,56,0,760,0,100,0,0,28
LHE,1346,56,0,760,0,100,0,0,28
LHE,1347,56,0,760,0,100,0,0,28
LHE,1348,56,0,760,0,100,0,0,28
LHE,1349,56,0,760,0,100,0,0,28
LHE,1350,56,0,760,0,100,0,0,28
LHE,1351,56,0,760,0,100,0,0,28
LHE,1352,56,0,760,0,100,0,0,28
LHE,1353,56,0,760,0,100,0,0,28
LHE,1354,56,0,760,0,100,0,0,28
LHE,1355,56,0,760,0,100,0,0,28
LHE,1356,56,0,760,0,100,0,0,28
LHE,1357,56,0,760,0,100,0,0,28
LHE,1358,56,0,760,0,100,0,0,28
LHE,1359,56,0,760,0,100,0,0,28
LHE,1360,56,0,760,0,100,0,0,28
LHE,1361,56,0,760,0,100,0,0,28
LHE,1362,56,0,760,0,100,0,0,28
LHE,1363,56,0,760,0,100,0,0,28
LHE,1364,56,0,760,0,100,0,0,28
LHE,1365,56,0,760,0,100,0,0,28
LHE,1366,56,0,760,0,100,0,0,28
LHE,1367,56,0,760,0,100,0,0,28
LHE,1368,56,0,760,0,100,0,0,28
LHE,1369,56,0,760,0,100,0,0,28
LHE,1370,56,0,760,0,100,0,0,28
LHE,1371,56,0,760,0,100,0,0,28
LHE,1372,56,0,760,0,100,0,0,28
LHE,1373,56,0,760,0,100,0,0,28
LHE,1374,56,0,760,0,100,0,0,28
LHE,1375,56,0,760,0,100,0,0,28
LHE,1376,56,0,760,0,100,0,0,28
LHE,1377,56,0,760,0,100,0,0,28
LHE,1378,56,0,760,0,100,0,0,28
LHE,1379,56,0,760,0,100,0,0,28
LHE,1380,56,0,760,0,100,0,0,28
LHE,1381,56,0,760,0,100,0,0,28
LHE,1382,56,0,760,0,100,0,0,28
LHE,1383,56,0,760,0,100,0,0,28
LHE,1384,56,0,760,0,100,0,0,28
LHE,1385,56,0,760,0,100,0,0,28
LHE,1386,56,0,760,0,100,0,0,28
LHE,1387,56,0,760,0,100,0,0,28
LHE,1388,56,0,760,0,100,0,0,28
LHE,1389,56,0,760,0,100,0,0,28
LHE,1390,56,0,760,0,100,0,0,28
LHE,1391,56,0,760,0,100,0,0,28
LHE,1392,56,0,760,0,100,0,0,28
LHE,1393,56,0,760,0,100,0,0,28
LHE,1394,56,0,760,0,100,0,0,28
LHE,1395,56,0,760,0,100,0,0,28
LHE,1396,56,0,760,0,100,0,0,28
LHE,1397,56,0,760,0,100,0,0,28
LHE,1398,56,0,760,0,100,0,0,28
LHE,1399,56,0,760,0,100,0,0,28
LHE,1400,56,0,760,0,100,0,0,28
LHE,1401,56,0,760,0,100,0,0,28
LHE,1402,56,0,760,0,100,0,0,28
LHE,1403,56,0,760,0,100,0,0,28
LHE,1404,56,0,760,0,100,0,0,28
LHE,1405,56,0,760,0,100,0,0,28
LHE,1406,56,0,760,0,100,0,0,28
LHE,1407,56,0,760,0,100,0,0,28
LHE,1408,56,0,760,0,100,0,0,28
LHE,1409,56,0,760,0,100,0,0,28
LHE,1410,56,0,760,0,100,0,0,28
LHE,1411,56,0,760,0,100,0,0,28
LHE,1412,56,0,760,0,100,0,0,28
LHE,1413,56,0,760,0,100,0,0,28
LHE,1414,56,0,760,0,100,0,0,28
LHE,1415,56,0,760,0,100,0,0,28
LHE,1416,56,0,760,0,100,0,0,28
LHE,1417,56,0,760,0,100,0,0,28
LHE,1418,56,0,760,0,100,0,0,28
LHE,1419,56,0,760,0,100,0,0,28
LHE,1420,56,0,760,0,100,0,0,28
LHE,1421,56,0,760,0,100,0,0,28
LHE,1422,56,0,760,0,100,0,0,28
LHE,1423,56,0,760,0,100,0,0,28
LHE,1424,56,0,760,0,100,0,0,28
LHE,1425,56,0,760,0,100,0,0,28
LHE,1426,56,0,760,0,100,0,0,28
LHE,1427,56,0,760,0,100,0,0,28
LHE,1428,56,0,760,0,100,0,0,28
LHE,1429,56,0,760,0,100,0,0,28
LHE,1430,56,0,760,0,100,0,0,28
LHE,1431,56,0,760,0,100,0,0,28
LHE,1432,56,0,760,0,100,0,0,28
LHE,1433,56,0,760,0,100,0,0,28
LHE,1434,56,0,760,0,100,0,0,28
LHE,1435,56,0,760,0,100,0,0,28
LHE,1436,56,0,760,0,100,0,0,28
LHE,1437,56,0,760,0,100,0,0,28
LHE,1438,56,0,760,0,100,0,0,28
LHE,1439,56,0,760,0,100,0,0,28
LHE,1440,56,0,760,0,100,0,0,28
LHE,1441,56,0,760,0,100,0,0,28
LHE,1442,56,0,760,0,100,0,0,28
LHE,1443,56,0,760,0,100,0,0,28
LHE,1444,56,0,760,0,100,0,0,28
LHE,1445,56,0,760,0,100,0,0,28
LHE,1446,56,0,760,0,100,0,0,28
LHE,1447,56,0,760,0,100,0,0,28
LHE,1448,56,0,760,0,100,0,0,28
LHE,1449,56,0,760,0,100,0,0,28
LHE,1450,56,0,760,0,100,0,0,28
LHE,1451,56,0,760,0,100,0,0,28
LHE,1452,56,0,760,0,100,0,0,28
LHE,1453,56,0,760,0,100,0,0,28
LHE,1454,56,0,760,0,100,0,0,28
LHE,1455,56,0,760,0,100,0,0,28
LHE,1456,56,0,760,0,100,0,0,28
LHE,1457,56,0,760,0,100,0,0,28
LHE,1458,56,0,760,0,100,0,0,28
LHE,1459,56,0,760,0,100,0,0,28
LHE,1460,56,0,760,0,100,0,0,28
LHE,1461,56,0,760,0,100,0,0,28
LHE,1462,56,0,760,0,100,0,0,28
LHE,1463,56,0,760,0,100,0,0,28
LHE,1464,56,0,760,0,100,0,0,28
LHE,1465,56,0,760,0,100,0,0,28
LHE,1466,56,0,760,0,100,0,0,28
LHE,1467,56,0,760,0,100,0,0,28
LHE,1468,56,0,760,0,100,0,0,28
LHE,1469,56,0,760,0,100,0,0,28
LHE,1470,56,0,760,0,100,0,0,28
LHE,1471,56,0,760,0,100,0,0,28
LHE,1472,56,0,760,0,100,0,0,28
LHE,1473,56,0,760,0,100,0,0,28
LHE,1474,56,0,760,0,100,0,0,28
LHE,1475,56,0,760,0,100,0,0,28
LHE,1476,56,0,760,0,100,0,0,28
LHE,1477,56,0,760,0,100,0,0,28
LHE,1478,56,0,760,0,100,0,0,28
LHE,1479,56,0,760,0,100,0,0,28
LHE,1480,56,0,760,0,100,0,0,28
LHE,1481,56,0,760,0,100,0,0,28
LHE,1482,56,0,760,0,100,0,0,28
LHE,1483,56,0,760,0,100,0,0,28
LHE,1484,56,0,760,0,100,0,0,28
LHE,1485,56,0,760,0,100,0,0,28
LHE,1486,56,0,760,0,100,0,0,28
LHE,1487,56,0,760,0,100,0,0,28
LHE,1488,56,0,760,0,100,0,0,28
LHE,1489,56,0,760,0,100,0,0,28
LHE,1490,56,0,760,0,100,0,0,28
LHE,1491,56,0,760,0,100,0,0,28
LHE,1492,56,0,760,0,100,0,0,28
LHE,1493,56,0,760,0,100,0,0,28
LHE,1494,56,0,760,0,100,0,0,28
LHE,1495,56,0,760,0,100,0,0,28
LHE,1496,56,0,760,0,100,0,0,28
LHE,1497,56,0,760,0,100,0,0,28
LHE,1498,56,0,760,0,100,0,0,28
LHE,1499,56,0,760,0,100,0,0,28
LHE,1500,56,0,760,0,100,0,0,28
LHE,1501,56,0,760,0,100,0,0,28
LHE,1502,56,0,760,0,100,0,0,28
LHE,1503,56,0,760,0,100,0,0,28
LHE,1504,56,0,760,0,100,0,0,28
LHE,1505,56,0,760,0,100,0,0,28
LHE,1506,56,0,760,0,100,0,0,28
LHE,1507,56,0,760,0,100,0,0,28
LHE,1508,56,0,760,0,100,0,0,28
LHE,1509,56,0,760,0,100,0,0,28
LHE,1510,56,0,760,0,100,0,0,28
LHE,1511,56,0,760,0,100,0,0,28
LHE,1512,56,0,760,0,100,0,0,28
LHE,1513,56,0,760,0,100,0,0,28
LHE,1514,56,0,760,0,100,0,0,28
LHE,1515,56,0,760,0,100,0,0,28
LHE,1516,56,0,760,0,100,0,0,28
LHE,1517,56,0,760,0,100,0,0,28
LHE,1518,56,0,760,0,100,0,0,28
LHE,1519,56,0,760,0,100,0,0,28
LHE,1520,56,0,760,0,100,0,0,28
LHE,1521,56,0,760,0,100,0,0,28
LHE,1522,56,0,760,0,100,0,0,28
LHE,1523,56,0,760,0,100,0,0,28
LHE,1524,56,0,760,0,100,0,0,28
LHE,1525,56,0,760,0,100,0,0,28
LHE,1526,56,0,760,0,100,0,0,28
LHE,1527,56,0,760,0,100,0,0,28
LHE,1528,56,0,760,0,100,0,0,28
LHE,1529,56,0,760,0,100,0,0,28
LHE,1530,56,0,760,0,100,0,0,28
LHE,1531,56,0,760,0,100,0,0,28
LHE,1532,56,0,760,0,100,0,0,28
LHE,1533,56,0,760,0,100,0,0,28
LHE,1534,56,0,760,0,100,0,0,28
LHE,1535,56,0,760,0,100,0,0,28
LHE,1536,56,0,760,0,100,0,0,28
LHE,1537,56,0,760,0,100,0,0,28
LHE,1538,56,0,760,0,100,0,0,28
LHE,1539,56,0,760,0,100,0,0,28
LHE,1540,56,0,760,0,100,0,0,28
LHE,1541,56,0,760,0,100,0,0,28
LHE,1542,56,0,760,0,100,0,0,28
LHE,1543,56,0,760,0,100,0,0,28
LHE,1544,56,0,760,0,100,0,0,28
LHE,1545,56,0,760,0,100,0,0,28
LHE,1546,56,0,760,0,100,0,0,28
LHE,1547,56,0,760,0,100,0,0,28
LHE,1548,56,0,760,0,100,0,0,28
LHE,1549,56,0,760,0,100,0,0,28
LHE,1550,56,0,760,0,100,0,0,28
LHE,1551,56,0,760,0,100,0,0,28
LHE,1552,56,0,760,0,100,0,0,28
LHE,1553,56,0,760,0,100,0,0,28
LHE,1554,56,0,760,0,100,0,0,28
LHE,1555,56,0,760,0,100,0,0,28
LHE,1556,56,0,760,0,100,0,0,28
LHE,1557,56,0,760,0,100,0,0,28
LHE,1558,56,0,760,0,100,0,0,28
LHE,1559,56,0,760,0,100,0,0,28
LHE,1560,56,0,760,0,100,0,0,28
LHE,1561,56,0,760,0,100,0,0,28
LHE,1562,56,0,760,0,100,0,0,28
LHE,1563,56,0,760,0,100,0,0,28
LHE,1564,56,0,760,0,100,0,0,28
LHE,1565,56,0,760,0,100,0,0,28
LHE,1566,56,0,760,0,100,0,0,28
LHE,1567,56,0,760,0,100,0,0,28
LHE,1568,56,0,760,0,100,0,0,28
LHE,1569,56,0,760,0,100,0,0,28
LHE,1570,56,0,760,0,100,0,0,28
LHE,1571,56,0,760,0,100,0,0,28
LHE,1572,56,0,760,0,100,0,0,28
LHE,1573,56,0,760,0,100,0,0,28
LHE,1574,56,0,760,0,100,0,0,28
LHE,1575,56,0,760,0,100,0,0,28
LHE,1576,56,0,760,0,100,0,0,28
LHE,1577,56,0,760,0,100,0,0,28
LHE,1578,56,0,760,0,100,0,0,28
LHE,1579,56,0,760,0,100,0,0,28
LHE,1580,56,0,760,0,100,0,0,28
LHE,1581,56,0,760,0,100,0,0,28
LHE,1582,56,0,760,0,100,0,0,28
LHE,1583,56,0,760,0,100,0,0,28
LHE,1584,56,0,760,0,100,0,0,28
LHE,1585,56,0,760,0,100,0,0,28
LHE,1586,56,0,760,0,100,0,0,28
LHE,1587,56,0,760,0,100,0,0,28
LHE,1588,56,0,760,0,100,0,0,28
LHE,1589,56,0,760,0,100,0,0,28
LHE,1590,56,0,760,0,100,0,0,28
LHE,1591,56,0,760,0,100,0,0,28
LHE,1592,56,0,760,0,100,0,0,28
LHE,1593,56,0,760,0,100,0,0,28
LHE,1594,56,0,760,0,100,0,0,28
LHE,1595,56,0,760,0,100,0,0,28
LHE,1596,56,0,760,0,100,0,0,28
LHE,1597,56,0,760,0,100,0,0,28
LHE,1598,56,0,760,0,100,0,0,28
LHE,1599,56,0,760,0,100,0,0,28
LHE,1600,56,0,760,0,100,0,0,28
LHE,1601,56,0,760,0,100,0,0,28
LHE,1602,56,0,760,0,100,0,0,28
LHE,1603,56,0,760,0,100,0,0,28
LHE,1604,56,0,760,0,100,0,0,28
LHE,1605,56,0,760,0,100,0,0,28
LHE,1606,56,0,760,0,100,0,0,28
LHE,1607,56,0,760,0,100,0,0,28
LHE,1608,56,0,760,0,100,0,0,28
LHE,1609,56,0,760,0,100,0,0,28
LHE,1610,56,0,760,0,100,0,0,28
LHE,1611,56,0,760,0,100,0,0,28
LHE,1612,56,0,760,0,100,0,0,28
LHE,1613,56,0,760,0,100,0,0,28
LHE,1614,56,0,760,0,100,0,0,28
LHE,1615,56,0,760,0,100,0,0,28
LHE,1616,56,0,760,0,100,0,0,28
LHE,1617,56,0,760,0,100,0,0,28
LHE,1618,56,0,760,0,100,0,0,28
LHE,1619,56,0,760,0,100,0,0,28
LHE,1620,56,0,760,0,100,0,0,28
LHE,1621,56,0,760,0,100,0,0,28
LHE,1622,56,0,760,0,100,0,0,28
LHE,1623,56,0,760,0,100,0,0,28
LHE,1624,56,0,760,0,100,0,0,28
LHE,1625,56,0,760,0,100,0,0,28
LHE,1626,56,0,760,0,100,0,0,28
LHE,1627,56,0,760,0,100,0,0,28
LHE,1628,56,0,760,0,100,0,0,28
LHE,1629,56,0,760,0,100,0,0,28
LHE,1630,56,0,760,0,100,0,0,28
LHE,1631,56,0,760,0,100,0,0,28
LHE,1632,56,0,760,0,100,0,0,28
LHE,1633,56,0,760,0,100,0,0,28
LHE,1634,56,0,760,0,100,0,0,28
LHE,1635,56,0,760,0,100,0,0,28
LHE,1636,56,0,760,0,100,0,0,28
LHE,1637,56,0,760,0,100,0,0,28
LHE,1638,56,0,760,0,100,0,0,28
LHE,1639,56,0,760,0,100,0,0,28
LHE,1640,56,0,760,0,100,0,0,28
LHE,1641,56,0,760,0,100,0,0,28
LHE,1642,56,0,760,0,100,0,0,28
LHE,1643,56,0,760,0,100,0,0,28
LHE,1644,56,0,760,0,100,0,0,28
LHE,1645,56,0,760,0,100,0,0,28
LHE,1646,56,0,760,0,100,0,0,28
LHE,1647,56,0,760,0,100,0,0,28
LHE,1648,56,0,760,0,100,0,0,28
LHE,1649,56,0,760,0,100,0,0,28
LHE,1650,56,0,760,0,100,0,0,28
LHE,1651,56,0,760,0,100,0,0,28
LHE,1652,56,0,760,0,100,0,0,28
LHE,1653,56,0,760,0,100,0,0,28
LHE,1654,56,0,760,0,100,0,0,28
LHE,1655,56,0,760,0,100,0,0,28
LHE,1656,56,0,760,0,100,0,0,28
LHE,1657,56,0,760,0,100,0,0,28
LHE,1658,56,0,760,0,100,0,0,28
LHE,1659,56,0,760,0,100,0,0,28
LHE,1660,56,0,760,0,100,0,0,28
LHE,1661,56,0,760,0,100,0,0,28
LHE,1662,56,0,760,0,100,0,0,28
LHE,1663,56,0,760,0,100,0,0,28
LHE,1664,56,0,760,0,100,0,0,28
LHE,1665,56,0,760,0,100,0,0,28
LHE,1666,56,0,760,0,100,0,0,28
LHE,1667,56,0,760,0,100,0,0,28
LHE,1668,56,0,760,0,100,0,0,28
LHE,1669,56,0,760,0,100,0,0,28
LHE,1670,56,0,760,0,100,0,0,28
LHE,1671,56,0,760,0,100,0,0,28
LHE,1672,56,0,760,0,100,0,0,28
LHE,1673,56,0,760,0,100,0,0,28
LHE,1674,56,0,760,0,100,0,0,28
LHE,1675,56,0,760,0,100,0,0,28
LHE,1676,56,0,760,0,100,0,0,28
LHE,1677,56,0,760,0,100,0,0,28
LHE,1678,56,0,760,0,100,0,0,28
LHE,1679,56,0,760,0,100,0,0,28
LHE,1680,56,0,760,0,100,0,0,28
LHE,1681,56,0,760,0,100,0,0,28
LHE,1682,56,0,760,0,100,0,0,28
LHE,1683,56,0,760,0,100,0,0,28
LHE,1684,56,0,760,0,100,0,0,28
LHE,1685,56,0,760,0,100,0,0,28
LHE,1686,56,0,760,0,100,0,0,28
LHE,1687,56,0,760,0,100,0,0,28
LHE,1688,56,0,760,0,100,0,0,28
LHE,1689,56,0,760,0,100,0,0,28
LHE,1690,56,0,760,0,100,0,0,28
LHE,1691,56,0,760,0,100,0,0,28
LHE,1692,56,0,760,0,100,0,0,28
LHE,1693,56,0,760,0,100,0,0,28
LHE,1694,56,0,760,0,100,0,0,28
LHE,1695,56,0,760,0,100,0,0,28
LHE,1696,56,0,760,0,100,0,0,28
LHE,1697,56,0,760,0,100,0,0,28
LHE,1698,56,0,760,0,100,0,0,28
LHE,1699,56,0,760,0,100,0,0,28
LHE,1700,56,0,760,0,100,0,0,28
LHE,1701,56,0,760,0,100,0,0,28
LHE,1702,56,0,760,0,100,0,0,28
LHE,1703,56,0,760,0,100,0,0,28
LHE,1704,56,0,760,0,100,0,0,28
LHE,1705,56,0,760,0,100,0,0,28
LHE,1706,56,0,760,0,100,0,0,28
LHE,1707,56,0,760,0,100,0,0,28
LHE,1708,56,0,760,0,100,0,0,28
LHE,1709,56,0,760,0,100,0,0,28
LHE,1710,56,0,760,0,100,0,0,28
LHE,1711,56,0,760,0,100,0,0,28
LHE,1712,56,0,760,0,100,0,0,28
LHE,1713,56,0,760,0,100,0,0,28
LHE,1714,56,0,760,0,100,0,0,28
LHE,1715,56,0,760,0,100,0,0,28
LHE,1716,56,0,760,0,100,0,0,28
LHE,1717,56,0,760,0,100,0,0,28
LHE,1718,56,0,760,0,100,0,0,28
LHE,1719,56,0,760,0,100,0,0,28
LHE,1720,56,0,760,0,100,0,0,28
LHE,1721,56,0,760,0,100,0,0,28
LHE,1722,56,0,760,0,100,0,0,28
LHE,1723,56,0,760,0,100,0,0,28
LHE,1724,56,0,760,0,100,0,0,28
LHE,1725,56,0,760,0,100,0,0,28
LHE,1726,56,0,760,0,100,0,0,28
LHE,1727,56,0,760,0,100,0,0,28
LHE,1728,56,0,760,0,100,0,0,28
LHE,1729,56,0,760,0,100,0,0,28
LHE,1730,56,0,760,0,100,0,0,28
LHE,1731,56,0,760,0,100,0,0,28
LHE,1732,56,0,760,0,100,0,0,28
LHE,1733,56,0,760,0,100,0,0,28
LHE,1734,56,0,760,0,100,0,0,28
LHE,1735,56,0,760,0,100,0,0,28
LHE,1736,56,0,760,0,100,0,0,28
LHE,1737,56,0,760,0,100,0,0,28
LHE,1738,56,0,760,0,100,0,0,28
LHE,1739,56,0,760,0,100,0,0,28
LHE,1740,56,0,760,0,100,0,0,28
LHE,1741,56,0,760,0,100,0,0,28
LHE,1742,56,0,760,0,100,0,0,28
LHE,1743,56,0,760,0,100,0,0,28
LHE,1744,56,0,760,0,100,0,0,28
LHE,1745,56,0,760,0,100,0,0,28
LHE,1746,56,0,760,0,100,0,0,28
LHE,1747,56,0,760,0,100,0,0,28
LHE,1748,56,0,760,0,100,0,0,28
LHE,1749,56,0,760,0,100,0,0,28
LHE,1750,56,0,760,0,100,0,0,28
LHE,1751,56,0,760,0,100,0,0,28
LHE,1752,56,0,760,0,100,0,0,28
LHE,1753,56,0,760,0,100,0,0,28
LHE,1754,56,0,760,0,100,0,0,28
LHE,1755,56,0,760,0,100,0,0,28
LHE,1756,56,0,760,0,100,0,0,28
LHE,1757,56,0,760,0,100,0,0,28
LHE,1758,56,0,760,0,100,0,0,28
LHE,1759,56,0,760,0,100,0,0,28
LHE,1760,56,0,760,0,100,0,0,28
LHE,1761,56,0,760,0,100,0,0,28
LHE,1762,56,0,760,0,100,0,0,28
LHE,1763,56,0,760,0,100,0,0,28
LHE,1764,56,0,760,0,100,0,0,28
LHE,1765,56,0,760,0,100,0,0,28
LHE,1766,56,0,760,0,100,0,0,28
LHE,1767,56,0,760,0,100,0,0,28
LHE,1768,56,0,760,0,100,0,0,28
LHE,1769,56,0,760,0,100,0,0,28
LHE,1770,56,0,760,0,100,0,0,28
LHE,1771,56,0,760,0,100,0,0,28
LHE,1772,56,0,760,0,100,0,0,28
LHE,1773,56,0,760,0,100,0,0,28
LHE,1774,56,0,760,0,100,0,0,28
LHE,1775,56,0,760,0,100,0,0,28
LHE,1776,56,0,760,0,100,0,0,28
LHE,1777,56,0,760,0,100,0,0,28
LHE,1778,56,0,760,0,100,0,0,28
LHE,1779,56,0,760,0,100,0,0,28
LHE,1780,56,0,760,0,100,0,0,28
LHE,1781,56,0,760,0,100,0,0,28
LHE,1782,56,0,760,0,100,0,0,28
LHE,1783,56,0,760,0,100,0,0,28
LHE,1784,56,0,760,0,100,0,0,28
LHE,1785,56,0,760,0,100,0,0,28
LHE,1786,56,0,760,0,100,0,0,28
LHE,1787,56,0,760,0,100,0,0,28
LHE,1788,56,0,760,0,100,0,0,28
LHE,1789,56,0,760,0,100,0,0,28
LHE,1790,56,0,760,0,100,0,0,28
LHE,1791,56,0,760,0,100,0,0,28
LHE,1792,56,0,760,0,100,0,0,28
LHE,1793,56,0,760,0,100,0,0,28
LHE,1794,56,0,760,0,100,0,0,28
LHE,1795,56,0,760,0,100,0,0,28
LHE,1796,56,0,760,0,100,0,0,28
LHE,1797,56,0,760,0,100,0,0,28
LHE,1798,56,0,760,0,100,0,0,28
LHE,1799,56,0,760,0,100,0,0,28
LHE,1800,56,0,760,0,100,0,0,28
LHE,1801,56,0,760,0,100,0,0,28
LHE,1802,56,0,760,0,100,0,0,28
LHE,1803,56,0,760,0,100,0,0,28
LHE,1804,56,0,760,0,100,0,0,28
LHE,1805,56,0,760,0,100,0,0,28
LHE,1806,56,0,760,0,100,0,0,28
LHE,1807,56,0,760,0,100,0,0,28
LHE,1808,56,0,760,0,100,0,0,28
LHE,1809,56,0,760,0,100,0,0,28
LHE,1810,56,0,760,0,100,0,0,28
LHE,1811,56,0,760,0,100,0,0,28
LHE,1812,56,0,760,0,100,0,0,28
LHE,1813,56,0,760,0,100,0,0,28
LHE,1814,56,0,760,0,100,0,0,28
LHE,1815,56,0,760,0,100,0,0,28
LHE,1816,56,0,760,0,100,0,0,28
LHE,1817,56,0,760,0,100,0,0,28
LHE,1818,56,0,760,0,100,0,0,28
LHE,1819,56,0,760,0,100,0,0,28
LHE,1820,56,0,760,0,100,0,0,28
LHE,1821,56,0,760,0,100,0,0,28
LHE,1822,56,0,760,0,100,0,0,28
LHE,1823,56,0,760,0,100,0,0,28
LHE,1824,56,0,760,0,100,0,0,28
LHE,1825,56,0,760,0,100,0,0,28
LHE,1826,56,0,760,0,100,0,0,28
LHE,1827,56,0,760,0,100,0,0,28
LHE,1828,56,0,760,0,100,0,0,28
LHE,1829,56,0,760,0,100,0,0,28
LHE,1830,56,0,760,0,100,0,0,28
LHE,1831,56,0,760,0,100,0,0,28
LHE,1832,56,0,760,0,100,0,0,28
LHE,1833,56,0,760,0,100,0,0,28
LHE,1834,56,0,760,0,100,0,0,28
LHE,1835,56,0,760,0,100,0,0,28
LHE,1836,56,0,760,0,100,0,0,28
LHE,1837,56,0,760,0,100,0,0,28
LHE,1838,56,0,760,0,100,0,0,28
LHE,1839,56,0,760,0,100,0,0,28
LHE,1840,56,0,760,0,100,0,0,28
LHE,1841,56,0,760,0,100,0,0,28
LHE,1842,56,0,760,0,100,0,0,28
LHE,1843,56,0,760,0,100,0,0,28
LHE,1844,56,0,760,0,100,0,0,28
LHE,1845,56,0,760,0,100,0,0,28
LHE,1846,56,0,760,0,100,0,0,28
LHE,1847,56,0,760,0,100,0,0,28
LHE,1848,56,0,760,0,100,0,0,28
LHE,1849,56,0,760,0,100,0,0,28
LHE,1850,56,0,760,0,100,0,0,28
LHE,1851,56,0,760,0,100,0,0,28
LHE,1852,56,0,760,0,100,0,0,28
LHE,1853,56,0,760,0,100,0,0,28
LHE,1854,56,0,760,0,100,0,0,28
LHE,1855,56,0,760,0,100,0,0,28
LHE,1856,56,0,760,0,100,0,0,28
LHE,1857,56,0,760,0,100,0,0,28
LHE,1858,56,0,760,0,100,0,0,28
LHE,1859,56,0,760,0,100,0,0,28
LHE,1860,56,0,760,0,100,0,0,28
LHE,1861,56,0,760,0,100,0,0,28
LHE,1862,56,0,760,0,100,0,0,28
LHE,1863,56,0,760,0,100,0,0,28
LHE,1864,56,0,760,0,100,0,0,28
LHE,1865,56,0,760,0,100,0,0,28
LHE,1866,56,0,760,0,100,0,0,28
LHE,1867,56,0,760,0,100,0,0,28
LHE,1868,56,0,760,0,100,0,0,28
LHE,1869,56,0,760,0,100,0,0,28
LHE,1870,56,0,760,0,100,0,0,28
LHE,1871,56,0,760,0,100,0,0,28
LHE,1872,56,0,760,0,100,0,0,28
LHE,1873,56,0,760,0,100,0,0,28
LHE,1874,56,0,760,0,100,0,0,28
LHE,1875,56,0,760,0,100,0,0,28
LHE,1876,56,0,760,0,100,0,0,28
LHE,1877,56,0,760,0,100,0,0,28
LHE,1878,56,0,760,0,100,0,0,28
LHE,1879,56,0,760,0,100,0,0,28
LHE,1880,56,0,760,0,100,0,0,28
LHE,1881,56,0,760,0,100,0,0,28
LHE,1882,56,0,760,0,100,0,0,28
LHE,1883,56,0,760,0,100,0,0,28
LHE,1884,56,0,760,0,100,0,0,28
LHE,1885,56,0,760,0,100,0,0,28
LHE,1886,56,0,760,0,100,0,0,28
LHE,1887,56,0,760,0,100,0,0,28
LHE,1888,56,0,760,0,100,0,0,28
LHE,1889,56,0,760,0,100,0,0,28
LHE,1890,56,0,760,0,100,0,0,28
LHE,1891,56,0,760,0,100,0,0,28
LHE,1892,56,0,760,0,100,0,0,28
LHE,1893,56,0,760,0,100,0,0,28
LHE,1894,56,0,760,0,100,0,0,28
LHE,1895,56,0,760,0,100,0,0,28
LHE,1896,56,0,760,0,100,0,0,28
LHE,1897,56,0,760,0,100,0,0,28
LHE,1898,56,0,760,0,100,0,0,28
LHE,1899,56,0,760,0,100,0,0,28
LHE,1900,56,0,760,0,100,0,0,28
LHE,1901,56,0,760,0,100,0,0,28
LHE,1902,56,0,760,0,100,0,0,28
LHE,1903,56,0,760,0,100,0,0,28
LHE,1904,56,0,760,0,100,0,0,28
LHE,1905,56,0,760,0,100,0,0,28
LHE,1906,56,0,760,0,100,0,0,28
LHE,1907,56,0,760,0,100,0,0,28
LHE,1908,56,0,760,0,100,0,0,28
LHE,1909,56,0,760,0,100,0,0,28
LHE,1910,56,0,760,0,100,0,0,28
LHE,1911,56,0,760,0,100,0,0,28
LHE,1912,56,0,760,0,100,0,0,28
LHE,1913,56,0,760,0,100,0,0,28
LHE,1914,56,0,760,0,100,0,0,28
LHE,1915,56,0,760,0,100,0,0,28
LHE,1916,56,0,760,0,100,0,0,28
LHE,1917,56,0,760,0,100,0,0,28
LHE,1918,56,0,760,0,100,0,0,28
LHE,1919,56,0,760,0,100,0,0,28
LHE,1920,56,0,760,0,100,0,0,28
LHE,1921,56,0,760,0,100,0,0,28
LHE,1922,56,0,760,0,100,0,0,28
LHE,1923,56,0,760,0,100,0,0,28
LHE,1924,56,0,760,0,100,0,0,28
LHE,1925,56,0,760,0,100,0,0,28
LHE,1926,56,0,760,0,100,0,0,28
LHE,1927,56,0,760,0,100,0,0,28
LHE,1928,56,0,760,0,100,0,0,28
LHE,1929,56,0,760,0,100,0,0,28
LHE,1930,56,0,760,0,100,0,0,28
LHE,1931,56,0,760,0,100,0,0,28
LHE,1932,56,0,760,0,100,0,0,28
LHE,1933,56,0,760,0,100,0,0,28
LHE,1934,56,0,760,0,100,0,0,28
LHE,1935,56,0,760,0,100,0,0,28
LHE,1936,56,0,760,0,100,0,0,28
LHE,1937,56,0,760,0,100,0,0,28
LHE,1938,56,0,760,0,100,0,0,28
LHE,1939,56,0,760,0,100,0,0,28
LHE,1940,56,0,760,0,100,0,0,28
LHE,1941,56,0,760,0,100,0,0,28
LHE,1942,56,0,760,0,100,0,0,28
LHE,1943,56,0,760,0,100,0,0,28
LHE,1944,56,0,760,0,100,0,0,28
LHE,1945,56,0,760,0,100,0,0,28
LHE,1946,56,0,760,0,100,0,0,28
LHE,1947,56,0,760,0,100,0,0,28
LHE,1948,56,0,760,0,100,0,0,28
LHE,1949,56,0,760,0,100,0,0,28
LHE,1950,56,0,760,0,100,0,0,28
LHE,1951,56,0,760,0,100,0,0,28
LHE,1952,56,0,760,0,100,0,0,28
LHE,1953,56,0,760,0,100,0,0,28
LHE,1954,56,0,760,0,100,0,0,28
LHE,1955,56,0,760,0,100,0,0,28
LHE,1956,56,0,760,0,100,0,0,28
LHE,1957,56,0,760,0,100,0,0,28
LHE,1958,56,0,760,0,100,0,0,28
LHE,1959,56,0,760,0,100,0,0,28
LHE,1960,56,0,760,0,100,0,0,28
LHE,1961,56,0,760,0,100,0,0,28
LHE,1962,56,0,760,0,100,0,0,28
LHE,1963,56,0,760,0,100,0,0,28
LHE,1964,56,0,760,0,100,0,0,28
LHE,1965,56,0,760,0,100,0,0,28
LHE,1966,56,0,760,0,100,0,0,28
LHE,1967,56,0,760,0,100,0,0,28
LHE,1968,56,0,760,0,100,0,0,28
LHE,1969,56,0,760,0,100,0,0,28
LHE,1970,56,0,760,0,100,0,0,28
LHE,1971,56,0,760,0,100,0,0,28
LHE,1972,56,0,760,0,100,0,0,28
LHE,1973,56,0,760,0,100,0,0,28
LHE,1974,56,0,760,0,100,0,0,28
LHE,1975,56,0,760,0,100,0,0,28
LHE,1976,56,0,760,0,100,0,0,28
LHE,1977,56,0,760,0,100,0,0,28
LHE,1978,56,0,760,0,100,0,0,28
LHE,1979,56,0,760,0,100,0,0,28
LHE,1980,56,0,760,0,100,0,0,28
LHE,1981,56,0,760,0,100,0,0,28
LHE,1982,56,0,760,0,100,0,0,28
LHE,1983,56,0,760,0,100,0,0,28
LHE,1984,56,0,760,0,100,0,0,28
LHE,1985,56,0,760,0,100,0,0,28
LHE,1986,56,0,760,0,100,0,0,28
LHE,1987,56,0,760,0,100,0,0,28
LHE,1988,56,0,760,0,100,0,0,28
LHE,1989,56,0,760,0,100,0,0,28
LHE,1990,56,0,760,0,100,0,0,28
LHE,1991,56,0,760,0,100,0,0,28
LHE,1992,56,0,760,0,100,0,0,28
LHE,1993,56,0,760,0,100,0,0,28
LHE,1994,56,0,760,0,100,0,0,28
LHE,1995,56,0,760,0,100,0,0,28
LHE,1996,56,0,760,0,100,0,0,28
LHE,1997,56,0,760,0,100,0,0,28
LHE,1998,56,0,760,0,100,0,0,28
LHE,1999,56,0,760,0,100,0,0,28
LHE,2000,56,0,760,0,100,0,0,28
LHE,2001,56,0,760,0,100,0,0,28
LHE,2002,56,0,760,0,100,0,0,28
LHE,2003,56,0,760,0,100,0,0,28
LHE,2004,56,0,760,0,100,0,0,28
LHE,2005,56,0,760,0,100,0,0,28
LHE,2006,56,0,760,0,100,0,0,28
LHE,2007,56,0,760,0,100,0,0,28
LHE,2008,56,0,760,0,100,0,0,28
LHE,2009,56,0,760,0,100,0,0,28
LHE,2010,56,0,760,0,100,0,0,28
LHE,2011,56,0,760,0,100,0,0,28
LHE,2012,56,0,760,0,100,0,0,28
LHE,2013,56,0,760,0,100,0,0,28
LHE,2014,56,0,760,0,100,0,0,28
LHE,2015,56,0,760,0,100,0,0,28
LHE,2016,56,0,760,0,100,0,0,28
LHE,2017,56,0,760,0,100,0,0,28
LHE,2018,56,0,760,0,100,0,0,28
LHE,2019,56,0,760,0,100,0,0,28
LHE,2020,56,0,760,0,100,0,0,28
LHE,2021,56,0,760,0,100,0,0,28
LHE,2022,56,0,760,0,100,0,0,28
LHE,2023,56,0,760,0,100,0,0,28
LHE,2024,56,0,760,0,100,0,0,28
LHE,2025,56,0,760,0,100,0,0,28
LHE,2026,56,0,760,0,100,0,0,28
LHE,2027,56,0,760,0,100,0,0,28
LHE,2028,56,0,760,0,100,0,0,28
LHE,2029,56,0,760,0,100,0,0,28
LHE,2030,56,0,760,0,100,0,0,28
LHE,2031,56,0,760,0,100,0,0,28
LHE,2032,56,0,760,0,100,0,0,28
LHE,2033,56,0,760,0,100,0,0,28
LHE,2034,56,0,760,0,100,0,0,28
LHE,2035,56,0,760,0,100,0,0,28
LHE,2036,56,0,760,0,100,0,0,28
LHE,2037,56,0,760,0,100,0,0,28
LHE,2038,56,0,760,0,100,0,0,28
LHE,2039,56,0,760,0,100,0,0,28
LHE,2040,56,0,760,0,100,0,0,28
LHE,2041,56,0,760,0,100,0,0,28
LHE,2042,56,0,760,0,100,0,0,28
LHE,2043,56,0,760,0,100,0,0,28
LHE,2044,56,0,760,0,100,0,0,28
LHE,2045,56,0,760,0,100,0,0,28
LHE,2046,56,0,760,0,100,0,0,28
LHE,2047,56,0,760,0,100,0,0,28
LHE,2048,56,0,760,0,100,0,0,28
LHE,2049,56,0,760,0,100,0,0,28
LHE,2050,56,0,760,0,100,0,0,28
LHE,2051,56,0,760,0,100,0,0,28
LHE,2052,56,0,760,0,100,0,0,28
LHE,2053,56,0,760,0,100,0,0,28
LHE,2054,56,0,760,0,100,0,0,28
LHE,2055,56,0,760,0,100,0,0,28
LHE,2056,56,0,760,0,100,0,0,28
LHE,2057,56,0,760,0,100,0,0,28
LHE,2058,56,0,760,0,100,0,0,28
LHE,2059,56,0,760,0,100,0,0,28
LHE,2060,56,0,760,0,100,0,0,28
LHE,2061,56,0,760,0,100,0,0,28
LHE,2062,56,0,760,0,100,0,0,28
LHE,2063,56,0,760,0,100,0,0,28
LHE,2064,56,0,760,0,100,0,0,28
LHE,2065,56,0,760,0,100,0,0,28
LHE,2066,56,0,760,0,100,0,0,28
LHE,2067,56,0,760,0,100,0,0,28
LHE,2068,56,0,760,0,100,0,0,28
LHE,2069,56,0,760,0,100,0,0,28
LHE,2070,56,0,760,0,100,0,0,28
LHE,2071,56,0,760,0,100,0,0,28
LHE,2072,56,0,760,0,100,0,0,28
LHE,2073,56,0,760,0,100,0,0,28
LHE,2074,56,0,760,0,100,0,0,28
LHE,2075,56,0,760,0,100,0,0,28
LHE,2076,56,0,760,0,100,0,0,28
LHE,2077,56,0,760,0,100,0,0,28
LHE,2078,56,0,760,0,100,0,0,28
LHE,2079,56,0,760,0,100,0,0,28
LHE,2080,56,0,760,0,100,0,0,28
LHE,2081,56,0,760,0,100,0,0,28
LHE,2082,56,0,760,0,100,0,0,28
LHE,2083,56,0,760,0,100,0,0,28
LHE,2084,56,0,760,0,100,0,0,28
LHE,2085,56,0,760,0,100,0,0,28
LHE,2086,56,0,760,0,100,0,0,28
LHE,2087,56,0,760,0,100,0,0,28
LHE,2088,56,0,760,0,100,0,0,28
LHE,2089,56,0,760,0,100,0,0,28
LHE,2090,56,0,760,0,100,0,0,28
LHE,2091,56,0,760,0,100,0,0,28
LHE,2092,56,0,760,0,100,0,0,28
LHE,2093,56,0,760,0,100,0,0,28
LHE,2094,56,0,760,0,100,0,0,28
LHE,2095,56,0,760,0,100,0,0,28
LHE,2096,56,0,760,0,100,0,0,28
LHE,2097,56,0,760,0,100,0,0,28
LHE,2098,56,0,760,0,100,0,0,28
LHE,2099,56,0,760,0,100,0,0,28
LHE,2100,56,0,760,0,100,0,0,28
LHE,2101,56,0,760,0,100,0,0,28
LHE,2102,56,0,760,0,100,0,0,28
LHE,2103,56,0,760,0,100,0,0,28
LHE,2104,56,0,760,0,100,0,0,28
LHE,2105,56,0,760,0,100,0,0,28
LHE,2106,56,0,760,0,100,0,0,28
LHE,2107,56,0,760,0,100,0,0,28
LHE,2108,56,0,760,0,100,0,0,28
LHE,2109,56,0,760,0,100,0,0,28
LHE,2110,56,0,760,0,100,0,0,28
LHE,2111,56,0,760,0,100,0,0,28
LHE,2112,56,0,760,0,100,0,0,28
LHE,2113,56,0,760,0,100,0,0,28
LHE,2114,56,0,760,0,100,0,0,28
LHE,2115,56,0,760,0,100,0,0,28
LHE,2116,56,0,760,0,100,0,0,28
LHE,2117,56,0,760,0,100,0,0,28
LHE,2118,56,0,760,0,100,0,0,28
LHE,2119,56,0,760,0,100,0,0,28
LHE,2120,56,0,760,0,100,0,0,28
LHE,2121,56,0,760,0,100,0,0,28
LHE,2122,56,0,760,0,100,0,0,28
LHE,2123,56,0,760,0,100,0,0,28
LHE,2124,56,0,760,0,100,0,0,28
LHE,2125,56,0,760,0,100,0,0,28
LHE,2126,56,0,760,0,100,0,0,28
LHE,2127,56,0,760,0,100,0,0,28
LHE,2128,56,0,760,0,100,0,0,28
LHE,2129,56,0,760,0,100,0,0,28
LHE,2130,56,0,760,0,100,0,0,28
LHE,2131,56,0,760,0,100,0,0,28
LHE,2132,56,0,760,0,100,0,0,28
LHE,2133,56,0,760,0,100,0,0,28
LHE,2134,56,0,760,0,100,0,0,28
LHE,2135,56,0,760,0,100,0,0,28
LHE,2136,56,0,760,0,100,0,0,28
LHE,2137,56,0,760,0,100,0,0,28
LHE,2138,56,0,760,0,100,0,0,28
LHE,2139,56,0,760,0,100,0,0,28
LHE,2140,56,0,760,0,100,0,0,28
LHE,2141,56,0,760,0,100,0,0,28
LHE,2142,56,0,760,0,100,0,0,28
LHE,2143,56,0,760,0,100,0,0,28
LHE,2144,56,0,760,0,100,0,0,28
LHE,2145,56,0,760,0,100,0,0,28
LHE,2146,56,0,760,0,100,0,0,28
LHE,2147,56,0,760,0,100,0,0,28
LHE,2148,56,0,760,0,100,0,0,28
LHE,2149,56,0,760,0,100,0,0,28
LHE,2150,56,0,760,0,100,0,0,28
LHE,2151,56,0,760,0,100,0,0,28
LHE,2152,56,0,760,0,100,0,0,28
LHE,2153,56,0,760,0,100,0,0,28
LHE,2154,56,0,760,0,100,0,0,28
LHE,2155,56,0,760,0,100,0,0,28
LHE,2156,56,0,760,0,100,0,0,28
LHE,2157,56,0,760,0,100,0,0,28
LHE,2158,56,0,760,0,100,0,0,28
LHE,2159,56,0,760,0,100,0,0,28
LHE,2160,56,0,760,0,100,0,0,28
LHE,2161,56,0,760,0,100,0,0,28
LHE,2162,56,0,760,0,100,0,0,28
LHE,2163,56,0,760,0,100,0,0,28
LHE,2164,56,0,760,0,100,0,0,28
LHE,2165,56,0,760,0,100,0,0,28
LHE,2166,56,0,760,0,100,0,0,28
LHE,2167,56,0,760,0,100,0,0,28
LHE,2168,56,0,760,0,100,0,0,28
LHE,2169,56,0,760,0,100,0,0,28
LHE,2170,56,0,760,0,100,0,0,28
LHE,2171,56,0,760,0,100,0,0,28
LHE,2172,56,0,760,0,100,0,0,28
LHE,2173,56,0,760,0,100,0,0,28
LHE,2174,56,0,760,0,100,0,0,28
LHE,2175,56,0,760,0,100,0,0,28
LHE,2176,56,0,760,0,100,0,0,28
LHE,2177,56,0,760,0,100,0,0,28
LHE,2178,56,0,760,0,100,0,0,28
LHE,2179,56,0,760,0,100,0,0,28
LHE,2180,56,0,760,0,100,0,0,28
LHE,2181,56,0,760,0,100,0,0,28
LHE,2182,56,0,760,0,100,0,0,28
LHE,2183,56,0,760,0,100,0,0,28
LHE,2184,56,0,760,0,100,0,0,28
LHE,2185,56,0,760,0,100,0,0,28
LHE,2186,56,0,760,0,100,0,0,28
LHE,2187,56,0,760,0,100,0,0,28
LHE,2188,56,0,760,0,100,0,0,28
LHE,2189,56,0,760,0,100,0,0,28
LHE,2190,56,0,760,0,100,0,0,28
LHE,2191,56,0,760,0,100,0,0,28
LHE,2192,56,0,760,0,100,0,0,28
LHE,2193,56,0,760,0,100,0,0,28
LHE,2194,56,0,760,0,100,0,0,28
LHE,2195,56,0,760,0,100,0,0,28
LHE,2196,56,0,760,0,100,0,0,28
LHE,2197,56,0,760,0,100,0,0,28
LHE,2198,56,0,760,0,100,0,0,28
LHE,2199,56,0,760,0,100,0,0,28
LHE,2200,56,0,760,0,100,0,0,28
LHE,2201,56,0,760,0,100,0,0,28
LHE,2202,56,0,760,0,100,0,0,28
LHE,2203,56,0,760,0,100,0,0,28
LHE,2204,56,0,760,0,100,0,0,28
LHE,2205,56,0,760,0,100,0,0,28
LHE,2206,56,0,760,0,100,0,0,28
LHE,2207,56,0,760,0,100,0,0,28
LHE,2208,56,0,760,0,100,0,0,28
LHE,2209,56,0,760,0,100,0,0,28
LHE,2210,56,0,760,0,100,0,0,28
LHE,2211,56,0,760,0,100,0,0,28
LHE,2212,56,0,760,0,100,0,0,28
LHE,2213,56,0,760,0,100,0,0,28
LHE,2214,56,0,760,0,100,0,0,28
LHE,2215,56,0,760,0,100,0,0,28
LHE,2216,56,0,760,0,100,0,0,28
LHE,2217,56,0,760,0,100,0,0,28
LHE,2218,56,0,760,0,100,0,0,28
LHE,2219,56,0,760,0,100,0,0,28
LHE,2220,56,0,760,0,100,0,0,28
LHE,2221,56,0,760,0,100,0,0,28
LHE,2222,56,0,760,0,100,0,0,28
LHE,2223,56,0,760,0,100,0,0,28
LHE,2224,56,0,760,0,100,0,0,28
LHE,2225,56,0,760,0,100,0,0,28
LHE,2226,56,0,760,0,100,0,0,28
LHE,2227,56,0,760,0,100,0,0,28
LHE,2228,56,0,760,0,100,0,0,28
LHE,2229,56,0,760,0,100,0,0,28
LHE,2230,56,0,760,0,100,0,0,28
LHE,2231,56,0,760,0,100,0,0,28
LHE,2232,56,0,760,0,100,0,0,28
LHE,2233,56,0,760,0,100,0,0,28
LHE,2234,56,0,760,0,100,0,0,28
LHE,2235,56,0,760,0,100,0,0,28
LHE,2236,56,0,760,0,100,0,0,28
LHE,2237,56,0,760,0,100,0,0,28
LHE,2238,56,0,760,0,100,0,0,28
LHE,2239,56,0,760,0,100,0,0,28
LHE,2240,56,0,760,0,100,0,0,28
LHE,2241,56,0,760,0,100,0,0,28
LHE,2242,56,0,760,0,100,0,0,28
LHE,2243,56,0,760,0,100,0,0,28
LHE,2244,56,0,760,0,100,0,0,28
LHE,2245,56,0,760,0,100,0,0,28
LHE,2246,56,0,760,0,100,0,0,28
LHE,2247,56,0,760,0,100,0,0,28
LHE,2248,56,0,760,0,100,0,0,28
LHE,2249,56,0,760,0,100,0,0,28
LHE,2250,56,0,760,0,100,0,0,28
LHE,2251,56,0,760,0,100,0,0,28
LHE,2252,56,0,760,0,100,0,0,28
LHE,2253,56,0,760,0,100,0,0,28
LHE,2254,56,0,760,0,100,0,0,28
LHE,2255,56,0,760,0,100,0,0,28
LHE,2256,56,0,760,0,100,0,0,28
LHE,2257,56,0,760,0,100,0,0,28
LHE,2258,56,0,760,0,100,0,0,28
LHE,2259,56,0,760,0,100,0,0,28
LHE,2260,56,0,760,0,100,0,0,28
LHE,2261,56,0,760,0,100,0,0,28
LHE,2262,56,0,760,0,100,0,0,28
LHE,2263,56,0,760,0,100,0,0,28
LHE,2264,56,0,760,0,100,0,0,28
LHE,2265,56,0,760,0,100,0,0,28
LHE,2266,56,0,760,0,100,0,0,28
LHE,2267,56,0,760,0,100,0,0,28
LHE,2268,56,0,760,0,100,0,0,28
LHE,2269,56,0,760,0,100,0,0,28
LHE,2270,56,0,760,0,100,0,0,28
LHE,2271,56,0,760,0,100,0,0,28
LHE,2272,56,0,760,0,100,0,0,28
LHE,2273,56,0,760,0,100,0,0,28
LHE,2274,56,0,760,0,100,0,0,28
LHE,2275,56,0,760,0,100,0,0,28
LHE,2276,56,0,760,0,100,0,0,28
LHE,2277,56,0,760,0,100,0,0,28
LHE,2278,56,0,760,0,100,0,0,28
LHE,2279,56,0,760,0,100,0,0,28
LHE,2280,56,0,760,0,100,0,0,28
LHE,2281,56,0,760,0,100,0,0,28
LHE,2282,56,0,760,0,100,0,0,28
LHE,2283,56,0,760,0,100,0,0,28
LHE,2284,56,0,760,0,100,0,0,28
LHE,2285,56,0,760,0,100,0,0,28
LHE,2286,56,0,760,0,100,0,0,28
LHE,2287,56,0,760,0,100,0,0,28
LHE,2288,56,0,760,0,100,0,0,28
LHE,2289,56,0,760,0,100,0,0,28
LHE,2290,56,0,760,0,100,0,0,28
LHE,2291,56,0,760,0,100,0,0,28
LHE,2292,56,0,760,0,100,0,0,28
LHE,2293,56,0,760,0,100,0,0,28
LHE,2294,56,0,760,0,100,0,0,28
LHE,2295,56,0,760,0,100,0,0,28
LHE,2296,56,0,760,0,100,0,0,28
LHE,2297,56,0,760,0,100,0,0,28
LHE,2298,56,0,760,0,100,0,0,28
LHE,2299,56,0,760,0,100,0,0,28
LHE,2300,56,0,760,0,100,0,0,28
LHE,2301,56,0,760,0,100,0,0,28
LHE,2302,56,0,760,0,100,0,0,28
LHE,2303,56,0,760,0,100,0,0,28
LHE,2304,56,0,760,0,100,0,0,28
LHE,2305,56,0,760,0,100,0,0,28
LHE,2306,56,0,760,0,100,0,0,28
LHE,2307,56,0,760,0,100,0,0,28
LHE,2308,56,0,760,0,100,0,0,28
LHE,2309,56,0,760,0,100,0,0,28
LHE,2310,56,0,760,0,100,0,0,28
LHE,2311,56,0,760,0,100,0,0,28
LHE,2312,56,0,760,0,100,0,0,28
LHE,2313,56,0,760,0,100,0,0,28
LHE,2314,56,0,760,0,100,0,0,28
LHE,2315,56,0,760,0,100,0,0,28
LHE,2316,56,0,760,0,100,0,0,28
LHE,2317,56,0,760,0,100,0,0,28
LHE,2318,56,0,760,0,100,0,0,28
LHE,2319,56,0,760,0,100,0,0,28
LHE,2320,56,0,760,0,100,0,0,28
LHE,2321,56,0,760,0,100,0,0,28
LHE,2322,56,0,760,0,100,0,0,28
LHE,2323,56,0,760,0,100,0,0,28
LHE,2324,56,0,760,0,100,0,0,28
LHE,2325,56,0,760,0,100,0,0,28
LHE,2326,56,0,760,0,100,0,0,28
LHE,2327,56,0,760,0,100,0,0,28
LHE,2328,56,0,760,0,100,0,0,28
LHE,2329,56,0,760,0,100,0,0,28
LHE,2330,56,0,760,0,100,0,0,28
LHE,2331,56,0,760,0,100,0,0,28
LHE,2332,56,0,760,0,100,0,0,28
LHE,2333,56,0,760,0,100,0,0,28
LHE,2334,56,0,760,0,100,0,0,28
LHE,2335,56,0,760,0,100,0,0,28
LHE,2336,56,0,760,0,100,0,0,28
LHE,2337,56,0,760,0,100,0,0,28
LHE,2338,56,0,760,0,100,0,0,28
LHE,2339,56,0,760,0,100,0,0,28
LHE,2340,56,0,760,0,100,0,0,28
LHE,2341,56,0,760,0,100,0,0,28
LHE,2342,56,0,760,0,100,0,0,28
LHE,2343,56,0,760,0,100,0,0,28
LHE,2344,56,0,760,0,100,0,0,28
LHE,2345,56,0,760,0,100,0,0,28
LHE,2346,56,0,760,0,100,0,0,28
LHE,2347,56,0,760,0,100,0,0,28
LHE,2348,56,0,760,0,100,0,0,28
LHE,2349,56,0,760,0,100,0,0,28
LHE,2350,56,0,760,0,100,0,0,28
LHE,2351,56,0,760,0,100,0,0,28
LHE,2352,56,0,760,0,100,0,0,28
LHE,2353,56,0,760,0,100,0,0,28
LHE,2354,56,0,760,0,100,0,0,28
LHE,2355,56,0,760,0,100,0,0,28
LHE,2356,56,0,760,0,100,0,0,28
LHE,2357,56,0,760,0,100,0,0,28
LHE,2358,56,0,760,0,100,0,0,28
LHE,2359,56,0,760,0,100,0,0,28
LHE,2360,56,0,760,0,100,0,0,28
LHE,2361,56,0,760,0,100,0,0,28
LHE,2362,56,0,760,0,100,0,0,28
LHE,2363,56,0,760,0,100,0,0,28
LHE,2364,56,0,760,0,100,0,0,28
LHE,2365,56,0,760,0,100,0,0,28
LHE,2366,56,0,760,0,100,0,0,28
LHE,2367,56,0,760,0,100,0,0,28
LHE,2368,56,0,760,0,100,0,0,28
LHE,2369,56,0,760,0,100,0,0,28
LHE,2370,56,0,760,0,100,0,0,28
LHE,2371,56,0,760,0,100,0,0,28
LHE,2372,56,0,760,0,100,0,0,28
LHE,2373,56,0,760,0,100,0,0,28
LHE,2374,56,0,760,0,100,0,0,28
LHE,2375,56,0,760,0,100,0,0,28
LHE,2376,56,0,760,0,100,0,0,28
LHE,2377,56,0,760,0,100,0,0,28
LHE,2378,56,0,760,0,100,0,0,28
LHE,2379,56,0,760,0,100,0,0,28
LHE,2380,56,0,760,0,100,0,0,28
LHE,2381,56,0,760,0,100,0,0,28
LHE,2382,56,0,760,0,100,0,0,28
LHE,2383,56,0,760,0,100,0,0,28
LHE,2384,56,0,760,0,100,0,0,28
LHE,2385,56,0,760,0,100,0,0,28
LHE,2386,56,0,760,0,100,0,0,28
LHE,2387,56,0,760,0,100,0,0,28
LHE,2388,56,0,760,0,100,0,0,28
LHE,2389,56,0,760,0,100,0,0,28
LHE,2390,56,0,760,0,100,0,0,28
LHE,2391,56,0,760,0,100,0,0,28
LHE,2392,56,0,760,0,100,0,0,28
LHE,2393,56,0,760,0,100,0,0,28
LHE,2394,56,0,760,0,100,0,0,28
LHE,2395,56,0,760,0,100,0,0,28
LHE,2396,56,0,760,0,100,0,0,28
LHE,2397,56,0,760,0,100,0,0,28
LHE,2398,56,0,760,0,100,0,0,28
LHE,2399,56,0,760,0,100,0,0,28
LHE,2400,56,0,760,0,100,0,0,28
LHE,2401,56,0,760,0,100,0,0,28
LHE,2402,56,0,760,0,100,0,0,28
LHE,2403,56,0,760,0,100,0,0,28
LHE,2404,56,0,760,0,100,0,0,28
LHE,2405,56,0,760,0,100,0,0,28
LHE,2406,56,0,760,0,100,0,0,28
LHE,2407,56,0,760,0,100,0,0,28
LHE,2408,56,0,760,0,100,0,0,28
LHE,2409,56,0,760,0,100,0,0,28
LHE,2410,56,0,760,0,100,0,0,28
LHE,2411,56,0,760,0,100,0,0,28
LHE,2412,56,0,760,0,100,0,0,28
LHE,2413,56,0,760,0,100,0,0,28
LHE,2414,56,0,760,0,100,0,0,28
LHE,2415,56,0,760,0,100,0,0,28
LHE,2416,56,0,760,0,100,0,0,28
LHE,2417,56,0,760,0,100,0,0,28
LHE,2418,56,0,760,0,100,0,0,28
LHE,2419,56,0,760,0,100,0,0,28
LHE,2420,56,0,760,0,100,0,0,28
LHE,2421,56,0,760,0,100,0,0,28
LHE,2422,56,0,760,0,100,0,0,28
LHE,2423,56,0,760,0,100,0,0,28
LHE,2424,56,0,760,0,100,0,0,28
LHE,2425,56,0,760,0,100,0,0,28
LHE,2426,56,0,760,0,100,0,0,28
LHE,2427,56,0,760,0,100,0,0,28
LHE,2428,56,0,760,0,100,0,0,28
LHE,2429,56,0,760,0,100,0,0,28
LHE,2430,56,0,760,0,100,0,0,28
LHE,2431,56,0,760,0,100,0,0,28
LHE,2432,56,0,760,0,100,0,0,28
LHE,2433,56,0,760,0,100,0,0,28
LHE,2434,56,0,760,0,100,0,0,28
LHE,2435,56,0,760,0,100,0,0,28
LHE,2436,56,0,760,0,100,0,0,28
LHE,2437,56,0,760,0,100,0,0,28
LHE,2438,56,0,760,0,100,0,0,28
LHE,2439,56,0,760,0,100,0,0,28
LHE,2440,56,0,760,0,100,0,0,28
LHE,2441,56,0,760,0,100,0,0,28
LHE,2442,56,0,760,0,100,0,0,28
LHE,2443,56,0,760,0,100,0,0,28
LHE,2444,56,0,760,0,100,0,0,28
LHE,2445,56,0,760,0,100,0,0,28
LHE,2446,56,0,760,0,100,0,0,28
LHE,2447,56,0,760,0,100,0,0,28
LHE,2448,56,0,760,0,100,0,0,28
LHE,2449,56,0,760,0,100,0,0,28
LHE,2450,56,0,760,0,100,0,0,28
LHE,2451,56,0,760,0,100,0,0,28
LHE,2452,56,0,760,0,100,0,0,28
LHE,2453,56,0,760,0,100,0,0,28
LHE,2454,56,0,760,0,100,0,0,28
LHE,2455,56,0,760,0,100,0,0,28
LHE,2456,56,0,760,0,100,0,0,28
LHE,2457,56,0,760,0,100,0,0,28
LHE,2458,56,0,760,0,100,0,0,28
LHE,2459,56,0,760,0,100,0,0,28
LHE,2460,56,0,760,0,100,0,0,28
LHE,2461,56,0,760,0,100,0,0,28
LHE,2462,56,0,760,0,100,0,0,28
LHE,2463,56,0,760,0,100,0,0,28
LHE,2464,56,0,760,0,100,0,0,28
LHE,2465,56,0,760,0,100,0,0,28
LHE,2466,56,0,760,0,100,0,0,28
LHE,2467,56,0,760,0,100,0,0,28
LHE,2468,56,0,760,0,100,0,0,28
LHE,2469,56,0,760,0,100,0,0,28
LHE,2470,56,0,760,0,100,0,0,28
LHE,2471,56,0,760,0,100,0,0,28
LHE,2472,56,0,760,0,100,0,0,28
LHE,2473,56,0,760,0,100,0,0,28
LHE,2474,56,0,760,0,100,0,0,28
LHE,2475,56,0,760,0,100,0,0,28
LHE,2476,56,0,760,0,100,0,0,28
LHE,2477,56,0,760,0,100,0,0,28
LHE,2478,56,0,760,0,100,0,0,28
LHE,2479,56,0,760,0,100,0,0,28
LHE,2480,56,0,760,0,100,0,0,28
LHE,2481,56,0,760,0,100,0,0,28
LHE,2482,56,0,760,0,100,0,0,28
LHE,2483,56,0,760,0,100,0,0,28
LHE,2484,56,0,760,0,100,0,0,28
LHE,2485,56,0,760,0,100,0,0,28
LHE,2486,56,0,760,0,100,0,0,28
LHE,2487,56,0,760,0,100,0,0,28
LHE,2488,56,0,760,0,100,0,0,28
LHE,2489,56,0,760,0,100,0,0,28
LHE,2490,56,0,760,0,100,0,0,28
LHE,2491,56,0,760,0,100,0,0,28
LHE,2492,56,0,760,0,100,0,0,28
LHE,2493,56,0,760,0,100,0,0,28
LHE,2494,56,0,760,0,100,0,0,28
LHE,2495,56,0,760,0,100,0,0,28
LHE,2496,56,0,760,0,100,0,0,28
LHE,2497,56,0,760,0,100,0,0,28
LHE,2498,56,0,760,0,100,0,0,28
LHE,2499,56,0,760,0,100,0,0,28
LHE,2500,56,0,760,0,100,0,0,28
LHE,2501,56,0,760,0,100,0,0,28
LHE,2502,56,0,760,0,100,0,0,28
LHE,2503,56,0,760,0,100,0,0,28
LHE,2504,56,0,760,0,100,0,0,28
LHE,2505,56,0,760,0,100,0,0,28
LHE,2506,56,0,760,0,100,0,0,28
LHE,2507,56,0,760,0,100,0,0,28
LHE,2508,56,0,760,0,100,0,0,28
LHE,2509,56,0,760,0,100,0,0,28
LHE,2510,56,0,760,0,100,0,0,28
LHE,2511,56,0,760,0,100,0,0,28
LHE,2512,56,0,760,0,100,0,0,28
LHE,2513,56,0,760,0,100,0,0,28
LHE,2514,56,0,760,0,100,0,0,28
LHE,2515,56,0,760,0,100,0,0,28
LHE,2516,56,0,760,0,100,0,0,28
LHE,2517,56,0,760,0,100,0,0,28
LHE,2518,56,0,760,0,100,0,0,28
LHE,2519,56,0,760,0,100,0,0,28
LHE,2520,56,0,760,0,100,0,0,28
LHE,2521,56,0,760,0,100,0,0,28
LHE,2522,56,0,760,0,100,0,0,28
LHE,2523,56,0,760,0,100,0,0,28
LHE,2524,56,0,760,0,100,0,0,28
LHE,2525,56,0,760,0,100,0,0,28
LHE,2526,56,0,760,0,100,0,0,28
LHE,2527,56,0,760,0,100,0,0,28
LHE,2528,56,0,760,0,100,0,0,28
LHE,2529,56,0,760,0,100,0,0,28
LHE,2530,56,0,760,0,100,0,0,28
LHE,2531,56,0,760,0,100,0,0,28
LHE,2532,56,0,760,0,100,0,0,28
LHE,2533,56,0,760,0,100,0,0,28
LHE,2534,56,0,760,0,100,0,0,28
LHE,2535,56,0,760,0,100,0,0,28
LHE,2536,56,0,760,0,100,0,0,28
LHE,2537,56,0,760,0,100,0,0,28
LHE,2538,56,0,760,0,100,0,0,28
LHE,2539,56,0,760,0,100,0,0,28
LHE,2540,56,0,760,0,100,0,0,28
LHE,2541,56,0,760,0,100,0,0,28
LHE,2542,56,0,760,0,100,0,0,28
LHE,2543,56,0,760,0,100,0,0,28
LHE,2544,56,0,760,0,100,0,0,28
LHE,2545,56,0,760,0,100,0,0,28
LHE,2546,56,0,760,0,100,0,0,28
LHE,2547,56,0,760,0,100,0,0,28
LHE,2548,56,0,760,0,100,0,0,28
LHE,2549,56,0,760,0,100,0,0,28
LHE,2550,56,0,760,0,100,0,0,28
LHE,2551,56,0,760,0,100,0,0,28
LHE,2552,56,0,760,0,100,0,0,28
LHE,2553,56,0,760,0,100,0,0,28
LHE,2554,56,0,760,0,100,0,0,28
LHE,2555,56,0,760,0,100,0,0,28
LHE,2556,56,0,760,0,100,0,0,28
LHE,2557,56,0,760,0,100,0,0,28
LHE,2558,56,0,760,0,100,0,0,28
LHE,2559,56,0,760,0,100,0,0,28
LHE,2560,56,0,760,0,100,0,0,28
LHE,2561,56,0,760,0,100,0,0,28
LHE,2562,56,0,760,0,100,0,0,28
LHE,2563,56,0,760,0,100,0,0,28
LHE,2564,56,0,760,0,100,0,0,28
LHE,2565,56,0,760,0,100,0,0,28
LHE,2566,56,0,760,0,100,0,0,28
LHE,2567,56,0,760,0,100,0,0,28
LHE,2568,56,0,760,0,100,0,0,28
LHE,2569,56,0,760,0,100,0,0,28
LHE,2570,56,0,760,0,100,0,0,28
LHE,2571,56,0,760,0,100,0,0,28
LHE,2572,56,0,760,0,100,0,0,28
LHE,2573,56,0,760,0,100,0,0,28
LHE,2574,56,0,760,0,100,0,0,28
LHE,2575,56,0,760,0,100,0,0,28
LHE,2576,56,0,760,0,100,0,0,28
LHE,2577,56,0,760,0,100,0,0,28
LHE,2578,56,0,760,0,100,0,0,28
LHE,2579,56,0,760,0,100,0,0,28
LHE,2580,56,0,760,0,100,0,0,28
LHE,2581,56,0,760,0,100,0,0,28
LHE,2582,56,0,760,0,100,0,0,28
LHE,2583,56,0,760,0,100,0,0,28
LHE,2584,56,0,760,0,100,0,0,28
LHE,2585,56,0,760,0,100,0,0,28
LHE,2586,56,0,760,0,100,0,0,28
LHE,2587,56,0,760,0,100,0,0,28
LHE,2588,56,0,760,0,100,0,0,28
LHE,2589,56,0,760,0,100,0,0,28
LHE,2590,56,0,760,0,100,0,0,28
LHE,2591,56,0,760,0,100,0,0,28
LHE,2592,56,0,760,0,100,0,0,28
LHE,2593,56,0,760,0,100,0,0,28
LHE,2594,56,0,760,0,100,0,0,28
LHE,2595,56,0,760,0,100,0,0,28
LHE,2596,56,0,760,0,100,0,0,28
LHE,2597,56,0,760,0,100,0,0,28
LHE,2598,56,0,760,0,100,0,0,28
LHE,2599,56,0,760,0,100,0,0,28
LHE,2600,56,0,760,0,100,0,0,28
LHE,2601,56,0,760,0,100,0,0,28
LHE,2602,56,0,760,0,100,0,0,28
LHE,2603,56,0,760,0,100,0,0,28
LHE,2604,56,0,760,0,100,0,0,28
LHE,2605,56,0,760,0,100,0,0,28
LHE,2606,56,0,760,0,100,0,0,28
LHE,2607,56,0,760,0,100,0,0,28
LHE,2608,56,0,760,0,100,0,0,28
LHE,2609,56,0,760,0,100,0,0,28
LHE,2610,56,0,760,0,100,0,0,28
LHE,2611,56,0,760,0,100,0,0,28
LHE,2612,56,0,760,0,100,0,0,28
LHE,2613,56,0,760,0,100,0,0,28
LHE,2614,56,0,760,0,100,0,0,28
LHE,2615,56,0,760,0,100,0,0,28
LHE,2616,56,0,760,0,100,0,0,28
LHE,2617,56,0,760,0,100,0,0,28
LHE,2618,56,0,760,0,100,0,0,28
LHE,2619,56,0,760,0,100,0,0,28
LHE,2620,56,0,760,0,100,0,0,28
LHE,2621,56,0,760,0,100,0,0,28
LHE,2622,56,0,760,0,100,0,0,28
LHE,2623,56,0,760,0,100,0,0,28
LHE,2624,56,0,760,0,100,0,0,28
LHE,2625,56,0,760,0,100,0,0,28
LHE,2626,56,0,760,0,100,0,0,28
LHE,2627,56,0,760,0,100,0,0,28
LHE,2628,56,0,760,0,100,0,0,28
LHE,2629,56,0,760,0,100,0,0,28
LHE,2630,56,0,760,0,100,0,0,28
LHE,2631,56,0,760,0,100,0,0,28
LHE,2632,56,0,760,0,100,0,0,28
LHE,2633,56,0,760,0,100,0,0,28
LHE,2634,56,0,760,0,100,0,0,28
LHE,2635,56,0,760,0,100,0,0,28
LHE,2636,56,0,760,0,100,0,0,28
LHE,2637,56,0,760,0,100,0,0,28
LHE,2638,56,0,760,0,100,0,0,28
LHE,2639,56,0,760,0,100,0,0,28
LHE,2640,56,0,760,0,100,0,0,28
LHE,2641,56,0,760,0,100,0,0,28
LHE,2642,56,0,760,0,100,0,0,28
LHE,2643,56,0,760,0,100,0,0,28
LHE,2644,56,0,760,0,100,0,0,28
LHE,2645,56,0,760,0,100,0,0,28
LHE,2646,56,0,760,0,100,0,0,28
LHE,2647,56,0,760,0,100,0,0,28
LHE,2648,56,0,760,0,100,0,0,28
LHE,2649,56,0,760,0,100,0,0,28
LHE,2650,56,0,760,0,100,0,0,28
LHE,2651,56,0,760,0,100,0,0,28
LHE,2652,56,0,760,0,100,0,0,28
LHE,2653,56,0,760,0,100,0,0,28
LHE,2654,56,0,760,0,100,0,0,28
LHE,2655,56,0,760,0,100,0,0,28
LHE,2656,56,0,760,0,100,0,0,28
LHE,2657,56,0,760,0,100,0,0,28
LHE,2658,56,0,760,0,100,0,0,28
LHE,2659,56,0,760,0,100,0,0,28
LHE,2660,56,0,760,0,100,0,0,28
LHE,2661,56,0,760,0,100,0,0,28
LHE,2662,56,0,760,0,100,0,0,28
LHE,2663,56,0,760,0,100,0,0,28
LHE,2664,56,0,760,0,100,0,0,28
LHE,2665,56,0,760,0,100,0,0,28
LHE,2666,56,0,760,0,100,0,0,28
LHE,2667,56,0,760,0,100,0,0,28
LHE,2668,56,0,760,0,100,0,0,28
LHE,2669,56,0,760,0,100,0,0,28
LHE,2670,56,0,760,0,100,0,0,28
LHE,2671,56,0,760,0,100,0,0,28
LHE,2672,56,0,760,0,100,0,0,28
LHE,2673,56,0,760,0,100,0,0,28
LHE,2674,56,0,760,0,100,0,0,28
LHE,2675,56,0,760,0,100,0,0,28
LHE,2676,56,0,760,0,100,0,0,28
LHE,2677,56,0,760,0,100,0,0,28
LHE,2678,56,0,760,0,100,0,0,28
LHE,2679,56,0,760,0,100,0,0,28
LHE,2680,56,0,760,0,100,0,0,28
LHE,2681,56,0,760,0,100,0,0,28
LHE,2682,56,0,760,0,100,0,0,28
LHE,2683,56,0,760,0,100,0,0,28
LHE,2684,56,0,760,0,100,0,0,28
LHE,2685,56,0,760,0,100,0,0,28
LHE,2686,56,0,760,0,100,0,0,28
LHE,2687,56,0,760,0,100,0,0,28
LHE,2688,56,0,760,0,100,0,0,28
LHE,2689,56,0,760,0,100,0,0,28
LHE,2690,56,0,760,0,100,0,0,28
LHE,2691,56,0,760,0,100,0,0,28
LHE,2692,56,0,760,0,100,0,0,28
LHE,2693,56,0,760,0,100,0,0,28
LHE,2694,56,0,760,0,100,0,0,28
LHE,2695,56,0,760,0,100,0,0,28
LHE,2696,56,0,760,0,100,0,0,28
LHE,2697,56,0,760,0,100,0,0,28
LHE,2698,56,0,760,0,100,0,0,28
LHE,2699,56,0,760,0,100,0,0,28
LHE,2700,56,0,760,0,100,0,0,28
LHE,2701,56,0,760,0,100,0,0,28
LHE,2702,56,0,760,0,100,0,0,28
LHE,2703,56,0,760,0,100,0,0,28
LHE,2704,56,0,760,0,100,0,0,28
LHE,2705,56,0,760,0,100,0,0,28
LHE,2706,56,0,760,0,100,0,0,28
LHE,2707,56,0,760,0,100,0,0,28
LHE,2708,56,0,760,0,100,0,0,28
LHE,2709,56,0,760,0,100,0,0,28
LHE,2710,56,0,760,0,100,0,0,28
LHE,2711,56,0,760,0,100,0,0,28
LHE,2712,56,0,760,0,100,0,0,28
LHE,2713,56,0,760,0,100,0,0,28
LHE,2714,56,0,760,0,100,0,0,28
LHE,2715,56,0,760,0,100,0,0,28
LHE,2716,56,0,760,0,100,0,0,28
LHE,2717,56,0,760,0,100,0,0,28
LHE,2718,56,0,760,0,100,0,0,28
LHE,2719,56,0,760,0,100,0,0,28
LHE,2720,56,0,760,0,100,0,0,28
LHE,2721,56,0,760,0,100,0,0,28
LHE,2722,56,0,760,0,100,0,0,28
LHE,2723,56,0,760,0,100,0,0,28
LHE,2724,56,0,760,0,100,0,0,28
LHE,2725,56,0,760,0,100,0,0,28
LHE,2726,56,0,760,0,100,0,0,28
LHE,2727,56,0,760,0,100,0,0,28
LHE,2728,56,0,760,0,100,0,0,28
LHE,2729,56,0,760,0,100,0,0,28
LHE,2730,56,0,760,0,100,0,0,28
LHE,2731,56,0,760,0,100,0,0,28
LHE,2732,56,0,760,0,100,0,0,28
LHE,2733,56,0,760,0,100,0,0,28
LHE,2734,56,0,760,0,100,0,0,28
LHE,2735,56,0,760,0,100,0,0,28
LHE,2736,56,0,760,0,100,0,0,28
LHE,2737,56,0,760,0,100,0,0,28
LHE,2738,56,0,760,0,100,0,0,28
LHE,2739,56,0,760,0,100,0,0,28
LHE,2740,56,0,760,0,100,0,0,28
LHE,2741,56,0,760,0,100,0,0,28
LHE,2742,56,0,760,0,100,0,0,28
LHE,2743,56,0,760,0,100,0,0,28
LHE,2744,56,0,760,0,100,0,0,28
LHE,2745,56,0,760,0,100,0,0,28
LHE,2746,56,0,760,0,100,0,0,28
LHE,2747,56,0,760,0,100,0,0,28
LHE,2748,56,0,760,0,100,0,0,28
LHE,2749,56,0,760,0,100,0,0,28
LHE,2750,56,0,760,0,100,0,0,28
LHE,2751,56,0,760,0,100,0,0,28
LHE,2752,56,0,760,0,100,0,0,28
LHE,2753,56,0,760,0,100,0,0,28
LHE,2754,56,0,760,0,100,0,0,28
LHE,2755,56,0,760,0,100,0,0,28
LHE,2756,56,0,760,0,100,0,0,28
LHE,2757,56,0,760,0,100,0,0,28
LHE,2758,56,0,760,0,100,0,0,28
LHE,2759,56,0,760,0,100,0,0,28
LHE,2760,56,0,760,0,100,0,0,28
LHE,2761,56,0,760,0,100,0,0,28
LHE,2762,56,0,760,0,100,0,0,28
LHE,2763,56,0,760,0,100,0,0,28
LHE,2764,56,0,760,0,100,0,0,28
LHE,2765,56,0,760,0,100,0,0,28
LHE,2766,56,0,760,0,100,0,0,28
LHE,2767,56,0,760,0,100,0,0,28
LHE,2768,56,0,760,0,100,0,0,28
LHE,2769,56,0,760,0,100,0,0,28
LHE,2770,56,0,760,0,100,0,0,28
LHE,2771,56,0,760,0,100,0,0,28
LHE,2772,56,0,760,0,100,0,0,28
LHE,2773,56,0,760,0,100,0,0,28
LHE,2774,56,0,760,0,100,0,0,28
LHE,2775,56,0,760,0,100,0,0,28
LHE,2776,56,0,760,0,100,0,0,28
LHE,2777,56,0,760,0,100,0,0,28
LHE,2778,56,0,760,0,100,0,0,28
LHE,2779,56,0,760,0,100,0,0,28
LHE,2780,56,0,760,0,100,0,0,28
LHE,2781,56,0,760,0,100,0,0,28
LHE,2782,56,0,760,0,100,0,0,28
LHE,2783,56,0,760,0,100,0,0,28
LHE,2784,56,0,760,0,100,0,0,28
LHE,2785,56,0,760,0,100,0,0,28
LHE,2786,56,0,760,0,100,0,0,28
LHE,2787,56,0,760,0,100,0,0,28
LHE,2788,56,0,760,0,100,0,0,28
LHE,2789,56,0,760,0,100,0,0,28
LHE,2790,56,0,760,0,100,0,0,28
LHE,2791,56,0,760,0,100,0,0,28
LHE,2792,56,0,760,0,100,0,0,28
LHE,2793,56,0,760,0,100,0,0,28
LHE,2794,56,0,760,0,100,0,0,28
LHE,2795,56,0,760,0,100,0,0,28
LHE,2796,56,0,760,0,100,0,0,28
LHE,2797,56,0,760,0,100,0,0,28
LHE,2798,56,0,760,0,100,0,0,28
LHE,2799,56,0,760,0,100,0,0,28
LHE,2800,56,0,760,0,100,0,0,28
LHE,2801,56,0,760,0,100,0,0,28
LHE,2802,56,0,760,0,100,0,0,28
LHE,2803,56,0,760,0,100,0,0,28
LHE,2804,56,0,760,0,100,0,0,28
LHE,2805,56,0,760,0,100,0,0,28
LHE,2806,56,0,760,0,100,0,0,28
LHE,2807,56,0,760,0,100,0,0,28
LHE,2808,56,0,760,0,100,0,0,28
LHE,2809,56,0,760,0,100,0,0,28
LHE,2810,56,0,760,0,100,0,0,28
LHE,2811,56,0,760,0,100,0,0,28
LHE,2812,56,0,760,0,100,0,0,28
LHE,2813,56,0,760,0,100,0,0,28
LHE,2814,56,0,760,0,100,0,0,28
LHE,2815,56,0,760,0,100,0,0,28
LHE,2816,56,0,760,0,100,0,0,28
LHE,2817,56,0,760,0,100,0,0,28
LHE,2818,56,0,760,0,100,0,0,28
LHE,2819,56,0,760,0,100,0,0,28
LHE,2820,56,0,760,0,100,0,0,28
LHE,2821,56,0,760,0,100,0,0,28
LHE,2822,56,0,760,0,100,0,0,28
LHE,2823,56,0,760,0,100,0,0,28
LHE,2824,56,0,760,0,100,0,0,28
LHE,2825,56,0,760,0,100,0,0,28
LHE,2826,56,0,760,0,100,0,0,28
LHE,2827,56,0,760,0,100,0,0,28
LHE,2828,56,0,760,0,100,0,0,28
LHE,2829,56,0,760,0,100,0,0,28
LHE,2830,56,0,760,0,100,0,0,28
LHE,2831,56,0,760,0,100,0,0,28
LHE,2832,56,0,760,0,100,0,0,28
LHE,2833,56,0,760,0,100,0,0,28
LHE,2834,56,0,760,0,100,0,0,28
LHE,2835,56,0,760,0,100,0,0,28
LHE,2836,56,0,760,0,100,0,0,28
LHE,2837,56,0,760,0,100,0,0,28
LHE,2838,56,0,760,0,100,0,0,28
LHE,2839,56,0,760,0,100,0,0,28
LHE,2840,56,0,760,0,100,0,0,28
LHE,2841,56,0,760,0,100,0,0,28
LHE,2842,56,0,760,0,100,0,0,28
LHE,2843,56,0,760,0,100,0,0,28
LHE,2844,56,0,760,0,100,0,0,28
LHE,2845,56,0,760,0,100,0,0,28
LHE,2846,56,0,760,0,100,0,0,28
LHE,2847,56,0,760,0,100,0,0,28
LHE,2848,56,0,760,0,100,0,0,28
LHE,2849,56,0,760,0,100,0,0,28
LHE,2850,56,0,760,0,100,0,0,28
LHE,2851,56,0,760,0,100,0,0,28
LHE,2852,56,0,760,0,100,0,0,28
LHE,2853,56,0,760,0,100,0,0,28
LHE,2854,56,0,760,0,100,0,0,28
LHE,2855,56,0,760,0,100,0,0,28
LHE,2856,56,0,760,0,100,0,0,28
LHE,2857,56,0,760,0,100,0,0,28
LHE,2858,56,0,760,0,100,0,0,28
LHE,2859,56,0,760,0,100,0,0,28
LHE,2860,56,0,760,0,100,0,0,28
LHE,2861,56,0,760,0,100,0,0,28
LHE,2862,56,0,760,0,100,0,0,28
LHE,2863,56,0,760,0,100,0,0,28
LHE,2864,56,0,760,0,100,0,0,28
LHE,2865,56,0,760,0,100,0,0,28
LHE,2866,56,0,760,0,100,0,0,28
LHE,2867,56,0,760,0,100,0,0,28
LHE,2868,56,0,760,0,100,0,0,28
LHE,2869,56,0,760,0,100,0,0,28
LHE,2870,56,0,760,0,100,0,0,28
LHE,2871,56,0,760,0,100,0,0,28
LHE,2872,56,0,760,0,100,0,0,28
LHE,2873,56,0,760,0,100,0,0,28
LHE,2874,56,0,760,0,100,0,0,28
LHE,2875,56,0,760,0,100,0,0,28
LHE,2876,56,0,760,0,100,0,0,28
LHE,2877,56,0,760,0,100,0,0,28
LHE,2878,56,0,760,0,100,0,0,28
LHE,2879,56,0,760,0,100,0,0,28
LHE,2880,56,0,760,0,100,0,0,28
LHE,2881,56,0,760,0,100,0,0,28
LHE,2882,56,0,760,0,100,0,0,28
LHE,2883,56,0,760,0,100,0,0,28
LHE,2884,56,0,760,0,100,0,0,28
LHE,2885,56,0,760,0,100,0,0,28
LHE,2886,56,0,760,0,100,0,0,28
LHE,2887,56,0,760,0,100,0,0,28
LHE,2888,56,0,760,0,100,0,0,28
LHE,2889,56,0,760,0,100,0,0,28
LHE,2890,56,0,760,0,100,0,0,28
LHE,2891,56,0,760,0,100,0,0,28
LHE,2892,56,0,760,0,100,0,0,28
LHE,2893,56,0,760,0,100,0,0,28
LHE,2894,56,0,760,0,100,0,0,28
LHE,2895,56,0,760,0,100,0,0,28
LHE,2896,56,0,760,0,100,0,0,28
LHE,2897,56,0,760,0,100,0,0,28
LHE,2898,56,0,760,0,100,0,0,28
LHE,2899,56,0,760,0,100,0,0,28
LHE,2900,56,0,760,0,100,0,0,28
LHE,2901,56,0,760,0,100,0,0,28
LHE,2902,56,0,760,0,100,0,0,28
LHE,2903,56,0,760,0,100,0,0,28
LHE,2904,56,0,760,0,100,0,0,28
LHE,2905,56,0,760,0,100,0,0,28
LHE,2906,56,0,760,0,100,0,0,28
LHE,2907,56,0,760,0,100,0,0,28
LHE,2908,56,0,760,0,100,0,0,28
LHE,2909,56,0,760,0,100,0,0,28
LHE,2910,56,0,760,0,100,0,0,28
LHE,2911,56,0,760,0,100,0,0,28
LHE,2912,56,0,760,0,100,0,0,28
LHE,2913,56,0,760,0,100,0,0,28
LHE,2914,56,0,760,0,100,0,0,28
LHE,2915,56,0,760,0,100,0,0,28
LHE,2916,56,0,760,0,100,0,0,28
LHE,2917,56,0,760,0,100,0,0,28
LHE,2918,56,0,760,0,100,0,0,28
LHE,2919,56,0,760,0,100,0,0,28
LHE,2920,56,0,760,0,100,0,0,28
LHE,2921,56,0,760,0,100,0,0,28
LHE,2922,56,0,760,0,100,0,0,28
LHE,2923,56,0,760,0,100,0,0,28
LHE,2924,56,0,760,0,100,0,0,28
LHE,2925,56,0,760,0,100,0,0,28
LHE,2926,56,0,760,0,100,0,0,28
LHE,2927,56,0,760,0,100,0,0,28
LHE,2928,56,0,760,0,100,0,0,28
LHE,2929,56,0,760,0,100,0,0,28
LHE,2930,56,0,760,0,100,0,0,28
LHE,2931,56,0,760,0,100,0,0,28
LHE,2932,56,0,760,0,100,0,0,28
LHE,2933,56,0,760,0,100,0,0,28
LHE,2934,56,0,760,0,100,0,0,28
LHE,2935,56,0,760,0,100,0,0,28
LHE,2936,56,0,760,0,100,0,0,28
LHE,2937,56,0,760,0,100,0,0,28
LHE,2938,56,0,760,0,100,0,0,28
LHE,2939,56,0,760,0,100,0,0,28
LHE,2940,56,0,760,0,100,0,0,28
LHE,2941,56,0,760,0,100,0,0,28
LHE,2942,56,0,760,0,100,0,0,28
LHE,2943,56,0,760,0,100,0,0,28
LHE,2944,56,0,760,0,100,0,0,28
LHE,2945,56,0,760,0,100,0,0,28
LHE,2946,56,0,760,0,100,0,0,28
LHE,2947,56,0,760,0,100,0,0,28
LHE,2948,56,0,760,0,100,0,0,28
LHE,2949,56,0,760,0,100,0,0,28
LHE,2950,56,0,760,0,100,0,0,28
LHE,2951,56,0,760,0,100,0,0,28
LHE,2952,56,0,760,0,100,0,0,28
LHE,2953,56,0,760,0,100,0,0,28
LHE,2954,56,0,760,0,100,0,0,28
LHE,2955,56,0,760,0,100,0,0,28
LHE,2956,56,0,760,0,100,0,0,28
LHE,2957,56,0,760,0,100,0,0,28
LHE,2958,56,0,760,0,100,0,0,28
LHE,2959,56,0,760,0,100,0,0,28
LHE,2960,56,0,760,0,100,0,0,28
LHE,2961,56,0,760,0,100,0,0,28
LHE,2962,56,0,760,0,100,0,0,28
LHE,2963,56,0,760,0,100,0,0,28
LHE,2964,56,0,760,0,100,0,0,28
LHE,2965,56,0,760,0,100,0,0,28
LHE,2966,56,0,760,0,100,0,0,28
LHE,2967,56,0,760,0,100,0,0,28
LHE,2968,56,0,760,0,100,0,0,28
LHE,2969,56,0,760,0,100,0,0,28
LHE,2970,56,0,760,0,100,0,0,28
LHE,2971,56,0,760,0,100,0,0,28
LHE,2972,56,0,760,0,100,0,0,28
LHE,2973,56,0,760,0,100,0,0,28
LHE,2974,56,0,760,0,100,0,0,28
LHE,2975,56,0,760,0,100,0,0,28
LHE,2976,56,0,760,0,100,0,0,28
LHE,2977,56,0,760,0,100,0,0,28
LHE,2978,56,0,760,0,100,0,0,28
LHE,2979,56,0,760,0,100,0,0,28
LHE,2980,56,0,760,0,100,0,0,28
LHE,2981,56,0,760,0,100,0,0,28
LHE,2982,56,0,760,0,100,0,0,28
LHE,2983,56,0,760,0,100,0,0,28
LHE,2984,56,0,760,0,100,0,0,28
LHE,2985,56,0,760,0,100,0,0,28
LHE,2986,56,0,760,0,100,0,0,28
LHE,2987,56,0,760,0,100,0,0,28
LHE,2988,56,0,760,0,100,0,0,28
LHE,2989,56,0,760,0,100,0,0,28
LHE,2990,56,0,760,0,100,0,0,28
LHE,2991,56,0,760,0,100,0,0,28
LHE,2992,56,0,760,0,100,0,0,28
LHE,2993,56,0,760,0,100,0,0,28
LHE,2994,56,0,760,0,100,0,0,28
LHE,2995,56,0,760,0,100,0,0,28
LHE,2996,56,0,760,0,100,0,0,28
LHE,2997,56,0,760,0,100,0,0,28
LHE,2998,56,0,760,0,100,0,0,28
LHE,2999,56,0,760,0,100,0,0,28
