OBSERVE 72301 72801 72311
OBSERVE 72302 72801 72312
OBSERVE 72303 72801 72313
OBSERVE 72311 72802 72321
OBSERVE 72312 72802 72322
OBSERVE 72313 72802 72323
OBSERVE 72401 72811 72411
OBSERVE 72402 72811 72412
OBSERVE 72411 72812 72421
OBSERVE 72412 72812 72422
QUERY 72301 72809
QUERY 72302 72809
QUERY 72401 72819
OBSERVE 72951 72960 72971
OBSERVE 72952 72960 72972
OBSERVE 72301 72809 72341
OBSERVE 72302 72809 72342
OBSERVE 72953 72960 72973
OBSERVE 72954 72960 72974
QUERY 72301 72809
QUERY 72302 72809
QUERY 72303 72809
QUERY 72401 72819
QUERY 72402 72819
QUERY 72303 72801
QUERY 72313 72802
QUERY 72311 72802
