# A-poly: 32 simultaneous voices, whole-tone stack from A3
SR 44100
DUR_S 30
EVENT 2.0 3.0 220.00 500 6 0.0 0.0 0
EVENT 2.0 3.0 246.94 500 6 0.0 0.0 0
EVENT 2.0 3.0 277.18 500 6 0.0 0.0 0
EVENT 2.0 3.0 311.13 500 6 0.0 0.0 0
EVENT 2.0 3.0 349.23 500 6 0.0 0.0 0
EVENT 2.0 3.0 392.00 500 6 0.0 0.0 0
EVENT 2.0 3.0 440.00 500 6 0.0 0.0 0
EVENT 2.0 3.0 493.88 500 6 0.0 0.0 0
EVENT 2.0 3.0 554.37 500 6 0.0 0.0 0
EVENT 2.0 3.0 622.25 500 6 0.0 0.0 0
EVENT 2.0 3.0 698.46 500 6 0.0 0.0 0
EVENT 2.0 3.0 783.99 500 6 0.0 0.0 0
EVENT 2.0 3.0 880.00 500 6 0.0 0.0 0
EVENT 2.0 3.0 987.77 500 6 0.0 0.0 0
EVENT 2.0 3.0 1108.73 500 6 0.0 0.0 0
EVENT 2.0 3.0 1244.51 500 6 0.0 0.0 0
EVENT 2.0 3.0 1396.91 500 6 0.0 0.0 0
EVENT 2.0 3.0 1567.98 500 6 0.0 0.0 0
EVENT 2.0 3.0 1760.00 500 6 0.0 0.0 0
EVENT 2.0 3.0 1975.53 500 6 0.0 0.0 0
EVENT 2.0 3.0 2217.46 500 6 0.0 0.0 0
EVENT 2.0 3.0 2489.02 500 6 0.0 0.0 0
EVENT 2.0 3.0 2793.83 500 6 0.0 0.0 0
EVENT 2.0 3.0 3135.96 500 6 0.0 0.0 0
EVENT 2.0 3.0 3520.00 500 6 0.0 0.0 0
EVENT 2.0 3.0 3951.07 500 6 0.0 0.0 0
EVENT 2.0 3.0 4434.92 500 6 0.0 0.0 0
EVENT 2.0 3.0 4978.03 500 6 0.0 0.0 0
EVENT 2.0 3.0 5587.65 500 6 0.0 0.0 0
EVENT 2.0 3.0 6271.93 500 6 0.0 0.0 0
EVENT 2.0 3.0 7040.00 500 6 0.0 0.0 0
EVENT 2.0 3.0 7902.13 500 6 0.0 0.0 0
