# A-poly: 32 voices gain-staged amp=88 (500/sqrt(32), power-preserving)
SR 44100
DUR_S 30
EVENT 2.0 3.0 220.00 88 6 0.0 0.0 0
EVENT 2.0 3.0 246.94 88 6 0.0 0.0 0
EVENT 2.0 3.0 277.18 88 6 0.0 0.0 0
EVENT 2.0 3.0 311.13 88 6 0.0 0.0 0
EVENT 2.0 3.0 349.23 88 6 0.0 0.0 0
EVENT 2.0 3.0 392.00 88 6 0.0 0.0 0
EVENT 2.0 3.0 440.00 88 6 0.0 0.0 0
EVENT 2.0 3.0 493.88 88 6 0.0 0.0 0
EVENT 2.0 3.0 554.37 88 6 0.0 0.0 0
EVENT 2.0 3.0 622.25 88 6 0.0 0.0 0
EVENT 2.0 3.0 698.46 88 6 0.0 0.0 0
EVENT 2.0 3.0 783.99 88 6 0.0 0.0 0
EVENT 2.0 3.0 880.00 88 6 0.0 0.0 0
EVENT 2.0 3.0 987.77 88 6 0.0 0.0 0
EVENT 2.0 3.0 1108.73 88 6 0.0 0.0 0
EVENT 2.0 3.0 1244.51 88 6 0.0 0.0 0
EVENT 2.0 3.0 1396.91 88 6 0.0 0.0 0
EVENT 2.0 3.0 1567.98 88 6 0.0 0.0 0
EVENT 2.0 3.0 1760.00 88 6 0.0 0.0 0
EVENT 2.0 3.0 1975.53 88 6 0.0 0.0 0
EVENT 2.0 3.0 2217.46 88 6 0.0 0.0 0
EVENT 2.0 3.0 2489.02 88 6 0.0 0.0 0
EVENT 2.0 3.0 2793.83 88 6 0.0 0.0 0
EVENT 2.0 3.0 3135.96 88 6 0.0 0.0 0
EVENT 2.0 3.0 3520.00 88 6 0.0 0.0 0
EVENT 2.0 3.0 3951.07 88 6 0.0 0.0 0
EVENT 2.0 3.0 4434.92 88 6 0.0 0.0 0
EVENT 2.0 3.0 4978.03 88 6 0.0 0.0 0
EVENT 2.0 3.0 5587.65 88 6 0.0 0.0 0
EVENT 2.0 3.0 6271.93 88 6 0.0 0.0 0
EVENT 2.0 3.0 7040.00 88 6 0.0 0.0 0
EVENT 2.0 3.0 7902.13 88 6 0.0 0.0 0
