OBSERVE 30101 30501 1
OBSERVE 30101 30502 2
OBSERVE 30102 30501 3
OBSERVE 30102 30502 4
OBSERVE 30103 30501 5
OBSERVE 30103 30502 6
OBSERVE 30104 30501 7
OBSERVE 30105 30501 8
OBSERVE 30106 30502 9
OBSERVE 30107 30502 10
OBSERVE 30101 30503 11
OBSERVE 30102 30503 12
OBSERVE 30103 30503 13
OBSERVE 30104 30503 14
OBSERVE 30108 30501 30109
OBSERVE 30109 30502 30110
OBSERVE 30110 30503 31
OBSERVE 30111 30501 30112
OBSERVE 30112 30502 30110
OBSERVE 30110 30503 32
QUERY 30101 30501 1
QUERY 30102 30502 4
QUERY 30103 30501 5
QUERY 30104 30501 7
QUERY 30105 30501 8
QUERY 30106 30502 9
QUERY 30107 30502 10
QUERY 30101 30503 11
QUERY 30108 30501 30109
QUERY 30109 30502 30110
QUERY 30108 30599 31
QUERY 30111 30599 32
OBSERVE 30801 30800 1
OBSERVE 30802 30800 2
OBSERVE 30803 30800 3
OBSERVE 30804 30800 4
OBSERVE 30805 30800 5
OBSERVE 30806 30800 6
OBSERVE 30807 30800 7
OBSERVE 30808 30800 8
OBSERVE 30809 30800 9
OBSERVE 30810 30800 10
OBSERVE 30811 30800 11
OBSERVE 30812 30800 12
OBSERVE 30813 30800 13
OBSERVE 30814 30800 14
OBSERVE 30815 30800 15
OBSERVE 30816 30800 16
OBSERVE 30817 30800 17
OBSERVE 30818 30800 18
OBSERVE 30819 30800 19
OBSERVE 30820 30800 20
OBSERVE 30821 30800 21
OBSERVE 30822 30800 22
OBSERVE 30823 30800 23
OBSERVE 30824 30800 24
QUERY 30101 30501 1
QUERY 30102 30502 4
QUERY 30103 30501 5
QUERY 30104 30501 7
QUERY 30105 30501 8
QUERY 30106 30502 9
QUERY 30107 30502 10
QUERY 30101 30503 11
QUERY 30108 30501 30109
QUERY 30109 30502 30110
