OBSERVE 37001 37501 37101
OBSERVE 37001 37502 37111
OBSERVE 37001 37503 37121
OBSERVE 37001 37504 4
OBSERVE 37002 37501 37101
OBSERVE 37002 37502 37112
OBSERVE 37002 37503 37121
OBSERVE 37002 37504 6
OBSERVE 37003 37501 37102
OBSERVE 37003 37502 37111
OBSERVE 37003 37503 37121
OBSERVE 37003 37504 6
OBSERVE 37004 37501 37102
OBSERVE 37004 37502 37112
OBSERVE 37004 37503 37122
OBSERVE 37004 37504 18
OBSERVE 37005 37501 37103
OBSERVE 37005 37502 37113
OBSERVE 37005 37503 37121
OBSERVE 37005 37504 35
OBSERVE 37006 37501 37103
OBSERVE 37006 37502 37111
OBSERVE 37006 37503 37122
OBSERVE 37006 37504 20
QUERY 37001 37504 4
QUERY 37003 37504 6
QUERY 37004 37504 18
QUERY 37006 37504 20
OBSERVE 37801 37800 1
OBSERVE 37802 37800 2
OBSERVE 37803 37800 3
OBSERVE 37804 37800 4
OBSERVE 37805 37800 5
OBSERVE 37806 37800 6
OBSERVE 37807 37800 7
OBSERVE 37808 37800 8
OBSERVE 37809 37800 9
OBSERVE 37810 37800 10
OBSERVE 37811 37800 11
OBSERVE 37812 37800 12
OBSERVE 37813 37800 13
OBSERVE 37814 37800 14
OBSERVE 37815 37800 15
OBSERVE 37816 37800 16
OBSERVE 37817 37800 17
OBSERVE 37818 37800 18
OBSERVE 37819 37800 19
OBSERVE 37820 37800 20
OBSERVE 37007 37501 37101
OBSERVE 37007 37502 37113
OBSERVE 37007 37503 37121
QUERY 37007 37504 14
OBSERVE 37008 37501 37102
OBSERVE 37008 37502 37113
OBSERVE 37008 37503 37122
QUERY 37008 37504 42
OBSERVE 37009 37501 37103
OBSERVE 37009 37502 37112
OBSERVE 37009 37503 37122
QUERY 37009 37504 30
OBSERVE 37010 37501 37101
OBSERVE 37010 37502 37111
OBSERVE 37010 37503 37122
QUERY 37010 37504 8
OBSERVE 37011 37501 37102
OBSERVE 37011 37502 37112
OBSERVE 37011 37503 37121
QUERY 37011 37504 9
QUERY 37002 37504 6
QUERY 37004 37504 18
QUERY 37005 37504 35
QUERY 37001 37504 4
