C|746|442|1|1
C|823|700|1|1
C|708|364|0|0
C|816|669|1|1
C|732|411|1|1
C|791|569|1|1
C|709|367|1|1
C|818|676|0|0
C|800|602|1|1
C|816|666|1|1
C|792|572|1|1
C|844|814|1|1
C|731|408|1|1
C|839|782|1|1
C|776|521|1|1
C|766|492|1|1
C|707|363|1|1
C|798|595|1|1
C|759|473|1|1
C|820|684|1|1
C|704|357|1|1
C|752|457|0|0
C|752|456|1|1
C|713|373|1|1
C|842|805|1|1
C|741|430|1|1
C|730|407|1|1
C|838|781|1|1
C|773|513|1|1
C|702|354|1|1
C|753|459|1|1
C|817|672|1|1
C|838|781|1|1
C|811|645|0|0
C|810|642|1|1
C|812|652|1|1
C|771|506|1|1
C|780|533|0|0
C|760|477|1|1
C|816|666|1|1
C|777|524|1|1
C|816|666|1|1
C|716|380|1|1
C|784|545|1|1
C|789|563|1|1
C|839|783|1|1
C|752|457|1|1
C|833|750|1|1
C|843|811|1|1
C|702|355|1|1
C|811|645|1|1
C|708|365|1|1
C|755|463|1|1
C|702|354|1|1
C|805|621|1|1
C|721|388|1|1
C|716|380|1|1
C|740|427|1|1
C|810|642|0|1
C|792|573|1|1
C|832|746|1|1
C|711|370|1|1
C|824|707|1|1
C|728|403|1|1
C|814|6600|1|1
C|846|8265|1|1
C|911|15354|1|1
C|853|8757|1|1
C|908|14931|1|1
C|878|10837|1|1
C|927|19123|1|1
C|885|11633|1|1
C|887|11836|1|1
C|747|4449|1|1
C|836|7657|1|1
C|879|10962|1|1
C|877|10759|1|1
C|842|8041|1|1
C|845|8234|1|1
C|739|4267|1|1
C|857|9007|1|1
C|891|12370|1|1
C|836|7694|1|1
C|798|5949|1|1
C|837|7733|1|1
C|827|7212|1|1
C|889|12130|1|1
C|848|8371|1|1
C|871|10150|1|1
C|839|7825|1|1
C|841|7934|1|1
C|886|11674|1|1
C|842|8052|1|1
C|919|17201|1|1
C|868|9876|1|1
C|857|9019|1|1
C|777|5246|1|1
C|882|11272|1|1
C|804|6167|1|1
C|876|10684|1|1
C|879|10943|1|1
C|825|7087|1|1
C|869|9968|1|1
C|792|5723|1|1
C|899|13401|1|1
C|771|5053|1|1
C|802|6099|1|1
C|850|8526|1|1
C|906|14608|1|1
C|898|13245|1|1
C|888|11942|1|1
C|899|13355|1|1
C|877|10745|1|1
C|764|4874|1|1
C|700|3506|1|1
C|898|13241|1|1
C|723|3932|1|1
C|706|3605|1|1
C|838|7793|1|1
C|903|13985|1|1
C|858|9088|1|1
C|880|11054|1|1
C|850|8514|1|1
C|878|10798|1|1
C|828|7269|1|1
C|897|13129|1|1
C|720|3860|1|1
C|751|4530|1|1
C|849|8435|1|1
C|843|8110|1|1
C|896|13034|1|1
C|860|9288|1|1
C|866|9754|1|1
C|903|14072|1|1
C|856|8950|1|1
C|921|17679|1|1
C|743|4342|1|1
C|864|9586|1|1
C|933|21026|1|1
C|913|15824|1|1
C|876|10683|1|1
C|839|7863|1|1
C|876|10693|1|1
C|767|4942|1|1
C|869|9954|1|1
C|907|14691|1|1
C|897|13077|1|1
C|873|10394|1|1
C|795|5820|1|1
C|880|11021|1|1
C|772|5101|1|1
C|714|3755|1|1
C|729|4040|1|1
C|816|6682|1|1
C|725|3955|1|1
C|934|21392|1|1
C|854|8835|1|1
C|885|11652|1|1
C|912|15565|1|1
C|862|9386|1|1
C|740|4288|1|1
C|704|3574|1|1
C|869|9965|1|1
C|844|8168|1|1
C|905|14402|1|1
C|930|20157|1|1
C|795|5832|1|1
C|772|5085|1|1
C|853|8732|1|1
C|802|6078|1|1
C|863|9487|1|1
C|881|11136|1|1
C|896|12935|1|1
C|822|6952|1|1
C|891|12314|1|1
C|880|11052|1|1
C|823|7014|1|1
C|909|15149|1|1
C|777|5236|1|1
C|924|18269|1|1
C|754|4617|1|1
C|800|6004|1|1
C|834|7538|1|1
C|820|6855|1|1
C|824|7052|1|1
C|852|8691|1|1
C|902|13813|1|1
C|923|18190|1|1
C|872|10255|1|1
C|746|4425|1|1
C|719|3857|1|1
C|720|3867|1|1
C|828|7261|1|1
C|872|10255|1|1
C|850|8549|1|1
C|844|8170|1|1
C|734|4146|1|1
C|891|12351|1|1
C|784|5476|1|1
C|862|9435|1|1
C|805|6199|1|1
C|830|7370|1|1
C|814|6603|1|1
C|822|6937|1|1
C|735|4179|1|1
C|818|6768|1|1
C|705|3588|1|1
C|788|5603|1|1
C|831|7413|1|1
C|842|8004|1|1
C|707|3633|1|1
C|701|3523|1|1
C|853|8725|1|1
C|873|10314|1|1
C|742|4335|1|1
C|724|3942|1|1
C|909|15051|1|1
C|711|3708|1|1
C|814|6596|1|1
C|909|15135|1|1
C|822|6950|1|1
C|864|9544|1|1
C|804|6165|1|1
C|878|10861|1|1
C|722|3914|1|1
C|789|5636|1|1
C|859|9154|1|1
C|817|6732|1|1
C|895|12877|1|1
C|813|6560|1|1
C|803|6123|1|1
C|853|8725|1|1
C|876|10662|1|1
C|890|12180|1|1
C|893|12645|1|1
C|776|5218|1|1
C|900|13643|1|1
C|746|4408|1|1
C|861|9345|1|1
C|717|3816|1|1
C|862|9444|1|1
C|915|16320|1|1
C|909|15115|1|1
C|864|9543|1|1
C|719|3849|1|1
C|889|12022|1|1
C|875|21036|1|1
C|724|7874|1|1
C|869|20050|1|1
C|883|22646|1|1
C|871|20429|1|1
C|842|16004|1|1
C|855|17778|1|1
C|870|20250|1|1
C|870|20211|1|1
C|887|23583|1|1
C|823|14016|1|1
C|865|19229|1|1
C|728|8046|0|0
C|712|7434|0|0
C|869|19971|1|1
C|853|17543|1|1
C|884|22881|1|1
C|863|19005|1|1
C|778|10520|1|1
C|828|14498|1|1
C|889|24167|1|1
C|798|11923|1|1
C|802|12185|0|0
C|828|14490|1|1
C|892|24910|1|1
C|860|18458|1|1
C|783|10856|1|1
C|820|13710|0|1
C|862|18881|1|1
C|887|23683|1|1
C|780|10667|1|1
C|855|17823|1|1
C|878|21614|1|1
C|887|23576|1|1
C|826|14265|0|1
C|881|22385|1|1
C|746|8812|0|0
C|793|11536|1|1
C|884|23083|1|1
C|854|17571|1|1
C|882|22487|1|1
C|864|19171|1|1
C|881|22413|1|1
C|872|20572|1|1
C|873|20648|1|1
C|847|16715|1|1
C|831|14838|1|1
C|848|16774|1|1
C|733|8264|0|1
C|740|8562|0|1
C|806|12465|1|1
C|734|8311|0|0
C|873|20730|1|1
C|758|9446|1|1
C|890|24314|1|1
C|869|19968|1|1
C|884|22972|1|1
C|774|10298|1|1
C|876|21240|1|1
C|839|15738|1|1
C|877|21532|1|1
C|870|20117|1|1
C|859|18304|1|1
C|851|17228|1|1
C|883|22845|1|1
C|788|11204|0|1
C|843|16194|0|1
C|803|12305|1|1
C|869|20061|1|1
C|872|20439|1|1
C|891|24713|1|1
C|753|9180|1|1
C|730|8139|0|0
C|779|10630|1|1
C|707|7262|0|1
C|781|10734|1|1
C|872|20501|1|1
C|884|23044|1|1
C|872|20614|1|1
C|860|18581|1|1
C|761|9593|1|1
C|874|20941|1|1
C|883|22777|1|1
C|753|9170|0|1
C|855|17750|1|1
C|774|10280|1|1
C|836|15295|1|1
C|889|24101|1|1
C|854|17667|1|1
C|878|21777|1|1
C|731|8194|0|1
C|850|17099|1|1
C|810|12873|1|1
C|873|20809|1|1
C|771|10122|1|1
C|812|12961|1|1
C|836|15364|0|1
C|773|10235|0|1
C|725|7925|0|0
C|758|9428|0|1
C|892|24876|1|1
C|795|11684|1|1
C|876|21210|1|1
C|740|8555|1|1
C|856|17909|1|1
C|787|11140|1|1
C|870|20166|1|1
C|879|21903|1|1
C|882|22544|1|1
C|879|21861|1|1
C|791|11407|1|1
C|879|21970|1|1
C|879|21911|1|1
C|743|8712|1|1
C|862|18768|1|1
C|860|18535|1|1
C|873|20643|1|1
C|886|23473|1|1
C|886|23364|1|1
C|873|20776|1|1
C|870|20199|1|1
C|884|22984|1|1
C|803|12296|1|1
C|874|20930|1|1
C|873|20799|1|1
C|816|13328|1|1
C|779|10630|0|1
C|736|8399|1|1
C|762|9653|0|1
C|798|11867|1|1
C|888|23862|1|1
C|889|24158|1|1
C|882|22438|1|1
C|756|9321|0|1
C|777|10456|1|1
C|828|14456|0|1
C|847|16640|1|1
C|767|9910|1|1
C|876|21278|1|1
C|823|14023|1|1
C|886|23409|1|1
C|886|23343|1|1
C|855|17797|1|1
C|814|13186|1|1
C|866|19446|1|1
C|887|23644|1|1
C|886|23407|1|1
C|753|9167|1|1
C|878|21669|1|1
C|882|22599|1|1
C|850|17077|1|1
C|838|15531|1|1
C|887|23666|1|1
C|749|8980|1|1
C|857|18077|1|1
C|761|9581|1|1
C|885|23093|1|1
C|762|9648|1|1
C|747|8888|1|1
C|847|16634|1|1
C|833|14992|1|1
C|830|14667|1|1
C|819|13597|1|1
C|885|23151|1|1
C|878|21792|1|1
C|862|18814|1|1
C|745|8778|0|1
C|847|16671|1|1
C|792|11443|1|1
C|840|15779|1|1
C|774|10294|0|1
C|879|21840|1|1
C|888|23790|1|1
C|792|11435|1|1
C|782|10811|1|1
C|837|15472|1|1
C|877|21422|1|1
C|756|9328|1|1
C|739|8502|1|1
C|845|16469|1|1
C|838|15621|0|1
C|830|14653|0|1
C|700|7021|1|1
C|847|16637|1|1
C|881|22316|1|1
C|750|9012|0|1
C|791|11367|1|1
C|799|11973|1|1
C|841|15946|1|1
C|855|17734|1|1
C|789|11278|0|1
C|862|18786|1|1
C|821|13766|0|1
C|889|24194|1|1
C|843|16113|1|1
C|788|11151|0|1
C|869|20000|1|1
C|881|22332|1|1
C|794|11602|0|1
C|722|7798|0|0
C|889|24140|1|1
C|750|9037|0|1
C|849|16889|1|1
C|889|24099|1|1
C|880|22013|1|1
C|886|23426|1|1
C|877|21467|1|1
C|891|24728|1|1
C|864|19108|1|1
C|817|13428|1|1
C|890|24281|1|1
C|871|20397|1|1
C|822|13912|1|1
C|792|11428|0|1
C|764|9736|1|1
C|833|15004|1|1
C|853|17518|1|1
C|878|21644|1|1
C|864|19155|1|1
C|861|18651|1|1
C|800|12059|1|1
C|877|21551|1|1
C|779|10622|0|1
C|880|22032|1|1
C|884|23012|1|1
C|804|12344|0|1
C|864|19210|1|1
C|808|12678|0|1
C|791|11408|1|1
C|848|16812|1|1
C|871|20407|1|1
C|885|23190|1|1
C|877|21437|1|1
C|873|20789|1|1
C|868|19728|1|1
C|702|7101|0|1
C|886|23548|1|1
C|881|22397|1|1
C|884|23002|1|1
C|825|14230|1|1
C|853|17425|1|1
C|874|20889|1|1
C|811|12911|1|1
C|862|18850|0|1
C|843|16155|1|1
C|746|8815|1|1
C|769|9994|1|1
C|732|8206|0|0
C|771|10117|0|1
C|771|10108|1|1
C|835|15286|1|1
C|718|7653|1|1
C|724|7879|0|1
C|871|20322|1|1
C|837|15493|1|1
C|849|16880|1|1
C|889|24105|1|1
C|884|23033|1|1
C|842|16100|1|1
C|851|17170|1|1
C|871|20338|1|1
C|870|20203|1|1
C|837|15498|1|1
C|817|13468|1|1
C|728|8034|1|1
C|754|9243|1|1
C|887|23580|1|1
C|890|24296|1|1
C|834|15149|1|1
C|886|23334|1|1
C|752|9123|0|1
C|776|10447|0|1
C|880|22170|1|1
C|874|20846|1|1
C|767|9893|0|0
C|850|17082|1|1
C|886|23376|1|1
C|885|23094|1|1
C|854|17673|1|1
C|796|11770|1|1
C|878|21784|1|1
C|862|18741|1|1
C|814|13132|1|1
C|723|7838|1|1
C|754|9234|0|1
C|769|10028|0|1
C|846|16519|0|1
C|768|9977|0|1
C|804|12337|0|1
C|828|14529|1|1
C|747|8876|0|1
C|868|19830|1|1
C|700|7009|0|1
C|714|7493|0|0
C|828|14449|1|1
C|743|8716|0|1
C|740|8542|0|1
C|768|9979|1|1
C|855|17762|1|1
C|886|23377|1|1
C|828|14455|1|1
C|861|18674|1|1
C|850|17047|1|1
C|849|16968|1|1
C|830|14677|1|1
C|859|18348|1|1
C|885|23162|1|1
C|784|10907|0|1
C|806|12474|0|1
C|759|9471|1|1
C|876|21341|1|1
C|859|18306|1|1
C|871|20271|1|1
C|864|19178|1|1
C|881|22330|1|1
C|700|7027|0|1
C|813|13072|1|1
C|852|17292|1|1
C|780|10665|1|1
C|784|10926|1|1
C|889|24210|1|1
C|844|16333|0|1
C|833|15043|1|1
C|844|16254|0|1
C|719|7703|0|0
C|872|20561|1|1
C|739|8510|0|1
C|842|16042|1|1
C|850|17109|0|1
C|804|12383|1|1
C|891|24627|1|1
C|745|8770|0|0
C|886|23503|1|1
C|856|17899|1|1
C|707|7246|0|1
C|856|17836|0|1
C|796|11714|1|1
C|700|7006|0|1
C|763|9669|0|1
C|793|11502|1|1
C|776|10432|1|1
C|764|9744|1|1
C|795|11638|0|1
C|829|14616|1|1
C|830|14743|1|1
C|877|21422|1|1
C|856|17845|1|1
C|859|18405|1|1
C|801|12093|1|1
C|891|24540|1|1
C|882|22435|1|1
C|788|11218|1|1
C|720|7752|0|1
C|850|17037|1|1
C|733|8248|0|1
C|869|20055|1|1
C|755|9278|1|1
C|866|19530|1|1
C|837|15495|1|1
C|743|8709|0|1
C|853|17462|1|1
C|801|12130|0|1
C|755|9266|0|1
C|866|19433|1|1
C|749|8977|1|1
C|891|24734|1|1
C|882|22544|1|1
C|847|16681|1|1
C|782|10804|1|1
C|836|15314|0|1
C|864|19135|1|1
C|787|11108|0|1
C|799|11930|1|1
C|878|21611|1|1
C|775|10340|1|1
C|859|18386|0|1
C|859|18386|1|1
C|781|10704|0|1
C|858|18193|1|1
C|756|9331|1|1
C|824|14133|0|1
C|819|13601|0|1
C|878|21781|1|1
C|849|16927|0|1
C|783|10873|1|1
C|713|7454|1|1
C|811|12883|1|1
C|883|22711|1|1
C|719|7703|1|1
C|860|18528|1|1
C|757|9360|1|1
C|861|18611|1|1
C|751|9094|0|1
C|888|24005|1|1
C|881|22247|1|1
C|879|21918|1|1
C|870|20130|1|1
C|748|8906|1|1
C|751|9060|1|1
C|825|14187|1|1
C|886|23405|1|1
C|832|14876|0|1
C|745|8804|0|0
C|874|20980|1|1
C|870|20207|1|1
C|880|22156|1|1
C|781|10723|1|1
C|740|8574|0|1
C|860|18516|1|1
C|797|11821|1|1
C|867|19567|1|1
C|725|7918|1|1
C|856|17904|0|1
C|865|19244|1|1
C|810|12802|0|1
C|893|25057|1|1
C|880|22192|1|1
C|853|17464|1|1
C|872|20486|1|1
C|835|15194|0|1
C|884|22865|1|1
C|814|13141|1|1
C|802|12228|1|1
C|838|15523|1|1
C|891|24747|1|1
C|886|23453|1|1
C|862|18845|1|1
C|850|17114|1|1
C|878|21743|1|1
C|879|21869|1|1
C|805|12449|1|1
C|875|21121|1|1
C|837|15418|1|1
C|776|10412|1|1
C|771|10151|0|0
C|853|17435|1|1
C|875|21101|1|1
C|869|19943|1|1
C|858|18269|1|1
C|891|24563|1|1
C|825|711|0|0
C|716|379|0|0
C|812|649|0|0
C|701|352|0|0
C|704|358|0|0
C|805|622|0|0
C|885|1161|0|0
C|790|566|0|0
C|873|10398|0|0
C|928|19528|0|0
C|881|11113|0|0
C|771|5062|0|0
C|886|11763|0|0
C|911|15544|0|0
C|873|10367|0|0
C|759|4746|0|0
C|845|8193|0|0
C|754|4613|0|0
C|791|5706|0|0
C|756|4657|0|0
C|830|7345|0|0
C|889|12117|0|0
C|790|5670|0|0
C|863|18898|0|0
C|974|114971|0|0
C|874|20854|0|0
C|982|164110|0|0
C|975|121120|0|0
C|987|227888|0|0
C|912|31140|0|0
C|984|193857|0|0
C|896|25989|0|0
C|980|154395|0|0
C|986|212559|0|0
C|981|158034|0|0
C|904|28541|0|0
C|973|109196|0|0
C|848|16862|0|0
C|969|96626|0|0
C|984|189154|0|0
C|975|119869|0|0
C|911|30963|0|0
C|978|139566|0|0
C|934|43068|0|0
C|973|108132|0|0
C|981|155049|0|0
C|970|100247|0|0
C|926|37966|0|0
C|971|102467|0|0
C|913|31631|0|0
C|981|160420|0|0
C|985|208008|0|0
C|985|203932|0|0
C|820|685|0|0
C|716|380|0|0
C|807|631|0|0
C|701|353|0|0
C|804|618|0|0
C|879|1098|0|0
C|782|539|0|0
C|878|10836|0|0
C|928|19405|0|0
C|879|10986|0|0
C|770|5025|0|0
C|887|11868|0|0
C|912|15654|0|0
C|873|10323|0|0
C|760|4754|0|0
C|845|8212|0|0
C|763|4832|0|0
C|782|5397|0|0
C|748|4464|0|0
C|827|7195|0|0
C|890|12197|0|0
C|788|5603|0|0
C|862|18892|0|0
C|974|114973|0|0
C|874|20847|0|0
C|982|164111|0|0
C|975|121150|0|0
C|987|227885|0|0
C|912|31156|0|0
C|984|193851|0|0
C|896|26050|0|0
C|980|154395|0|0
C|986|212558|0|0
C|981|158014|0|0
C|904|28565|0|0
C|973|109186|0|0
C|848|16860|0|0
C|969|96613|0|0
C|984|189125|0|0
C|975|119878|0|0
C|911|30941|0|0
C|978|139562|0|0
C|934|43085|0|0
C|973|108158|0|0
C|981|155039|0|0
C|970|100237|0|0
C|926|37948|0|0
C|971|102464|0|0
C|913|31648|0|0
C|981|160415|0|0
C|985|208006|0|0
C|985|203936|0|0
C|869|10026|1|1
C|756|4671|1|1
C|935|21679|1|0
C|928|19472|1|0
C|710|3690|1|1
C|857|9020|1|1
C|858|9071|1|1
C|948|27397|1|1
C|740|8568|1|1
C|741|8624|0|0
C|722|7828|0|1
C|726|7977|1|1
C|751|9087|0|1
C|823|14025|1|1
C|778|10567|0|1
C|782|10789|1|1
C|812|12963|1|1
C|823|14003|1|1
C|800|12073|1|1
C|717|7635|1|1
C|818|13527|1|1
C|815|13296|1|1
C|790|11319|1|1
C|817|13480|0|1
C|801|12138|1|1
C|812|12981|1|1
C|765|9768|1|1
C|715|7558|0|0
C|728|8032|1|1
C|827|14344|1|1
C|772|10186|1|1
C|727|8015|0|1
C|753|9169|1|1
C|749|8956|1|1
C|824|14125|1|1
C|796|11742|1|1
C|802|12205|1|1
C|817|13415|1|1
C|792|11460|1|1
C|814|13149|1|1
C|730|8119|1|1
C|777|10503|0|1
C|746|8818|0|1
C|830|14708|1|1
C|822|13880|1|1
C|827|14407|1|1
C|798|11904|1|1
C|733|8265|0|0
C|828|14463|1|1
C|793|11533|1|1
C|789|11255|1|1
C|722|7826|1|1
C|781|10702|1|1
C|786|11082|1|1
C|832|14891|1|1
C|778|10573|1|1
C|776|10435|1|1
C|718|7676|0|0
C|807|12547|1|1
C|810|12844|0|1
C|811|12920|0|1
C|832|14924|1|1
C|753|9187|0|1
C|754|9220|0|1
C|802|12182|0|1
C|772|10185|0|1
C|767|9926|1|1
C|774|10326|1|1
C|825|14226|1|1
C|830|14723|1|1
C|739|8513|1|1
C|772|10209|1|1
C|769|9992|1|1
C|773|10254|0|1
C|719|7702|0|0
C|827|14378|1|1
C|764|9741|0|1
C|767|9931|1|1
C|829|14582|1|1
C|804|12347|1|1
C|804|12328|1|1
C|803|12282|1|1
C|831|14764|1|1
C|773|10268|1|1
C|741|8589|1|1
C|784|10926|1|1
C|774|10288|1|1
C|832|14953|1|1
C|813|13060|1|1
C|803|12292|0|1
C|822|13929|0|1
C|826|14282|1|1
C|818|13519|1|1
C|813|13093|1|1
C|794|11612|1|1
C|788|11193|1|1
C|749|8979|0|1
C|759|9452|1|1
C|711|7383|1|1
C|815|13253|1|1
C|810|12808|1|1
C|733|8263|1|1
C|816|13331|0|1
C|830|14679|1|1
C|830|14680|1|1
C|804|12322|1|1
C|727|8009|1|1
C|795|11654|1|1
C|801|12132|1|1
C|782|10782|0|1
C|787|11142|0|1
C|779|10616|0|0
C|811|12890|1|1
C|824|14073|0|1
C|730|8126|1|1
C|778|10568|0|1
C|782|10777|0|1
C|815|13277|1|1
C|785|11013|0|1
C|736|8397|1|1
C|777|10483|1|1
C|763|9698|1|1
C|813|13078|0|1
C|823|14044|1|1
C|828|14457|1|1
C|753|9191|0|1
C|818|13508|1|1
C|734|8303|0|1
C|833|15006|0|1
C|809|12710|1|1
C|817|13476|1|1
C|784|10912|1|1
C|732|8227|1|1
C|826|14248|1|1
C|821|13782|0|1
C|773|10272|1|1
C|809|12768|0|1
C|736|8399|0|1
C|820|13706|1|1
C|820|13759|1|1
C|732|8210|1|1
C|806|12492|1|1
C|732|8229|1|1
C|706|7210|1|1
C|794|11608|1|1
C|752|9101|1|1
C|725|7947|0|0
C|759|9483|0|1
C|801|12150|0|1
C|779|10592|0|1
C|824|14121|0|1
C|822|13922|1|1
C|825|14165|1|1
C|822|13906|0|1
C|773|10234|0|0
C|747|8866|1|1
C|797|11820|1|1
C|794|11623|0|1
C|707|7256|0|1
C|757|9358|1|1
C|773|10267|0|1
C|748|8936|0|0
C|723|7854|1|1
C|809|12760|1|1
C|744|8719|0|1
C|802|12217|1|1
C|764|9721|0|1
C|740|8550|1|1
C|821|13851|0|1
C|807|12564|1|1
C|740|8544|1|1
C|790|11315|0|1
C|760|9512|1|1
C|762|9640|1|1
C|830|14658|1|1
C|768|9977|1|1
C|799|11941|1|1
C|788|11174|1|1
C|820|13716|1|1
C|830|14676|1|1
C|761|9578|1|1
C|740|8555|1|1
C|820|13700|1|1
C|751|9090|0|1
C|700|7031|0|1
C|761|9581|1|1
C|834|15088|0|1
C|820|13672|1|1
C|794|11624|1|1
C|811|12912|1|1
C|818|13544|1|1
C|786|11035|1|1
C|760|9539|1|1
C|726|7952|0|1
C|757|9364|1|1
C|794|11633|1|1
C|812|12996|0|1
C|751|9089|0|0
C|802|12202|1|1
C|813|13107|1|1
C|758|9397|1|1
C|816|13355|1|1
C|762|9616|0|1
C|705|7195|0|0
C|703|7128|0|1
C|825|14232|0|1
C|808|12657|1|1
C|832|14960|1|1
C|786|552|1|1
C|775|517|1|1
C|796|588|1|1
C|791|568|1|1
C|774|514|1|1
C|738|423|1|1
C|756|466|1|1
C|781|538|1|1
C|789|561|1|1
C|786|552|1|1
C|749|449|1|1
C|766|493|1|1
C|783|544|1|1
C|781|538|1|1
C|807|629|1|1
C|814|658|1|1
C|810|643|1|1
C|729|404|1|1
C|749|448|1|1
C|869|999|1|1
C|769|501|1|1
C|785|549|1|1
C|782|541|1|1
C|808|635|1|1
C|736|420|1|1
C|803|613|1|1
C|810|640|1|1
C|742|433|1|1
C|745|440|1|1
C|758|471|1|1
C|811|646|1|1
C|736|420|1|1
C|784|547|1|1
C|743|435|1|1
C|812|649|1|1
C|774|516|1|1
C|741|431|1|1
C|729|404|1|1
C|738|424|1|1
C|776|521|1|1
C|793|578|1|1
C|798|593|1|1
C|770|503|1|1
C|800|602|1|1
C|805|623|1|1
C|802|608|1|1
C|787|556|1|1
C|745|439|1|1
C|777|525|1|1
C|801|605|1|1
C|809|639|1|1
C|793|578|1|1
C|802|609|1|1
C|823|702|1|1
C|823|702|1|1
C|823|702|1|1
C|823|702|1|1
C|823|702|1|1
C|823|702|1|1
C|823|702|1|1
C|823|702|1|1
C|823|702|1|1
C|823|702|1|1
C|823|702|1|1
C|823|702|1|1
C|823|702|1|1
C|823|702|1|1
C|823|702|1|1
C|823|702|1|1
C|823|702|1|1
C|823|702|1|1
C|823|702|1|1
C|823|702|1|1
C|823|702|1|1
C|823|702|1|1
C|823|702|1|1
C|823|702|1|1
C|823|702|1|1
C|823|702|1|1
C|823|702|1|1
C|823|702|1|1
C|823|702|1|1
C|823|702|1|1
C|823|702|1|1
C|823|702|1|1
C|823|702|1|1
C|823|702|1|1
C|823|702|1|1
C|823|702|1|1
C|823|702|1|1
C|823|702|1|1
C|823|702|1|1
C|823|702|1|1
C|734|414|0|0
C|786|551|0|0
C|853|877|0|0
C|707|362|0|0
C|729|404|0|0
C|823|702|0|0
C|823|702|0|0
C|823|702|0|0
C|823|702|0|0
C|823|702|0|0
B|755|464|0|0
B|774|515|0|0
B|759|474|0|0
B|755|464|0|0
B|747|445|0|0
B|712|372|0|0
B|718|382|0|0
B|744|437|0|0
B|753|459|0|0
B|826|717|0|0
B|772|510|0|0
B|775|517|0|0
B|776|520|0|0
B|737|421|0|0
B|817|670|0|0
B|780|533|0|0
B|710|368|0|0
B|770|504|0|0
B|767|496|0|0
B|741|431|0|0
B|707|362|0|0
B|802|611|0|0
B|722|390|0|0
B|756|467|0|0
B|798|594|0|0
B|718|382|0|0
B|777|523|0|0
B|813|653|0|0
B|809|636|0|0
B|794|581|0|0
B|820|685|0|0
B|802|609|0|0
B|742|432|0|0
B|874|10410|1|1
B|850|855|0|0
B|778|528|0|0
B|826|714|0|0
B|834|759|0|0
B|756|465|0|0
B|844|816|0|0
B|837|771|0|0
B|833|750|0|0
B|852|867|0|0
B|840|793|0|0
B|837|775|0|0
B|842|804|0|0
B|807|629|0|0
B|790|565|0|0
B|850|850|0|0
B|727|401|0|0
B|794|580|0|0
B|804|616|0|0
B|793|575|0|0
B|829|731|0|0
B|830|733|0|0
B|810|640|0|0
B|848|840|0|0
B|849|844|0|0
B|847|834|0|0
B|850|856|0|0
B|842|802|0|0
B|808|632|0|0
B|834|757|0|0
B|800|602|0|0
B|827|718|0|0
B|827|720|0|0
B|850|850|0|0
B|785|550|0|0
B|834|758|0|0
B|783|542|0|0
B|849|846|0|0
B|740|428|0|0
B|800|601|0|0
B|823|701|0|0
B|835|762|0|0
B|849|848|0|0
B|765|491|0|0
B|842|804|0|0
B|849|844|0|0
B|845|820|0|0
B|845|818|0|0
B|821|691|0|0
B|844|817|0|0
B|805|621|0|0
B|815|664|0|0
B|797|590|0|0
B|783|544|0|0
B|839|785|0|0
B|850|854|0|0
B|779|530|0|0
B|802|611|0|0
B|821|688|0|0
B|827|718|0|0
B|803|615|0|0
B|822|694|0|0
B|745|439|0|0
B|883|1133|0|0
B|816|666|0|0
B|825|711|0|0
B|791|570|0|0
B|850|853|0|0
B|828|723|0|0
B|827|722|0|0
B|886|1168|0|0
B|853|873|0|0
B|805|622|0|0
B|709|366|0|0
B|850|855|0|0
B|822|694|0|0
B|846|826|0|0
B|783|544|0|0
B|830|734|0|0
B|824|704|0|0
B|848|842|0|0
B|849|844|0|0
B|824|704|0|0
B|761|479|0|0
B|863|947|0|0
B|713|374|0|0
B|806|625|0|0
B|868|995|0|0
B|740|427|0|0
B|845|819|0|0
B|844|815|0|0
B|794|579|0|0
B|838|778|0|0
B|830|735|0|0
B|805|623|0|0
B|848|841|0|0
B|814|660|0|0
B|850|851|0|0
B|822|696|0|0
B|841|796|0|0
B|811|645|0|0
B|767|494|0|0
B|779|530|0|0
B|842|800|0|0
B|835|762|0|0
B|811|647|0|0
B|837|771|0|0
B|820|687|0|0
B|862|937|0|0
B|847|835|0|0
B|794|581|0|0
B|845|824|0|0
B|820|686|0|0
B|850|854|0|0
B|870|1005|0|0
B|829|729|0|0
B|799|598|0|0
B|782|541|0|0
B|862|944|0|0
B|834|754|0|0
B|829|731|0|0
B|797|591|0|0
B|812|652|0|0
B|741|431|0|0
B|828|724|0|0
B|826|715|0|0
B|808|632|0|0
B|786|551|0|0
B|846|828|0|0
B|850|853|0|0
B|806|626|0|0
B|767|496|0|0
B|808|633|0|0
B|839|786|0|0
B|846|829|0|0
B|814|658|0|0
B|844|816|0|0
B|788|559|0|0
B|739|425|0|0
B|798|594|0|0
B|840|788|0|0
B|778|526|0|0
B|849|845|0|0
B|806|626|0|0
B|829|729|0|0
B|804|618|0|0
B|835|764|0|0
B|825|710|0|0
B|840|793|0|0
B|844|812|0|0
B|821|689|0|0
B|811|647|0|0
B|834|756|0|0
B|850|856|0|0
B|836|766|0|0
B|833|753|0|0
B|790|565|0|0
B|830|734|0|0
B|819|681|0|0
B|854|879|0|0
B|803|614|0|0
B|818|677|0|0
B|810|640|0|0
B|838|776|0|0
B|820|684|0|0
B|788|558|0|0
B|801|605|0|0
B|802|611|0|0
B|806|624|0|0
B|799|598|0|0
B|837|773|0|0
B|835|760|0|0
B|878|1087|0|0
B|822|696|0|0
B|828|726|0|0
B|872|1027|0|0
B|817|673|0|0
B|799|598|0|0
B|849|844|0|0
B|819|679|0|0
B|793|578|0|0
B|821|692|0|0
B|844|816|0|0
B|833|750|0|0
B|785|550|0|0
B|778|526|0|0
B|791|568|0|0
B|786|552|0|0
B|811|647|0|0
B|808|635|0|0
B|842|801|0|0
B|835|763|0|0
B|849|849|0|0
B|820|685|0|0
B|839|786|0|0
B|808|635|0|0
B|829|732|0|0
B|847|833|0|0
B|824|703|0|0
B|861|931|0|0
B|821|688|0|0
B|842|803|0|0
B|807|628|0|0
B|837|772|0|0
B|801|604|0|0
B|879|1094|0|0
B|788|558|0|0
B|843|809|0|0
B|810|643|0|0
B|755|464|0|0
B|779|530|0|0
B|846|828|0|0
B|847|833|0|0
B|806|627|0|0
B|804|616|0|0
B|849|848|0|0
B|833|752|0|0
B|847|836|0|0
B|809|636|0|0
B|832|744|0|0
B|797|589|0|0
B|730|407|0|0
B|847|832|0|0
B|849|849|0|0
B|863|945|0|0
B|829|731|0|0
B|816|669|0|0
B|831|741|0|0
B|817|673|0|0
B|802|609|0|0
B|849|849|0|0
B|863|945|0|0
B|827|720|0|0
B|826|714|0|0
B|827|719|0|0
B|839|783|0|0
B|850|854|0|0
B|813|653|0|0
B|849|848|0|0
B|807|629|0|0
B|725|396|0|0
B|839|784|0|0
B|875|1051|0|0
B|843|808|0|0
B|849|847|0|0
B|847|831|0|0
B|839|786|0|0
B|846|826|0|0
B|869|1002|0|0
B|848|839|0|0
B|823|699|0|0
B|798|593|0|0
B|808|633|0|0
B|835|761|0|0
B|884|1150|0|0
B|885|1162|0|0
B|843|811|0|0
B|847|831|0|0
B|705|359|0|0
B|779|531|0|0
B|835|763|0|0
B|848|837|0|0
B|847|834|0|0
B|848|841|0|0
B|850|851|0|0
B|841|799|0|0
B|810|641|0|0
B|837|774|0|0
B|848|837|0|0
B|823|699|0|0
B|858|912|0|0
B|786|552|0|0
B|807|628|0|0
B|841|796|0|0
B|789|562|0|0
B|789|562|0|0
B|790|565|0|0
B|772|508|0|0
B|846|829|0|0
B|850|856|0|0
B|835|764|0|0
B|714|376|0|0
B|833|752|0|0
B|828|724|0|0
B|878|1080|0|0
B|845|820|0|0
B|851|863|0|0
B|849|847|0|0
B|819|683|0|0
B|828|727|0|0
B|804|619|0|0
B|709|366|0|0
B|821|689|0|0
B|833|749|0|0
B|793|575|0|0
B|739|425|0|0
B|805|622|0|0
B|796|587|0|0
B|831|741|0|0
B|834|757|0|0
B|841|796|0|0
B|840|790|0|0
B|844|817|0|0
B|801|606|0|0
B|790|567|0|0
B|803|614|0|0
B|805|623|0|0
B|808|635|0|0
B|850|850|0|0
B|813|655|0|0
B|746|441|0|0
B|845|819|0|0
B|800|603|0|0
B|848|842|0|0
B|767|495|0|0
B|787|556|0|0
B|847|835|0|0
B|820|686|0|0
B|801|604|0|0
B|827|718|0|0
B|864|961|0|0
B|826|713|0|0
B|801|604|0|0
B|780|533|0|0
B|811|644|0|0
B|813|655|0|0
B|836|770|0|0
B|822|697|0|0
B|829|731|0|0
B|815|665|0|0
B|785|549|0|0
B|794|580|0|0
B|810|643|0|0
B|849|849|0|0
B|817|672|0|0
B|786|554|0|0
B|758|472|0|0
B|744|438|0|0
B|821|689|0|0
B|745|440|0|0
B|802|608|0|0
B|773|512|0|0
B|793|578|0|0
B|807|630|0|0
B|718|383|0|0
B|765|491|0|0
B|728|403|0|0
B|764|487|0|0
B|775|519|0|0
B|710|368|0|0
B|809|638|0|0
B|762|482|0|0
B|824|705|0|0
B|925|18715|1|0
B|891|12284|1|0
B|767|4942|1|0
B|837|7722|1|0
B|865|9633|1|0
B|903|14078|1|0
B|850|8535|1|0
B|921|17694|1|0
B|851|8602|1|0
B|872|10251|1|0
B|908|14901|1|0
B|908|14908|1|0
B|747|4446|1|0
B|883|11411|1|0
B|845|8213|1|0
B|882|11261|1|0
B|835|7643|1|0
B|857|9020|1|0
B|862|9436|1|0
B|838|7764|1|0
B|908|14805|1|0
B|901|13735|1|0
B|833|7528|1|0
B|894|12658|1|0
B|890|12234|1|0
B|914|16053|1|0
B|923|18025|1|0
B|851|8590|1|0
B|841|7954|1|0
B|751|4536|1|0
B|821|6898|1|0
B|837|7706|1|0
B|900|13588|1|0
B|823|7001|1|0
B|916|16509|1|0
B|830|7365|1|0
B|844|8127|1|0
B|882|11315|1|0
B|829|7290|1|0
B|732|4112|1|0
B|843|8099|1|0
B|736|4184|1|0
B|843|8099|1|0
B|739|4258|1|0
B|875|10579|1|0
B|860|9218|1|0
B|789|5622|1|0
B|828|7263|1|0
B|828|7257|1|0
B|796|5875|1|0
B|711|3706|1|0
B|842|8014|1|0
B|798|5939|1|0
B|816|6675|1|0
B|702|3540|1|0
B|803|6120|1|0
B|909|15028|1|0
B|783|5422|1|0
B|806|6246|1|0
B|909|15013|1|0
B|841|7950|1|0
B|726|3985|1|0
B|860|9245|1|0
B|861|9309|1|0
B|904|14272|1|0
B|793|5760|1|0
B|854|8777|1|0
B|932|20603|1|0
B|827|7190|1|0
B|810|6400|1|0
B|872|10255|1|0
B|753|4573|1|0
B|915|16259|1|0
B|917|16762|1|0
B|825|7108|1|0
B|896|12986|1|0
B|856|8973|1|0
B|809|6388|1|0
B|931|20298|1|0
B|862|9427|1|0
B|876|10682|1|0
B|854|8811|1|0
B|828|7253|1|0
B|814|6595|1|0
B|871|10212|1|0
B|825|7099|1|0
B|824|7037|1|0
B|890|12259|1|0
B|859|9193|1|0
B|898|13242|1|0
B|845|8195|1|0
B|916|16472|1|0
B|729|4039|1|0
B|827|7185|1|0
B|796|5861|1|0
B|861|9294|1|0
B|816|6680|1|0
B|864|9566|1|0
B|844|8177|1|0
B|816|6673|1|0
B|813|6542|1|0
B|878|10888|1|0
B|912|15683|1|0
B|855|8903|1|0
B|858|9094|1|0
B|867|9789|1|0
B|856|8918|1|0
B|817|6716|1|0
B|874|10469|1|0
B|875|10576|1|0
B|884|11449|1|0
B|877|10742|1|0
B|848|8399|1|0
B|796|5886|1|0
B|859|9164|1|0
B|916|16420|1|0
B|875|10561|1|0
B|741|4300|1|0
B|831|7418|1|0
B|866|9721|1|0
B|789|5614|1|0
B|807|6306|1|0
B|848|8388|1|0
B|775|5179|1|0
B|791|5683|1|0
B|775|5182|1|0
B|905|14376|1|0
B|803|6128|1|0
B|918|16970|1|0
B|862|9399|1|0
B|869|10008|1|0
B|853|8739|1|0
B|858|9083|1|0
B|895|12810|1|0
B|856|8954|1|0
B|919|17051|1|0
B|873|10366|1|0
B|883|11345|1|0
B|814|6576|1|0
B|845|8180|1|0
B|879|10897|1|0
B|905|14362|1|0
B|810|6411|1|0
B|885|11639|1|0
B|770|5038|1|0
B|868|9946|1|0
B|832|7481|1|0
B|858|9136|1|0
B|905|14414|1|0
B|866|9734|1|0
B|888|12006|1|0
B|820|6854|1|0
B|893|12540|1|0
B|854|8817|1|0
B|826|7148|1|0
B|899|13437|1|0
B|815|6638|1|0
B|944|25621|1|0
B|871|10202|1|0
B|808|6332|1|0
B|851|8586|1|0
B|812|6516|1|0
B|854|8789|1|0
B|705|3590|1|0
B|811|6449|1|0
B|909|15068|1|0
B|856|8921|1|0
B|822|6965|1|0
B|789|5636|1|0
B|815|6612|1|0
B|882|11282|1|0
B|823|7018|1|0
B|861|9343|1|0
B|804|6183|1|0
B|840|7900|1|0
B|797|5920|1|0
B|813|6550|1|0
B|779|5298|1|0
B|836|7681|1|0
B|723|3928|1|0
B|878|10836|1|0
B|918|16929|1|0
B|903|14006|1|0
B|864|9595|1|0
B|794|5791|1|0
B|858|9083|1|0
B|867|9851|1|0
B|876|10628|1|0
B|767|4942|1|0
B|852|8685|1|0
B|809|6380|1|0
B|909|15144|1|0
B|934|21548|1|0
B|800|6024|1|0
B|761|4786|1|0
B|821|6918|1|0
B|845|8240|1|0
B|850|8528|1|0
B|864|9606|1|0
B|824|7063|1|0
B|745|4400|1|0
B|817|6704|1|0
B|841|7970|1|0
B|812|6483|1|0
B|790|5671|1|0
B|828|7233|1|0
B|759|4726|1|0
B|859|9144|1|0
B|798|5929|1|0
B|895|12913|1|0
B|835|7637|1|0
B|742|4315|1|0
B|867|9813|1|0
B|851|8606|1|0
B|842|8041|1|0
B|824|7055|1|0
B|846|8267|1|0
B|829|7318|1|0
B|829|7285|1|0
B|862|9415|1|0
B|890|12210|1|0
B|819|6801|1|0
B|753|4582|1|0
B|891|12344|1|0
B|843|8088|1|0
B|886|11684|1|0
B|874|10458|1|0
B|763|4845|1|0
B|839|7824|1|0
B|867|9859|1|0
B|833|7490|1|0
B|821|6907|1|0
B|826|7164|1|0
B|753|4581|1|0
B|814|6591|1|0
B|859|9180|1|0
B|767|4965|1|0
B|840|7928|1|0
B|911|15443|1|0
B|762|4809|1|0
B|875|10550|1|0
B|831|7397|1|0
B|856|8935|1|0
B|715|3776|1|0
B|868|9887|1|0
B|856|8958|1|0
B|703|3563|1|0
B|829|7308|1|0
B|914|16076|1|0
B|915|16213|1|0
B|855|8851|1|0
B|841|7990|1|0
B|920|17326|1|0
B|842|8017|1|0
B|902|13873|1|0
B|898|13309|1|0
B|858|9121|1|0
B|909|15069|1|0
B|860|9233|1|0
B|832|7470|1|0
B|865|9676|1|0
B|885|11586|1|0
B|866|9706|1|0
B|830|7365|1|0
B|870|10094|1|0
B|905|14398|1|0
B|812|6518|1|0
B|824|7052|1|0
B|858|9070|1|0
B|789|5616|1|0
B|772|5088|1|0
B|902|13929|1|0
B|801|6058|1|0
B|845|8220|1|0
B|892|12402|1|0
B|883|11337|1|0
B|860|9224|1|0
B|920|17363|1|0
B|788|5594|1|0
B|853|8706|1|0
B|838|7788|1|0
B|802|6092|1|0
B|898|13247|1|0
B|816|6679|1|0
B|796|5870|1|0
B|847|8361|1|0
B|894|12736|1|0
B|928|19491|1|0
B|799|5985|1|0
B|915|16302|1|0
B|863|9477|1|0
B|847|8359|1|0
B|832|7429|1|0
B|847|8348|1|0
B|868|9942|1|0
B|922|17890|1|0
B|894|12658|1|0
B|839|7870|1|0
B|933|21013|1|0
B|871|10215|1|0
B|809|6367|1|0
B|777|5253|1|0
B|903|14053|1|0
B|875|10550|1|0
B|883|11366|1|0
B|885|11631|1|0
B|844|8162|1|0
B|833|7500|1|0
B|891|12374|1|0
B|710|3684|1|0
B|866|9749|1|0
B|843|8092|1|0
B|846|8295|1|0
B|917|33380|0|0
B|917|33450|0|0
B|917|33437|0|0
B|917|33459|0|0
B|917|33333|0|0
B|918|33610|0|0
B|917|33502|0|0
B|917|33459|0|0
B|917|33485|0|0
B|917|33555|0|0
B|917|33316|0|0
B|918|33614|0|0
B|917|33480|0|0
B|917|33528|0|0
B|917|33407|0|0
B|917|33569|0|0
B|917|33318|0|0
B|919|34097|0|0
B|918|33643|0|0
B|917|33567|0|0
B|917|33257|0|0
B|917|33557|0|0
B|917|33425|0|0
B|917|33393|0|0
B|917|33346|0|0
B|917|33438|0|0
B|917|33365|0|0
B|917|33471|0|0
B|917|33458|0|0
B|917|33559|0|0
B|917|33419|0|0
B|917|33536|0|0
B|917|33396|0|0
B|917|33550|0|0
B|917|33390|0|0
B|917|33471|0|0
B|918|33728|0|0
B|917|33491|0|0
B|917|33486|0|0
B|917|33480|0|0
B|917|33376|0|0
B|917|33407|0|0
B|917|33500|0|0
B|918|33653|0|0
B|917|33437|0|0
B|917|33418|0|0
B|917|33377|0|0
B|917|33467|0|0
B|917|33478|0|0
B|917|33327|0|0
B|917|33488|0|0
B|917|33487|0|0
B|917|33399|0|0
B|917|33229|0|0
B|917|33357|0|0
B|918|33650|0|0
B|917|33307|0|0
B|917|33574|0|0
B|917|33402|0|0
B|918|33892|0|0
B|917|33465|0|0
B|917|33497|0|0
B|917|33512|0|0
B|917|33422|0|0
B|917|33495|0|0
B|918|33593|0|0
B|917|33517|0|0
B|917|33460|0|0
B|917|33388|0|0
B|917|33584|0|0
B|917|33398|0|0
B|917|33484|0|0
B|917|33453|0|0
B|918|33650|0|0
B|918|33824|0|0
B|917|33471|0|0
B|917|33418|0|0
B|917|33329|0|0
B|917|33367|0|0
B|917|33515|0|0
B|917|33347|0|0
B|917|33362|0|0
B|918|33709|0|0
B|917|33513|0|0
B|917|33387|0|0
B|917|33415|0|0
B|917|33442|0|0
B|917|33474|0|0
B|918|33590|0|0
B|917|33541|0|0
B|916|33064|0|0
B|917|33504|0|0
B|917|33378|0|0
B|917|33511|0|0
B|917|33223|0|0
B|917|33529|0|0
B|917|33447|0|0
B|916|32895|0|0
B|917|33466|0|0
B|917|33529|0|0
B|917|33545|0|0
B|917|33176|0|0
B|918|33908|0|0
B|917|33360|0|0
B|918|34017|0|0
B|917|33413|0|0
B|918|33839|0|0
B|917|33285|0|0
B|917|33500|0|0
B|917|33426|0|0
B|917|33551|0|0
B|917|33510|0|0
B|917|33487|0|0
B|917|33538|0|0
B|918|33645|0|0
B|917|33412|0|0
B|917|33434|0|0
B|917|33497|0|0
B|916|33111|0|0
B|918|33638|0|0
B|917|33244|0|0
B|917|33524|0|0
B|917|33570|0|0
B|916|33133|0|0
B|917|33158|0|0
B|917|33439|0|0
B|917|33437|0|0
B|917|33583|0|0
B|917|33465|0|0
B|918|33613|0|0
B|917|33574|0|0
B|917|33567|0|0
B|918|33629|0|0
B|917|33227|0|0
B|917|33507|0|0
B|917|33422|0|0
B|917|33333|0|0
B|917|33436|0|0
B|918|33809|0|0
B|917|33459|0|0
B|918|33841|0|0
B|917|33495|0|0
B|916|33002|0|0
B|917|33523|0|0
B|917|33156|0|0
B|917|33536|0|0
B|916|32969|0|0
B|917|33160|0|0
B|917|33407|0|0
B|917|33414|0|0
B|917|33337|0|0
B|917|33414|0|0
B|916|32981|0|0
B|917|33382|0|0
B|917|33225|0|0
B|917|33453|0|0
B|917|33539|0|0
B|917|33502|0|0
B|917|33477|0|0
B|917|33526|0|0
B|917|33475|0|0
B|917|33452|0|0
B|917|33469|0|0
B|917|33386|0|0
B|917|33466|0|0
B|917|33367|0|0
B|917|33534|0|0
B|917|33432|0|0
B|917|33422|0|0
B|917|33468|0|0
B|917|33473|0|0
B|917|33516|0|0
B|917|33439|0|0
B|917|33397|0|0
B|917|33312|0|0
B|916|32837|0|0
B|917|33432|0|0
B|917|33355|0|0
B|917|33342|0|0
B|918|34004|0|0
B|917|33548|0|0
B|917|33231|0|0
B|917|33439|0|0
B|916|32802|0|0
B|917|33452|0|0
B|918|33649|0|0
B|917|33457|0|0
B|917|33545|0|0
B|918|33600|0|0
B|917|33416|0|0
B|917|33393|0|0
B|918|33621|0|0
B|917|33554|0|0
B|917|33566|0|0
B|917|33580|0|0
B|917|33474|0|0
B|918|33617|0|0
B|917|33332|0|0
B|917|33413|0|0
B|917|33473|0|0
B|918|33935|0|0
B|917|33513|0|0
B|917|33538|0|0
B|917|33484|0|0
B|917|33404|0|0
B|917|33422|0|0
B|918|33587|0|0
B|917|33486|0|0
B|917|33543|0|0
B|917|33388|0|0
B|917|33472|0|0
B|917|33382|0|0
B|917|33429|0|0
B|917|33521|0|0
B|917|33483|0|0
B|917|33559|0|0
B|917|33546|0|0
B|917|33366|0|0
B|918|33711|0|0
B|918|33608|0|0
B|917|33529|0|0
B|916|33093|0|0
B|917|33390|0|0
B|917|33397|0|0
B|917|33512|0|0
B|917|33574|0|0
B|917|33265|0|0
B|917|33511|0|0
B|917|33429|0|0
B|918|34031|0|0
B|917|33506|0|0
B|918|33790|0|0
B|917|33500|0|0
B|917|33291|0|0
B|918|33603|0|0
B|917|33538|0|0
B|917|33400|0|0
B|917|33472|0|0
B|917|33495|0|0
B|917|33468|0|0
B|917|33331|0|0
B|917|33361|0|0
B|917|33486|0|0
B|918|33687|0|0
B|917|33432|0|0
B|917|33279|0|0
B|917|33369|0|0
B|917|33468|0|0
B|917|33458|0|0
B|917|33365|0|0
B|917|33542|0|0
B|917|33425|0|0
B|917|33492|0|0
B|918|33625|0|0
B|917|33380|0|0
B|917|33453|0|0
B|917|33429|0|0
B|917|33332|0|0
B|917|33269|0|0
B|917|33371|0|0
B|917|33458|0|0
B|917|33574|0|0
B|917|33429|0|0
B|916|33044|0|0
B|917|33413|0|0
B|917|33463|0|0
B|917|33222|0|0
B|917|33582|0|0
B|917|33561|0|0
B|917|33572|0|0
B|917|33404|0|0
B|917|33422|0|0
B|917|33562|0|0
B|917|33164|0|0
B|917|33436|0|0
B|917|33434|0|0
B|918|33667|0|0
B|917|33455|0|0
B|917|33407|0|0
B|918|33761|0|0
B|917|33259|0|0
B|917|33473|0|0
B|917|33442|0|0
B|917|33386|0|0
B|917|33471|0|0
B|917|33475|0|0
B|917|33504|0|0
B|917|33577|0|0
B|917|33534|0|0
B|917|33435|0|0
B|917|33444|0|0
B|917|33580|0|0
B|916|32975|0|0
B|918|33591|0|0
B|917|33502|0|0
B|917|33320|0|0
B|917|33372|0|0
B|918|33836|0|0
B|917|33443|0|0
B|917|33338|0|0
B|918|33935|0|0
B|917|33461|0|0
B|917|33377|0|0
B|917|33391|0|0
B|917|33349|0|0
B|917|33391|0|0
B|917|33542|0|0
B|917|33368|0|0
B|917|33421|0|0
B|917|33257|0|0
B|917|33401|0|0
B|917|33505|0|0
B|917|33367|0|0
B|917|33437|0|0
B|917|33370|0|0
B|917|33407|0|0
B|918|33635|0|0
B|917|33465|0|0
B|917|33557|0|0
B|917|33385|0|0
B|918|33639|0|0
B|917|33366|0|0
B|917|33469|0|0
B|917|33171|0|0
B|917|33448|0|0
B|917|33538|0|0
B|919|34125|0|0
B|919|34146|0|0
B|918|33782|0|0
B|917|33511|0|0
B|917|33546|0|0
B|917|33369|0|0
B|917|33536|0|0
B|917|33242|0|0
B|917|33214|0|0
B|917|33476|0|0
B|917|33551|0|0
B|919|34081|0|0
B|917|33582|0|0
B|917|33452|0|0
B|917|33435|0|0
B|917|33353|0|0
B|918|33598|0|0
B|917|33523|0|0
B|917|33257|0|0
B|917|33413|0|0
B|919|34186|0|0
B|917|33584|0|0
B|917|33416|0|0
B|917|33529|0|0
B|917|33458|0|0
B|917|33149|0|0
B|917|33378|0|0
B|917|33510|0|0
B|917|33455|0|0
B|918|33738|0|0
B|917|33579|0|0
B|917|33519|0|0
B|917|33519|0|0
B|917|33194|0|0
B|917|33498|0|0
B|917|33455|0|0
B|917|33427|0|0
B|917|33437|0|0
B|917|33346|0|0
B|917|33407|0|0
B|918|33598|0|0
B|918|33591|0|0
B|917|33390|0|0
B|917|33458|0|0
B|916|32901|0|0
B|917|33431|0|0
B|918|33703|0|0
B|917|33521|0|0
B|916|32754|0|0
B|917|33407|0|0
B|916|32948|0|0
B|917|33524|0|0
B|917|33449|0|0
B|917|33434|0|0
B|917|33464|0|0
B|917|33492|0|0
B|917|33463|0|0
B|917|33464|0|0
B|917|33500|0|0
B|917|33406|0|0
B|917|33452|0|0
B|917|33370|0|0
B|918|33607|0|0
B|917|33502|0|0
B|917|33484|0|0
B|917|33223|0|0
B|917|33338|0|0
B|916|32946|0|0
B|917|33426|0|0
B|917|33569|0|0
B|917|33483|0|0
B|917|33560|0|0
B|917|33387|0|0
B|917|33532|0|0
B|718|382|1|1
B|704|358|1|1
B|713|374|1|1
B|701|353|1|1
B|710|368|1|1
B|713|373|1|1
B|764|486|0|0
B|752|455|0|0
B|775|517|0|0
B|721|389|0|0
W|764|1888|1|1
W|774|1915|1|1
W|788|1958|1|1
W|798|1993|1|1
W|798|1993|1|1
W|799|1997|1|1
W|800|2000|1|1
W|806|2024|1|1
W|832|2255|1|1
W|830|2267|1|1
W|819|2320|1|1
W|806|2373|1|1
P|0|718|382|1|1
P|0|704|358|1|1
P|1|718|382|1|1
P|1|704|358|1|1
P|2|718|382|1|1
P|2|704|358|1|1
P|3|718|382|1|1
P|3|704|358|1|1
P|4|850|382|1|1
P|4|840|358|1|1
P|5|718|6600|1|1
P|5|704|6603|1|1
P|6|718|6600|1|1
P|6|704|358|1|1
P|7|718|382|1|1
P|7|704|358|1|1
P|8|718|382|1|1
P|8|704|358|1|1
