S1P1 TWOLIVE n=2 old=3 new=4
S1P1 SEP-TWOLIVE ok
S1P1 Q v=91404 livemap=1 id=23 f28=91404
S1P1 SEP dep->2 tag=1 o=91301 sup=0
S1P1 SEP dep->4 tag=1 o=91404 sup=0
S1P1 SEP-NEW
S1P1 SEP ok
S1P2 TWOLIVE n=2 old=25 new=26
S1P2 SEP-TWOLIVE ok
S1P2 Q v=91414 livemap=1 id=45 f28=91414
S1P2 SEP dep->24 tag=1 o=91302 sup=0
S1P2 SEP dep->26 tag=1 o=91414 sup=0
S1P2 SEP-NEW
S1P2 SEP ok
S1P3 TWOLIVE n=2 old=47 new=48
S1P3 SEP-TWOLIVE ok
S1P3 Q v=91424 livemap=1 id=67 f28=91424
S1P3 SEP dep->46 tag=1 o=91303 sup=0
S1P3 SEP dep->48 tag=1 o=91424 sup=0
S1P3 SEP-NEW
S1P3 SEP ok
S1P4 TWOLIVE n=2 old=69 new=70
S1P4 SEP-TWOLIVE ok
S1P4 Q v=91434 livemap=1 id=89 f28=91434
S1P4 SEP dep->68 tag=1 o=91304 sup=0
S1P4 SEP dep->70 tag=1 o=91434 sup=0
S1P4 SEP-NEW
S1P4 SEP ok
S1 MAPCON-ALL=0
S1 DONE-OK
DUMP-BEGIN
H 0 16
H 4 12
H 8 2
H 12 -1
H 16 2048
H 20 88
H 24 68
H 28 16
H 32 91104
H 36 91304
H 40 91304
H 44 91104
H 48 0
H 52 0
H 56 0
H 60 0
N 2 1 0 0 0 0 91101 9101 91301 1 1
N 3 1 0 0 0 0 91301 9102 91403 2 1
N 4 1 0 0 0 0 91301 9102 91404 3 1
N 5 902 0 0 0 0 91101 0 0 0 1
N 6 902 0 0 0 0 91301 0 0 0 1
N 7 102 1000 5 8 0 0 0 0 0 1
N 8 101 1000 6 0 0 0 0 0 0 1
N 9 902 0 0 0 0 91301 0 0 0 1
N 10 902 0 0 0 0 91403 0 0 0 1
N 11 102 1000 9 12 0 0 0 0 0 1
N 12 101 1000 10 0 0 0 0 0 0 1
N 13 902 0 0 0 0 91403 0 0 0 1
N 14 902 0 0 0 0 91101 0 0 0 1
N 15 902 0 0 0 0 91301 0 0 0 1
N 16 102 1000 14 17 0 0 0 0 0 1
N 17 101 1000 15 0 0 0 0 0 0 1
N 18 902 0 0 0 0 91301 0 0 0 1
N 19 902 0 0 0 0 91404 0 0 0 1
N 20 102 1000 18 21 0 0 0 0 0 1
N 21 101 1000 19 0 0 0 0 0 0 1
N 22 902 0 0 0 0 91404 0 0 0 1
N 23 20 9103 91101 -1 -1 16 12 91404 0 1
N 24 1 0 0 0 0 91102 9101 91302 5 1
N 25 1 0 0 0 0 91302 9102 91413 6 1
N 26 1 0 0 0 0 91302 9102 91414 7 1
N 27 902 0 0 0 0 91102 0 0 0 1
N 28 902 0 0 0 0 91302 0 0 0 1
N 29 102 1000 27 30 0 0 0 0 0 1
N 30 101 1000 28 0 0 0 0 0 0 1
N 31 902 0 0 0 0 91302 0 0 0 1
N 32 902 0 0 0 0 91413 0 0 0 1
N 33 102 1000 31 34 0 0 0 0 0 1
N 34 101 1000 32 0 0 0 0 0 0 1
N 35 902 0 0 0 0 91413 0 0 0 1
N 36 902 0 0 0 0 91102 0 0 0 1
N 37 902 0 0 0 0 91302 0 0 0 1
N 38 102 1000 36 39 0 0 0 0 0 1
N 39 101 1000 37 0 0 0 0 0 0 1
N 40 902 0 0 0 0 91302 0 0 0 1
N 41 902 0 0 0 0 91414 0 0 0 1
N 42 102 1000 40 43 0 0 0 0 0 1
N 43 101 1000 41 0 0 0 0 0 0 1
N 44 902 0 0 0 0 91414 0 0 0 1
N 45 20 9103 91102 -1 -1 38 30 91414 0 1
N 46 1 0 0 0 0 91103 9101 91303 9 1
N 47 1 0 0 0 0 91303 9102 91423 10 1
N 48 1 0 0 0 0 91303 9102 91424 11 1
N 49 902 0 0 0 0 91103 0 0 0 1
N 50 902 0 0 0 0 91303 0 0 0 1
N 51 102 1000 49 52 0 0 0 0 0 1
N 52 101 1000 50 0 0 0 0 0 0 1
N 53 902 0 0 0 0 91303 0 0 0 1
N 54 902 0 0 0 0 91423 0 0 0 1
N 55 102 1000 53 56 0 0 0 0 0 1
N 56 101 1000 54 0 0 0 0 0 0 1
N 57 902 0 0 0 0 91423 0 0 0 1
N 58 902 0 0 0 0 91103 0 0 0 1
N 59 902 0 0 0 0 91303 0 0 0 1
N 60 102 1000 58 61 0 0 0 0 0 1
N 61 101 1000 59 0 0 0 0 0 0 1
N 62 902 0 0 0 0 91303 0 0 0 1
N 63 902 0 0 0 0 91424 0 0 0 1
N 64 102 1000 62 65 0 0 0 0 0 1
N 65 101 1000 63 0 0 0 0 0 0 1
N 66 902 0 0 0 0 91424 0 0 0 1
N 67 20 9103 91103 -1 -1 60 48 91424 0 1
N 68 1 0 0 0 0 91104 9101 91304 13 1
N 69 1 0 0 0 0 91304 9102 91433 14 1
N 70 1 0 0 0 0 91304 9102 91434 15 1
N 71 902 0 0 0 0 91104 0 0 0 1
N 72 902 0 0 0 0 91304 0 0 0 1
N 73 102 1000 71 74 0 0 0 0 0 1
N 74 101 1000 72 0 0 0 0 0 0 1
N 75 902 0 0 0 0 91304 0 0 0 1
N 76 902 0 0 0 0 91433 0 0 0 1
N 77 102 1000 75 78 0 0 0 0 0 1
N 78 101 1000 76 0 0 0 0 0 0 1
N 79 902 0 0 0 0 91433 0 0 0 1
N 80 902 0 0 0 0 91104 0 0 0 1
N 81 902 0 0 0 0 91304 0 0 0 1
N 82 102 1000 80 83 0 0 0 0 0 1
N 83 101 1000 81 0 0 0 0 0 0 1
N 84 902 0 0 0 0 91304 0 0 0 1
N 85 902 0 0 0 0 91434 0 0 0 1
N 86 102 1000 84 87 0 0 0 0 0 1
N 87 101 1000 85 0 0 0 0 0 0 1
N 88 902 0 0 0 0 91434 0 0 0 1
N 89 20 9103 91104 -1 -1 82 63 91434 0 1
E 68 9 68 9
E 69 9 69 10
E 3 5 2 0
E 70 9 70 11
E 4 5 3 0
E 4 8 4 0
E 8 1 2 0
E 12 1 3 0
E 8 12 11 0
E 17 1 2 0
E 21 1 4 0
E 17 12 20 0
E 23 13 23 4
E 23 2 23 0
E 23 6 23 0
E 23 1 2 0
E 23 1 4 0
E 24 9 24 1
E 24 5 4 0
E 25 9 25 2
E 25 5 24 0
E 26 9 26 3
E 26 5 25 0
E 26 8 26 0
E 30 1 24 0
E 34 1 25 0
E 30 12 33 0
E 39 1 24 0
E 43 1 26 0
E 39 12 42 0
E 45 13 45 8
E 45 2 45 0
E 45 6 45 0
E 45 1 24 0
E 45 1 26 0
E 46 9 46 5
E 46 5 26 0
E 47 9 47 6
E 47 5 46 0
E 48 9 48 7
E 48 5 47 0
E 48 8 48 0
E 52 1 46 0
E 56 1 47 0
E 52 12 55 0
E 61 1 46 0
E 65 1 48 0
E 61 12 64 0
E 67 13 67 12
E 67 2 67 0
E 67 6 67 0
E 67 1 46 0
E 67 1 48 0
E 68 5 48 0
E 69 5 68 0
E 70 5 69 0
E 70 8 70 0
E 74 1 68 0
E 78 1 69 0
E 74 12 77 0
E 83 1 68 0
E 87 1 70 0
E 83 12 86 0
E 89 13 89 16
E 89 2 89 0
E 89 6 89 0
E 89 1 68 0
E 89 1 70 0
DUMP-END
