S1P1 TWOLIVE n=2 old=3 new=4
S1P1 SEP-TWOLIVE ok
S1P1 Q v=91403 livemap=1 id=14 f28=91403
S1P1 SEP dep->2 tag=1 o=91301 sup=0
S1P1 SEP dep->3 tag=1 o=91403 sup=0
S1P1 SEP-OLD
S1P1 SEP ok
S1P2 TWOLIVE n=2 old=16 new=17
S1P2 SEP-TWOLIVE ok
S1P2 Q v=91413 livemap=1 id=27 f28=91413
S1P2 SEP dep->15 tag=1 o=91302 sup=0
S1P2 SEP dep->16 tag=1 o=91413 sup=0
S1P2 SEP-OLD
S1P2 SEP ok
S1P3 TWOLIVE n=2 old=29 new=30
S1P3 SEP-TWOLIVE ok
S1P3 Q v=91423 livemap=1 id=40 f28=91423
S1P3 SEP dep->28 tag=1 o=91303 sup=0
S1P3 SEP dep->29 tag=1 o=91423 sup=0
S1P3 SEP-OLD
S1P3 SEP ok
S1P4 TWOLIVE n=2 old=42 new=43
S1P4 SEP-TWOLIVE ok
S1P4 Q v=91433 livemap=1 id=53 f28=91433
S1P4 SEP dep->41 tag=1 o=91304 sup=0
S1P4 SEP dep->42 tag=1 o=91433 sup=0
S1P4 SEP-OLD
S1P4 SEP ok
S1 MAPCON-ALL=0
S1 DONE-OK
DUMP-BEGIN
H 0 16
H 4 12
H 8 2
H 12 -1
H 16 1024
H 20 52
H 24 56
H 28 16
H 32 91104
H 36 91304
H 40 91304
H 44 91104
H 48 0
H 52 0
H 56 0
H 60 0
N 2 1 0 0 0 0 91101 9101 91301 1 1
N 3 1 0 0 0 0 91301 9102 91403 2 1
N 4 1 0 0 0 0 91301 9102 91404 3 1
N 5 902 0 0 0 0 91101 0 0 0 1
N 6 902 0 0 0 0 91301 0 0 0 1
N 7 102 1000 5 8 0 0 0 0 0 1
N 8 101 1000 6 0 0 0 0 0 0 1
N 9 902 0 0 0 0 91301 0 0 0 1
N 10 902 0 0 0 0 91403 0 0 0 1
N 11 102 1000 9 12 0 0 0 0 0 1
N 12 101 1000 10 0 0 0 0 0 0 1
N 13 902 0 0 0 0 91403 0 0 0 1
N 14 20 9103 91101 -1 -1 7 9 91403 0 1
N 15 1 0 0 0 0 91102 9101 91302 5 1
N 16 1 0 0 0 0 91302 9102 91413 6 1
N 17 1 0 0 0 0 91302 9102 91414 7 1
N 18 902 0 0 0 0 91102 0 0 0 1
N 19 902 0 0 0 0 91302 0 0 0 1
N 20 102 1000 18 21 0 0 0 0 0 1
N 21 101 1000 19 0 0 0 0 0 0 1
N 22 902 0 0 0 0 91302 0 0 0 1
N 23 902 0 0 0 0 91413 0 0 0 1
N 24 102 1000 22 25 0 0 0 0 0 1
N 25 101 1000 23 0 0 0 0 0 0 1
N 26 902 0 0 0 0 91413 0 0 0 1
N 27 20 9103 91102 -1 -1 20 24 91413 0 1
N 28 1 0 0 0 0 91103 9101 91303 9 1
N 29 1 0 0 0 0 91303 9102 91423 10 1
N 30 1 0 0 0 0 91303 9102 91424 11 1
N 31 902 0 0 0 0 91103 0 0 0 1
N 32 902 0 0 0 0 91303 0 0 0 1
N 33 102 1000 31 34 0 0 0 0 0 1
N 34 101 1000 32 0 0 0 0 0 0 1
N 35 902 0 0 0 0 91303 0 0 0 1
N 36 902 0 0 0 0 91423 0 0 0 1
N 37 102 1000 35 38 0 0 0 0 0 1
N 38 101 1000 36 0 0 0 0 0 0 1
N 39 902 0 0 0 0 91423 0 0 0 1
N 40 20 9103 91103 -1 -1 33 39 91423 0 1
N 41 1 0 0 0 0 91104 9101 91304 13 1
N 42 1 0 0 0 0 91304 9102 91433 14 1
N 43 1 0 0 0 0 91304 9102 91434 15 1
N 44 902 0 0 0 0 91104 0 0 0 1
N 45 902 0 0 0 0 91304 0 0 0 1
N 46 102 1000 44 47 0 0 0 0 0 1
N 47 101 1000 45 0 0 0 0 0 0 1
N 48 902 0 0 0 0 91304 0 0 0 1
N 49 902 0 0 0 0 91433 0 0 0 1
N 50 102 1000 48 51 0 0 0 0 0 1
N 51 101 1000 49 0 0 0 0 0 0 1
N 52 902 0 0 0 0 91433 0 0 0 1
N 53 20 9103 91104 -1 -1 46 51 91433 0 1
E 41 9 41 9
E 42 9 42 10
E 3 5 2 0
E 43 9 43 11
E 4 5 3 0
E 4 8 4 0
E 8 1 2 0
E 12 1 3 0
E 8 12 11 0
E 14 13 14 4
E 14 2 14 0
E 14 6 14 0
E 14 1 2 0
E 14 1 3 0
E 15 9 15 1
E 15 5 4 0
E 16 9 16 2
E 16 5 15 0
E 17 9 17 3
E 17 5 16 0
E 17 8 17 0
E 21 1 15 0
E 25 1 16 0
E 21 12 24 0
E 27 13 27 8
E 27 2 27 0
E 27 6 27 0
E 27 1 15 0
E 27 1 16 0
E 28 9 28 5
E 28 5 17 0
E 29 9 29 6
E 29 5 28 0
E 30 9 30 7
E 30 5 29 0
E 30 8 30 0
E 34 1 28 0
E 38 1 29 0
E 34 12 37 0
E 40 13 40 12
E 40 2 40 0
E 40 6 40 0
E 40 1 28 0
E 40 1 29 0
E 41 5 30 0
E 42 5 41 0
E 43 5 42 0
E 43 8 43 0
E 47 1 41 0
E 51 1 42 0
E 47 12 50 0
E 53 13 53 16
E 53 2 53 0
E 53 6 53 0
E 53 1 41 0
E 53 1 42 0
DUMP-END
