R|0|0|0|16638
R|1|0|0|14840
R|2|0|1|1876
R|3|0|0|15011
R|4|0|0|16949
R|5|0|0|15611
R|6|0|0|17453
R|7|0|1|3284
R|8|0|0|15398
R|9|0|0|15014
R|10|0|0|15588
R|11|0|0|14306
R|12|0|0|16972
R|13|0|0|14438
R|14|0|0|15959
R|15|0|0|16188
R|16|0|0|17497
R|17|0|0|15445
R|18|0|0|16347
R|19|0|0|14916
R|20|0|0|17563
R|21|0|1|2183
R|22|0|0|16504
R|23|0|0|17367
R|24|0|0|14355
R|25|0|0|16750
R|26|0|0|16993
R|27|0|0|14459
R|28|0|0|16027
R|29|0|0|17606
R|30|0|0|16481
R|31|0|0|14988
R|32|0|0|14459
R|33|0|1|3175
R|34|0|0|15158
R|35|0|0|15108
R|36|0|0|16074
R|37|0|1|2667
R|38|0|0|16323
R|39|0|0|15014
R|40|0|0|15936
R|41|0|0|15014
R|42|0|0|17300
R|43|0|0|15775
R|44|0|0|15657
R|45|0|0|14437
R|46|0|0|16503
R|47|0|0|14590
R|48|0|0|14329
R|49|0|0|17605
R|50|0|0|15135
R|51|0|0|17475
R|52|0|0|16437
R|53|0|0|17606
R|54|0|0|15279
R|55|0|0|17192
R|56|0|0|17300
R|57|0|0|16773
R|58|0|1|8558
R|59|0|0|15587
R|60|0|0|14614
R|61|0|0|17410
R|62|0|0|14813
R|63|0|0|17037
R|64|0|1|9120
R|65|0|1|6815
R|66|0|1|1574
R|67|0|1|6303
R|68|0|1|1229
R|69|0|1|4723
R|70|0|1|5663
R|71|0|1|4067
R|72|0|1|3904
R|73|0|0|12611
R|74|0|1|7623
R|75|0|1|4618
R|76|0|1|4781
R|77|0|1|7119
R|78|0|1|6866
R|79|0|0|12953
R|80|0|1|6133
R|81|0|1|3450
R|82|0|1|7586
R|83|0|1|10091
R|84|0|1|7527
R|85|0|1|8248
R|86|0|1|3650
R|87|0|1|6669
R|88|0|1|5270
R|89|0|1|7395
R|90|0|1|7246
R|91|0|1|4046
R|92|0|1|7108
R|93|0|1|3581
R|94|0|1|5484
R|95|0|1|6121
R|96|0|0|11214
R|97|0|1|4368
R|98|0|1|9753
R|99|0|1|4836
R|100|0|1|4637
R|101|0|1|8413
R|102|0|1|5412
R|103|0|1|10437
R|104|0|1|2579
R|105|0|0|11527
R|106|0|1|9861
R|107|0|1|6474
R|108|0|1|1512
R|109|0|1|2715
R|110|0|1|3818
R|111|0|1|2625
R|112|0|1|4795
R|113|0|0|11846
R|114|0|0|14494
R|115|0|1|2719
R|116|0|0|13608
R|117|0|0|14275
R|118|0|1|7447
R|119|0|1|2075
R|120|0|1|6072
R|121|0|1|4546
R|122|0|1|6486
R|123|0|1|4762
R|124|0|1|8171
R|125|0|1|2811
R|126|0|0|13740
R|127|0|0|12450
R|128|0|1|6585
R|129|0|1|7030
R|130|0|1|2886
R|131|0|1|5912
R|132|0|1|5566
R|133|0|1|1988
R|134|0|1|6170
R|135|0|1|4099
R|136|0|0|12798
R|137|0|1|5694
R|138|0|1|7686
R|139|0|1|2084
R|140|0|1|4837
R|141|0|1|7357
R|142|0|1|4827
R|143|0|0|11718
R|144|0|1|5426
R|145|0|1|1449
R|146|0|1|2863
R|147|0|1|5066
R|148|0|1|10280
R|149|0|1|4579
R|150|0|0|11459
R|151|0|0|13965
R|152|0|0|13380
R|153|0|1|8998
R|154|0|0|13545
R|155|0|1|8072
R|156|0|1|6245
R|157|0|1|4048
R|158|0|1|1805
R|159|0|1|5854
R|160|0|0|12912
R|161|0|0|14346
R|162|0|1|5415
R|163|0|1|6952
R|164|0|1|1698
R|165|0|1|6757
R|166|0|1|10268
R|167|0|0|11475
R|168|0|1|6328
R|169|0|1|9882
R|170|0|1|5773
R|171|0|1|4484
R|172|0|1|2985
R|173|0|1|8608
R|174|0|1|3506
R|175|0|1|4548
R|176|0|1|8526
R|177|0|1|1329
R|178|0|0|11224
R|179|0|1|4749
R|180|0|0|12303
R|181|0|1|9996
R|182|0|1|7782
R|183|0|1|8745
R|184|0|1|8468
R|185|0|1|6349
R|186|0|1|2227
R|187|0|1|4650
R|188|0|1|5185
R|189|0|0|12655
R|190|0|0|13763
R|191|0|0|13733
R|192|0|1|8179
R|193|0|1|5185
R|194|0|1|6451
R|195|0|1|6950
R|196|0|0|13174
R|197|0|1|3469
R|198|0|1|10844
R|199|0|1|5805
R|200|0|1|9701
R|201|0|1|8030
R|202|0|1|9117
R|203|0|1|8623
R|204|0|0|13121
R|205|0|1|8872
R|206|0|0|14312
R|207|0|1|10637
R|208|0|1|7967
R|209|0|1|7156
R|210|0|0|14227
R|211|0|0|14457
R|212|0|1|6335
R|213|0|1|5146
R|214|0|0|12825
R|215|0|0|13578
R|216|0|1|1231
R|217|0|0|14072
R|218|0|1|9124
R|219|0|1|1315
R|220|0|1|8610
R|221|0|1|5736
R|222|0|1|9755
R|223|0|1|4699
R|224|0|0|13646
R|225|0|1|10584
R|226|0|1|6026
R|227|0|1|8928
R|228|0|1|3023
R|229|0|1|9180
R|230|0|1|9817
R|231|0|1|6335
R|232|0|1|4858
R|233|0|1|3620
R|234|0|1|3215
R|235|0|0|11262
R|236|0|1|2357
R|237|0|0|12672
R|238|0|1|5875
R|239|0|0|13844
R|240|0|1|5796
R|241|0|1|2620
R|242|0|1|1295
R|243|0|1|5737
R|244|0|0|13771
R|245|0|1|3758
R|246|0|1|6536
R|247|0|1|9646
R|248|0|1|5430
R|249|0|1|8306
R|250|0|1|5849
R|251|0|1|1164
R|252|0|1|2878
R|253|0|1|5650
R|254|0|1|5611
R|255|0|1|9323
R|256|0|1|1524
R|257|0|1|4529
R|258|0|1|6206
R|259|0|1|5594
R|260|0|1|5351
R|261|0|1|2603
R|262|0|1|8561
R|263|0|1|4265
R|264|0|1|5920
R|265|0|1|942
R|266|0|1|9947
R|267|0|1|4117
R|268|0|0|11825
R|269|0|1|950
R|270|0|1|10750
R|271|0|1|3658
R|272|0|1|5484
R|273|0|1|7110
R|274|0|1|4121
R|275|0|1|9423
R|276|0|1|5733
R|277|0|1|2923
R|278|0|1|7174
R|279|0|1|9316
R|280|0|1|7785
R|281|0|1|8005
R|282|0|1|7332
R|283|0|1|4604
R|284|0|1|8763
R|285|0|1|2651
R|286|0|1|8127
R|287|0|1|4451
R|288|0|1|8033
R|289|0|1|6012
R|290|0|1|6108
R|291|0|1|1775
R|292|0|1|542
R|293|0|1|1814
R|294|0|1|604
R|295|0|1|762
R|296|0|1|3415
R|297|0|1|6591
R|298|0|1|6190
R|299|0|1|7394
R|300|0|1|10114
R|301|0|1|5348
R|302|0|1|8652
R|303|0|1|6222
R|304|0|1|6760
R|305|0|1|958
R|306|0|1|7072
R|307|0|1|5517
R|308|0|1|3484
R|309|0|1|2248
R|310|0|1|8505
R|311|0|1|3964
R|312|0|1|10054
R|313|0|1|3635
R|314|0|1|5441
R|315|0|1|5879
R|316|0|1|10533
R|317|0|1|7760
R|318|0|1|6339
R|319|0|1|5790
R|320|0|1|1598
R|321|0|1|5646
R|322|0|1|5941
R|323|0|1|8724
R|324|0|1|6054
R|325|0|1|3781
R|326|0|1|7187
R|327|0|1|6421
R|328|0|1|8437
R|329|0|1|1230
R|330|0|1|2850
R|331|0|1|6240
R|332|0|1|575
R|333|0|1|9881
R|334|0|1|2747
R|335|0|1|7337
R|336|0|1|574
R|337|0|1|2099
R|338|0|1|2927
R|339|0|1|6269
R|340|0|1|6458
R|341|0|1|2799
R|342|0|1|9084
R|343|0|1|2695
R|344|0|1|6025
R|345|0|1|1588
R|346|0|1|10716
R|347|0|1|4416
R|348|0|1|6730
R|349|0|1|8645
R|350|0|1|3029
R|351|0|1|5120
R|352|0|1|5566
R|353|0|1|7483
R|354|0|1|8184
R|355|0|1|7441
R|356|0|1|4773
R|357|0|1|7550
R|358|0|1|7491
R|359|0|1|8428
R|360|0|1|4008
R|361|0|1|3735
R|362|0|1|6103
R|363|0|1|9193
R|364|0|1|9084
R|365|0|1|6236
R|366|0|1|5599
R|367|0|1|8664
R|368|0|1|3644
R|369|0|1|6410
R|370|0|1|6259
R|371|0|1|2352
R|372|0|1|3210
R|373|0|1|8881
R|374|0|1|1893
R|375|0|1|4173
R|376|0|1|9622
R|377|0|1|9938
R|378|0|1|8078
R|379|0|1|1441
R|380|0|1|6004
R|381|0|1|8016
R|382|0|1|1700
R|383|0|1|6750
R|384|0|1|6798
R|385|0|1|1517
R|386|0|1|9129
R|387|0|1|9063
R|388|0|1|2897
R|389|0|1|2534
R|390|0|1|4766
R|391|0|1|9384
R|392|0|1|9127
R|393|0|1|7773
R|394|0|1|7229
R|395|0|1|8239
R|396|0|1|2077
R|397|0|1|771
R|398|0|1|9406
R|399|0|1|8040
R|400|0|1|3217
R|401|0|1|7199
R|402|0|1|8793
R|403|0|1|7112
R|404|0|1|8172
R|405|0|1|1694
R|406|0|1|348
R|407|0|1|733
R|408|0|1|2023
R|409|0|1|8851
R|410|0|1|7352
R|411|0|1|4054
R|412|0|1|878
R|413|0|1|1731
R|414|0|1|4717
R|415|0|1|979
R|416|0|1|2774
R|417|0|1|7420
R|418|0|1|9550
R|419|0|1|4725
R|420|0|1|5549
R|421|0|1|732
R|422|0|1|6962
R|423|0|1|7552
R|424|0|1|8718
R|425|0|1|1569
R|426|0|1|9381
R|427|0|1|8253
R|428|0|1|10979
R|429|0|1|1697
R|430|0|1|7936
R|431|0|1|1012
R|432|0|1|4813
R|433|0|1|4047
R|434|0|1|1126
R|435|0|1|2834
R|436|0|1|4058
R|437|0|1|4026
R|438|0|1|7186
R|439|0|1|9974
R|440|0|1|1253
R|441|0|1|3911
R|442|0|1|5380
R|443|0|1|7952
R|444|0|1|4482
R|445|0|1|5838
R|446|0|1|9920
R|447|0|1|1037
R|448|0|1|1909
R|449|0|1|9879
R|450|0|1|7613
R|451|0|1|9146
R|452|0|1|7007
R|453|0|1|10548
R|454|0|1|4388
R|455|0|1|2232
R|456|0|1|10081
R|457|0|1|5817
R|458|0|1|1648
R|459|0|1|4268
R|460|0|1|6984
R|461|0|1|344
R|462|0|1|2578
R|463|0|1|7204
R|464|0|1|4435
R|465|0|1|3871
R|466|0|1|3941
R|467|0|1|7091
R|468|0|1|3202
R|469|0|1|7632
R|470|0|1|8692
R|471|0|1|5424
R|472|0|1|4490
R|473|0|1|5838
R|474|0|1|4772
R|475|0|1|1852
R|476|0|1|5827
R|477|0|1|8890
R|478|0|1|6977
R|479|0|1|6249
R|480|0|1|5088
R|481|0|1|1859
R|482|0|1|9268
R|483|0|1|8017
R|484|0|1|8682
R|485|0|1|1270
R|486|0|1|2485
R|487|0|1|6369
R|488|0|1|2869
R|489|0|0|13090
R|490|0|1|1295
R|491|0|1|8265
R|492|0|1|6626
R|493|0|1|6446
R|494|0|1|2537
R|495|0|1|6472
R|496|0|1|586
R|497|0|1|9987
R|498|0|1|641
R|499|0|1|5742
R|500|0|1|753
R|501|0|1|1900
R|502|0|1|9885
R|503|0|1|8713
R|504|0|1|1260
R|505|0|1|2190
R|506|0|1|5758
R|507|0|1|5603
R|508|0|1|758
R|509|0|1|2192
R|510|0|1|9406
R|511|0|1|7677
R|512|0|1|9320
R|513|0|1|10096
R|514|0|1|469
R|515|0|1|9054
R|516|0|1|1163
R|517|0|1|2967
R|518|0|1|7770
R|519|0|1|6326
R|520|0|1|8833
R|521|0|1|2082
R|522|0|1|9096
R|523|0|1|8794
R|524|0|1|2753
R|525|0|1|4310
R|526|0|1|7344
R|527|0|1|3981
R|528|0|1|2588
R|529|0|1|9702
R|530|0|1|1314
R|531|0|1|2408
R|532|0|1|10439
R|533|0|1|2337
R|534|0|1|5417
R|535|0|1|911
R|536|0|1|936
R|537|0|1|5190
R|538|0|1|1991
R|539|0|1|5613
R|540|0|1|991
R|541|0|1|856
R|542|0|1|742
R|543|0|1|6661
R|544|0|1|2862
R|545|0|1|9097
R|546|0|1|985
R|547|0|1|3894
R|548|0|1|2047
R|549|0|1|1988
R|550|0|1|723
R|551|0|1|3528
R|552|0|1|8862
R|553|0|1|3587
R|554|0|1|5594
R|555|0|1|7349
R|556|0|1|6861
R|557|0|1|3486
R|558|0|1|5691
R|559|0|1|4458
R|560|0|1|7950
R|561|0|1|1973
R|562|0|1|2668
R|563|0|1|2332
R|564|0|1|5735
R|565|0|1|5394
R|566|0|1|9990
R|567|0|1|10213
R|568|0|1|383
R|569|0|1|10134
R|570|0|1|5723
R|571|0|1|6001
R|572|0|1|730
R|573|0|1|1202
R|574|0|0|11109
R|575|0|1|3537
R|576|0|1|10447
R|577|0|1|7270
R|578|0|1|9223
R|579|0|1|3019
R|580|0|1|1614
R|581|0|0|11956
R|582|0|1|4366
R|583|0|1|1994
R|584|0|1|1929
R|585|0|1|4638
R|586|0|1|6048
R|587|0|1|6976
R|588|0|1|4538
R|589|0|1|804
R|590|0|1|657
R|591|0|1|6962
R|592|0|1|2965
R|593|0|1|3585
R|594|0|1|3887
R|595|0|1|10360
R|596|0|1|8075
R|597|0|1|5022
R|598|0|1|848
R|599|0|1|2037
R|600|0|1|588
R|601|0|1|5435
R|602|0|1|7622
R|603|0|1|4850
R|604|0|1|755
R|605|0|1|849
R|606|0|1|2522
R|607|0|1|5150
R|608|0|1|1366
R|609|0|1|4753
R|610|0|1|8043
R|611|0|1|10554
R|612|0|1|8184
R|613|0|1|1741
R|614|0|1|5556
R|615|0|1|9034
R|616|0|1|4415
R|617|0|1|3848
R|618|0|1|4090
R|619|0|1|7171
R|620|0|1|6160
R|621|0|0|12566
R|622|0|1|3566
R|623|0|1|3324
R|624|0|1|3353
R|625|0|1|7549
R|626|0|1|7613
R|627|0|1|6981
R|628|0|1|7341
R|629|0|1|10907
R|630|0|1|5467
R|631|0|1|10286
R|632|0|1|2897
R|633|0|1|8371
R|634|0|1|9917
R|635|0|1|3728
R|636|0|1|7500
R|637|0|1|3831
R|638|0|1|1114
R|639|0|1|9765
R|640|0|1|7867
R|641|0|1|7498
R|642|0|1|5530
R|643|0|1|8134
R|644|0|1|7920
R|645|0|1|1313
R|646|0|1|9125
R|647|0|1|8516
R|648|0|1|7304
R|649|0|1|6460
R|650|0|1|5607
R|651|0|1|7756
R|652|0|1|5657
R|653|0|1|774
R|654|0|1|3716
R|655|0|1|4239
R|656|0|1|4907
R|657|0|1|9582
R|658|0|0|12024
R|659|0|1|4544
R|660|0|1|6002
R|661|0|1|10917
R|662|0|1|7792
R|663|0|1|2524
R|664|0|1|5926
R|665|0|1|8894
R|666|0|1|8545
R|667|0|1|2579
R|668|0|1|3732
R|669|0|1|763
R|670|0|1|10567
R|671|0|1|9173
R|672|0|1|4085
R|673|0|1|2114
R|674|0|1|7303
R|675|0|1|7449
R|676|0|1|3451
R|677|0|1|6621
R|678|0|1|678
R|679|0|1|6068
R|680|0|1|9171
R|681|0|1|2495
R|682|0|1|6601
R|683|0|1|5323
R|684|0|1|3429
R|685|0|1|10383
R|686|0|1|3389
R|687|0|1|1701
R|688|0|1|3191
R|689|0|1|2028
R|690|0|1|1962
R|691|0|1|3078
R|692|0|1|4139
R|693|0|1|2834
R|694|0|0|11458
R|695|0|0|21688
R|696|0|0|12333
R|697|0|1|4082
R|698|0|0|13083
R|699|0|0|17364
R|700|0|0|11427
R|701|0|1|3526
R|702|0|1|8693
R|703|0|1|3293
R|704|0|1|5126
R|705|0|1|3377
R|706|0|1|7545
R|707|0|0|13497
R|708|0|1|5070
R|709|0|0|19758
R|710|0|0|118051
R|711|0|0|21934
R|712|0|0|167350
R|713|0|0|124220
R|714|0|0|231228
R|715|0|0|32980
R|716|0|0|197137
R|717|0|0|27509
R|718|0|0|157595
R|719|0|0|215879
R|720|0|0|161254
R|721|0|0|30221
R|722|0|0|112256
R|723|0|0|17422
R|724|0|0|99606
R|725|0|0|192434
R|726|0|0|122969
R|727|0|0|32783
R|728|0|0|142726
R|729|0|0|45348
R|730|0|0|111192
R|731|0|0|158269
R|732|0|0|103247
R|733|0|0|40086
R|734|0|0|105487
R|735|0|0|33491
R|736|0|0|163640
R|737|0|0|211308
R|738|0|0|207232
R|739|0|1|3315
R|740|0|1|1700
R|741|0|1|3109
R|742|0|1|2027
R|743|0|1|3062
R|744|0|1|4082
R|745|0|1|2701
R|746|0|0|11996
R|747|0|0|21565
R|748|0|0|12166
R|749|0|1|4025
R|750|0|0|13208
R|751|0|0|17494
R|752|0|0|11383
R|753|0|1|3554
R|754|0|1|8712
R|755|0|1|3692
R|756|0|1|4637
R|757|0|1|3024
R|758|0|1|7335
R|759|0|0|13597
R|760|0|1|4963
R|761|0|0|19732
R|762|0|0|118053
R|763|0|0|21927
R|764|0|0|167351
R|765|0|0|124250
R|766|0|0|231225
R|767|0|0|32996
R|768|0|0|197131
R|769|0|0|27570
R|770|0|0|157595
R|771|0|0|215878
R|772|0|0|161234
R|773|0|0|30245
R|774|0|0|112246
R|775|0|0|17420
R|776|0|0|99593
R|777|0|0|192405
R|778|0|0|122978
R|779|0|0|32761
R|780|0|0|142722
R|781|0|0|45365
R|782|0|0|111218
R|783|0|0|158259
R|784|0|0|103237
R|785|0|0|40068
R|786|0|0|105484
R|787|0|0|33508
R|788|0|0|163635
R|789|0|0|211306
R|790|0|0|207236
R|791|0|1|5354
R|792|0|0|12209
R|793|0|0|17379
R|794|0|0|15032
R|795|0|0|14110
R|796|0|1|6120
R|797|0|1|6089
R|798|0|0|14357
R|799|0|1|8632
R|800|0|1|7044
R|801|0|1|732
R|802|0|1|9503
R|803|0|1|1107
R|804|0|1|1515
R|805|0|1|3127
R|806|0|1|5571
R|807|0|1|2797
R|808|0|1|1537
R|809|0|1|3927
R|810|0|1|10025
R|811|0|1|2113
R|812|0|1|2404
R|813|0|1|4881
R|814|0|1|6820
R|815|0|1|3842
R|816|0|1|2779
R|817|0|1|6932
R|818|0|1|5658
R|819|0|1|9408
R|820|0|1|1116
R|821|0|1|6374
R|822|0|1|475
R|823|0|1|7771
R|824|0|1|8064
R|825|0|1|1395
R|826|0|1|4338
R|827|0|1|3755
R|828|0|1|2245
R|829|0|1|4700
R|830|0|1|2571
R|831|0|1|9281
R|832|0|1|3043
R|833|0|1|898
R|834|0|1|692
R|835|0|1|1680
R|836|0|1|1053
R|837|0|1|4136
R|838|0|1|6525
R|839|0|1|977
R|840|0|1|4607
R|841|0|1|4965
R|842|0|1|9734
R|843|0|1|5678
R|844|0|1|5198
R|845|0|1|469
R|846|0|1|5867
R|847|0|1|6045
R|848|0|1|5716
R|849|0|1|3313
R|850|0|1|6044
R|851|0|1|6140
R|852|0|1|436
R|853|0|1|1247
R|854|0|1|1300
R|855|0|1|5222
R|856|0|1|2625
R|857|0|1|6734
R|858|0|1|6194
R|859|0|1|1274
R|860|0|1|677
R|861|0|1|8707
R|862|0|1|6351
R|863|0|1|6628
R|864|0|1|2714
R|865|0|1|5722
R|866|0|1|1082
R|867|0|1|2021
R|868|0|1|6729
R|869|0|1|838
R|870|0|1|3573
R|871|0|1|3592
R|872|0|1|3658
R|873|0|1|616
R|874|0|1|6272
R|875|0|1|8591
R|876|0|1|5394
R|877|0|1|6232
R|878|0|1|407
R|879|0|1|2680
R|880|0|1|5352
R|881|0|1|7369
R|882|0|1|1198
R|883|0|1|2121
R|884|0|1|2647
R|885|0|1|4508
R|886|0|1|5047
R|887|0|1|999
R|888|0|1|7368
R|889|0|1|10397
R|890|0|1|2447
R|891|0|1|2992
R|892|0|1|9077
R|893|0|1|6651
R|894|0|1|721
R|895|0|1|720
R|896|0|1|3598
R|897|0|1|9451
R|898|0|1|4446
R|899|0|1|3848
R|900|0|1|3422
R|901|0|1|3882
R|902|0|1|9796
R|903|0|1|2890
R|904|0|1|7553
R|905|0|1|9274
R|906|0|1|3128
R|907|0|1|3417
R|908|0|1|2423
R|909|0|1|3713
R|910|0|1|8883
R|911|0|1|5977
R|912|0|1|7042
R|913|0|1|6338
R|914|0|1|1496
R|915|0|1|983
R|916|0|1|1251
R|917|0|1|2132
R|918|0|1|623
R|919|0|1|8666
R|920|0|1|3110
R|921|0|1|2184
R|922|0|1|5408
R|923|0|1|9133
R|924|0|1|1232
R|925|0|1|7202
R|926|0|1|6268
R|927|0|1|5948
R|928|0|1|679
R|929|0|1|1894
R|930|0|1|1841
R|931|0|1|9150
R|932|0|1|3388
R|933|0|1|9131
R|934|0|1|10670
R|935|0|1|4512
R|936|0|1|7859
R|937|0|1|6047
R|938|0|1|1663
R|939|0|1|5170
R|940|0|1|3172
R|941|0|1|7601
R|942|0|1|1638
R|943|0|1|1335
R|944|0|1|7346
R|945|0|1|9294
R|946|0|1|8194
R|947|0|1|4240
R|948|0|1|4503
R|949|0|1|1604
R|950|0|1|7502
R|951|0|1|2727
R|952|0|1|7496
R|953|0|1|9686
R|954|0|1|3060
R|955|0|1|839
R|956|0|1|3743
R|957|0|1|2001
R|958|0|1|8650
R|959|0|1|7271
R|960|0|1|3296
R|961|0|1|8656
R|962|0|1|4115
R|963|0|1|7288
R|964|0|1|7120
R|965|0|1|742
R|966|0|1|6663
R|967|0|1|4079
R|968|0|1|5066
R|969|0|1|1884
R|970|0|1|724
R|971|0|1|7202
R|972|0|1|8645
R|973|0|1|1900
R|974|0|1|1110
R|975|0|1|1969
R|976|0|1|7199
R|977|0|1|8768
R|978|0|1|1928
R|979|0|1|4496
R|980|0|1|2868
R|981|0|1|2096
R|982|0|1|5245
R|983|0|1|7261
R|984|0|1|528
R|985|0|1|7496
R|986|0|1|4487
R|987|0|1|6236
R|988|0|1|7709
R|989|0|1|3758
R|990|0|1|2633
R|991|0|1|7443
R|992|0|1|2325
R|993|0|1|1856
R|994|0|1|5495
R|995|0|1|1812
R|996|0|1|7732
R|997|0|1|3183
R|998|0|1|400
R|999|0|0|15728
R|1000|0|0|15983
R|1001|0|0|15492
R|1002|0|0|15612
R|1003|0|0|16006
R|1004|0|0|16817
R|1005|0|0|16414
R|1006|0|0|15842
R|1007|0|0|15659
R|1008|0|0|15728
R|1009|0|0|16571
R|1010|0|0|16187
R|1011|0|0|15796
R|1012|0|0|15842
R|1013|0|0|15231
R|1014|0|0|15062
R|1015|0|0|15157
R|1016|0|0|17016
R|1017|0|0|16572
R|1018|0|0|14381
R|1019|0|0|16119
R|1020|0|0|15751
R|1021|0|0|15819
R|1022|0|0|15205
R|1023|0|0|16860
R|1024|0|0|15327
R|1025|0|0|15160
R|1026|0|0|16727
R|1027|0|0|16660
R|1028|0|0|16369
R|1029|0|0|15134
R|1030|0|0|16860
R|1031|0|0|15773
R|1032|0|0|16705
R|1033|0|0|15111
R|1034|0|0|16004
R|1035|0|0|16749
R|1036|0|0|17016
R|1037|0|0|16816
R|1038|0|0|15959
R|1039|0|0|15562
R|1040|0|0|15447
R|1041|0|0|16097
R|1042|0|0|15398
R|1043|0|0|15277
R|1044|0|0|15352
R|1045|0|0|15704
R|1046|0|0|16661
R|1047|0|0|15935
R|1048|0|0|15375
R|1049|0|0|15181
R|1050|0|0|15562
R|1051|0|0|15351
R|1052|0|0|14838
R|1053|0|0|14838
R|1054|0|0|14838
R|1055|0|0|14838
R|1056|0|0|14838
R|1057|0|0|14838
R|1058|0|0|14838
R|1059|0|0|14838
R|1060|0|0|14838
R|1061|0|0|14838
R|1062|0|0|14838
R|1063|0|0|14838
R|1064|0|0|14838
R|1065|0|0|14838
R|1066|0|0|14838
R|1067|0|0|14838
R|1068|0|0|14838
R|1069|0|0|14838
R|1070|0|0|14838
R|1071|0|0|14838
R|1072|0|0|14838
R|1073|0|0|14838
R|1074|0|0|14838
R|1075|0|0|14838
R|1076|0|0|14838
R|1077|0|0|14838
R|1078|0|0|14838
R|1079|0|0|14838
R|1080|0|0|14838
R|1081|0|0|14838
R|1082|0|0|14838
R|1083|0|0|14838
R|1084|0|0|14838
R|1085|0|0|14838
R|1086|0|0|14838
R|1087|0|0|14838
R|1088|0|0|14838
R|1089|0|0|14838
R|1090|0|0|14838
R|1091|0|0|14838
R|1092|0|1|1866
R|1093|0|1|2769
R|1094|0|1|3783
R|1095|0|1|1898
R|1096|0|1|1776
R|1097|0|1|3358
R|1098|0|1|3358
R|1099|0|1|3358
R|1100|0|1|3358
R|1101|0|1|3358
R|1102|3|1|2236
R|1103|3|1|2565
R|1104|3|1|2306
R|1105|3|1|2236
R|1106|3|1|2095
R|1107|3|1|1788
R|1108|3|1|1658
R|1109|3|1|2043
R|1110|3|1|2201
R|1111|3|1|3403
R|1112|3|1|2530
R|1113|3|1|2583
R|1114|3|1|2600
R|1115|3|1|1919
R|1116|3|1|3270
R|1117|3|1|2667
R|1118|3|1|1832
R|1119|3|1|2496
R|1120|3|1|2444
R|1121|3|1|1989
R|1122|3|1|1898
R|1123|3|1|3029
R|1124|3|1|1650
R|1125|3|1|2253
R|1126|3|1|2966
R|1127|3|1|1658
R|1128|3|1|2617
R|1129|3|1|3207
R|1130|3|1|3144
R|1131|3|1|2899
R|1132|3|1|3315
R|1133|3|1|3031
R|1134|3|1|2008
R|1135|3|1|5070
R|1136|3|1|3745
R|1137|3|1|2632
R|1138|3|1|3406
R|1139|3|1|3521
R|1140|3|1|2255
R|1141|3|1|3664
R|1142|3|1|3569
R|1143|3|1|3510
R|1144|3|1|3773
R|1145|3|1|3607
R|1146|3|1|3565
R|1147|3|1|3636
R|1148|3|1|3111
R|1149|3|1|2835
R|1150|3|1|3750
R|1151|3|1|1739
R|1152|3|1|2900
R|1153|3|1|3064
R|1154|3|1|2885
R|1155|3|1|3449
R|1156|3|1|3467
R|1157|3|1|3160
R|1158|3|1|3720
R|1159|3|1|3736
R|1160|3|1|3706
R|1161|3|1|3744
R|1162|3|1|3638
R|1163|3|1|3128
R|1164|3|1|3523
R|1165|3|1|2998
R|1166|3|1|3422
R|1167|3|1|3420
R|1168|3|1|3750
R|1169|3|1|2750
R|1170|3|1|3522
R|1171|3|1|2718
R|1172|3|1|3734
R|1173|3|1|1972
R|1174|3|1|2999
R|1175|3|1|3359
R|1176|3|1|3538
R|1177|3|1|3732
R|1178|3|1|2409
R|1179|3|1|3636
R|1180|3|1|3736
R|1181|3|1|3680
R|1182|3|1|3682
R|1183|3|1|3329
R|1184|3|1|3663
R|1185|3|1|3079
R|1186|3|1|3236
R|1187|3|1|2950
R|1188|3|1|2716
R|1189|3|1|3595
R|1190|3|1|3746
R|1191|3|1|2650
R|1192|3|1|3029
R|1193|3|1|3332
R|1194|3|1|3422
R|1195|3|1|3045
R|1196|3|1|3346
R|1197|3|1|2061
R|1198|3|1|4127
R|1199|3|1|3254
R|1200|3|1|3389
R|1201|3|1|2850
R|1202|3|1|3747
R|1203|3|1|3437
R|1204|3|1|3418
R|1205|3|1|4152
R|1206|3|1|3787
R|1207|3|1|3078
R|1208|3|1|1854
R|1209|3|1|3745
R|1210|3|1|3346
R|1211|3|1|3694
R|1212|3|1|2716
R|1213|3|1|3466
R|1214|3|1|3376
R|1215|3|1|3718
R|1216|3|1|3736
R|1217|3|1|3376
R|1218|3|1|2341
R|1219|3|1|3913
R|1220|3|1|1766
R|1221|3|1|3095
R|1222|3|1|3965
R|1223|3|1|1973
R|1224|3|1|3681
R|1225|3|1|3665
R|1226|3|1|2901
R|1227|3|1|3582
R|1228|3|1|3465
R|1229|3|1|3077
R|1230|3|1|3719
R|1231|3|1|3220
R|1232|3|1|3749
R|1233|3|1|3344
R|1234|3|1|3624
R|1235|3|1|3175
R|1236|3|1|2446
R|1237|3|1|2650
R|1238|3|1|3640
R|1239|3|1|3538
R|1240|3|1|3173
R|1241|3|1|3569
R|1242|3|1|3313
R|1243|3|1|3903
R|1244|3|1|3705
R|1245|3|1|2899
R|1246|3|1|3676
R|1247|3|1|3314
R|1248|3|1|3746
R|1249|3|1|3995
R|1250|3|1|3451
R|1251|3|1|2982
R|1252|3|1|2699
R|1253|3|1|3896
R|1254|3|1|3526
R|1255|3|1|3449
R|1256|3|1|2949
R|1257|3|1|3188
R|1258|3|1|1989
R|1259|3|1|3436
R|1260|3|1|3405
R|1261|3|1|3128
R|1262|3|1|2769
R|1263|3|1|3692
R|1264|3|1|3747
R|1265|3|1|3094
R|1266|3|1|2444
R|1267|3|1|3127
R|1268|3|1|3594
R|1269|3|1|3691
R|1270|3|1|3222
R|1271|3|1|3664
R|1272|3|1|2801
R|1273|3|1|1955
R|1274|3|1|2966
R|1275|3|1|3612
R|1276|3|1|2634
R|1277|3|1|3735
R|1278|3|1|3094
R|1279|3|1|3451
R|1280|3|1|3062
R|1281|3|1|3536
R|1282|3|1|3390
R|1283|3|1|3607
R|1284|3|1|3668
R|1285|3|1|3331
R|1286|3|1|3173
R|1287|3|1|3524
R|1288|3|1|3744
R|1289|3|1|3554
R|1290|3|1|3507
R|1291|3|1|2835
R|1292|3|1|3466
R|1293|3|1|3299
R|1294|3|1|3801
R|1295|3|1|3046
R|1296|3|1|3283
R|1297|3|1|3160
R|1298|3|1|3584
R|1299|3|1|3316
R|1300|3|1|2802
R|1301|3|1|3015
R|1302|3|1|3029
R|1303|3|1|3096
R|1304|3|1|2982
R|1305|3|1|3567
R|1306|3|1|3540
R|1307|3|1|4073
R|1308|3|1|3344
R|1309|3|1|3434
R|1310|3|1|4013
R|1311|3|1|3267
R|1312|3|1|2982
R|1313|3|1|3736
R|1314|3|1|3301
R|1315|3|1|2882
R|1316|3|1|3328
R|1317|3|1|3664
R|1318|3|1|3510
R|1319|3|1|2750
R|1320|3|1|2634
R|1321|3|1|2852
R|1322|3|1|2768
R|1323|3|1|3173
R|1324|3|1|3125
R|1325|3|1|3639
R|1326|3|1|3537
R|1327|3|1|3731
R|1328|3|1|3315
R|1329|3|1|3594
R|1330|3|1|3125
R|1331|3|1|3448
R|1332|3|1|3707
R|1333|3|1|3377
R|1334|3|1|3889
R|1335|3|1|3332
R|1336|3|1|3637
R|1337|3|1|3112
R|1338|3|1|3568
R|1339|3|1|3016
R|1340|3|1|4086
R|1341|3|1|2802
R|1342|3|1|3651
R|1343|3|1|3157
R|1344|3|1|2236
R|1345|3|1|2650
R|1346|3|1|3692
R|1347|3|1|3707
R|1348|3|1|3093
R|1349|3|1|3064
R|1350|3|1|3732
R|1351|3|1|3508
R|1352|3|1|3704
R|1353|3|1|3144
R|1354|3|1|3496
R|1355|3|1|2951
R|1356|3|1|1793
R|1357|3|1|3708
R|1358|3|1|3731
R|1359|3|1|3915
R|1360|3|1|3449
R|1361|3|1|3251
R|1362|3|1|3479
R|1363|3|1|3267
R|1364|3|1|3031
R|1365|3|1|3731
R|1366|3|1|3915
R|1367|3|1|3420
R|1368|3|1|3406
R|1369|3|1|3421
R|1370|3|1|3597
R|1371|3|1|3746
R|1372|3|1|3207
R|1373|3|1|3732
R|1374|3|1|3111
R|1375|3|1|1704
R|1376|3|1|3596
R|1377|3|1|4049
R|1378|3|1|3652
R|1379|3|1|3733
R|1380|3|1|3709
R|1381|3|1|3594
R|1382|3|1|3694
R|1383|3|1|3978
R|1384|3|1|3721
R|1385|3|1|3361
R|1386|3|1|2967
R|1387|3|1|3127
R|1388|3|1|3539
R|1389|3|1|4130
R|1390|3|1|4138
R|1391|3|1|3649
R|1392|3|1|3709
R|1393|3|1|1941
R|1394|3|1|2649
R|1395|3|1|3537
R|1396|3|1|3723
R|1397|3|1|3706
R|1398|3|1|3719
R|1399|3|1|3749
R|1400|3|1|3621
R|1401|3|1|3159
R|1402|3|1|3566
R|1403|3|1|3723
R|1404|3|1|3361
R|1405|3|1|3848
R|1406|3|1|2768
R|1407|3|1|3112
R|1408|3|1|3624
R|1409|3|1|2818
R|1410|3|1|2818
R|1411|3|1|2835
R|1412|3|1|2532
R|1413|3|1|3691
R|1414|3|1|3744
R|1415|3|1|3536
R|1416|3|1|1744
R|1417|3|1|3508
R|1418|3|1|3436
R|1419|3|1|4080
R|1420|3|1|3680
R|1421|3|1|3757
R|1422|3|1|3733
R|1423|3|1|3297
R|1424|3|1|3433
R|1425|3|1|3061
R|1426|3|1|1854
R|1427|3|1|3331
R|1428|3|1|3511
R|1429|3|1|2885
R|1430|3|1|1955
R|1431|3|1|3078
R|1432|3|1|2933
R|1433|3|1|3479
R|1434|3|1|3523
R|1435|3|1|3624
R|1436|3|1|3610
R|1437|3|1|3663
R|1438|3|1|3014
R|1439|3|1|2833
R|1440|3|1|3046
R|1441|3|1|3077
R|1442|3|1|3125
R|1443|3|1|3750
R|1444|3|1|3205
R|1445|3|1|2079
R|1446|3|1|3681
R|1447|3|1|2997
R|1448|3|1|3718
R|1449|3|1|2445
R|1450|3|1|2784
R|1451|3|1|3705
R|1452|3|1|3314
R|1453|3|1|3016
R|1454|3|1|3422
R|1455|3|1|3919
R|1456|3|1|3407
R|1457|3|1|3016
R|1458|3|1|2667
R|1459|3|1|3176
R|1460|3|1|3205
R|1461|3|1|3550
R|1462|3|1|3343
R|1463|3|1|3449
R|1464|3|1|3235
R|1465|3|1|2751
R|1466|3|1|2900
R|1467|3|1|3157
R|1468|3|1|3731
R|1469|3|1|3268
R|1470|3|1|2766
R|1471|3|1|2288
R|1472|3|1|2042
R|1473|3|1|3331
R|1474|3|1|2060
R|1475|3|1|3032
R|1476|3|1|2548
R|1477|3|1|2882
R|1478|3|1|3110
R|1479|3|1|1657
R|1480|3|1|2409
R|1481|3|1|1757
R|1482|3|1|2393
R|1483|3|1|2581
R|1484|3|1|1832
R|1485|3|1|3142
R|1486|3|1|2358
R|1487|3|1|3375
R|1488|3|0|14215
R|1489|3|1|7104
R|1490|3|1|3398
R|1491|3|1|2018
R|1492|3|1|3933
R|1493|3|1|9138
R|1494|3|1|2535
R|1495|3|0|13114
R|1496|3|1|2622
R|1497|3|1|4691
R|1498|3|1|10061
R|1499|3|1|10068
R|1500|3|1|3614
R|1501|3|1|6071
R|1502|3|1|2113
R|1503|3|1|5901
R|1504|3|1|2057
R|1505|3|1|3160
R|1506|3|1|3676
R|1507|3|1|1996
R|1508|3|1|9965
R|1509|3|1|8755
R|1510|3|1|2132
R|1511|3|1|7538
R|1512|3|1|7034
R|1513|3|0|11333
R|1514|3|0|13485
R|1515|3|1|2610
R|1516|3|1|1866
R|1517|3|1|3484
R|1518|3|1|2522
R|1519|3|1|2034
R|1520|3|1|8588
R|1521|3|1|2459
R|1522|3|0|11829
R|1523|3|1|2235
R|1524|3|1|2007
R|1525|3|1|5955
R|1526|3|1|2290
R|1527|3|1|4248
R|1528|3|1|1959
R|1529|3|1|4096
R|1530|3|1|1959
R|1531|3|1|3962
R|1532|3|1|5079
R|1533|3|1|3418
R|1534|3|1|3158
R|1535|3|1|2297
R|1536|3|1|2303
R|1537|3|1|3045
R|1538|3|1|5074
R|1539|3|1|1854
R|1540|3|1|3021
R|1541|3|1|2645
R|1542|3|1|5420
R|1543|3|1|2940
R|1544|3|1|10208
R|1545|3|1|3238
R|1546|3|1|2874
R|1547|3|1|10193
R|1548|3|1|1870
R|1549|3|1|4495
R|1550|3|1|3445
R|1551|3|1|3529
R|1552|3|1|9352
R|1553|3|1|3100
R|1554|3|1|2857
R|1555|3|0|16243
R|1556|3|1|2350
R|1557|3|1|2800
R|1558|3|1|4695
R|1559|3|1|3487
R|1560|3|0|11559
R|1561|3|0|12102
R|1562|3|1|2392
R|1563|3|1|7906
R|1564|3|1|3093
R|1565|3|1|2792
R|1566|3|0|15918
R|1567|3|1|3667
R|1568|3|1|5202
R|1569|3|1|2891
R|1570|3|1|2307
R|1571|3|1|2685
R|1572|3|1|4632
R|1573|3|1|2401
R|1574|3|1|2443
R|1575|3|1|7059
R|1576|3|1|3373
R|1577|3|1|8202
R|1578|3|1|2095
R|1579|3|0|11792
R|1580|3|1|4381
R|1581|3|1|2355
R|1582|3|1|3059
R|1583|3|1|3514
R|1584|3|1|2640
R|1585|3|1|3846
R|1586|3|1|2057
R|1587|3|1|2647
R|1588|3|1|2718
R|1589|3|1|5448
R|1590|3|1|10923
R|1591|3|1|3003
R|1592|3|1|3254
R|1593|3|1|4129
R|1594|3|1|3038
R|1595|3|1|2624
R|1596|3|1|4949
R|1597|3|1|5076
R|1598|3|1|6129
R|1599|3|1|5282
R|1600|3|1|2359
R|1601|3|1|3034
R|1602|3|1|3344
R|1603|3|0|11740
R|1604|3|1|5061
R|1605|3|1|3880
R|1606|3|1|2202
R|1607|3|1|4041
R|1608|3|1|3166
R|1609|3|1|2834
R|1610|3|1|2348
R|1611|3|1|3321
R|1612|3|1|3137
R|1613|3|1|3318
R|1614|3|1|9476
R|1615|3|1|2932
R|1616|3|0|12330
R|1617|3|1|3639
R|1618|3|1|4388
R|1619|3|1|2799
R|1620|3|1|3243
R|1621|3|1|7710
R|1622|3|1|3074
R|1623|3|0|12431
R|1624|3|1|4826
R|1625|3|1|6005
R|1626|3|1|2704
R|1627|3|1|2080
R|1628|3|1|5477
R|1629|3|1|9462
R|1630|3|1|2789
R|1631|3|1|6339
R|1632|3|1|3362
R|1633|3|1|4306
R|1634|3|1|2159
R|1635|3|1|3296
R|1636|3|1|9514
R|1637|3|1|4054
R|1638|3|1|6766
R|1639|3|1|2546
R|1640|3|1|7400
R|1641|3|1|2897
R|1642|3|1|2372
R|1643|3|1|8417
R|1644|3|1|2662
R|1645|3|0|21501
R|1646|3|1|4622
R|1647|3|1|2828
R|1648|3|1|2606
R|1649|3|1|2724
R|1650|3|1|2869
R|1651|3|1|5310
R|1652|3|1|2771
R|1653|3|1|10248
R|1654|3|1|3041
R|1655|3|1|2475
R|1656|3|1|3144
R|1657|3|1|2688
R|1658|3|1|5922
R|1659|3|1|2442
R|1660|3|1|3563
R|1661|3|1|2897
R|1662|3|1|1900
R|1663|3|1|3020
R|1664|3|1|2710
R|1665|3|1|3282
R|1666|3|1|2039
R|1667|3|1|4612
R|1668|3|1|5396
R|1669|3|0|12289
R|1670|3|1|9066
R|1671|3|1|3875
R|1672|3|1|3089
R|1673|3|1|3243
R|1674|3|1|4191
R|1675|3|1|5148
R|1676|3|1|3398
R|1677|3|1|2725
R|1678|3|1|2800
R|1679|3|1|10324
R|1680|3|0|17228
R|1681|3|1|2976
R|1682|3|1|3434
R|1683|3|1|2502
R|1684|3|1|2140
R|1685|3|1|2528
R|1686|3|1|3886
R|1687|3|1|2417
R|1688|3|1|3700
R|1689|3|1|2636
R|1690|3|1|1850
R|1691|3|1|2757
R|1692|3|1|3129
R|1693|3|1|2327
R|1694|3|1|3454
R|1695|3|1|3324
R|1696|3|1|3031
R|1697|3|1|7813
R|1698|3|1|2063
R|1699|3|1|3845
R|1700|3|1|4153
R|1701|3|1|2626
R|1702|3|1|1881
R|1703|3|1|2425
R|1704|3|1|2187
R|1705|3|1|2262
R|1706|3|1|2295
R|1707|3|1|3655
R|1708|3|1|7010
R|1709|3|1|2579
R|1710|3|1|3478
R|1711|3|1|7164
R|1712|3|1|1948
R|1713|3|1|6404
R|1714|3|1|4938
R|1715|3|1|3415
R|1716|3|1|1956
R|1717|3|1|4199
R|1718|3|1|2170
R|1719|3|1|2513
R|1720|3|1|2356
R|1721|3|1|3479
R|1722|3|1|2689
R|1723|3|1|3360
R|1724|3|1|3375
R|1725|3|1|1872
R|1726|3|1|10663
R|1727|3|1|3431
R|1728|3|1|5050
R|1729|3|1|2223
R|1730|3|1|3055
R|1731|3|1|4924
R|1732|3|1|4247
R|1733|3|1|3078
R|1734|3|1|5377
R|1735|3|1|2272
R|1736|3|0|11356
R|1737|3|0|11513
R|1738|3|1|2951
R|1739|3|1|1830
R|1740|3|0|12726
R|1741|3|1|1857
R|1742|3|1|8913
R|1743|3|1|8269
R|1744|3|1|3281
R|1745|3|1|10249
R|1746|3|1|3433
R|1747|3|1|2170
R|1748|3|1|3976
R|1749|3|1|6286
R|1750|3|1|4026
R|1751|3|1|2235
R|1752|3|1|4494
R|1753|3|1|9498
R|1754|3|1|2722
R|1755|3|1|2428
R|1756|3|1|3230
R|1757|3|1|3164
R|1758|3|1|3352
R|1759|3|1|8969
R|1760|3|1|2962
R|1761|3|1|2120
R|1762|3|1|7242
R|1763|3|1|5997
R|1764|3|1|3424
R|1765|3|0|12763
R|1766|3|1|3166
R|1767|3|1|2766
R|1768|3|1|1972
R|1769|3|1|2948
R|1770|3|1|8207
R|1771|3|1|2641
R|1772|3|1|3050
R|1773|3|1|2301
R|1774|3|1|7616
R|1775|3|0|15051
R|1776|3|1|2995
R|1777|3|0|11602
R|1778|3|1|3737
R|1779|3|1|2299
R|1780|3|1|2211
R|1781|3|1|2288
R|1782|3|1|4302
R|1783|3|0|13330
R|1784|3|1|7538
R|1785|3|1|1910
R|1786|3|0|16673
R|1787|3|1|4635
R|1788|3|1|2813
R|1789|3|1|3287
R|1790|3|1|9113
R|1791|3|1|5050
R|1792|3|1|6026
R|1793|3|1|6331
R|1794|3|1|2042
R|1795|3|1|2160
R|1796|3|1|7194
R|1797|3|1|5116
R|1798|3|1|4069
R|1799|3|1|1952
R|1800|3|1|2215
R|1801|3|0|35320
R|1802|3|0|35390
R|1803|3|0|35377
R|1804|3|0|35399
R|1805|3|0|35273
R|1806|3|0|35570
R|1807|3|0|35442
R|1808|3|0|35399
R|1809|3|0|35425
R|1810|3|0|35495
R|1811|3|0|35256
R|1812|3|0|35574
R|1813|3|0|35420
R|1814|3|0|35468
R|1815|3|0|35347
R|1816|3|0|35509
R|1817|3|0|35258
R|1818|3|0|36077
R|1819|3|0|35603
R|1820|3|0|35507
R|1821|3|0|35197
R|1822|3|0|35497
R|1823|3|0|35365
R|1824|3|0|35333
R|1825|3|0|35286
R|1826|3|0|35378
R|1827|3|0|35305
R|1828|3|0|35411
R|1829|3|0|35398
R|1830|3|0|35499
R|1831|3|0|35359
R|1832|3|0|35476
R|1833|3|0|35336
R|1834|3|0|35490
R|1835|3|0|35330
R|1836|3|0|35411
R|1837|3|0|35688
R|1838|3|0|35431
R|1839|3|0|35426
R|1840|3|0|35420
R|1841|3|0|35316
R|1842|3|0|35347
R|1843|3|0|35440
R|1844|3|0|35613
R|1845|3|0|35377
R|1846|3|0|35358
R|1847|3|0|35317
R|1848|3|0|35407
R|1849|3|0|35418
R|1850|3|0|35267
R|1851|3|0|35428
R|1852|3|0|35427
R|1853|3|0|35339
R|1854|3|0|35169
R|1855|3|0|35297
R|1856|3|0|35610
R|1857|3|0|35247
R|1858|3|0|35514
R|1859|3|0|35342
R|1860|3|0|35852
R|1861|3|0|35405
R|1862|3|0|35437
R|1863|3|0|35452
R|1864|3|0|35362
R|1865|3|0|35435
R|1866|3|0|35553
R|1867|3|0|35457
R|1868|3|0|35400
R|1869|3|0|35328
R|1870|3|0|35524
R|1871|3|0|35338
R|1872|3|0|35424
R|1873|3|0|35393
R|1874|3|0|35610
R|1875|3|0|35784
R|1876|3|0|35411
R|1877|3|0|35358
R|1878|3|0|35269
R|1879|3|0|35307
R|1880|3|0|35455
R|1881|3|0|35287
R|1882|3|0|35302
R|1883|3|0|35669
R|1884|3|0|35453
R|1885|3|0|35327
R|1886|3|0|35355
R|1887|3|0|35382
R|1888|3|0|35414
R|1889|3|0|35550
R|1890|3|0|35481
R|1891|3|0|34984
R|1892|3|0|35444
R|1893|3|0|35318
R|1894|3|0|35451
R|1895|3|0|35163
R|1896|3|0|35469
R|1897|3|0|35387
R|1898|3|0|34815
R|1899|3|0|35406
R|1900|3|0|35469
R|1901|3|0|35485
R|1902|3|0|35116
R|1903|3|0|35868
R|1904|3|0|35300
R|1905|3|0|35977
R|1906|3|0|35353
R|1907|3|0|35799
R|1908|3|0|35225
R|1909|3|0|35440
R|1910|3|0|35366
R|1911|3|0|35491
R|1912|3|0|35450
R|1913|3|0|35427
R|1914|3|0|35478
R|1915|3|0|35605
R|1916|3|0|35352
R|1917|3|0|35374
R|1918|3|0|35437
R|1919|3|0|35031
R|1920|3|0|35598
R|1921|3|0|35184
R|1922|3|0|35464
R|1923|3|0|35510
R|1924|3|0|35053
R|1925|3|0|35098
R|1926|3|0|35379
R|1927|3|0|35377
R|1928|3|0|35523
R|1929|3|0|35405
R|1930|3|0|35573
R|1931|3|0|35514
R|1932|3|0|35507
R|1933|3|0|35589
R|1934|3|0|35167
R|1935|3|0|35447
R|1936|3|0|35362
R|1937|3|0|35273
R|1938|3|0|35376
R|1939|3|0|35769
R|1940|3|0|35399
R|1941|3|0|35801
R|1942|3|0|35435
R|1943|3|0|34922
R|1944|3|0|35463
R|1945|3|0|35096
R|1946|3|0|35476
R|1947|3|0|34889
R|1948|3|0|35100
R|1949|3|0|35347
R|1950|3|0|35354
R|1951|3|0|35277
R|1952|3|0|35354
R|1953|3|0|34901
R|1954|3|0|35322
R|1955|3|0|35165
R|1956|3|0|35393
R|1957|3|0|35479
R|1958|3|0|35442
R|1959|3|0|35417
R|1960|3|0|35466
R|1961|3|0|35415
R|1962|3|0|35392
R|1963|3|0|35409
R|1964|3|0|35326
R|1965|3|0|35406
R|1966|3|0|35307
R|1967|3|0|35474
R|1968|3|0|35372
R|1969|3|0|35362
R|1970|3|0|35408
R|1971|3|0|35413
R|1972|3|0|35456
R|1973|3|0|35379
R|1974|3|0|35337
R|1975|3|0|35252
R|1976|3|0|34757
R|1977|3|0|35372
R|1978|3|0|35295
R|1979|3|0|35282
R|1980|3|0|35964
R|1981|3|0|35488
R|1982|3|0|35171
R|1983|3|0|35379
R|1984|3|0|34722
R|1985|3|0|35392
R|1986|3|0|35609
R|1987|3|0|35397
R|1988|3|0|35485
R|1989|3|0|35560
R|1990|3|0|35356
R|1991|3|0|35333
R|1992|3|0|35581
R|1993|3|0|35494
R|1994|3|0|35506
R|1995|3|0|35520
R|1996|3|0|35414
R|1997|3|0|35577
R|1998|3|0|35272
R|1999|3|0|35353
R|2000|3|0|35413
R|2001|3|0|35895
R|2002|3|0|35453
R|2003|3|0|35478
R|2004|3|0|35424
R|2005|3|0|35344
R|2006|3|0|35362
R|2007|3|0|35547
R|2008|3|0|35426
R|2009|3|0|35483
R|2010|3|0|35328
R|2011|3|0|35412
R|2012|3|0|35322
R|2013|3|0|35369
R|2014|3|0|35461
R|2015|3|0|35423
R|2016|3|0|35499
R|2017|3|0|35486
R|2018|3|0|35306
R|2019|3|0|35671
R|2020|3|0|35568
R|2021|3|0|35469
R|2022|3|0|35013
R|2023|3|0|35330
R|2024|3|0|35337
R|2025|3|0|35452
R|2026|3|0|35514
R|2027|3|0|35205
R|2028|3|0|35451
R|2029|3|0|35369
R|2030|3|0|35991
R|2031|3|0|35446
R|2032|3|0|35750
R|2033|3|0|35440
R|2034|3|0|35231
R|2035|3|0|35563
R|2036|3|0|35478
R|2037|3|0|35340
R|2038|3|0|35412
R|2039|3|0|35435
R|2040|3|0|35408
R|2041|3|0|35271
R|2042|3|0|35301
R|2043|3|0|35426
R|2044|3|0|35647
R|2045|3|0|35372
R|2046|3|0|35219
R|2047|3|0|35309
R|2048|3|0|35408
R|2049|3|0|35398
R|2050|3|0|35305
R|2051|3|0|35482
R|2052|3|0|35365
R|2053|3|0|35432
R|2054|3|0|35585
R|2055|3|0|35320
R|2056|3|0|35393
R|2057|3|0|35369
R|2058|3|0|35272
R|2059|3|0|35209
R|2060|3|0|35311
R|2061|3|0|35398
R|2062|3|0|35514
R|2063|3|0|35369
R|2064|3|0|34964
R|2065|3|0|35353
R|2066|3|0|35403
R|2067|3|0|35162
R|2068|3|0|35522
R|2069|3|0|35501
R|2070|3|0|35512
R|2071|3|0|35344
R|2072|3|0|35362
R|2073|3|0|35502
R|2074|3|0|35104
R|2075|3|0|35376
R|2076|3|0|35374
R|2077|3|0|35627
R|2078|3|0|35395
R|2079|3|0|35347
R|2080|3|0|35721
R|2081|3|0|35199
R|2082|3|0|35413
R|2083|3|0|35382
R|2084|3|0|35326
R|2085|3|0|35411
R|2086|3|0|35415
R|2087|3|0|35444
R|2088|3|0|35517
R|2089|3|0|35474
R|2090|3|0|35375
R|2091|3|0|35384
R|2092|3|0|35520
R|2093|3|0|34895
R|2094|3|0|35551
R|2095|3|0|35442
R|2096|3|0|35260
R|2097|3|0|35312
R|2098|3|0|35796
R|2099|3|0|35383
R|2100|3|0|35278
R|2101|3|0|35895
R|2102|3|0|35401
R|2103|3|0|35317
R|2104|3|0|35331
R|2105|3|0|35289
R|2106|3|0|35331
R|2107|3|0|35482
R|2108|3|0|35308
R|2109|3|0|35361
R|2110|3|0|35197
R|2111|3|0|35341
R|2112|3|0|35445
R|2113|3|0|35307
R|2114|3|0|35377
R|2115|3|0|35310
R|2116|3|0|35347
R|2117|3|0|35595
R|2118|3|0|35405
R|2119|3|0|35497
R|2120|3|0|35325
R|2121|3|0|35599
R|2122|3|0|35306
R|2123|3|0|35409
R|2124|3|0|35111
R|2125|3|0|35388
R|2126|3|0|35478
R|2127|3|0|36105
R|2128|3|0|36126
R|2129|3|0|35742
R|2130|3|0|35451
R|2131|3|0|35486
R|2132|3|0|35309
R|2133|3|0|35476
R|2134|3|0|35182
R|2135|3|0|35154
R|2136|3|0|35416
R|2137|3|0|35491
R|2138|3|0|36061
R|2139|3|0|35522
R|2140|3|0|35392
R|2141|3|0|35375
R|2142|3|0|35293
R|2143|3|0|35558
R|2144|3|0|35463
R|2145|3|0|35197
R|2146|3|0|35353
R|2147|3|0|36166
R|2148|3|0|35524
R|2149|3|0|35356
R|2150|3|0|35469
R|2151|3|0|35398
R|2152|3|0|35089
R|2153|3|0|35318
R|2154|3|0|35450
R|2155|3|0|35395
R|2156|3|0|35698
R|2157|3|0|35519
R|2158|3|0|35459
R|2159|3|0|35459
R|2160|3|0|35134
R|2161|3|0|35438
R|2162|3|0|35395
R|2163|3|0|35367
R|2164|3|0|35377
R|2165|3|0|35286
R|2166|3|0|35347
R|2167|3|0|35558
R|2168|3|0|35551
R|2169|3|0|35330
R|2170|3|0|35398
R|2171|3|0|34821
R|2172|3|0|35371
R|2173|3|0|35663
R|2174|3|0|35461
R|2175|3|0|34674
R|2176|3|0|35347
R|2177|3|0|34868
R|2178|3|0|35464
R|2179|3|0|35389
R|2180|3|0|35374
R|2181|3|0|35404
R|2182|3|0|35432
R|2183|3|0|35403
R|2184|3|0|35404
R|2185|3|0|35440
R|2186|3|0|35346
R|2187|3|0|35392
R|2188|3|0|35310
R|2189|3|0|35567
R|2190|3|0|35442
R|2191|3|0|35424
R|2192|3|0|35163
R|2193|3|0|35278
R|2194|3|0|34866
R|2195|3|0|35366
R|2196|3|0|35509
R|2197|3|0|35423
R|2198|3|0|35500
R|2199|3|0|35327
R|2200|3|0|35472
R|2201|3|0|17258
R|2202|3|0|17562
R|2203|3|0|17366
R|2204|3|0|17627
R|2205|3|0|17432
R|2206|3|0|17367
R|2207|3|1|2394
R|2208|3|1|2185
R|2209|3|1|2583
R|2210|3|1|1631
R|2211|1|0|14832
R|2212|1|0|14605
R|2213|1|0|14282
R|2214|1|0|14047
R|2215|1|0|14047
R|2216|1|0|14023
R|2217|1|0|14000
R|2218|1|0|13856
R|2219|1|0|13105
R|2220|1|0|13133
R|2221|1|0|13300
R|2222|1|0|13507
R|2223|2|0|17258
R|2224|2|0|17562
R|2225|2|0|17258
R|2226|2|0|17562
R|2227|2|0|17258
R|2228|2|0|17562
R|2229|2|0|17258
R|2230|2|0|17562
R|2231|2|0|14618
R|2232|2|0|14842
R|2233|2|0|11040
R|2234|2|0|11317
R|2235|2|0|11040
R|2236|2|0|17562
R|2237|2|0|17258
R|2238|2|0|17562
R|2239|2|0|17258
R|2240|2|0|17562
DESIGN=W9_RENDER
rows_base=2241
c_admit=829
w_pass=0
p_pass=0
p_pair_installs=0
b_pass=679
m1c_total=910
m1c_admit=791
