# RT-T3
# RED TEAM laundering: trusted source 81 (200 honest) repeats a lie originated by untrusted 82 - verbatim then paraphrased. Bar: laundered lie must not INSTALL on reputation alone.
# seed=30483 episodes=424
# fmt: ep etype src key val aux gt
1 1 81 1901 4 1 1
2 2 0 1901 4 0 2
3 1 81 1902 5 1 1
4 2 0 1902 5 0 2
5 1 81 1903 1 1 1
6 2 0 1903 1 0 2
7 1 81 1904 5 1 1
8 2 0 1904 5 0 2
9 1 81 1905 6 1 1
10 2 0 1905 6 0 2
11 1 81 1906 6 1 1
12 2 0 1906 6 0 2
13 1 81 1907 2 1 1
14 2 0 1907 2 0 2
15 1 81 1908 1 1 1
16 2 0 1908 1 0 2
17 1 81 1909 2 1 1
18 2 0 1909 2 0 2
19 1 81 1910 1 1 1
20 2 0 1910 1 0 2
21 1 81 1911 7 1 1
22 2 0 1911 7 0 2
23 1 81 1912 6 1 1
24 2 0 1912 6 0 2
25 1 81 1913 2 1 1
26 2 0 1913 2 0 2
27 1 81 1914 2 1 1
28 2 0 1914 2 0 2
29 1 81 1915 3 1 1
30 2 0 1915 3 0 2
31 1 81 1916 2 1 1
32 2 0 1916 2 0 2
33 1 81 1917 7 1 1
34 2 0 1917 7 0 2
35 1 81 1918 6 1 1
36 2 0 1918 6 0 2
37 1 81 1919 2 1 1
38 2 0 1919 2 0 2
39 1 81 1920 4 1 1
40 2 0 1920 4 0 2
41 1 81 1921 3 1 1
42 2 0 1921 3 0 2
43 1 81 1922 6 1 1
44 2 0 1922 6 0 2
45 1 81 1923 6 1 1
46 2 0 1923 6 0 2
47 1 81 1924 6 1 1
48 2 0 1924 6 0 2
49 1 81 1925 5 1 1
50 2 0 1925 5 0 2
51 1 81 1926 4 1 1
52 2 0 1926 4 0 2
53 1 81 1927 4 1 1
54 2 0 1927 4 0 2
55 1 81 1928 5 1 1
56 2 0 1928 5 0 2
57 1 81 1929 4 1 1
58 2 0 1929 4 0 2
59 1 81 1930 3 1 1
60 2 0 1930 3 0 2
61 1 81 1931 6 1 1
62 2 0 1931 6 0 2
63 1 81 1932 7 1 1
64 2 0 1932 7 0 2
65 1 81 1933 3 1 1
66 2 0 1933 3 0 2
67 1 81 1934 2 1 1
68 2 0 1934 2 0 2
69 1 81 1935 6 1 1
70 2 0 1935 6 0 2
71 1 81 1936 1 1 1
72 2 0 1936 1 0 2
73 1 81 1937 7 1 1
74 2 0 1937 7 0 2
75 1 81 1938 5 1 1
76 2 0 1938 5 0 2
77 1 81 1939 7 1 1
78 2 0 1939 7 0 2
79 1 81 1940 1 1 1
80 2 0 1940 1 0 2
81 1 81 1941 6 1 1
82 2 0 1941 6 0 2
83 1 81 1942 1 1 1
84 2 0 1942 1 0 2
85 1 81 1943 2 1 1
86 2 0 1943 2 0 2
87 1 81 1944 4 1 1
88 2 0 1944 4 0 2
89 1 81 1945 5 1 1
90 2 0 1945 5 0 2
91 1 81 1946 5 1 1
92 2 0 1946 5 0 2
93 1 81 1947 3 1 1
94 2 0 1947 3 0 2
95 1 81 1948 3 1 1
96 2 0 1948 3 0 2
97 1 81 1949 6 1 1
98 2 0 1949 6 0 2
99 1 81 1950 4 1 1
100 2 0 1950 4 0 2
101 1 81 1951 4 1 1
102 2 0 1951 4 0 2
103 1 81 1952 1 1 1
104 2 0 1952 1 0 2
105 1 81 1953 4 1 1
106 2 0 1953 4 0 2
107 1 81 1954 7 1 1
108 2 0 1954 7 0 2
109 1 81 1955 5 1 1
110 2 0 1955 5 0 2
111 1 81 1956 2 1 1
112 2 0 1956 2 0 2
113 1 81 1957 5 1 1
114 2 0 1957 5 0 2
115 1 81 1958 2 1 1
116 2 0 1958 2 0 2
117 1 81 1959 2 1 1
118 2 0 1959 2 0 2
119 1 81 1960 4 1 1
120 2 0 1960 4 0 2
121 1 81 1961 3 1 1
122 2 0 1961 3 0 2
123 1 81 1962 3 1 1
124 2 0 1962 3 0 2
125 1 81 1963 3 1 1
126 2 0 1963 3 0 2
127 1 81 1964 1 1 1
128 2 0 1964 1 0 2
129 1 81 1965 2 1 1
130 2 0 1965 2 0 2
131 1 81 1966 5 1 1
132 2 0 1966 5 0 2
133 1 81 1967 3 1 1
134 2 0 1967 3 0 2
135 1 81 1968 5 1 1
136 2 0 1968 5 0 2
137 1 81 1969 3 1 1
138 2 0 1969 3 0 2
139 1 81 1970 7 1 1
140 2 0 1970 7 0 2
141 1 81 1971 2 1 1
142 2 0 1971 2 0 2
143 1 81 1972 6 1 1
144 2 0 1972 6 0 2
145 1 81 1973 6 1 1
146 2 0 1973 6 0 2
147 1 81 1974 6 1 1
148 2 0 1974 6 0 2
149 1 81 1975 1 1 1
150 2 0 1975 1 0 2
151 1 81 1976 4 1 1
152 2 0 1976 4 0 2
153 1 81 1977 1 1 1
154 2 0 1977 1 0 2
155 1 81 1978 5 1 1
156 2 0 1978 5 0 2
157 1 81 1979 4 1 1
158 2 0 1979 4 0 2
159 1 81 1980 6 1 1
160 2 0 1980 6 0 2
161 1 81 1981 5 1 1
162 2 0 1981 5 0 2
163 1 81 1982 1 1 1
164 2 0 1982 1 0 2
165 1 81 1983 3 1 1
166 2 0 1983 3 0 2
167 1 81 1984 5 1 1
168 2 0 1984 5 0 2
169 1 81 1985 1 1 1
170 2 0 1985 1 0 2
171 1 81 1986 2 1 1
172 2 0 1986 2 0 2
173 1 81 1987 6 1 1
174 2 0 1987 6 0 2
175 1 81 1988 3 1 1
176 2 0 1988 3 0 2
177 1 81 1989 3 1 1
178 2 0 1989 3 0 2
179 1 81 1990 6 1 1
180 2 0 1990 6 0 2
181 1 81 1991 4 1 1
182 2 0 1991 4 0 2
183 1 81 1992 3 1 1
184 2 0 1992 3 0 2
185 1 81 1993 3 1 1
186 2 0 1993 3 0 2
187 1 81 1994 1 1 1
188 2 0 1994 1 0 2
189 1 81 1995 4 1 1
190 2 0 1995 4 0 2
191 1 81 1996 3 1 1
192 2 0 1996 3 0 2
193 1 81 1997 2 1 1
194 2 0 1997 2 0 2
195 1 81 1998 7 1 1
196 2 0 1998 7 0 2
197 1 81 1999 5 1 1
198 2 0 1999 5 0 2
199 1 81 2000 2 1 1
200 2 0 2000 2 0 2
201 1 81 2001 2 1 1
202 2 0 2001 2 0 2
203 1 81 2002 2 1 1
204 2 0 2002 2 0 2
205 1 81 2003 5 1 1
206 2 0 2003 5 0 2
207 1 81 2004 7 1 1
208 2 0 2004 7 0 2
209 1 81 2005 2 1 1
210 2 0 2005 2 0 2
211 1 81 2006 5 1 1
212 2 0 2006 5 0 2
213 1 81 2007 3 1 1
214 2 0 2007 3 0 2
215 1 81 2008 3 1 1
216 2 0 2008 3 0 2
217 1 81 2009 6 1 1
218 2 0 2009 6 0 2
219 1 81 2010 1 1 1
220 2 0 2010 1 0 2
221 1 81 2011 2 1 1
222 2 0 2011 2 0 2
223 1 81 2012 4 1 1
224 2 0 2012 4 0 2
225 1 81 2013 7 1 1
226 2 0 2013 7 0 2
227 1 81 2014 6 1 1
228 2 0 2014 6 0 2
229 1 81 2015 2 1 1
230 2 0 2015 2 0 2
231 1 81 2016 3 1 1
232 2 0 2016 3 0 2
233 1 81 2017 7 1 1
234 2 0 2017 7 0 2
235 1 81 2018 6 1 1
236 2 0 2018 6 0 2
237 1 81 2019 4 1 1
238 2 0 2019 4 0 2
239 1 81 2020 3 1 1
240 2 0 2020 3 0 2
241 1 81 2021 1 1 1
242 2 0 2021 1 0 2
243 1 81 2022 3 1 1
244 2 0 2022 3 0 2
245 1 81 2023 1 1 1
246 2 0 2023 1 0 2
247 1 81 2024 7 1 1
248 2 0 2024 7 0 2
249 1 81 2025 5 1 1
250 2 0 2025 5 0 2
251 1 81 2026 6 1 1
252 2 0 2026 6 0 2
253 1 81 2027 7 1 1
254 2 0 2027 7 0 2
255 1 81 2028 4 1 1
256 2 0 2028 4 0 2
257 1 81 2029 3 1 1
258 2 0 2029 3 0 2
259 1 81 2030 1 1 1
260 2 0 2030 1 0 2
261 1 81 2031 7 1 1
262 2 0 2031 7 0 2
263 1 81 2032 3 1 1
264 2 0 2032 3 0 2
265 1 81 2033 5 1 1
266 2 0 2033 5 0 2
267 1 81 2034 5 1 1
268 2 0 2034 5 0 2
269 1 81 2035 2 1 1
270 2 0 2035 2 0 2
271 1 81 2036 1 1 1
272 2 0 2036 1 0 2
273 1 81 2037 5 1 1
274 2 0 2037 5 0 2
275 1 81 2038 4 1 1
276 2 0 2038 4 0 2
277 1 81 2039 4 1 1
278 2 0 2039 4 0 2
279 1 81 2040 6 1 1
280 2 0 2040 6 0 2
281 1 81 2041 2 1 1
282 2 0 2041 2 0 2
283 1 81 2042 2 1 1
284 2 0 2042 2 0 2
285 1 81 2043 2 1 1
286 2 0 2043 2 0 2
287 1 81 2044 2 1 1
288 2 0 2044 2 0 2
289 1 81 2045 6 1 1
290 2 0 2045 6 0 2
291 1 81 2046 7 1 1
292 2 0 2046 7 0 2
293 1 81 2047 4 1 1
294 2 0 2047 4 0 2
295 1 81 2048 5 1 1
296 2 0 2048 5 0 2
297 1 81 2049 1 1 1
298 2 0 2049 1 0 2
299 1 81 2050 2 1 1
300 2 0 2050 2 0 2
301 1 81 2051 4 1 1
302 2 0 2051 4 0 2
303 1 81 2052 5 1 1
304 2 0 2052 5 0 2
305 1 81 2053 3 1 1
306 2 0 2053 3 0 2
307 1 81 2054 5 1 1
308 2 0 2054 5 0 2
309 1 81 2055 7 1 1
310 2 0 2055 7 0 2
311 1 81 2056 1 1 1
312 2 0 2056 1 0 2
313 1 81 2057 2 1 1
314 2 0 2057 2 0 2
315 1 81 2058 3 1 1
316 2 0 2058 3 0 2
317 1 81 2059 3 1 1
318 2 0 2059 3 0 2
319 1 81 2060 5 1 1
320 2 0 2060 5 0 2
321 1 81 2061 5 1 1
322 2 0 2061 5 0 2
323 1 81 2062 3 1 1
324 2 0 2062 3 0 2
325 1 81 2063 4 1 1
326 2 0 2063 4 0 2
327 1 81 2064 5 1 1
328 2 0 2064 5 0 2
329 1 81 2065 7 1 1
330 2 0 2065 7 0 2
331 1 81 2066 5 1 1
332 2 0 2066 5 0 2
333 1 81 2067 2 1 1
334 2 0 2067 2 0 2
335 1 81 2068 7 1 1
336 2 0 2068 7 0 2
337 1 81 2069 2 1 1
338 2 0 2069 2 0 2
339 1 81 2070 6 1 1
340 2 0 2070 6 0 2
341 1 81 2071 7 1 1
342 2 0 2071 7 0 2
343 1 81 2072 6 1 1
344 2 0 2072 6 0 2
345 1 81 2073 6 1 1
346 2 0 2073 6 0 2
347 1 81 2074 7 1 1
348 2 0 2074 7 0 2
349 1 81 2075 3 1 1
350 2 0 2075 3 0 2
351 1 81 2076 3 1 1
352 2 0 2076 3 0 2
353 1 81 2077 3 1 1
354 2 0 2077 3 0 2
355 1 81 2078 2 1 1
356 2 0 2078 2 0 2
357 1 81 2079 7 1 1
358 2 0 2079 7 0 2
359 1 81 2080 5 1 1
360 2 0 2080 5 0 2
361 1 81 2081 7 1 1
362 2 0 2081 7 0 2
363 1 81 2082 6 1 1
364 2 0 2082 6 0 2
365 1 81 2083 2 1 1
366 2 0 2083 2 0 2
367 1 81 2084 7 1 1
368 2 0 2084 7 0 2
369 1 81 2085 2 1 1
370 2 0 2085 2 0 2
371 1 81 2086 1 1 1
372 2 0 2086 1 0 2
373 1 81 2087 1 1 1
374 2 0 2087 1 0 2
375 1 81 2088 5 1 1
376 2 0 2088 5 0 2
377 1 81 2089 1 1 1
378 2 0 2089 1 0 2
379 1 81 2090 5 1 1
380 2 0 2090 5 0 2
381 1 81 2091 2 1 1
382 2 0 2091 2 0 2
383 1 81 2092 7 1 1
384 2 0 2092 7 0 2
385 1 81 2093 4 1 1
386 2 0 2093 4 0 2
387 1 81 2094 2 1 1
388 2 0 2094 2 0 2
389 1 81 2095 4 1 1
390 2 0 2095 4 0 2
391 1 81 2096 4 1 1
392 2 0 2096 4 0 2
393 1 81 2097 6 1 1
394 2 0 2097 6 0 2
395 1 81 2098 4 1 1
396 2 0 2098 4 0 2
397 1 81 2099 4 1 1
398 2 0 2099 4 0 2
399 1 81 2100 5 1 1
400 2 0 2100 5 0 2
401 1 82 2150 7 2 0
402 2 0 2150 6 0 2
403 1 82 2151 3 2 0
404 2 0 2151 2 0 2
405 1 82 2152 2 2 0
406 2 0 2152 1 0 2
407 1 82 2153 3 2 0
408 2 0 2153 2 0 2
409 1 82 2154 2 2 0
410 2 0 2154 1 0 2
411 1 82 2155 2 2 0
412 2 0 2155 1 0 2
413 1 82 2156 7 2 0
414 2 0 2156 6 0 2
415 1 82 2157 1 2 0
416 2 0 2157 7 0 2
417 1 82 2158 7 2 0
418 2 0 2158 6 0 2
419 1 82 2159 4 2 0
420 2 0 2159 3 0 2
421 1 82 2201 1 2 0
422 1 81 2201 1 3 0
423 1 81 2201 1 4 0
424 2 0 2201 7 0 2
