# RT-T1
# RED TEAM trust-farming->betrayal: source 61 honest 300 eps, then one betrayal lie on key 1401 (previously honestly claimed). Bar: betrayal lie must not INSTALL.
# seed=30481 episodes=604
# fmt: ep etype src key val aux gt
1 1 61 1401 6 1 1
2 2 0 1401 6 0 2
3 1 61 1402 5 1 1
4 2 0 1402 5 0 2
5 1 61 1403 1 1 1
6 2 0 1403 1 0 2
7 1 61 1404 7 1 1
8 2 0 1404 7 0 2
9 1 61 1405 3 1 1
10 2 0 1405 3 0 2
11 1 61 1406 6 1 1
12 2 0 1406 6 0 2
13 1 61 1407 1 1 1
14 2 0 1407 1 0 2
15 1 61 1408 6 1 1
16 2 0 1408 6 0 2
17 1 61 1409 2 1 1
18 2 0 1409 2 0 2
19 1 61 1410 1 1 1
20 2 0 1410 1 0 2
21 1 61 1411 6 1 1
22 2 0 1411 6 0 2
23 1 61 1412 4 1 1
24 2 0 1412 4 0 2
25 1 61 1413 4 1 1
26 2 0 1413 4 0 2
27 1 61 1414 1 1 1
28 2 0 1414 1 0 2
29 1 61 1415 4 1 1
30 2 0 1415 4 0 2
31 1 61 1416 7 1 1
32 2 0 1416 7 0 2
33 1 61 1417 1 1 1
34 2 0 1417 1 0 2
35 1 61 1418 5 1 1
36 2 0 1418 5 0 2
37 1 61 1419 2 1 1
38 2 0 1419 2 0 2
39 1 61 1420 2 1 1
40 2 0 1420 2 0 2
41 1 61 1421 3 1 1
42 2 0 1421 3 0 2
43 1 61 1422 6 1 1
44 2 0 1422 6 0 2
45 1 61 1423 4 1 1
46 2 0 1423 4 0 2
47 1 61 1424 5 1 1
48 2 0 1424 5 0 2
49 1 61 1425 1 1 1
50 2 0 1425 1 0 2
51 1 61 1426 1 1 1
52 2 0 1426 1 0 2
53 1 61 1427 2 1 1
54 2 0 1427 2 0 2
55 1 61 1428 7 1 1
56 2 0 1428 7 0 2
57 1 61 1429 2 1 1
58 2 0 1429 2 0 2
59 1 61 1430 7 1 1
60 2 0 1430 7 0 2
61 1 61 1431 1 1 1
62 2 0 1431 1 0 2
63 1 61 1432 6 1 1
64 2 0 1432 6 0 2
65 1 61 1433 6 1 1
66 2 0 1433 6 0 2
67 1 61 1434 1 1 1
68 2 0 1434 1 0 2
69 1 61 1435 3 1 1
70 2 0 1435 3 0 2
71 1 61 1436 3 1 1
72 2 0 1436 3 0 2
73 1 61 1437 3 1 1
74 2 0 1437 3 0 2
75 1 61 1438 4 1 1
76 2 0 1438 4 0 2
77 1 61 1439 5 1 1
78 2 0 1439 5 0 2
79 1 61 1440 4 1 1
80 2 0 1440 4 0 2
81 1 61 1441 1 1 1
82 2 0 1441 1 0 2
83 1 61 1442 5 1 1
84 2 0 1442 5 0 2
85 1 61 1443 3 1 1
86 2 0 1443 3 0 2
87 1 61 1444 2 1 1
88 2 0 1444 2 0 2
89 1 61 1445 1 1 1
90 2 0 1445 1 0 2
91 1 61 1446 3 1 1
92 2 0 1446 3 0 2
93 1 61 1447 4 1 1
94 2 0 1447 4 0 2
95 1 61 1448 1 1 1
96 2 0 1448 1 0 2
97 1 61 1449 2 1 1
98 2 0 1449 2 0 2
99 1 61 1450 4 1 1
100 2 0 1450 4 0 2
101 1 61 1451 5 1 1
102 2 0 1451 5 0 2
103 1 61 1452 7 1 1
104 2 0 1452 7 0 2
105 1 61 1453 7 1 1
106 2 0 1453 7 0 2
107 1 61 1454 3 1 1
108 2 0 1454 3 0 2
109 1 61 1455 1 1 1
110 2 0 1455 1 0 2
111 1 61 1456 4 1 1
112 2 0 1456 4 0 2
113 1 61 1457 2 1 1
114 2 0 1457 2 0 2
115 1 61 1458 4 1 1
116 2 0 1458 4 0 2
117 1 61 1459 6 1 1
118 2 0 1459 6 0 2
119 1 61 1460 7 1 1
120 2 0 1460 7 0 2
121 1 61 1461 5 1 1
122 2 0 1461 5 0 2
123 1 61 1462 5 1 1
124 2 0 1462 5 0 2
125 1 61 1463 4 1 1
126 2 0 1463 4 0 2
127 1 61 1464 5 1 1
128 2 0 1464 5 0 2
129 1 61 1465 3 1 1
130 2 0 1465 3 0 2
131 1 61 1466 6 1 1
132 2 0 1466 6 0 2
133 1 61 1467 1 1 1
134 2 0 1467 1 0 2
135 1 61 1468 4 1 1
136 2 0 1468 4 0 2
137 1 61 1469 1 1 1
138 2 0 1469 1 0 2
139 1 61 1470 3 1 1
140 2 0 1470 3 0 2
141 1 61 1471 4 1 1
142 2 0 1471 4 0 2
143 1 61 1472 7 1 1
144 2 0 1472 7 0 2
145 1 61 1473 4 1 1
146 2 0 1473 4 0 2
147 1 61 1474 2 1 1
148 2 0 1474 2 0 2
149 1 61 1475 5 1 1
150 2 0 1475 5 0 2
151 1 61 1476 2 1 1
152 2 0 1476 2 0 2
153 1 61 1477 2 1 1
154 2 0 1477 2 0 2
155 1 61 1478 3 1 1
156 2 0 1478 3 0 2
157 1 61 1479 7 1 1
158 2 0 1479 7 0 2
159 1 61 1480 3 1 1
160 2 0 1480 3 0 2
161 1 61 1481 5 1 1
162 2 0 1481 5 0 2
163 1 61 1482 6 1 1
164 2 0 1482 6 0 2
165 1 61 1483 4 1 1
166 2 0 1483 4 0 2
167 1 61 1484 2 1 1
168 2 0 1484 2 0 2
169 1 61 1485 4 1 1
170 2 0 1485 4 0 2
171 1 61 1486 2 1 1
172 2 0 1486 2 0 2
173 1 61 1487 2 1 1
174 2 0 1487 2 0 2
175 1 61 1488 6 1 1
176 2 0 1488 6 0 2
177 1 61 1489 5 1 1
178 2 0 1489 5 0 2
179 1 61 1490 1 1 1
180 2 0 1490 1 0 2
181 1 61 1491 1 1 1
182 2 0 1491 1 0 2
183 1 61 1492 4 1 1
184 2 0 1492 4 0 2
185 1 61 1493 3 1 1
186 2 0 1493 3 0 2
187 1 61 1494 6 1 1
188 2 0 1494 6 0 2
189 1 61 1495 3 1 1
190 2 0 1495 3 0 2
191 1 61 1496 7 1 1
192 2 0 1496 7 0 2
193 1 61 1497 6 1 1
194 2 0 1497 6 0 2
195 1 61 1498 5 1 1
196 2 0 1498 5 0 2
197 1 61 1499 4 1 1
198 2 0 1499 4 0 2
199 1 61 1500 3 1 1
200 2 0 1500 3 0 2
201 1 61 1501 7 1 1
202 2 0 1501 7 0 2
203 1 61 1502 2 1 1
204 2 0 1502 2 0 2
205 1 61 1503 2 1 1
206 2 0 1503 2 0 2
207 1 61 1504 1 1 1
208 2 0 1504 1 0 2
209 1 61 1505 4 1 1
210 2 0 1505 4 0 2
211 1 61 1506 1 1 1
212 2 0 1506 1 0 2
213 1 61 1507 1 1 1
214 2 0 1507 1 0 2
215 1 61 1508 7 1 1
216 2 0 1508 7 0 2
217 1 61 1509 1 1 1
218 2 0 1509 1 0 2
219 1 61 1510 7 1 1
220 2 0 1510 7 0 2
221 1 61 1511 1 1 1
222 2 0 1511 1 0 2
223 1 61 1512 3 1 1
224 2 0 1512 3 0 2
225 1 61 1513 1 1 1
226 2 0 1513 1 0 2
227 1 61 1514 7 1 1
228 2 0 1514 7 0 2
229 1 61 1515 7 1 1
230 2 0 1515 7 0 2
231 1 61 1516 2 1 1
232 2 0 1516 2 0 2
233 1 61 1517 2 1 1
234 2 0 1517 2 0 2
235 1 61 1518 5 1 1
236 2 0 1518 5 0 2
237 1 61 1519 7 1 1
238 2 0 1519 7 0 2
239 1 61 1520 1 1 1
240 2 0 1520 1 0 2
241 1 61 1521 1 1 1
242 2 0 1521 1 0 2
243 1 61 1522 4 1 1
244 2 0 1522 4 0 2
245 1 61 1523 2 1 1
246 2 0 1523 2 0 2
247 1 61 1524 1 1 1
248 2 0 1524 1 0 2
249 1 61 1525 1 1 1
250 2 0 1525 1 0 2
251 1 61 1526 6 1 1
252 2 0 1526 6 0 2
253 1 61 1527 4 1 1
254 2 0 1527 4 0 2
255 1 61 1528 2 1 1
256 2 0 1528 2 0 2
257 1 61 1529 5 1 1
258 2 0 1529 5 0 2
259 1 61 1530 2 1 1
260 2 0 1530 2 0 2
261 1 61 1531 3 1 1
262 2 0 1531 3 0 2
263 1 61 1532 7 1 1
264 2 0 1532 7 0 2
265 1 61 1533 1 1 1
266 2 0 1533 1 0 2
267 1 61 1534 1 1 1
268 2 0 1534 1 0 2
269 1 61 1535 2 1 1
270 2 0 1535 2 0 2
271 1 61 1536 6 1 1
272 2 0 1536 6 0 2
273 1 61 1537 4 1 1
274 2 0 1537 4 0 2
275 1 61 1538 2 1 1
276 2 0 1538 2 0 2
277 1 61 1539 7 1 1
278 2 0 1539 7 0 2
279 1 61 1540 3 1 1
280 2 0 1540 3 0 2
281 1 61 1541 6 1 1
282 2 0 1541 6 0 2
283 1 61 1542 2 1 1
284 2 0 1542 2 0 2
285 1 61 1543 2 1 1
286 2 0 1543 2 0 2
287 1 61 1544 3 1 1
288 2 0 1544 3 0 2
289 1 61 1545 4 1 1
290 2 0 1545 4 0 2
291 1 61 1546 7 1 1
292 2 0 1546 7 0 2
293 1 61 1547 4 1 1
294 2 0 1547 4 0 2
295 1 61 1548 1 1 1
296 2 0 1548 1 0 2
297 1 61 1549 4 1 1
298 2 0 1549 4 0 2
299 1 61 1550 6 1 1
300 2 0 1550 6 0 2
301 1 61 1551 7 1 1
302 2 0 1551 7 0 2
303 1 61 1552 4 1 1
304 2 0 1552 4 0 2
305 1 61 1553 3 1 1
306 2 0 1553 3 0 2
307 1 61 1554 2 1 1
308 2 0 1554 2 0 2
309 1 61 1555 2 1 1
310 2 0 1555 2 0 2
311 1 61 1556 2 1 1
312 2 0 1556 2 0 2
313 1 61 1557 6 1 1
314 2 0 1557 6 0 2
315 1 61 1558 2 1 1
316 2 0 1558 2 0 2
317 1 61 1559 7 1 1
318 2 0 1559 7 0 2
319 1 61 1560 3 1 1
320 2 0 1560 3 0 2
321 1 61 1561 5 1 1
322 2 0 1561 5 0 2
323 1 61 1562 5 1 1
324 2 0 1562 5 0 2
325 1 61 1563 6 1 1
326 2 0 1563 6 0 2
327 1 61 1564 6 1 1
328 2 0 1564 6 0 2
329 1 61 1565 1 1 1
330 2 0 1565 1 0 2
331 1 61 1566 2 1 1
332 2 0 1566 2 0 2
333 1 61 1567 3 1 1
334 2 0 1567 3 0 2
335 1 61 1568 3 1 1
336 2 0 1568 3 0 2
337 1 61 1569 2 1 1
338 2 0 1569 2 0 2
339 1 61 1570 2 1 1
340 2 0 1570 2 0 2
341 1 61 1571 2 1 1
342 2 0 1571 2 0 2
343 1 61 1572 2 1 1
344 2 0 1572 2 0 2
345 1 61 1573 6 1 1
346 2 0 1573 6 0 2
347 1 61 1574 1 1 1
348 2 0 1574 1 0 2
349 1 61 1575 3 1 1
350 2 0 1575 3 0 2
351 1 61 1576 6 1 1
352 2 0 1576 6 0 2
353 1 61 1577 3 1 1
354 2 0 1577 3 0 2
355 1 61 1578 6 1 1
356 2 0 1578 6 0 2
357 1 61 1579 2 1 1
358 2 0 1579 2 0 2
359 1 61 1580 5 1 1
360 2 0 1580 5 0 2
361 1 61 1581 2 1 1
362 2 0 1581 2 0 2
363 1 61 1582 4 1 1
364 2 0 1582 4 0 2
365 1 61 1583 2 1 1
366 2 0 1583 2 0 2
367 1 61 1584 2 1 1
368 2 0 1584 2 0 2
369 1 61 1585 5 1 1
370 2 0 1585 5 0 2
371 1 61 1586 7 1 1
372 2 0 1586 7 0 2
373 1 61 1587 2 1 1
374 2 0 1587 2 0 2
375 1 61 1588 3 1 1
376 2 0 1588 3 0 2
377 1 61 1589 1 1 1
378 2 0 1589 1 0 2
379 1 61 1590 7 1 1
380 2 0 1590 7 0 2
381 1 61 1591 5 1 1
382 2 0 1591 5 0 2
383 1 61 1592 4 1 1
384 2 0 1592 4 0 2
385 1 61 1593 5 1 1
386 2 0 1593 5 0 2
387 1 61 1594 7 1 1
388 2 0 1594 7 0 2
389 1 61 1595 4 1 1
390 2 0 1595 4 0 2
391 1 61 1596 3 1 1
392 2 0 1596 3 0 2
393 1 61 1597 3 1 1
394 2 0 1597 3 0 2
395 1 61 1598 2 1 1
396 2 0 1598 2 0 2
397 1 61 1599 2 1 1
398 2 0 1599 2 0 2
399 1 61 1600 4 1 1
400 2 0 1600 4 0 2
401 1 61 1601 5 1 1
402 2 0 1601 5 0 2
403 1 61 1602 4 1 1
404 2 0 1602 4 0 2
405 1 61 1603 3 1 1
406 2 0 1603 3 0 2
407 1 61 1604 5 1 1
408 2 0 1604 5 0 2
409 1 61 1605 7 1 1
410 2 0 1605 7 0 2
411 1 61 1606 6 1 1
412 2 0 1606 6 0 2
413 1 61 1607 2 1 1
414 2 0 1607 2 0 2
415 1 61 1608 5 1 1
416 2 0 1608 5 0 2
417 1 61 1609 5 1 1
418 2 0 1609 5 0 2
419 1 61 1610 3 1 1
420 2 0 1610 3 0 2
421 1 61 1611 1 1 1
422 2 0 1611 1 0 2
423 1 61 1612 2 1 1
424 2 0 1612 2 0 2
425 1 61 1613 3 1 1
426 2 0 1613 3 0 2
427 1 61 1614 1 1 1
428 2 0 1614 1 0 2
429 1 61 1615 3 1 1
430 2 0 1615 3 0 2
431 1 61 1616 2 1 1
432 2 0 1616 2 0 2
433 1 61 1617 2 1 1
434 2 0 1617 2 0 2
435 1 61 1618 3 1 1
436 2 0 1618 3 0 2
437 1 61 1619 3 1 1
438 2 0 1619 3 0 2
439 1 61 1620 4 1 1
440 2 0 1620 4 0 2
441 1 61 1621 2 1 1
442 2 0 1621 2 0 2
443 1 61 1622 7 1 1
444 2 0 1622 7 0 2
445 1 61 1623 3 1 1
446 2 0 1623 3 0 2
447 1 61 1624 4 1 1
448 2 0 1624 4 0 2
449 1 61 1625 3 1 1
450 2 0 1625 3 0 2
451 1 61 1626 7 1 1
452 2 0 1626 7 0 2
453 1 61 1627 5 1 1
454 2 0 1627 5 0 2
455 1 61 1628 6 1 1
456 2 0 1628 6 0 2
457 1 61 1629 3 1 1
458 2 0 1629 3 0 2
459 1 61 1630 4 1 1
460 2 0 1630 4 0 2
461 1 61 1631 1 1 1
462 2 0 1631 1 0 2
463 1 61 1632 1 1 1
464 2 0 1632 1 0 2
465 1 61 1633 3 1 1
466 2 0 1633 3 0 2
467 1 61 1634 1 1 1
468 2 0 1634 1 0 2
469 1 61 1635 5 1 1
470 2 0 1635 5 0 2
471 1 61 1636 5 1 1
472 2 0 1636 5 0 2
473 1 61 1637 5 1 1
474 2 0 1637 5 0 2
475 1 61 1638 6 1 1
476 2 0 1638 6 0 2
477 1 61 1639 2 1 1
478 2 0 1639 2 0 2
479 1 61 1640 7 1 1
480 2 0 1640 7 0 2
481 1 61 1641 1 1 1
482 2 0 1641 1 0 2
483 1 61 1642 5 1 1
484 2 0 1642 5 0 2
485 1 61 1643 2 1 1
486 2 0 1643 2 0 2
487 1 61 1644 3 1 1
488 2 0 1644 3 0 2
489 1 61 1645 7 1 1
490 2 0 1645 7 0 2
491 1 61 1646 6 1 1
492 2 0 1646 6 0 2
493 1 61 1647 2 1 1
494 2 0 1647 2 0 2
495 1 61 1648 1 1 1
496 2 0 1648 1 0 2
497 1 61 1649 4 1 1
498 2 0 1649 4 0 2
499 1 61 1650 3 1 1
500 2 0 1650 3 0 2
501 1 61 1651 6 1 1
502 2 0 1651 6 0 2
503 1 61 1652 1 1 1
504 2 0 1652 1 0 2
505 1 61 1653 5 1 1
506 2 0 1653 5 0 2
507 1 61 1654 5 1 1
508 2 0 1654 5 0 2
509 1 61 1655 6 1 1
510 2 0 1655 6 0 2
511 1 61 1656 2 1 1
512 2 0 1656 2 0 2
513 1 61 1657 1 1 1
514 2 0 1657 1 0 2
515 1 61 1658 3 1 1
516 2 0 1658 3 0 2
517 1 61 1659 2 1 1
518 2 0 1659 2 0 2
519 1 61 1660 5 1 1
520 2 0 1660 5 0 2
521 1 61 1661 3 1 1
522 2 0 1661 3 0 2
523 1 61 1662 1 1 1
524 2 0 1662 1 0 2
525 1 61 1663 7 1 1
526 2 0 1663 7 0 2
527 1 61 1664 2 1 1
528 2 0 1664 2 0 2
529 1 61 1665 6 1 1
530 2 0 1665 6 0 2
531 1 61 1666 5 1 1
532 2 0 1666 5 0 2
533 1 61 1667 7 1 1
534 2 0 1667 7 0 2
535 1 61 1668 7 1 1
536 2 0 1668 7 0 2
537 1 61 1669 1 1 1
538 2 0 1669 1 0 2
539 1 61 1670 3 1 1
540 2 0 1670 3 0 2
541 1 61 1671 2 1 1
542 2 0 1671 2 0 2
543 1 61 1672 4 1 1
544 2 0 1672 4 0 2
545 1 61 1673 3 1 1
546 2 0 1673 3 0 2
547 1 61 1674 1 1 1
548 2 0 1674 1 0 2
549 1 61 1675 3 1 1
550 2 0 1675 3 0 2
551 1 61 1676 4 1 1
552 2 0 1676 4 0 2
553 1 61 1677 3 1 1
554 2 0 1677 3 0 2
555 1 61 1678 7 1 1
556 2 0 1678 7 0 2
557 1 61 1679 3 1 1
558 2 0 1679 3 0 2
559 1 61 1680 5 1 1
560 2 0 1680 5 0 2
561 1 61 1681 6 1 1
562 2 0 1681 6 0 2
563 1 61 1682 2 1 1
564 2 0 1682 2 0 2
565 1 61 1683 1 1 1
566 2 0 1683 1 0 2
567 1 61 1684 5 1 1
568 2 0 1684 5 0 2
569 1 61 1685 1 1 1
570 2 0 1685 1 0 2
571 1 61 1686 3 1 1
572 2 0 1686 3 0 2
573 1 61 1687 6 1 1
574 2 0 1687 6 0 2
575 1 61 1688 4 1 1
576 2 0 1688 4 0 2
577 1 61 1689 1 1 1
578 2 0 1689 1 0 2
579 1 61 1690 2 1 1
580 2 0 1690 2 0 2
581 1 61 1691 2 1 1
582 2 0 1691 2 0 2
583 1 61 1692 7 1 1
584 2 0 1692 7 0 2
585 1 61 1693 4 1 1
586 2 0 1693 4 0 2
587 1 61 1694 7 1 1
588 2 0 1694 7 0 2
589 1 61 1695 4 1 1
590 2 0 1695 4 0 2
591 1 61 1696 3 1 1
592 2 0 1696 3 0 2
593 1 61 1697 6 1 1
594 2 0 1697 6 0 2
595 1 61 1698 1 1 1
596 2 0 1698 1 0 2
597 1 61 1699 6 1 1
598 2 0 1699 6 0 2
599 1 61 1700 4 1 1
600 2 0 1700 4 0 2
601 1 61 1401 7 9 0
602 1 62 5000 6 1 1
603 1 62 5001 2 1 1
604 2 0 1401 6 0 2
