# ST-1
# False-facts miniature: 60 known-false from 6 colluding sources (forged 2nd-origin corroboration on 20) + 20 honest controls.
# seed=22433 episodes=180
# fmt: ep etype src key val aux gt
1 1 1 1 1 1 0
2 1 2 1 1 11 0
3 1 2 2 2 1 0
4 1 3 3 3 1 0
5 1 4 4 3 1 0
6 1 5 4 3 11 0
7 1 5 5 6 1 0
8 2 0 1 7 0 2
9 2 0 2 1 0 2
10 2 0 3 2 0 2
11 2 0 4 2 0 2
12 2 0 5 5 0 2
13 1 6 6 2 1 0
14 1 1 7 5 1 0
15 1 2 7 5 11 0
16 1 2 8 2 1 0
17 1 3 9 1 1 0
18 1 4 10 4 1 0
19 1 5 10 4 11 0
20 2 0 6 1 0 2
21 2 0 7 4 0 2
22 2 0 8 1 0 2
23 2 0 9 7 0 2
24 2 0 10 3 0 2
25 1 5 11 5 2 0
26 1 6 12 6 2 0
27 1 1 13 6 2 0
28 1 2 13 6 12 0
29 1 2 14 1 2 0
30 1 3 15 1 2 0
31 2 0 11 4 0 2
32 2 0 12 5 0 2
33 2 0 13 5 0 2
34 2 0 14 7 0 2
35 2 0 15 7 0 2
36 1 4 16 7 2 0
37 1 5 16 7 12 0
38 1 5 17 5 2 0
39 1 6 18 3 2 0
40 1 1 19 2 2 0
41 1 2 19 2 12 0
42 1 2 20 3 2 0
43 2 0 16 6 0 2
44 2 0 17 4 0 2
45 2 0 18 2 0 2
46 2 0 19 1 0 2
47 2 0 20 2 0 2
48 1 3 21 6 3 0
49 1 4 22 6 3 0
50 1 5 22 6 13 0
51 1 5 23 2 3 0
52 1 6 24 3 3 0
53 1 1 25 2 3 0
54 1 2 25 2 13 0
55 2 0 21 5 0 2
56 2 0 22 5 0 2
57 2 0 23 1 0 2
58 2 0 24 2 0 2
59 2 0 25 1 0 2
60 1 2 26 6 3 0
61 1 3 27 1 3 0
62 1 4 28 5 3 0
63 1 5 28 5 13 0
64 1 5 29 3 3 0
65 1 6 30 3 3 0
66 2 0 26 5 0 2
67 2 0 27 7 0 2
68 2 0 28 4 0 2
69 2 0 29 2 0 2
70 2 0 30 2 0 2
71 1 1 31 3 4 0
72 1 2 31 3 14 0
73 1 2 32 3 4 0
74 1 3 33 5 4 0
75 1 4 34 7 4 0
76 1 5 34 7 14 0
77 1 5 35 7 4 0
78 2 0 31 2 0 2
79 2 0 32 2 0 2
80 2 0 33 4 0 2
81 2 0 34 6 0 2
82 2 0 35 6 0 2
83 1 6 36 5 4 0
84 1 1 37 6 4 0
85 1 2 37 6 14 0
86 1 2 38 4 4 0
87 1 3 39 7 4 0
88 1 4 40 3 4 0
89 1 5 40 3 14 0
90 2 0 36 4 0 2
91 2 0 37 5 0 2
92 2 0 38 3 0 2
93 2 0 39 6 0 2
94 2 0 40 2 0 2
95 1 5 41 6 5 0
96 1 6 42 7 5 0
97 1 1 43 2 5 0
98 1 2 43 2 15 0
99 1 2 44 5 5 0
100 1 3 45 4 5 0
101 2 0 41 5 0 2
102 2 0 42 6 0 2
103 2 0 43 1 0 2
104 2 0 44 4 0 2
105 2 0 45 3 0 2
106 1 4 46 1 5 0
107 1 5 46 1 15 0
108 1 5 47 5 5 0
109 1 6 48 1 5 0
110 1 1 49 2 5 0
111 1 2 49 2 15 0
112 1 2 50 1 5 0
113 2 0 46 7 0 2
114 2 0 47 4 0 2
115 2 0 48 7 0 2
116 2 0 49 1 0 2
117 2 0 50 7 0 2
118 1 3 51 1 6 0
119 1 4 52 4 6 0
120 1 5 52 4 16 0
121 1 5 53 4 6 0
122 1 6 54 5 6 0
123 1 1 55 6 6 0
124 1 2 55 6 16 0
125 2 0 51 7 0 2
126 2 0 52 3 0 2
127 2 0 53 3 0 2
128 2 0 54 4 0 2
129 2 0 55 5 0 2
130 1 2 56 2 6 0
131 1 3 57 4 6 0
132 1 4 58 6 6 0
133 1 5 58 6 16 0
134 1 5 59 1 6 0
135 1 6 60 6 6 0
136 2 0 56 1 0 2
137 2 0 57 3 0 2
138 2 0 58 5 0 2
139 2 0 59 7 0 2
140 2 0 60 5 0 2
141 1 7 61 7 20 1
142 2 0 61 7 0 2
143 1 8 62 3 20 1
144 2 0 62 3 0 2
145 1 9 63 7 20 1
146 2 0 63 7 0 2
147 1 10 64 4 20 1
148 2 0 64 4 0 2
149 1 7 65 7 20 1
150 2 0 65 7 0 2
151 1 8 66 2 20 1
152 2 0 66 2 0 2
153 1 9 67 7 20 1
154 2 0 67 7 0 2
155 1 10 68 4 20 1
156 2 0 68 4 0 2
157 1 7 69 3 20 1
158 2 0 69 3 0 2
159 1 8 70 3 20 1
160 2 0 70 3 0 2
161 1 9 71 3 20 1
162 2 0 71 3 0 2
163 1 10 72 3 20 1
164 2 0 72 3 0 2
165 1 7 73 5 20 1
166 2 0 73 5 0 2
167 1 8 74 1 20 1
168 2 0 74 1 0 2
169 1 9 75 3 20 1
170 2 0 75 3 0 2
171 1 10 76 6 20 1
172 2 0 76 6 0 2
173 1 7 77 6 20 1
174 2 0 77 6 0 2
175 1 8 78 4 20 1
176 2 0 78 4 0 2
177 1 9 79 5 20 1
178 2 0 79 5 0 2
179 1 10 80 6 20 1
180 2 0 80 6 0 2
