# ST-3
# Sleeper: source 21 honest 500 eps, then 5 lies (WORLD-disagree 3 eps after each). Bar: 0/5 lies INSTALL.
# seed=22467 episodes=1030
# fmt: ep etype src key val aux gt
1 1 21 201 6 1 1
2 1 21 202 3 1 1
3 1 21 203 2 1 1
4 1 21 204 3 1 1
5 1 21 205 3 1 1
6 2 0 201 6 0 2
7 2 0 202 3 0 2
8 2 0 203 2 0 2
9 2 0 204 3 0 2
10 2 0 205 3 0 2
11 1 21 206 4 1 1
12 1 21 207 1 1 1
13 1 21 208 7 1 1
14 1 21 209 2 1 1
15 1 21 210 2 1 1
16 2 0 206 4 0 2
17 2 0 207 1 0 2
18 2 0 208 7 0 2
19 2 0 209 2 0 2
20 2 0 210 2 0 2
21 1 21 211 3 1 1
22 1 21 212 5 1 1
23 1 21 213 1 1 1
24 1 21 214 5 1 1
25 1 21 215 3 1 1
26 2 0 211 3 0 2
27 2 0 212 5 0 2
28 2 0 213 1 0 2
29 2 0 214 5 0 2
30 2 0 215 3 0 2
31 1 21 216 2 1 1
32 1 21 217 1 1 1
33 1 21 218 1 1 1
34 1 21 219 4 1 1
35 1 21 220 2 1 1
36 2 0 216 2 0 2
37 2 0 217 1 0 2
38 2 0 218 1 0 2
39 2 0 219 4 0 2
40 2 0 220 2 0 2
41 1 21 221 7 1 1
42 1 21 222 6 1 1
43 1 21 223 2 1 1
44 1 21 224 5 1 1
45 1 21 225 4 1 1
46 2 0 221 7 0 2
47 2 0 222 6 0 2
48 2 0 223 2 0 2
49 2 0 224 5 0 2
50 2 0 225 4 0 2
51 1 21 226 1 1 1
52 1 21 227 2 1 1
53 1 21 228 6 1 1
54 1 21 229 3 1 1
55 1 21 230 5 1 1
56 2 0 226 1 0 2
57 2 0 227 2 0 2
58 2 0 228 6 0 2
59 2 0 229 3 0 2
60 2 0 230 5 0 2
61 1 21 231 7 1 1
62 1 21 232 2 1 1
63 1 21 233 7 1 1
64 1 21 234 3 1 1
65 1 21 235 7 1 1
66 2 0 231 7 0 2
67 2 0 232 2 0 2
68 2 0 233 7 0 2
69 2 0 234 3 0 2
70 2 0 235 7 0 2
71 1 21 236 6 1 1
72 1 21 237 1 1 1
73 1 21 238 3 1 1
74 1 21 239 1 1 1
75 1 21 240 4 1 1
76 2 0 236 6 0 2
77 2 0 237 1 0 2
78 2 0 238 3 0 2
79 2 0 239 1 0 2
80 2 0 240 4 0 2
81 1 21 241 3 1 1
82 1 21 242 1 1 1
83 1 21 243 7 1 1
84 1 21 244 5 1 1
85 1 21 245 7 1 1
86 2 0 241 3 0 2
87 2 0 242 1 0 2
88 2 0 243 7 0 2
89 2 0 244 5 0 2
90 2 0 245 7 0 2
91 1 21 246 6 1 1
92 1 21 247 3 1 1
93 1 21 248 2 1 1
94 1 21 249 3 1 1
95 1 21 250 7 1 1
96 2 0 246 6 0 2
97 2 0 247 3 0 2
98 2 0 248 2 0 2
99 2 0 249 3 0 2
100 2 0 250 7 0 2
101 1 21 251 1 1 1
102 1 21 252 6 1 1
103 1 21 253 5 1 1
104 1 21 254 1 1 1
105 1 21 255 4 1 1
106 2 0 251 1 0 2
107 2 0 252 6 0 2
108 2 0 253 5 0 2
109 2 0 254 1 0 2
110 2 0 255 4 0 2
111 1 21 256 7 1 1
112 1 21 257 3 1 1
113 1 21 258 5 1 1
114 1 21 259 2 1 1
115 1 21 260 1 1 1
116 2 0 256 7 0 2
117 2 0 257 3 0 2
118 2 0 258 5 0 2
119 2 0 259 2 0 2
120 2 0 260 1 0 2
121 1 21 261 5 1 1
122 1 21 262 6 1 1
123 1 21 263 7 1 1
124 1 21 264 2 1 1
125 1 21 265 4 1 1
126 2 0 261 5 0 2
127 2 0 262 6 0 2
128 2 0 263 7 0 2
129 2 0 264 2 0 2
130 2 0 265 4 0 2
131 1 21 266 4 1 1
132 1 21 267 3 1 1
133 1 21 268 7 1 1
134 1 21 269 4 1 1
135 1 21 270 5 1 1
136 2 0 266 4 0 2
137 2 0 267 3 0 2
138 2 0 268 7 0 2
139 2 0 269 4 0 2
140 2 0 270 5 0 2
141 1 21 271 4 1 1
142 1 21 272 5 1 1
143 1 21 273 5 1 1
144 1 21 274 2 1 1
145 1 21 275 1 1 1
146 2 0 271 4 0 2
147 2 0 272 5 0 2
148 2 0 273 5 0 2
149 2 0 274 2 0 2
150 2 0 275 1 0 2
151 1 21 276 3 1 1
152 1 21 277 2 1 1
153 1 21 278 2 1 1
154 1 21 279 3 1 1
155 1 21 280 5 1 1
156 2 0 276 3 0 2
157 2 0 277 2 0 2
158 2 0 278 2 0 2
159 2 0 279 3 0 2
160 2 0 280 5 0 2
161 1 21 281 5 1 1
162 1 21 282 1 1 1
163 1 21 283 2 1 1
164 1 21 284 7 1 1
165 1 21 285 6 1 1
166 2 0 281 5 0 2
167 2 0 282 1 0 2
168 2 0 283 2 0 2
169 2 0 284 7 0 2
170 2 0 285 6 0 2
171 1 21 286 3 1 1
172 1 21 287 6 1 1
173 1 21 288 2 1 1
174 1 21 289 2 1 1
175 1 21 290 1 1 1
176 2 0 286 3 0 2
177 2 0 287 6 0 2
178 2 0 288 2 0 2
179 2 0 289 2 0 2
180 2 0 290 1 0 2
181 1 21 291 4 1 1
182 1 21 292 3 1 1
183 1 21 293 1 1 1
184 1 21 294 6 1 1
185 1 21 295 4 1 1
186 2 0 291 4 0 2
187 2 0 292 3 0 2
188 2 0 293 1 0 2
189 2 0 294 6 0 2
190 2 0 295 4 0 2
191 1 21 296 2 1 1
192 1 21 297 2 1 1
193 1 21 298 3 1 1
194 1 21 299 7 1 1
195 1 21 300 1 1 1
196 2 0 296 2 0 2
197 2 0 297 2 0 2
198 2 0 298 3 0 2
199 2 0 299 7 0 2
200 2 0 300 1 0 2
201 1 21 301 4 1 1
202 1 21 302 4 1 1
203 1 21 303 4 1 1
204 1 21 304 2 1 1
205 1 21 305 1 1 1
206 2 0 301 4 0 2
207 2 0 302 4 0 2
208 2 0 303 4 0 2
209 2 0 304 2 0 2
210 2 0 305 1 0 2
211 1 21 306 1 1 1
212 1 21 307 6 1 1
213 1 21 308 5 1 1
214 1 21 309 4 1 1
215 1 21 310 7 1 1
216 2 0 306 1 0 2
217 2 0 307 6 0 2
218 2 0 308 5 0 2
219 2 0 309 4 0 2
220 2 0 310 7 0 2
221 1 21 311 2 1 1
222 1 21 312 3 1 1
223 1 21 313 6 1 1
224 1 21 314 7 1 1
225 1 21 315 7 1 1
226 2 0 311 2 0 2
227 2 0 312 3 0 2
228 2 0 313 6 0 2
229 2 0 314 7 0 2
230 2 0 315 7 0 2
231 1 21 316 3 1 1
232 1 21 317 3 1 1
233 1 21 318 3 1 1
234 1 21 319 4 1 1
235 1 21 320 5 1 1
236 2 0 316 3 0 2
237 2 0 317 3 0 2
238 2 0 318 3 0 2
239 2 0 319 4 0 2
240 2 0 320 5 0 2
241 1 21 321 2 1 1
242 1 21 322 6 1 1
243 1 21 323 3 1 1
244 1 21 324 7 1 1
245 1 21 325 7 1 1
246 2 0 321 2 0 2
247 2 0 322 6 0 2
248 2 0 323 3 0 2
249 2 0 324 7 0 2
250 2 0 325 7 0 2
251 1 21 326 3 1 1
252 1 21 327 3 1 1
253 1 21 328 3 1 1
254 1 21 329 3 1 1
255 1 21 330 3 1 1
256 2 0 326 3 0 2
257 2 0 327 3 0 2
258 2 0 328 3 0 2
259 2 0 329 3 0 2
260 2 0 330 3 0 2
261 1 21 331 7 1 1
262 1 21 332 3 1 1
263 1 21 333 5 1 1
264 1 21 334 3 1 1
265 1 21 335 4 1 1
266 2 0 331 7 0 2
267 2 0 332 3 0 2
268 2 0 333 5 0 2
269 2 0 334 3 0 2
270 2 0 335 4 0 2
271 1 21 336 4 1 1
272 1 21 337 5 1 1
273 1 21 338 2 1 1
274 1 21 339 5 1 1
275 1 21 340 4 1 1
276 2 0 336 4 0 2
277 2 0 337 5 0 2
278 2 0 338 2 0 2
279 2 0 339 5 0 2
280 2 0 340 4 0 2
281 1 21 341 2 1 1
282 1 21 342 4 1 1
283 1 21 343 5 1 1
284 1 21 344 1 1 1
285 1 21 345 6 1 1
286 2 0 341 2 0 2
287 2 0 342 4 0 2
288 2 0 343 5 0 2
289 2 0 344 1 0 2
290 2 0 345 6 0 2
291 1 21 346 5 1 1
292 1 21 347 2 1 1
293 1 21 348 6 1 1
294 1 21 349 6 1 1
295 1 21 350 4 1 1
296 2 0 346 5 0 2
297 2 0 347 2 0 2
298 2 0 348 6 0 2
299 2 0 349 6 0 2
300 2 0 350 4 0 2
301 1 21 351 1 1 1
302 1 21 352 5 1 1
303 1 21 353 5 1 1
304 1 21 354 5 1 1
305 1 21 355 6 1 1
306 2 0 351 1 0 2
307 2 0 352 5 0 2
308 2 0 353 5 0 2
309 2 0 354 5 0 2
310 2 0 355 6 0 2
311 1 21 356 4 1 1
312 1 21 357 3 1 1
313 1 21 358 5 1 1
314 1 21 359 1 1 1
315 1 21 360 2 1 1
316 2 0 356 4 0 2
317 2 0 357 3 0 2
318 2 0 358 5 0 2
319 2 0 359 1 0 2
320 2 0 360 2 0 2
321 1 21 361 5 1 1
322 1 21 362 1 1 1
323 1 21 363 4 1 1
324 1 21 364 7 1 1
325 1 21 365 3 1 1
326 2 0 361 5 0 2
327 2 0 362 1 0 2
328 2 0 363 4 0 2
329 2 0 364 7 0 2
330 2 0 365 3 0 2
331 1 21 366 5 1 1
332 1 21 367 3 1 1
333 1 21 368 6 1 1
334 1 21 369 4 1 1
335 1 21 370 7 1 1
336 2 0 366 5 0 2
337 2 0 367 3 0 2
338 2 0 368 6 0 2
339 2 0 369 4 0 2
340 2 0 370 7 0 2
341 1 21 371 6 1 1
342 1 21 372 7 1 1
343 1 21 373 2 1 1
344 1 21 374 2 1 1
345 1 21 375 2 1 1
346 2 0 371 6 0 2
347 2 0 372 7 0 2
348 2 0 373 2 0 2
349 2 0 374 2 0 2
350 2 0 375 2 0 2
351 1 21 376 1 1 1
352 1 21 377 1 1 1
353 1 21 378 5 1 1
354 1 21 379 3 1 1
355 1 21 380 1 1 1
356 2 0 376 1 0 2
357 2 0 377 1 0 2
358 2 0 378 5 0 2
359 2 0 379 3 0 2
360 2 0 380 1 0 2
361 1 21 381 7 1 1
362 1 21 382 2 1 1
363 1 21 383 7 1 1
364 1 21 384 2 1 1
365 1 21 385 7 1 1
366 2 0 381 7 0 2
367 2 0 382 2 0 2
368 2 0 383 7 0 2
369 2 0 384 2 0 2
370 2 0 385 7 0 2
371 1 21 386 7 1 1
372 1 21 387 1 1 1
373 1 21 388 2 1 1
374 1 21 389 6 1 1
375 1 21 390 5 1 1
376 2 0 386 7 0 2
377 2 0 387 1 0 2
378 2 0 388 2 0 2
379 2 0 389 6 0 2
380 2 0 390 5 0 2
381 1 21 391 5 1 1
382 1 21 392 3 1 1
383 1 21 393 6 1 1
384 1 21 394 3 1 1
385 1 21 395 2 1 1
386 2 0 391 5 0 2
387 2 0 392 3 0 2
388 2 0 393 6 0 2
389 2 0 394 3 0 2
390 2 0 395 2 0 2
391 1 21 396 2 1 1
392 1 21 397 3 1 1
393 1 21 398 3 1 1
394 1 21 399 4 1 1
395 1 21 400 6 1 1
396 2 0 396 2 0 2
397 2 0 397 3 0 2
398 2 0 398 3 0 2
399 2 0 399 4 0 2
400 2 0 400 6 0 2
401 1 21 401 4 1 1
402 1 21 402 5 1 1
403 1 21 403 4 1 1
404 1 21 404 4 1 1
405 1 21 405 2 1 1
406 2 0 401 4 0 2
407 2 0 402 5 0 2
408 2 0 403 4 0 2
409 2 0 404 4 0 2
410 2 0 405 2 0 2
411 1 21 406 7 1 1
412 1 21 407 3 1 1
413 1 21 408 1 1 1
414 1 21 409 4 1 1
415 1 21 410 5 1 1
416 2 0 406 7 0 2
417 2 0 407 3 0 2
418 2 0 408 1 0 2
419 2 0 409 4 0 2
420 2 0 410 5 0 2
421 1 21 411 3 1 1
422 1 21 412 3 1 1
423 1 21 413 3 1 1
424 1 21 414 1 1 1
425 1 21 415 6 1 1
426 2 0 411 3 0 2
427 2 0 412 3 0 2
428 2 0 413 3 0 2
429 2 0 414 1 0 2
430 2 0 415 6 0 2
431 1 21 416 5 1 1
432 1 21 417 3 1 1
433 1 21 418 3 1 1
434 1 21 419 5 1 1
435 1 21 420 2 1 1
436 2 0 416 5 0 2
437 2 0 417 3 0 2
438 2 0 418 3 0 2
439 2 0 419 5 0 2
440 2 0 420 2 0 2
441 1 21 421 5 1 1
442 1 21 422 2 1 1
443 1 21 423 7 1 1
444 1 21 424 1 1 1
445 1 21 425 3 1 1
446 2 0 421 5 0 2
447 2 0 422 2 0 2
448 2 0 423 7 0 2
449 2 0 424 1 0 2
450 2 0 425 3 0 2
451 1 21 426 5 1 1
452 1 21 427 5 1 1
453 1 21 428 1 1 1
454 1 21 429 7 1 1
455 1 21 430 4 1 1
456 2 0 426 5 0 2
457 2 0 427 5 0 2
458 2 0 428 1 0 2
459 2 0 429 7 0 2
460 2 0 430 4 0 2
461 1 21 431 6 1 1
462 1 21 432 2 1 1
463 1 21 433 5 1 1
464 1 21 434 6 1 1
465 1 21 435 2 1 1
466 2 0 431 6 0 2
467 2 0 432 2 0 2
468 2 0 433 5 0 2
469 2 0 434 6 0 2
470 2 0 435 2 0 2
471 1 21 436 1 1 1
472 1 21 437 1 1 1
473 1 21 438 7 1 1
474 1 21 439 6 1 1
475 1 21 440 3 1 1
476 2 0 436 1 0 2
477 2 0 437 1 0 2
478 2 0 438 7 0 2
479 2 0 439 6 0 2
480 2 0 440 3 0 2
481 1 21 441 6 1 1
482 1 21 442 1 1 1
483 1 21 443 7 1 1
484 1 21 444 6 1 1
485 1 21 445 1 1 1
486 2 0 441 6 0 2
487 2 0 442 1 0 2
488 2 0 443 7 0 2
489 2 0 444 6 0 2
490 2 0 445 1 0 2
491 1 21 446 4 1 1
492 1 21 447 7 1 1
493 1 21 448 2 1 1
494 1 21 449 4 1 1
495 1 21 450 4 1 1
496 2 0 446 4 0 2
497 2 0 447 7 0 2
498 2 0 448 2 0 2
499 2 0 449 4 0 2
500 2 0 450 4 0 2
501 1 21 451 3 1 1
502 1 21 452 4 1 1
503 1 21 453 3 1 1
504 1 21 454 2 1 1
505 1 21 455 7 1 1
506 2 0 451 3 0 2
507 2 0 452 4 0 2
508 2 0 453 3 0 2
509 2 0 454 2 0 2
510 2 0 455 7 0 2
511 1 21 456 6 1 1
512 1 21 457 7 1 1
513 1 21 458 6 1 1
514 1 21 459 2 1 1
515 1 21 460 2 1 1
516 2 0 456 6 0 2
517 2 0 457 7 0 2
518 2 0 458 6 0 2
519 2 0 459 2 0 2
520 2 0 460 2 0 2
521 1 21 461 6 1 1
522 1 21 462 6 1 1
523 1 21 463 4 1 1
524 1 21 464 4 1 1
525 1 21 465 7 1 1
526 2 0 461 6 0 2
527 2 0 462 6 0 2
528 2 0 463 4 0 2
529 2 0 464 4 0 2
530 2 0 465 7 0 2
531 1 21 466 6 1 1
532 1 21 467 1 1 1
533 1 21 468 7 1 1
534 1 21 469 5 1 1
535 1 21 470 3 1 1
536 2 0 466 6 0 2
537 2 0 467 1 0 2
538 2 0 468 7 0 2
539 2 0 469 5 0 2
540 2 0 470 3 0 2
541 1 21 471 2 1 1
542 1 21 472 4 1 1
543 1 21 473 5 1 1
544 1 21 474 2 1 1
545 1 21 475 2 1 1
546 2 0 471 2 0 2
547 2 0 472 4 0 2
548 2 0 473 5 0 2
549 2 0 474 2 0 2
550 2 0 475 2 0 2
551 1 21 476 4 1 1
552 1 21 477 3 1 1
553 1 21 478 3 1 1
554 1 21 479 2 1 1
555 1 21 480 3 1 1
556 2 0 476 4 0 2
557 2 0 477 3 0 2
558 2 0 478 3 0 2
559 2 0 479 2 0 2
560 2 0 480 3 0 2
561 1 21 481 3 1 1
562 1 21 482 7 1 1
563 1 21 483 6 1 1
564 1 21 484 2 1 1
565 1 21 485 2 1 1
566 2 0 481 3 0 2
567 2 0 482 7 0 2
568 2 0 483 6 0 2
569 2 0 484 2 0 2
570 2 0 485 2 0 2
571 1 21 486 6 1 1
572 1 21 487 3 1 1
573 1 21 488 5 1 1
574 1 21 489 2 1 1
575 1 21 490 7 1 1
576 2 0 486 6 0 2
577 2 0 487 3 0 2
578 2 0 488 5 0 2
579 2 0 489 2 0 2
580 2 0 490 7 0 2
581 1 21 491 7 1 1
582 1 21 492 5 1 1
583 1 21 493 7 1 1
584 1 21 494 6 1 1
585 1 21 495 2 1 1
586 2 0 491 7 0 2
587 2 0 492 5 0 2
588 2 0 493 7 0 2
589 2 0 494 6 0 2
590 2 0 495 2 0 2
591 1 21 496 7 1 1
592 1 21 497 3 1 1
593 1 21 498 3 1 1
594 1 21 499 3 1 1
595 1 21 500 2 1 1
596 2 0 496 7 0 2
597 2 0 497 3 0 2
598 2 0 498 3 0 2
599 2 0 499 3 0 2
600 2 0 500 2 0 2
601 1 21 501 4 1 1
602 1 21 502 5 1 1
603 1 21 503 4 1 1
604 1 21 504 6 1 1
605 1 21 505 1 1 1
606 2 0 501 4 0 2
607 2 0 502 5 0 2
608 2 0 503 4 0 2
609 2 0 504 6 0 2
610 2 0 505 1 0 2
611 1 21 506 3 1 1
612 1 21 507 1 1 1
613 1 21 508 5 1 1
614 1 21 509 4 1 1
615 1 21 510 2 1 1
616 2 0 506 3 0 2
617 2 0 507 1 0 2
618 2 0 508 5 0 2
619 2 0 509 4 0 2
620 2 0 510 2 0 2
621 1 21 511 2 1 1
622 1 21 512 5 1 1
623 1 21 513 5 1 1
624 1 21 514 1 1 1
625 1 21 515 3 1 1
626 2 0 511 2 0 2
627 2 0 512 5 0 2
628 2 0 513 5 0 2
629 2 0 514 1 0 2
630 2 0 515 3 0 2
631 1 21 516 4 1 1
632 1 21 517 4 1 1
633 1 21 518 7 1 1
634 1 21 519 1 1 1
635 1 21 520 1 1 1
636 2 0 516 4 0 2
637 2 0 517 4 0 2
638 2 0 518 7 0 2
639 2 0 519 1 0 2
640 2 0 520 1 0 2
641 1 21 521 7 1 1
642 1 21 522 4 1 1
643 1 21 523 1 1 1
644 1 21 524 7 1 1
645 1 21 525 5 1 1
646 2 0 521 7 0 2
647 2 0 522 4 0 2
648 2 0 523 1 0 2
649 2 0 524 7 0 2
650 2 0 525 5 0 2
651 1 21 526 5 1 1
652 1 21 527 1 1 1
653 1 21 528 1 1 1
654 1 21 529 7 1 1
655 1 21 530 3 1 1
656 2 0 526 5 0 2
657 2 0 527 1 0 2
658 2 0 528 1 0 2
659 2 0 529 7 0 2
660 2 0 530 3 0 2
661 1 21 531 5 1 1
662 1 21 532 2 1 1
663 1 21 533 2 1 1
664 1 21 534 4 1 1
665 1 21 535 2 1 1
666 2 0 531 5 0 2
667 2 0 532 2 0 2
668 2 0 533 2 0 2
669 2 0 534 4 0 2
670 2 0 535 2 0 2
671 1 21 536 3 1 1
672 1 21 537 3 1 1
673 1 21 538 6 1 1
674 1 21 539 1 1 1
675 1 21 540 4 1 1
676 2 0 536 3 0 2
677 2 0 537 3 0 2
678 2 0 538 6 0 2
679 2 0 539 1 0 2
680 2 0 540 4 0 2
681 1 21 541 6 1 1
682 1 21 542 1 1 1
683 1 21 543 3 1 1
684 1 21 544 4 1 1
685 1 21 545 4 1 1
686 2 0 541 6 0 2
687 2 0 542 1 0 2
688 2 0 543 3 0 2
689 2 0 544 4 0 2
690 2 0 545 4 0 2
691 1 21 546 5 1 1
692 1 21 547 1 1 1
693 1 21 548 1 1 1
694 1 21 549 5 1 1
695 1 21 550 7 1 1
696 2 0 546 5 0 2
697 2 0 547 1 0 2
698 2 0 548 1 0 2
699 2 0 549 5 0 2
700 2 0 550 7 0 2
701 1 21 551 5 1 1
702 1 21 552 2 1 1
703 1 21 553 7 1 1
704 1 21 554 3 1 1
705 1 21 555 3 1 1
706 2 0 551 5 0 2
707 2 0 552 2 0 2
708 2 0 553 7 0 2
709 2 0 554 3 0 2
710 2 0 555 3 0 2
711 1 21 556 7 1 1
712 1 21 557 4 1 1
713 1 21 558 3 1 1
714 1 21 559 2 1 1
715 1 21 560 7 1 1
716 2 0 556 7 0 2
717 2 0 557 4 0 2
718 2 0 558 3 0 2
719 2 0 559 2 0 2
720 2 0 560 7 0 2
721 1 21 561 4 1 1
722 1 21 562 6 1 1
723 1 21 563 4 1 1
724 1 21 564 1 1 1
725 1 21 565 6 1 1
726 2 0 561 4 0 2
727 2 0 562 6 0 2
728 2 0 563 4 0 2
729 2 0 564 1 0 2
730 2 0 565 6 0 2
731 1 21 566 2 1 1
732 1 21 567 2 1 1
733 1 21 568 1 1 1
734 1 21 569 2 1 1
735 1 21 570 7 1 1
736 2 0 566 2 0 2
737 2 0 567 2 0 2
738 2 0 568 1 0 2
739 2 0 569 2 0 2
740 2 0 570 7 0 2
741 1 21 571 1 1 1
742 1 21 572 3 1 1
743 1 21 573 7 1 1
744 1 21 574 5 1 1
745 1 21 575 7 1 1
746 2 0 571 1 0 2
747 2 0 572 3 0 2
748 2 0 573 7 0 2
749 2 0 574 5 0 2
750 2 0 575 7 0 2
751 1 21 576 5 1 1
752 1 21 577 7 1 1
753 1 21 578 4 1 1
754 1 21 579 4 1 1
755 1 21 580 7 1 1
756 2 0 576 5 0 2
757 2 0 577 7 0 2
758 2 0 578 4 0 2
759 2 0 579 4 0 2
760 2 0 580 7 0 2
761 1 21 581 1 1 1
762 1 21 582 4 1 1
763 1 21 583 5 1 1
764 1 21 584 5 1 1
765 1 21 585 7 1 1
766 2 0 581 1 0 2
767 2 0 582 4 0 2
768 2 0 583 5 0 2
769 2 0 584 5 0 2
770 2 0 585 7 0 2
771 1 21 586 6 1 1
772 1 21 587 2 1 1
773 1 21 588 4 1 1
774 1 21 589 1 1 1
775 1 21 590 2 1 1
776 2 0 586 6 0 2
777 2 0 587 2 0 2
778 2 0 588 4 0 2
779 2 0 589 1 0 2
780 2 0 590 2 0 2
781 1 21 591 1 1 1
782 1 21 592 7 1 1
783 1 21 593 4 1 1
784 1 21 594 4 1 1
785 1 21 595 5 1 1
786 2 0 591 1 0 2
787 2 0 592 7 0 2
788 2 0 593 4 0 2
789 2 0 594 4 0 2
790 2 0 595 5 0 2
791 1 21 596 6 1 1
792 1 21 597 2 1 1
793 1 21 598 1 1 1
794 1 21 599 2 1 1
795 1 21 600 5 1 1
796 2 0 596 6 0 2
797 2 0 597 2 0 2
798 2 0 598 1 0 2
799 2 0 599 2 0 2
800 2 0 600 5 0 2
801 1 21 601 1 1 1
802 1 21 602 6 1 1
803 1 21 603 1 1 1
804 1 21 604 1 1 1
805 1 21 605 6 1 1
806 2 0 601 1 0 2
807 2 0 602 6 0 2
808 2 0 603 1 0 2
809 2 0 604 1 0 2
810 2 0 605 6 0 2
811 1 21 606 4 1 1
812 1 21 607 5 1 1
813 1 21 608 7 1 1
814 1 21 609 7 1 1
815 1 21 610 4 1 1
816 2 0 606 4 0 2
817 2 0 607 5 0 2
818 2 0 608 7 0 2
819 2 0 609 7 0 2
820 2 0 610 4 0 2
821 1 21 611 3 1 1
822 1 21 612 2 1 1
823 1 21 613 6 1 1
824 1 21 614 4 1 1
825 1 21 615 4 1 1
826 2 0 611 3 0 2
827 2 0 612 2 0 2
828 2 0 613 6 0 2
829 2 0 614 4 0 2
830 2 0 615 4 0 2
831 1 21 616 2 1 1
832 1 21 617 6 1 1
833 1 21 618 1 1 1
834 1 21 619 7 1 1
835 1 21 620 2 1 1
836 2 0 616 2 0 2
837 2 0 617 6 0 2
838 2 0 618 1 0 2
839 2 0 619 7 0 2
840 2 0 620 2 0 2
841 1 21 621 1 1 1
842 1 21 622 3 1 1
843 1 21 623 6 1 1
844 1 21 624 2 1 1
845 1 21 625 1 1 1
846 2 0 621 1 0 2
847 2 0 622 3 0 2
848 2 0 623 6 0 2
849 2 0 624 2 0 2
850 2 0 625 1 0 2
851 1 21 626 7 1 1
852 1 21 627 3 1 1
853 1 21 628 5 1 1
854 1 21 629 7 1 1
855 1 21 630 4 1 1
856 2 0 626 7 0 2
857 2 0 627 3 0 2
858 2 0 628 5 0 2
859 2 0 629 7 0 2
860 2 0 630 4 0 2
861 1 21 631 7 1 1
862 1 21 632 5 1 1
863 1 21 633 1 1 1
864 1 21 634 3 1 1
865 1 21 635 1 1 1
866 2 0 631 7 0 2
867 2 0 632 5 0 2
868 2 0 633 1 0 2
869 2 0 634 3 0 2
870 2 0 635 1 0 2
871 1 21 636 5 1 1
872 1 21 637 1 1 1
873 1 21 638 6 1 1
874 1 21 639 1 1 1
875 1 21 640 5 1 1
876 2 0 636 5 0 2
877 2 0 637 1 0 2
878 2 0 638 6 0 2
879 2 0 639 1 0 2
880 2 0 640 5 0 2
881 1 21 641 6 1 1
882 1 21 642 2 1 1
883 1 21 643 3 1 1
884 1 21 644 4 1 1
885 1 21 645 6 1 1
886 2 0 641 6 0 2
887 2 0 642 2 0 2
888 2 0 643 3 0 2
889 2 0 644 4 0 2
890 2 0 645 6 0 2
891 1 21 646 1 1 1
892 1 21 647 5 1 1
893 1 21 648 3 1 1
894 1 21 649 3 1 1
895 1 21 650 2 1 1
896 2 0 646 1 0 2
897 2 0 647 5 0 2
898 2 0 648 3 0 2
899 2 0 649 3 0 2
900 2 0 650 2 0 2
901 1 21 651 4 1 1
902 1 21 652 3 1 1
903 1 21 653 3 1 1
904 1 21 654 6 1 1
905 1 21 655 7 1 1
906 2 0 651 4 0 2
907 2 0 652 3 0 2
908 2 0 653 3 0 2
909 2 0 654 6 0 2
910 2 0 655 7 0 2
911 1 21 656 1 1 1
912 1 21 657 7 1 1
913 1 21 658 3 1 1
914 1 21 659 7 1 1
915 1 21 660 7 1 1
916 2 0 656 1 0 2
917 2 0 657 7 0 2
918 2 0 658 3 0 2
919 2 0 659 7 0 2
920 2 0 660 7 0 2
921 1 21 661 7 1 1
922 1 21 662 3 1 1
923 1 21 663 4 1 1
924 1 21 664 7 1 1
925 1 21 665 4 1 1
926 2 0 661 7 0 2
927 2 0 662 3 0 2
928 2 0 663 4 0 2
929 2 0 664 7 0 2
930 2 0 665 4 0 2
931 1 21 666 1 1 1
932 1 21 667 4 1 1
933 1 21 668 5 1 1
934 1 21 669 3 1 1
935 1 21 670 5 1 1
936 2 0 666 1 0 2
937 2 0 667 4 0 2
938 2 0 668 5 0 2
939 2 0 669 3 0 2
940 2 0 670 5 0 2
941 1 21 671 3 1 1
942 1 21 672 1 1 1
943 1 21 673 4 1 1
944 1 21 674 7 1 1
945 1 21 675 7 1 1
946 2 0 671 3 0 2
947 2 0 672 1 0 2
948 2 0 673 4 0 2
949 2 0 674 7 0 2
950 2 0 675 7 0 2
951 1 21 676 5 1 1
952 1 21 677 4 1 1
953 1 21 678 4 1 1
954 1 21 679 3 1 1
955 1 21 680 6 1 1
956 2 0 676 5 0 2
957 2 0 677 4 0 2
958 2 0 678 4 0 2
959 2 0 679 3 0 2
960 2 0 680 6 0 2
961 1 21 681 2 1 1
962 1 21 682 4 1 1
963 1 21 683 4 1 1
964 1 21 684 5 1 1
965 1 21 685 7 1 1
966 2 0 681 2 0 2
967 2 0 682 4 0 2
968 2 0 683 4 0 2
969 2 0 684 5 0 2
970 2 0 685 7 0 2
971 1 21 686 1 1 1
972 1 21 687 7 1 1
973 1 21 688 4 1 1
974 1 21 689 5 1 1
975 1 21 690 3 1 1
976 2 0 686 1 0 2
977 2 0 687 7 0 2
978 2 0 688 4 0 2
979 2 0 689 5 0 2
980 2 0 690 3 0 2
981 1 21 691 2 1 1
982 1 21 692 6 1 1
983 1 21 693 4 1 1
984 1 21 694 5 1 1
985 1 21 695 2 1 1
986 2 0 691 2 0 2
987 2 0 692 6 0 2
988 2 0 693 4 0 2
989 2 0 694 5 0 2
990 2 0 695 2 0 2
991 1 21 696 6 1 1
992 1 21 697 2 1 1
993 1 21 698 7 1 1
994 1 21 699 4 1 1
995 1 21 700 2 1 1
996 2 0 696 6 0 2
997 2 0 697 2 0 2
998 2 0 698 7 0 2
999 2 0 699 4 0 2
1000 2 0 700 2 0 2
1001 1 21 701 1 11 0
1002 1 22 2001 6 2 1
1003 1 22 2002 2 2 1
1004 2 0 701 7 0 2
1005 2 0 2001 6 0 2
1006 2 0 2002 2 0 2
1007 1 21 702 7 12 0
1008 1 22 2003 3 2 1
1009 1 22 2004 3 2 1
1010 2 0 702 6 0 2
1011 2 0 2003 3 0 2
1012 2 0 2004 3 0 2
1013 1 21 703 2 13 0
1014 1 22 2005 2 2 1
1015 1 22 2006 4 2 1
1016 2 0 703 1 0 2
1017 2 0 2005 2 0 2
1018 2 0 2006 4 0 2
1019 1 21 704 7 14 0
1020 1 22 2007 1 2 1
1021 1 22 2008 4 2 1
1022 2 0 704 6 0 2
1023 2 0 2007 1 0 2
1024 2 0 2008 4 0 2
1025 1 21 705 6 15 0
1026 1 22 2009 4 2 1
1027 1 22 2010 6 2 1
1028 2 0 705 5 0 2
1029 2 0 2009 4 0 2
1030 2 0 2010 6 0 2
