# ST-3P
# Patient adversary: source 23 lies 1-in-20 (10 lies), never two lies close. Sized vs K delta/theta when spec lands (default 19).
# seed=22468 episodes=400
# fmt: ep etype src key val aux gt
1 1 23 3001 3 1 1
2 1 23 3002 1 1 1
3 1 23 3003 7 1 1
4 1 23 3004 4 1 1
5 1 23 3005 7 1 1
6 2 0 3001 3 0 2
7 2 0 3002 1 0 2
8 2 0 3003 7 0 2
9 2 0 3004 4 0 2
10 2 0 3005 7 0 2
11 1 23 3006 2 1 1
12 1 23 3007 5 1 1
13 1 23 3008 4 1 1
14 1 23 3009 5 1 1
15 1 23 3010 1 1 1
16 2 0 3006 2 0 2
17 2 0 3007 5 0 2
18 2 0 3008 4 0 2
19 2 0 3009 5 0 2
20 2 0 3010 1 0 2
21 1 23 3011 4 1 1
22 1 23 3012 1 1 1
23 1 23 3013 4 1 1
24 1 23 3014 4 1 1
25 1 23 3015 2 1 1
26 2 0 3011 4 0 2
27 2 0 3012 1 0 2
28 2 0 3013 4 0 2
29 2 0 3014 4 0 2
30 2 0 3015 2 0 2
31 1 23 3016 1 1 1
32 1 23 3017 2 1 1
33 1 23 3018 2 1 1
34 1 23 3019 5 1 1
35 1 23 3500 5 3 0
36 1 24 4001 1 2 1
37 1 24 4002 6 2 1
38 2 0 3500 4 0 2
39 2 0 4001 1 0 2
40 2 0 4002 6 0 2
41 1 23 3020 2 1 1
42 1 23 3021 7 1 1
43 1 23 3022 6 1 1
44 1 23 3023 4 1 1
45 1 23 3024 7 1 1
46 2 0 3020 2 0 2
47 2 0 3021 7 0 2
48 2 0 3022 6 0 2
49 2 0 3023 4 0 2
50 2 0 3024 7 0 2
51 1 23 3025 1 1 1
52 1 23 3026 6 1 1
53 1 23 3027 1 1 1
54 1 23 3028 5 1 1
55 1 23 3029 5 1 1
56 2 0 3025 1 0 2
57 2 0 3026 6 0 2
58 2 0 3027 1 0 2
59 2 0 3028 5 0 2
60 2 0 3029 5 0 2
61 1 23 3030 1 1 1
62 1 23 3031 1 1 1
63 1 23 3032 3 1 1
64 1 23 3033 4 1 1
65 1 23 3034 7 1 1
66 2 0 3030 1 0 2
67 2 0 3031 1 0 2
68 2 0 3032 3 0 2
69 2 0 3033 4 0 2
70 2 0 3034 7 0 2
71 1 23 3035 7 1 1
72 1 23 3036 1 1 1
73 1 23 3037 4 1 1
74 1 23 3038 5 1 1
75 1 23 3501 1 3 0
76 1 24 4003 4 2 1
77 1 24 4004 6 2 1
78 2 0 3501 7 0 2
79 2 0 4003 4 0 2
80 2 0 4004 6 0 2
81 1 23 3039 3 1 1
82 1 23 3040 1 1 1
83 1 23 3041 2 1 1
84 1 23 3042 1 1 1
85 1 23 3043 5 1 1
86 2 0 3039 3 0 2
87 2 0 3040 1 0 2
88 2 0 3041 2 0 2
89 2 0 3042 1 0 2
90 2 0 3043 5 0 2
91 1 23 3044 5 1 1
92 1 23 3045 1 1 1
93 1 23 3046 4 1 1
94 1 23 3047 5 1 1
95 1 23 3048 2 1 1
96 2 0 3044 5 0 2
97 2 0 3045 1 0 2
98 2 0 3046 4 0 2
99 2 0 3047 5 0 2
100 2 0 3048 2 0 2
101 1 23 3049 1 1 1
102 1 23 3050 2 1 1
103 1 23 3051 6 1 1
104 1 23 3052 6 1 1
105 1 23 3053 1 1 1
106 2 0 3049 1 0 2
107 2 0 3050 2 0 2
108 2 0 3051 6 0 2
109 2 0 3052 6 0 2
110 2 0 3053 1 0 2
111 1 23 3054 2 1 1
112 1 23 3055 6 1 1
113 1 23 3056 3 1 1
114 1 23 3057 7 1 1
115 1 23 3502 3 3 0
116 1 24 4005 4 2 1
117 1 24 4006 1 2 1
118 2 0 3502 2 0 2
119 2 0 4005 4 0 2
120 2 0 4006 1 0 2
121 1 23 3058 1 1 1
122 1 23 3059 1 1 1
123 1 23 3060 1 1 1
124 1 23 3061 4 1 1
125 1 23 3062 4 1 1
126 2 0 3058 1 0 2
127 2 0 3059 1 0 2
128 2 0 3060 1 0 2
129 2 0 3061 4 0 2
130 2 0 3062 4 0 2
131 1 23 3063 5 1 1
132 1 23 3064 5 1 1
133 1 23 3065 2 1 1
134 1 23 3066 6 1 1
135 1 23 3067 2 1 1
136 2 0 3063 5 0 2
137 2 0 3064 5 0 2
138 2 0 3065 2 0 2
139 2 0 3066 6 0 2
140 2 0 3067 2 0 2
141 1 23 3068 6 1 1
142 1 23 3069 5 1 1
143 1 23 3070 3 1 1
144 1 23 3071 3 1 1
145 1 23 3072 2 1 1
146 2 0 3068 6 0 2
147 2 0 3069 5 0 2
148 2 0 3070 3 0 2
149 2 0 3071 3 0 2
150 2 0 3072 2 0 2
151 1 23 3073 4 1 1
152 1 23 3074 2 1 1
153 1 23 3075 7 1 1
154 1 23 3076 6 1 1
155 1 23 3503 2 3 0
156 1 24 4007 2 2 1
157 1 24 4008 4 2 1
158 2 0 3503 1 0 2
159 2 0 4007 2 0 2
160 2 0 4008 4 0 2
161 1 23 3077 7 1 1
162 1 23 3078 2 1 1
163 1 23 3079 5 1 1
164 1 23 3080 4 1 1
165 1 23 3081 6 1 1
166 2 0 3077 7 0 2
167 2 0 3078 2 0 2
168 2 0 3079 5 0 2
169 2 0 3080 4 0 2
170 2 0 3081 6 0 2
171 1 23 3082 3 1 1
172 1 23 3083 2 1 1
173 1 23 3084 7 1 1
174 1 23 3085 2 1 1
175 1 23 3086 5 1 1
176 2 0 3082 3 0 2
177 2 0 3083 2 0 2
178 2 0 3084 7 0 2
179 2 0 3085 2 0 2
180 2 0 3086 5 0 2
181 1 23 3087 6 1 1
182 1 23 3088 5 1 1
183 1 23 3089 2 1 1
184 1 23 3090 5 1 1
185 1 23 3091 2 1 1
186 2 0 3087 6 0 2
187 2 0 3088 5 0 2
188 2 0 3089 2 0 2
189 2 0 3090 5 0 2
190 2 0 3091 2 0 2
191 1 23 3092 5 1 1
192 1 23 3093 4 1 1
193 1 23 3094 4 1 1
194 1 23 3095 2 1 1
195 1 23 3504 6 3 0
196 1 24 4009 5 2 1
197 1 24 4010 1 2 1
198 2 0 3504 5 0 2
199 2 0 4009 5 0 2
200 2 0 4010 1 0 2
201 1 23 3096 6 1 1
202 1 23 3097 2 1 1
203 1 23 3098 5 1 1
204 1 23 3099 3 1 1
205 1 23 3100 5 1 1
206 2 0 3096 6 0 2
207 2 0 3097 2 0 2
208 2 0 3098 5 0 2
209 2 0 3099 3 0 2
210 2 0 3100 5 0 2
211 1 23 3101 4 1 1
212 1 23 3102 2 1 1
213 1 23 3103 6 1 1
214 1 23 3104 4 1 1
215 1 23 3105 5 1 1
216 2 0 3101 4 0 2
217 2 0 3102 2 0 2
218 2 0 3103 6 0 2
219 2 0 3104 4 0 2
220 2 0 3105 5 0 2
221 1 23 3106 5 1 1
222 1 23 3107 2 1 1
223 1 23 3108 5 1 1
224 1 23 3109 3 1 1
225 1 23 3110 2 1 1
226 2 0 3106 5 0 2
227 2 0 3107 2 0 2
228 2 0 3108 5 0 2
229 2 0 3109 3 0 2
230 2 0 3110 2 0 2
231 1 23 3111 1 1 1
232 1 23 3112 4 1 1
233 1 23 3113 4 1 1
234 1 23 3114 6 1 1
235 1 23 3505 5 3 0
236 1 24 4011 2 2 1
237 1 24 4012 3 2 1
238 2 0 3505 4 0 2
239 2 0 4011 2 0 2
240 2 0 4012 3 0 2
241 1 23 3115 7 1 1
242 1 23 3116 5 1 1
243 1 23 3117 5 1 1
244 1 23 3118 7 1 1
245 1 23 3119 1 1 1
246 2 0 3115 7 0 2
247 2 0 3116 5 0 2
248 2 0 3117 5 0 2
249 2 0 3118 7 0 2
250 2 0 3119 1 0 2
251 1 23 3120 4 1 1
252 1 23 3121 4 1 1
253 1 23 3122 5 1 1
254 1 23 3123 7 1 1
255 1 23 3124 7 1 1
256 2 0 3120 4 0 2
257 2 0 3121 4 0 2
258 2 0 3122 5 0 2
259 2 0 3123 7 0 2
260 2 0 3124 7 0 2
261 1 23 3125 5 1 1
262 1 23 3126 1 1 1
263 1 23 3127 2 1 1
264 1 23 3128 1 1 1
265 1 23 3129 2 1 1
266 2 0 3125 5 0 2
267 2 0 3126 1 0 2
268 2 0 3127 2 0 2
269 2 0 3128 1 0 2
270 2 0 3129 2 0 2
271 1 23 3130 3 1 1
272 1 23 3131 3 1 1
273 1 23 3132 4 1 1
274 1 23 3133 3 1 1
275 1 23 3506 4 3 0
276 1 24 4013 2 2 1
277 1 24 4014 6 2 1
278 2 0 3506 3 0 2
279 2 0 4013 2 0 2
280 2 0 4014 6 0 2
281 1 23 3134 4 1 1
282 1 23 3135 4 1 1
283 1 23 3136 1 1 1
284 1 23 3137 7 1 1
285 1 23 3138 3 1 1
286 2 0 3134 4 0 2
287 2 0 3135 4 0 2
288 2 0 3136 1 0 2
289 2 0 3137 7 0 2
290 2 0 3138 3 0 2
291 1 23 3139 5 1 1
292 1 23 3140 2 1 1
293 1 23 3141 4 1 1
294 1 23 3142 3 1 1
295 1 23 3143 5 1 1
296 2 0 3139 5 0 2
297 2 0 3140 2 0 2
298 2 0 3141 4 0 2
299 2 0 3142 3 0 2
300 2 0 3143 5 0 2
301 1 23 3144 7 1 1
302 1 23 3145 4 1 1
303 1 23 3146 5 1 1
304 1 23 3147 7 1 1
305 1 23 3148 6 1 1
306 2 0 3144 7 0 2
307 2 0 3145 4 0 2
308 2 0 3146 5 0 2
309 2 0 3147 7 0 2
310 2 0 3148 6 0 2
311 1 23 3149 3 1 1
312 1 23 3150 2 1 1
313 1 23 3151 6 1 1
314 1 23 3152 4 1 1
315 1 23 3507 3 3 0
316 1 24 4015 7 2 1
317 1 24 4016 3 2 1
318 2 0 3507 2 0 2
319 2 0 4015 7 0 2
320 2 0 4016 3 0 2
321 1 23 3153 3 1 1
322 1 23 3154 4 1 1
323 1 23 3155 6 1 1
324 1 23 3156 6 1 1
325 1 23 3157 3 1 1
326 2 0 3153 3 0 2
327 2 0 3154 4 0 2
328 2 0 3155 6 0 2
329 2 0 3156 6 0 2
330 2 0 3157 3 0 2
331 1 23 3158 5 1 1
332 1 23 3159 2 1 1
333 1 23 3160 2 1 1
334 1 23 3161 7 1 1
335 1 23 3162 7 1 1
336 2 0 3158 5 0 2
337 2 0 3159 2 0 2
338 2 0 3160 2 0 2
339 2 0 3161 7 0 2
340 2 0 3162 7 0 2
341 1 23 3163 6 1 1
342 1 23 3164 5 1 1
343 1 23 3165 2 1 1
344 1 23 3166 5 1 1
345 1 23 3167 4 1 1
346 2 0 3163 6 0 2
347 2 0 3164 5 0 2
348 2 0 3165 2 0 2
349 2 0 3166 5 0 2
350 2 0 3167 4 0 2
351 1 23 3168 2 1 1
352 1 23 3169 3 1 1
353 1 23 3170 1 1 1
354 1 23 3171 3 1 1
355 1 23 3508 5 3 0
356 1 24 4017 2 2 1
357 1 24 4018 4 2 1
358 2 0 3508 4 0 2
359 2 0 4017 2 0 2
360 2 0 4018 4 0 2
361 1 23 3172 5 1 1
362 1 23 3173 5 1 1
363 1 23 3174 3 1 1
364 1 23 3175 6 1 1
365 1 23 3176 5 1 1
366 2 0 3172 5 0 2
367 2 0 3173 5 0 2
368 2 0 3174 3 0 2
369 2 0 3175 6 0 2
370 2 0 3176 5 0 2
371 1 23 3177 6 1 1
372 1 23 3178 1 1 1
373 1 23 3179 2 1 1
374 1 23 3180 3 1 1
375 1 23 3181 2 1 1
376 2 0 3177 6 0 2
377 2 0 3178 1 0 2
378 2 0 3179 2 0 2
379 2 0 3180 3 0 2
380 2 0 3181 2 0 2
381 1 23 3182 5 1 1
382 1 23 3183 3 1 1
383 1 23 3184 5 1 1
384 1 23 3185 5 1 1
385 1 23 3186 7 1 1
386 2 0 3182 5 0 2
387 2 0 3183 3 0 2
388 2 0 3184 5 0 2
389 2 0 3185 5 0 2
390 2 0 3186 7 0 2
391 1 23 3187 4 1 1
392 1 23 3188 6 1 1
393 1 23 3189 2 1 1
394 1 23 3190 5 1 1
395 1 23 3509 2 3 0
396 1 24 4019 4 2 1
397 1 24 4020 5 2 1
398 2 0 3509 1 0 2
399 2 0 4019 4 0 2
400 2 0 4020 5 0 2
