# ST-5
# Reformed source: 30 caught lies then 200 honest eps. Measured: re-earn trajectory (eps to first honest INSTALL, eps to theta).
# seed=22501 episodes=460
# fmt: ep etype src key val aux gt
1 1 25 901 2 1 0
2 2 0 901 1 0 2
3 1 25 902 1 1 0
4 2 0 902 7 0 2
5 1 25 903 2 1 0
6 2 0 903 1 0 2
7 1 25 904 7 1 0
8 2 0 904 6 0 2
9 1 25 905 3 1 0
10 2 0 905 2 0 2
11 1 25 906 5 1 0
12 2 0 906 4 0 2
13 1 25 907 1 1 0
14 2 0 907 7 0 2
15 1 25 908 4 1 0
16 2 0 908 3 0 2
17 1 25 909 1 1 0
18 2 0 909 7 0 2
19 1 25 910 4 1 0
20 2 0 910 3 0 2
21 1 25 911 3 1 0
22 2 0 911 2 0 2
23 1 25 912 2 1 0
24 2 0 912 1 0 2
25 1 25 913 4 1 0
26 2 0 913 3 0 2
27 1 25 914 5 1 0
28 2 0 914 4 0 2
29 1 25 915 4 1 0
30 2 0 915 3 0 2
31 1 25 916 6 1 0
32 2 0 916 5 0 2
33 1 25 917 2 1 0
34 2 0 917 1 0 2
35 1 25 918 2 1 0
36 2 0 918 1 0 2
37 1 25 919 3 1 0
38 2 0 919 2 0 2
39 1 25 920 1 1 0
40 2 0 920 7 0 2
41 1 25 921 6 1 0
42 2 0 921 5 0 2
43 1 25 922 6 1 0
44 2 0 922 5 0 2
45 1 25 923 4 1 0
46 2 0 923 3 0 2
47 1 25 924 3 1 0
48 2 0 924 2 0 2
49 1 25 925 5 1 0
50 2 0 925 4 0 2
51 1 25 926 1 1 0
52 2 0 926 7 0 2
53 1 25 927 5 1 0
54 2 0 927 4 0 2
55 1 25 928 5 1 0
56 2 0 928 4 0 2
57 1 25 929 1 1 0
58 2 0 929 7 0 2
59 1 25 930 6 1 0
60 2 0 930 5 0 2
61 1 25 931 1 2 1
62 2 0 931 1 0 2
63 1 25 932 6 2 1
64 2 0 932 6 0 2
65 1 25 933 3 2 1
66 2 0 933 3 0 2
67 1 25 934 3 2 1
68 2 0 934 3 0 2
69 1 25 935 5 2 1
70 2 0 935 5 0 2
71 1 25 936 1 2 1
72 2 0 936 1 0 2
73 1 25 937 7 2 1
74 2 0 937 7 0 2
75 1 25 938 1 2 1
76 2 0 938 1 0 2
77 1 25 939 5 2 1
78 2 0 939 5 0 2
79 1 25 940 1 2 1
80 2 0 940 1 0 2
81 1 25 941 5 2 1
82 2 0 941 5 0 2
83 1 25 942 4 2 1
84 2 0 942 4 0 2
85 1 25 943 4 2 1
86 2 0 943 4 0 2
87 1 25 944 3 2 1
88 2 0 944 3 0 2
89 1 25 945 5 2 1
90 2 0 945 5 0 2
91 1 25 946 2 2 1
92 2 0 946 2 0 2
93 1 25 947 5 2 1
94 2 0 947 5 0 2
95 1 25 948 1 2 1
96 2 0 948 1 0 2
97 1 25 949 1 2 1
98 2 0 949 1 0 2
99 1 25 950 3 2 1
100 2 0 950 3 0 2
101 1 25 951 6 2 1
102 2 0 951 6 0 2
103 1 25 952 6 2 1
104 2 0 952 6 0 2
105 1 25 953 5 2 1
106 2 0 953 5 0 2
107 1 25 954 2 2 1
108 2 0 954 2 0 2
109 1 25 955 5 2 1
110 2 0 955 5 0 2
111 1 25 956 3 2 1
112 2 0 956 3 0 2
113 1 25 957 3 2 1
114 2 0 957 3 0 2
115 1 25 958 4 2 1
116 2 0 958 4 0 2
117 1 25 959 5 2 1
118 2 0 959 5 0 2
119 1 25 960 1 2 1
120 2 0 960 1 0 2
121 1 25 961 3 2 1
122 2 0 961 3 0 2
123 1 25 962 1 2 1
124 2 0 962 1 0 2
125 1 25 963 6 2 1
126 2 0 963 6 0 2
127 1 25 964 6 2 1
128 2 0 964 6 0 2
129 1 25 965 2 2 1
130 2 0 965 2 0 2
131 1 25 966 1 2 1
132 2 0 966 1 0 2
133 1 25 967 1 2 1
134 2 0 967 1 0 2
135 1 25 968 2 2 1
136 2 0 968 2 0 2
137 1 25 969 3 2 1
138 2 0 969 3 0 2
139 1 25 970 3 2 1
140 2 0 970 3 0 2
141 1 25 971 2 2 1
142 2 0 971 2 0 2
143 1 25 972 4 2 1
144 2 0 972 4 0 2
145 1 25 973 3 2 1
146 2 0 973 3 0 2
147 1 25 974 5 2 1
148 2 0 974 5 0 2
149 1 25 975 5 2 1
150 2 0 975 5 0 2
151 1 25 976 5 2 1
152 2 0 976 5 0 2
153 1 25 977 5 2 1
154 2 0 977 5 0 2
155 1 25 978 2 2 1
156 2 0 978 2 0 2
157 1 25 979 6 2 1
158 2 0 979 6 0 2
159 1 25 980 3 2 1
160 2 0 980 3 0 2
161 1 25 981 6 2 1
162 2 0 981 6 0 2
163 1 25 982 2 2 1
164 2 0 982 2 0 2
165 1 25 983 1 2 1
166 2 0 983 1 0 2
167 1 25 984 2 2 1
168 2 0 984 2 0 2
169 1 25 985 4 2 1
170 2 0 985 4 0 2
171 1 25 986 6 2 1
172 2 0 986 6 0 2
173 1 25 987 5 2 1
174 2 0 987 5 0 2
175 1 25 988 5 2 1
176 2 0 988 5 0 2
177 1 25 989 1 2 1
178 2 0 989 1 0 2
179 1 25 990 3 2 1
180 2 0 990 3 0 2
181 1 25 991 2 2 1
182 2 0 991 2 0 2
183 1 25 992 2 2 1
184 2 0 992 2 0 2
185 1 25 993 5 2 1
186 2 0 993 5 0 2
187 1 25 994 7 2 1
188 2 0 994 7 0 2
189 1 25 995 7 2 1
190 2 0 995 7 0 2
191 1 25 996 1 2 1
192 2 0 996 1 0 2
193 1 25 997 3 2 1
194 2 0 997 3 0 2
195 1 25 998 6 2 1
196 2 0 998 6 0 2
197 1 25 999 6 2 1
198 2 0 999 6 0 2
199 1 25 1000 5 2 1
200 2 0 1000 5 0 2
201 1 25 1001 4 2 1
202 2 0 1001 4 0 2
203 1 25 1002 7 2 1
204 2 0 1002 7 0 2
205 1 25 1003 6 2 1
206 2 0 1003 6 0 2
207 1 25 1004 5 2 1
208 2 0 1004 5 0 2
209 1 25 1005 2 2 1
210 2 0 1005 2 0 2
211 1 25 1006 4 2 1
212 2 0 1006 4 0 2
213 1 25 1007 7 2 1
214 2 0 1007 7 0 2
215 1 25 1008 5 2 1
216 2 0 1008 5 0 2
217 1 25 1009 5 2 1
218 2 0 1009 5 0 2
219 1 25 1010 5 2 1
220 2 0 1010 5 0 2
221 1 25 1011 3 2 1
222 2 0 1011 3 0 2
223 1 25 1012 3 2 1
224 2 0 1012 3 0 2
225 1 25 1013 6 2 1
226 2 0 1013 6 0 2
227 1 25 1014 5 2 1
228 2 0 1014 5 0 2
229 1 25 1015 1 2 1
230 2 0 1015 1 0 2
231 1 25 1016 3 2 1
232 2 0 1016 3 0 2
233 1 25 1017 6 2 1
234 2 0 1017 6 0 2
235 1 25 1018 5 2 1
236 2 0 1018 5 0 2
237 1 25 1019 3 2 1
238 2 0 1019 3 0 2
239 1 25 1020 6 2 1
240 2 0 1020 6 0 2
241 1 25 1021 7 2 1
242 2 0 1021 7 0 2
243 1 25 1022 3 2 1
244 2 0 1022 3 0 2
245 1 25 1023 3 2 1
246 2 0 1023 3 0 2
247 1 25 1024 3 2 1
248 2 0 1024 3 0 2
249 1 25 1025 3 2 1
250 2 0 1025 3 0 2
251 1 25 1026 3 2 1
252 2 0 1026 3 0 2
253 1 25 1027 1 2 1
254 2 0 1027 1 0 2
255 1 25 1028 1 2 1
256 2 0 1028 1 0 2
257 1 25 1029 2 2 1
258 2 0 1029 2 0 2
259 1 25 1030 5 2 1
260 2 0 1030 5 0 2
261 1 25 1031 1 2 1
262 2 0 1031 1 0 2
263 1 25 1032 7 2 1
264 2 0 1032 7 0 2
265 1 25 1033 4 2 1
266 2 0 1033 4 0 2
267 1 25 1034 3 2 1
268 2 0 1034 3 0 2
269 1 25 1035 3 2 1
270 2 0 1035 3 0 2
271 1 25 1036 5 2 1
272 2 0 1036 5 0 2
273 1 25 1037 4 2 1
274 2 0 1037 4 0 2
275 1 25 1038 3 2 1
276 2 0 1038 3 0 2
277 1 25 1039 5 2 1
278 2 0 1039 5 0 2
279 1 25 1040 3 2 1
280 2 0 1040 3 0 2
281 1 25 1041 3 2 1
282 2 0 1041 3 0 2
283 1 25 1042 1 2 1
284 2 0 1042 1 0 2
285 1 25 1043 5 2 1
286 2 0 1043 5 0 2
287 1 25 1044 6 2 1
288 2 0 1044 6 0 2
289 1 25 1045 1 2 1
290 2 0 1045 1 0 2
291 1 25 1046 6 2 1
292 2 0 1046 6 0 2
293 1 25 1047 5 2 1
294 2 0 1047 5 0 2
295 1 25 1048 1 2 1
296 2 0 1048 1 0 2
297 1 25 1049 3 2 1
298 2 0 1049 3 0 2
299 1 25 1050 6 2 1
300 2 0 1050 6 0 2
301 1 25 1051 3 2 1
302 2 0 1051 3 0 2
303 1 25 1052 5 2 1
304 2 0 1052 5 0 2
305 1 25 1053 2 2 1
306 2 0 1053 2 0 2
307 1 25 1054 4 2 1
308 2 0 1054 4 0 2
309 1 25 1055 6 2 1
310 2 0 1055 6 0 2
311 1 25 1056 3 2 1
312 2 0 1056 3 0 2
313 1 25 1057 2 2 1
314 2 0 1057 2 0 2
315 1 25 1058 5 2 1
316 2 0 1058 5 0 2
317 1 25 1059 5 2 1
318 2 0 1059 5 0 2
319 1 25 1060 5 2 1
320 2 0 1060 5 0 2
321 1 25 1061 5 2 1
322 2 0 1061 5 0 2
323 1 25 1062 4 2 1
324 2 0 1062 4 0 2
325 1 25 1063 5 2 1
326 2 0 1063 5 0 2
327 1 25 1064 1 2 1
328 2 0 1064 1 0 2
329 1 25 1065 3 2 1
330 2 0 1065 3 0 2
331 1 25 1066 1 2 1
332 2 0 1066 1 0 2
333 1 25 1067 6 2 1
334 2 0 1067 6 0 2
335 1 25 1068 2 2 1
336 2 0 1068 2 0 2
337 1 25 1069 5 2 1
338 2 0 1069 5 0 2
339 1 25 1070 7 2 1
340 2 0 1070 7 0 2
341 1 25 1071 2 2 1
342 2 0 1071 2 0 2
343 1 25 1072 3 2 1
344 2 0 1072 3 0 2
345 1 25 1073 3 2 1
346 2 0 1073 3 0 2
347 1 25 1074 5 2 1
348 2 0 1074 5 0 2
349 1 25 1075 5 2 1
350 2 0 1075 5 0 2
351 1 25 1076 1 2 1
352 2 0 1076 1 0 2
353 1 25 1077 1 2 1
354 2 0 1077 1 0 2
355 1 25 1078 6 2 1
356 2 0 1078 6 0 2
357 1 25 1079 5 2 1
358 2 0 1079 5 0 2
359 1 25 1080 7 2 1
360 2 0 1080 7 0 2
361 1 25 1081 6 2 1
362 2 0 1081 6 0 2
363 1 25 1082 3 2 1
364 2 0 1082 3 0 2
365 1 25 1083 4 2 1
366 2 0 1083 4 0 2
367 1 25 1084 2 2 1
368 2 0 1084 2 0 2
369 1 25 1085 7 2 1
370 2 0 1085 7 0 2
371 1 25 1086 3 2 1
372 2 0 1086 3 0 2
373 1 25 1087 4 2 1
374 2 0 1087 4 0 2
375 1 25 1088 5 2 1
376 2 0 1088 5 0 2
377 1 25 1089 5 2 1
378 2 0 1089 5 0 2
379 1 25 1090 4 2 1
380 2 0 1090 4 0 2
381 1 25 1091 6 2 1
382 2 0 1091 6 0 2
383 1 25 1092 1 2 1
384 2 0 1092 1 0 2
385 1 25 1093 5 2 1
386 2 0 1093 5 0 2
387 1 25 1094 7 2 1
388 2 0 1094 7 0 2
389 1 25 1095 2 2 1
390 2 0 1095 2 0 2
391 1 25 1096 6 2 1
392 2 0 1096 6 0 2
393 1 25 1097 6 2 1
394 2 0 1097 6 0 2
395 1 25 1098 2 2 1
396 2 0 1098 2 0 2
397 1 25 1099 3 2 1
398 2 0 1099 3 0 2
399 1 25 1100 1 2 1
400 2 0 1100 1 0 2
401 1 25 1101 2 2 1
402 2 0 1101 2 0 2
403 1 25 1102 7 2 1
404 2 0 1102 7 0 2
405 1 25 1103 3 2 1
406 2 0 1103 3 0 2
407 1 25 1104 3 2 1
408 2 0 1104 3 0 2
409 1 25 1105 2 2 1
410 2 0 1105 2 0 2
411 1 25 1106 2 2 1
412 2 0 1106 2 0 2
413 1 25 1107 3 2 1
414 2 0 1107 3 0 2
415 1 25 1108 3 2 1
416 2 0 1108 3 0 2
417 1 25 1109 6 2 1
418 2 0 1109 6 0 2
419 1 25 1110 6 2 1
420 2 0 1110 6 0 2
421 1 25 1111 3 2 1
422 2 0 1111 3 0 2
423 1 25 1112 7 2 1
424 2 0 1112 7 0 2
425 1 25 1113 2 2 1
426 2 0 1113 2 0 2
427 1 25 1114 4 2 1
428 2 0 1114 4 0 2
429 1 25 1115 3 2 1
430 2 0 1115 3 0 2
431 1 25 1116 5 2 1
432 2 0 1116 5 0 2
433 1 25 1117 7 2 1
434 2 0 1117 7 0 2
435 1 25 1118 6 2 1
436 2 0 1118 6 0 2
437 1 25 1119 5 2 1
438 2 0 1119 5 0 2
439 1 25 1120 2 2 1
440 2 0 1120 2 0 2
441 1 25 1121 3 2 1
442 2 0 1121 3 0 2
443 1 25 1122 7 2 1
444 2 0 1122 7 0 2
445 1 25 1123 1 2 1
446 2 0 1123 1 0 2
447 1 25 1124 2 2 1
448 2 0 1124 2 0 2
449 1 25 1125 2 2 1
450 2 0 1125 2 0 2
451 1 25 1126 4 2 1
452 2 0 1126 4 0 2
453 1 25 1127 6 2 1
454 2 0 1127 6 0 2
455 1 25 1128 4 2 1
456 2 0 1128 4 0 2
457 1 25 1129 4 2 1
458 2 0 1129 4 0 2
459 1 25 1130 7 2 1
460 2 0 1130 7 0 2
