# ST-6
# Trust!=truth: truths from high-trust (26,27) and from low-trust (28,29) corroborated by >=2 independents (30,31). Bars: high-trust >=90%, corroborated low-trust >=80%.
# seed=22518 episodes=360
# fmt: ep etype src key val aux gt
1 1 26 1201 4 1 1
2 2 0 1201 4 0 2
3 1 26 1202 3 1 1
4 2 0 1202 3 0 2
5 1 26 1203 7 1 1
6 2 0 1203 7 0 2
7 1 26 1204 2 1 1
8 2 0 1204 2 0 2
9 1 26 1205 2 1 1
10 2 0 1205 2 0 2
11 1 26 1206 1 1 1
12 2 0 1206 1 0 2
13 1 26 1207 3 1 1
14 2 0 1207 3 0 2
15 1 26 1208 6 1 1
16 2 0 1208 6 0 2
17 1 26 1209 6 1 1
18 2 0 1209 6 0 2
19 1 26 1210 4 1 1
20 2 0 1210 4 0 2
21 1 26 1211 4 1 1
22 2 0 1211 4 0 2
23 1 26 1212 2 1 1
24 2 0 1212 2 0 2
25 1 26 1213 6 1 1
26 2 0 1213 6 0 2
27 1 26 1214 6 1 1
28 2 0 1214 6 0 2
29 1 26 1215 6 1 1
30 2 0 1215 6 0 2
31 1 26 1216 6 1 1
32 2 0 1216 6 0 2
33 1 26 1217 4 1 1
34 2 0 1217 4 0 2
35 1 26 1218 7 1 1
36 2 0 1218 7 0 2
37 1 26 1219 1 1 1
38 2 0 1219 1 0 2
39 1 26 1220 4 1 1
40 2 0 1220 4 0 2
41 1 26 1221 4 1 1
42 2 0 1221 4 0 2
43 1 26 1222 6 1 1
44 2 0 1222 6 0 2
45 1 26 1223 2 1 1
46 2 0 1223 2 0 2
47 1 26 1224 6 1 1
48 2 0 1224 6 0 2
49 1 26 1225 6 1 1
50 2 0 1225 6 0 2
51 1 26 1226 1 1 1
52 2 0 1226 1 0 2
53 1 26 1227 7 1 1
54 2 0 1227 7 0 2
55 1 26 1228 5 1 1
56 2 0 1228 5 0 2
57 1 26 1229 2 1 1
58 2 0 1229 2 0 2
59 1 26 1230 1 1 1
60 2 0 1230 1 0 2
61 1 26 1231 6 1 1
62 2 0 1231 6 0 2
63 1 26 1232 5 1 1
64 2 0 1232 5 0 2
65 1 26 1233 7 1 1
66 2 0 1233 7 0 2
67 1 26 1234 7 1 1
68 2 0 1234 7 0 2
69 1 26 1235 2 1 1
70 2 0 1235 2 0 2
71 1 26 1236 1 1 1
72 2 0 1236 1 0 2
73 1 26 1237 6 1 1
74 2 0 1237 6 0 2
75 1 26 1238 5 1 1
76 2 0 1238 5 0 2
77 1 26 1239 2 1 1
78 2 0 1239 2 0 2
79 1 26 1240 7 1 1
80 2 0 1240 7 0 2
81 1 27 1241 1 1 1
82 2 0 1241 1 0 2
83 1 27 1242 6 1 1
84 2 0 1242 6 0 2
85 1 27 1243 6 1 1
86 2 0 1243 6 0 2
87 1 27 1244 7 1 1
88 2 0 1244 7 0 2
89 1 27 1245 6 1 1
90 2 0 1245 6 0 2
91 1 27 1246 5 1 1
92 2 0 1246 5 0 2
93 1 27 1247 1 1 1
94 2 0 1247 1 0 2
95 1 27 1248 1 1 1
96 2 0 1248 1 0 2
97 1 27 1249 6 1 1
98 2 0 1249 6 0 2
99 1 27 1250 5 1 1
100 2 0 1250 5 0 2
101 1 27 1251 4 1 1
102 2 0 1251 4 0 2
103 1 27 1252 7 1 1
104 2 0 1252 7 0 2
105 1 27 1253 2 1 1
106 2 0 1253 2 0 2
107 1 27 1254 2 1 1
108 2 0 1254 2 0 2
109 1 27 1255 7 1 1
110 2 0 1255 7 0 2
111 1 27 1256 3 1 1
112 2 0 1256 3 0 2
113 1 27 1257 1 1 1
114 2 0 1257 1 0 2
115 1 27 1258 5 1 1
116 2 0 1258 5 0 2
117 1 27 1259 5 1 1
118 2 0 1259 5 0 2
119 1 27 1260 4 1 1
120 2 0 1260 4 0 2
121 1 27 1261 7 1 1
122 2 0 1261 7 0 2
123 1 27 1262 4 1 1
124 2 0 1262 4 0 2
125 1 27 1263 3 1 1
126 2 0 1263 3 0 2
127 1 27 1264 2 1 1
128 2 0 1264 2 0 2
129 1 27 1265 7 1 1
130 2 0 1265 7 0 2
131 1 27 1266 3 1 1
132 2 0 1266 3 0 2
133 1 27 1267 3 1 1
134 2 0 1267 3 0 2
135 1 27 1268 5 1 1
136 2 0 1268 5 0 2
137 1 27 1269 6 1 1
138 2 0 1269 6 0 2
139 1 27 1270 5 1 1
140 2 0 1270 5 0 2
141 1 27 1271 3 1 1
142 2 0 1271 3 0 2
143 1 27 1272 2 1 1
144 2 0 1272 2 0 2
145 1 27 1273 6 1 1
146 2 0 1273 6 0 2
147 1 27 1274 5 1 1
148 2 0 1274 5 0 2
149 1 27 1275 5 1 1
150 2 0 1275 5 0 2
151 1 27 1276 5 1 1
152 2 0 1276 5 0 2
153 1 27 1277 3 1 1
154 2 0 1277 3 0 2
155 1 27 1278 3 1 1
156 2 0 1278 3 0 2
157 1 27 1279 5 1 1
158 2 0 1279 5 0 2
159 1 27 1280 1 1 1
160 2 0 1280 1 0 2
161 1 28 1281 7 2 0
162 2 0 1281 6 0 2
163 1 28 1282 5 2 0
164 2 0 1282 4 0 2
165 1 28 1283 6 2 0
166 2 0 1283 5 0 2
167 1 28 1284 1 2 0
168 2 0 1284 7 0 2
169 1 28 1285 7 2 0
170 2 0 1285 6 0 2
171 1 28 1286 1 2 0
172 2 0 1286 7 0 2
173 1 28 1287 2 2 0
174 2 0 1287 1 0 2
175 1 28 1288 2 2 0
176 2 0 1288 1 0 2
177 1 28 1289 4 2 0
178 2 0 1289 3 0 2
179 1 28 1290 7 2 0
180 2 0 1290 6 0 2
181 1 28 1291 4 2 0
182 2 0 1291 3 0 2
183 1 28 1292 7 2 0
184 2 0 1292 6 0 2
185 1 28 1293 3 2 0
186 2 0 1293 2 0 2
187 1 28 1294 6 2 0
188 2 0 1294 5 0 2
189 1 28 1295 3 2 0
190 2 0 1295 2 0 2
191 1 28 1296 3 2 0
192 2 0 1296 2 0 2
193 1 28 1297 3 2 0
194 2 0 1297 2 0 2
195 1 28 1298 3 2 0
196 2 0 1298 2 0 2
197 1 28 1299 2 2 0
198 2 0 1299 1 0 2
199 1 28 1300 3 2 0
200 2 0 1300 2 0 2
201 1 29 1301 1 2 0
202 2 0 1301 7 0 2
203 1 29 1302 7 2 0
204 2 0 1302 6 0 2
205 1 29 1303 2 2 0
206 2 0 1303 1 0 2
207 1 29 1304 2 2 0
208 2 0 1304 1 0 2
209 1 29 1305 3 2 0
210 2 0 1305 2 0 2
211 1 29 1306 6 2 0
212 2 0 1306 5 0 2
213 1 29 1307 1 2 0
214 2 0 1307 7 0 2
215 1 29 1308 3 2 0
216 2 0 1308 2 0 2
217 1 29 1309 5 2 0
218 2 0 1309 4 0 2
219 1 29 1310 6 2 0
220 2 0 1310 5 0 2
221 1 29 1311 5 2 0
222 2 0 1311 4 0 2
223 1 29 1312 7 2 0
224 2 0 1312 6 0 2
225 1 29 1313 7 2 0
226 2 0 1313 6 0 2
227 1 29 1314 3 2 0
228 2 0 1314 2 0 2
229 1 29 1315 5 2 0
230 2 0 1315 4 0 2
231 1 29 1316 2 2 0
232 2 0 1316 1 0 2
233 1 29 1317 3 2 0
234 2 0 1317 2 0 2
235 1 29 1318 6 2 0
236 2 0 1318 5 0 2
237 1 29 1319 2 2 0
238 2 0 1319 1 0 2
239 1 29 1320 1 2 0
240 2 0 1320 7 0 2
241 1 26 1321 3 11 1
242 2 0 1321 3 0 2
243 1 27 1322 1 11 1
244 2 0 1322 1 0 2
245 1 26 1323 1 11 1
246 2 0 1323 1 0 2
247 1 27 1324 2 11 1
248 2 0 1324 2 0 2
249 1 26 1325 4 11 1
250 2 0 1325 4 0 2
251 1 27 1326 2 11 1
252 2 0 1326 2 0 2
253 1 26 1327 7 11 1
254 2 0 1327 7 0 2
255 1 27 1328 7 11 1
256 2 0 1328 7 0 2
257 1 26 1329 4 11 1
258 2 0 1329 4 0 2
259 1 27 1330 2 11 1
260 2 0 1330 2 0 2
261 1 26 1331 4 11 1
262 2 0 1331 4 0 2
263 1 27 1332 5 11 1
264 2 0 1332 5 0 2
265 1 26 1333 6 11 1
266 2 0 1333 6 0 2
267 1 27 1334 3 11 1
268 2 0 1334 3 0 2
269 1 26 1335 5 11 1
270 2 0 1335 5 0 2
271 1 27 1336 2 11 1
272 2 0 1336 2 0 2
273 1 26 1337 4 11 1
274 2 0 1337 4 0 2
275 1 27 1338 7 11 1
276 2 0 1338 7 0 2
277 1 26 1339 6 11 1
278 2 0 1339 6 0 2
279 1 27 1340 6 11 1
280 2 0 1340 6 0 2
281 1 30 1341 3 13 1
282 1 31 1341 3 13 1
283 1 28 1341 3 12 1
284 2 0 1341 3 0 2
285 1 30 1342 3 13 1
286 1 31 1342 3 13 1
287 1 29 1342 3 12 1
288 2 0 1342 3 0 2
289 1 30 1343 1 13 1
290 1 31 1343 1 13 1
291 1 28 1343 1 12 1
292 2 0 1343 1 0 2
293 1 30 1344 5 13 1
294 1 31 1344 5 13 1
295 1 29 1344 5 12 1
296 2 0 1344 5 0 2
297 1 30 1345 1 13 1
298 1 31 1345 1 13 1
299 1 28 1345 1 12 1
300 2 0 1345 1 0 2
301 1 30 1346 7 13 1
302 1 31 1346 7 13 1
303 1 29 1346 7 12 1
304 2 0 1346 7 0 2
305 1 30 1347 5 13 1
306 1 31 1347 5 13 1
307 1 28 1347 5 12 1
308 2 0 1347 5 0 2
309 1 30 1348 2 13 1
310 1 31 1348 2 13 1
311 1 29 1348 2 12 1
312 2 0 1348 2 0 2
313 1 30 1349 7 13 1
314 1 31 1349 7 13 1
315 1 28 1349 7 12 1
316 2 0 1349 7 0 2
317 1 30 1350 4 13 1
318 1 31 1350 4 13 1
319 1 29 1350 4 12 1
320 2 0 1350 4 0 2
321 1 30 1351 6 13 1
322 1 31 1351 6 13 1
323 1 28 1351 6 12 1
324 2 0 1351 6 0 2
325 1 30 1352 6 13 1
326 1 31 1352 6 13 1
327 1 29 1352 6 12 1
328 2 0 1352 6 0 2
329 1 30 1353 3 13 1
330 1 31 1353 3 13 1
331 1 28 1353 3 12 1
332 2 0 1353 3 0 2
333 1 30 1354 4 13 1
334 1 31 1354 4 13 1
335 1 29 1354 4 12 1
336 2 0 1354 4 0 2
337 1 30 1355 3 13 1
338 1 31 1355 3 13 1
339 1 28 1355 3 12 1
340 2 0 1355 3 0 2
341 1 30 1356 2 13 1
342 1 31 1356 2 13 1
343 1 29 1356 2 12 1
344 2 0 1356 2 0 2
345 1 30 1357 7 13 1
346 1 31 1357 7 13 1
347 1 28 1357 7 12 1
348 2 0 1357 7 0 2
349 1 30 1358 1 13 1
350 1 31 1358 1 13 1
351 1 29 1358 1 12 1
352 2 0 1358 1 0 2
353 1 30 1359 4 13 1
354 1 31 1359 4 13 1
355 1 28 1359 4 12 1
356 2 0 1359 4 0 2
357 1 30 1360 4 13 1
358 1 31 1360 4 13 1
359 1 29 1360 4 12 1
360 2 0 1360 4 0 2
