0000000000000000000000000000000000000000000000000000000000000000|0000000000000000000000000000000000000000000000000000000000000000|0|3|rt4_TMB-5_A17F_0000.r24|2|1|RICH|690|0|2200|0000000000000000000000000000000000000000000000000000000000000000|DARK|1|690|DISP=ACCEPT_INSTALL|DETAIL=a17f
0000000000000000000000000000000000000000000000000000000000000000|0000000000000000000000000000000000000000000000000000000000000000|0|3|rt4_TMB-5_A17F_0001.r24|2|1|RICH|722|0|2200|0000000000000000000000000000000000000000000000000000000000000000|DARK|1|722|DISP=ACCEPT_INSTALL|DETAIL=a17f
0000000000000000000000000000000000000000000000000000000000000000|0000000000000000000000000000000000000000000000000000000000000000|0|3|rt4_TMB-5_A17F_0002.r24|2|1|RICH|672|0|2400|0000000000000000000000000000000000000000000000000000000000000000|DARK|1|672|DISP=ACCEPT_INSTALL|DETAIL=a17f
0000000000000000000000000000000000000000000000000000000000000000|0000000000000000000000000000000000000000000000000000000000000000|0|3|rt4_TMB-5_A17F_0003.r24|2|1|RICH|656|0|2420|0000000000000000000000000000000000000000000000000000000000000000|DARK|1|656|DISP=ACCEPT_INSTALL|DETAIL=a17f
0000000000000000000000000000000000000000000000000000000000000000|0000000000000000000000000000000000000000000000000000000000000000|0|3|rt4_TMB-5_A17F_0004.r24|2|1|RICH|664|0|2430|0000000000000000000000000000000000000000000000000000000000000000|DARK|1|664|DISP=ACCEPT_INSTALL|DETAIL=a17f
0000000000000000000000000000000000000000000000000000000000000000|0000000000000000000000000000000000000000000000000000000000000000|0|3|rt4_TMB-5_A17F_0005.r24|2|1|RICH|672|0|2440|0000000000000000000000000000000000000000000000000000000000000000|DARK|1|672|DISP=ACCEPT_INSTALL|DETAIL=a17f
0000000000000000000000000000000000000000000000000000000000000000|0000000000000000000000000000000000000000000000000000000000000000|0|3|rt4_TMB-5_A17F_0006.r24|2|1|RICH|656|0|2460|0000000000000000000000000000000000000000000000000000000000000000|DARK|1|656|DISP=ACCEPT_INSTALL|DETAIL=a17f
0000000000000000000000000000000000000000000000000000000000000000|0000000000000000000000000000000000000000000000000000000000000000|0|3|rt4_TMB-5_A17F_0007.r24|2|1|RICH|664|0|2470|0000000000000000000000000000000000000000000000000000000000000000|DARK|1|664|DISP=ACCEPT_INSTALL|DETAIL=a17f
0000000000000000000000000000000000000000000000000000000000000000|0000000000000000000000000000000000000000000000000000000000000000|0|3|rt4_TMB-5_A17F_0008.r24|2|1|RICH|672|0|2480|0000000000000000000000000000000000000000000000000000000000000000|DARK|1|672|DISP=ACCEPT_INSTALL|DETAIL=a17f
0000000000000000000000000000000000000000000000000000000000000000|0000000000000000000000000000000000000000000000000000000000000000|0|3|rt4_TMB-5_A17F_0009.r24|2|1|RICH|656|0|2500|0000000000000000000000000000000000000000000000000000000000000000|DARK|1|656|DISP=ACCEPT_INSTALL|DETAIL=a17f
0000000000000000000000000000000000000000000000000000000000000000|0000000000000000000000000000000000000000000000000000000000000000|0|3|rt4_TMB-5_A17F_0010.r24|2|1|RICH|664|0|2510|0000000000000000000000000000000000000000000000000000000000000000|DARK|1|664|DISP=ACCEPT_INSTALL|DETAIL=a17f
0000000000000000000000000000000000000000000000000000000000000000|0000000000000000000000000000000000000000000000000000000000000000|0|3|rt4_TMB-5_A17F_0011.r24|2|1|RICH|672|0|2520|0000000000000000000000000000000000000000000000000000000000000000|DARK|1|672|DISP=ACCEPT_INSTALL|DETAIL=a17f
0000000000000000000000000000000000000000000000000000000000000000|0000000000000000000000000000000000000000000000000000000000000000|0|3|rt4_TMB-5_A17F_0012.r24|2|1|RICH|656|0|2540|0000000000000000000000000000000000000000000000000000000000000000|DARK|1|656|DISP=ACCEPT_INSTALL|DETAIL=a17f
0000000000000000000000000000000000000000000000000000000000000000|0000000000000000000000000000000000000000000000000000000000000000|0|3|rt4_TMB-5_A17F_0013.r24|2|1|RICH|688|0|2540|0000000000000000000000000000000000000000000000000000000000000000|DARK|1|688|DISP=ACCEPT_INSTALL|DETAIL=a17f
0000000000000000000000000000000000000000000000000000000000000000|0000000000000000000000000000000000000000000000000000000000000000|0|3|rt4_TMB-5_A17F_0014.r24|2|1|RICH|720|0|2540|0000000000000000000000000000000000000000000000000000000000000000|DARK|1|720|DISP=ACCEPT_INSTALL|DETAIL=a17f
0000000000000000000000000000000000000000000000000000000000000000|0000000000000000000000000000000000000000000000000000000000000000|0|3|rt4_TMB-5_A17F_0015.r24|2|1|RICH|752|0|2540|0000000000000000000000000000000000000000000000000000000000000000|DARK|1|752|DISP=ACCEPT_INSTALL|DETAIL=a17f
0000000000000000000000000000000000000000000000000000000000000000|0000000000000000000000000000000000000000000000000000000000000000|0|3|rt4_TMB-5_A17F_0016.r24|2|1|RICH|666|0|2550|0000000000000000000000000000000000000000000000000000000000000000|DARK|1|666|DISP=ACCEPT_INSTALL|DETAIL=a17f
0000000000000000000000000000000000000000000000000000000000000000|0000000000000000000000000000000000000000000000000000000000000000|0|3|rt4_TMB-5_A17F_0017.r24|2|1|RICH|698|0|2550|0000000000000000000000000000000000000000000000000000000000000000|DARK|1|698|DISP=ACCEPT_INSTALL|DETAIL=a17f
0000000000000000000000000000000000000000000000000000000000000000|0000000000000000000000000000000000000000000000000000000000000000|0|3|rt4_TMB-5_A17F_0018.r24|2|1|RICH|730|0|2550|0000000000000000000000000000000000000000000000000000000000000000|DARK|1|730|DISP=ACCEPT_INSTALL|DETAIL=a17f
0000000000000000000000000000000000000000000000000000000000000000|0000000000000000000000000000000000000000000000000000000000000000|0|3|rt4_TMB-5_A17F_0019.r24|2|1|RICH|762|0|2550|0000000000000000000000000000000000000000000000000000000000000000|DARK|1|762|DISP=ACCEPT_INSTALL|DETAIL=a17f
0000000000000000000000000000000000000000000000000000000000000000|0000000000000000000000000000000000000000000000000000000000000000|0|3|rt4_TMB-5_A17F_0020.r24|2|1|RICH|668|0|2560|0000000000000000000000000000000000000000000000000000000000000000|DARK|1|668|DISP=ACCEPT_INSTALL|DETAIL=a17f
0000000000000000000000000000000000000000000000000000000000000000|0000000000000000000000000000000000000000000000000000000000000000|0|3|rt4_TMB-5_A17F_0021.r24|2|1|RICH|770|0|2560|0000000000000000000000000000000000000000000000000000000000000000|DARK|1|770|DISP=ACCEPT_INSTALL|DETAIL=a17f
0000000000000000000000000000000000000000000000000000000000000000|0000000000000000000000000000000000000000000000000000000000000000|0|3|rt4_TMB-5_A17F_0022.r24|2|1|RICH|674|0|2570|0000000000000000000000000000000000000000000000000000000000000000|DARK|1|674|DISP=ACCEPT_INSTALL|DETAIL=a17f
0000000000000000000000000000000000000000000000000000000000000000|0000000000000000000000000000000000000000000000000000000000000000|0|3|rt4_TMB-5_A17F_0023.r24|2|1|RICH|652|0|2580|0000000000000000000000000000000000000000000000000000000000000000|DARK|1|652|DISP=ACCEPT_INSTALL|DETAIL=a17f
0000000000000000000000000000000000000000000000000000000000000000|0000000000000000000000000000000000000000000000000000000000000000|0|3|rt4_TMB-5_A17F_0024.r24|2|1|RICH|762|0|2580|0000000000000000000000000000000000000000000000000000000000000000|DARK|1|762|DISP=ACCEPT_INSTALL|DETAIL=a17f
0000000000000000000000000000000000000000000000000000000000000000|0000000000000000000000000000000000000000000000000000000000000000|0|3|rt4_TMB-5_A17F_0025.r24|2|1|RICH|666|0|2590|0000000000000000000000000000000000000000000000000000000000000000|DARK|1|666|DISP=ACCEPT_INSTALL|DETAIL=a17f
0000000000000000000000000000000000000000000000000000000000000000|0000000000000000000000000000000000000000000000000000000000000000|0|3|rt4_TMB-5_A17F_0026.r24|2|1|RICH|656|0|2600|0000000000000000000000000000000000000000000000000000000000000000|DARK|1|656|DISP=ACCEPT_INSTALL|DETAIL=a17f
0000000000000000000000000000000000000000000000000000000000000000|0000000000000000000000000000000000000000000000000000000000000000|0|3|rt4_TMB-5_A17F_0027.r24|2|1|RICH|774|0|2600|0000000000000000000000000000000000000000000000000000000000000000|DARK|1|774|DISP=ACCEPT_INSTALL|DETAIL=a17f
0000000000000000000000000000000000000000000000000000000000000000|0000000000000000000000000000000000000000000000000000000000000000|0|3|rt4_TMB-5_A17F_0028.r24|2|1|RICH|764|0|2610|0000000000000000000000000000000000000000000000000000000000000000|DARK|1|764|DISP=ACCEPT_INSTALL|DETAIL=a17f
0000000000000000000000000000000000000000000000000000000000000000|0000000000000000000000000000000000000000000000000000000000000000|0|3|rt4_TMB-5_A17F_0029.r24|2|1|RICH|754|0|2620|0000000000000000000000000000000000000000000000000000000000000000|DARK|1|754|DISP=ACCEPT_INSTALL|DETAIL=a17f
0000000000000000000000000000000000000000000000000000000000000000|0000000000000000000000000000000000000000000000000000000000000000|0|3|rt4_TMB-5_A17F_0030.r24|2|1|RICH|658|0|2630|0000000000000000000000000000000000000000000000000000000000000000|DARK|1|658|DISP=ACCEPT_INSTALL|DETAIL=a17f
0000000000000000000000000000000000000000000000000000000000000000|0000000000000000000000000000000000000000000000000000000000000000|0|3|rt4_TMB-5_A17F_0031.r24|2|1|RICH|776|0|2630|0000000000000000000000000000000000000000000000000000000000000000|DARK|1|776|DISP=ACCEPT_INSTALL|DETAIL=a17f
0000000000000000000000000000000000000000000000000000000000000000|0000000000000000000000000000000000000000000000000000000000000000|0|3|rt4_TMB-5_A17F_0032.r24|2|1|RICH|766|0|2640|0000000000000000000000000000000000000000000000000000000000000000|DARK|1|766|DISP=ACCEPT_INSTALL|DETAIL=a17f
0000000000000000000000000000000000000000000000000000000000000000|0000000000000000000000000000000000000000000000000000000000000000|0|3|rt4_TMB-5_A17F_0033.r24|2|1|RICH|756|0|2650|0000000000000000000000000000000000000000000000000000000000000000|DARK|1|756|DISP=ACCEPT_INSTALL|DETAIL=a17f
0000000000000000000000000000000000000000000000000000000000000000|0000000000000000000000000000000000000000000000000000000000000000|0|3|rt4_TMB-5_A17F_0034.r24|2|1|RICH|660|0|2660|0000000000000000000000000000000000000000000000000000000000000000|DARK|1|660|DISP=ACCEPT_INSTALL|DETAIL=a17f
0000000000000000000000000000000000000000000000000000000000000000|0000000000000000000000000000000000000000000000000000000000000000|0|3|rt4_TMB-5_A17F_0035.r24|2|1|RICH|650|0|2670|0000000000000000000000000000000000000000000000000000000000000000|DARK|1|650|DISP=ACCEPT_INSTALL|DETAIL=a17f
0000000000000000000000000000000000000000000000000000000000000000|0000000000000000000000000000000000000000000000000000000000000000|0|3|rt4_TMB-5_A17F_0036.r24|2|1|RICH|768|0|2670|0000000000000000000000000000000000000000000000000000000000000000|DARK|1|768|DISP=ACCEPT_INSTALL|DETAIL=a17f
0000000000000000000000000000000000000000000000000000000000000000|0000000000000000000000000000000000000000000000000000000000000000|0|3|rt4_TMB-5_A17F_0037.r24|2|1|RICH|752|0|2680|0000000000000000000000000000000000000000000000000000000000000000|DARK|1|752|DISP=ACCEPT_INSTALL|DETAIL=a17f
0000000000000000000000000000000000000000000000000000000000000000|0000000000000000000000000000000000000000000000000000000000000000|0|3|rt4_TMB-5_A17F_0038.r24|2|1|RICH|658|0|2690|0000000000000000000000000000000000000000000000000000000000000000|DARK|1|658|DISP=ACCEPT_INSTALL|DETAIL=a17f
0000000000000000000000000000000000000000000000000000000000000000|0000000000000000000000000000000000000000000000000000000000000000|0|3|rt4_TMB-5_A17F_0039.r24|2|1|RICH|768|0|2690|0000000000000000000000000000000000000000000000000000000000000000|DARK|1|768|DISP=ACCEPT_INSTALL|DETAIL=a17f
0000000000000000000000000000000000000000000000000000000000000000|0000000000000000000000000000000000000000000000000000000000000000|0|3|rt4_TMB-5_A17F_0040.r24|2|1|RICH|752|0|2700|0000000000000000000000000000000000000000000000000000000000000000|DARK|1|752|DISP=ACCEPT_INSTALL|DETAIL=a17f
0000000000000000000000000000000000000000000000000000000000000000|0000000000000000000000000000000000000000000000000000000000000000|0|3|rt4_TMB-5_A17F_0041.r24|2|1|RICH|666|0|2710|0000000000000000000000000000000000000000000000000000000000000000|DARK|1|666|DISP=ACCEPT_INSTALL|DETAIL=a17f
0000000000000000000000000000000000000000000000000000000000000000|0000000000000000000000000000000000000000000000000000000000000000|0|3|rt4_TMB-5_A17F_0042.r24|2|1|RICH|698|0|2710|0000000000000000000000000000000000000000000000000000000000000000|DARK|1|698|DISP=ACCEPT_INSTALL|DETAIL=a17f
0000000000000000000000000000000000000000000000000000000000000000|0000000000000000000000000000000000000000000000000000000000000000|0|3|rt4_TMB-5_A17F_0043.r24|2|1|RICH|730|0|2710|0000000000000000000000000000000000000000000000000000000000000000|DARK|1|730|DISP=ACCEPT_INSTALL|DETAIL=a17f
0000000000000000000000000000000000000000000000000000000000000000|0000000000000000000000000000000000000000000000000000000000000000|0|3|rt4_TMB-5_A17F_0044.r24|2|1|RICH|650|0|2720|0000000000000000000000000000000000000000000000000000000000000000|DARK|1|650|DISP=ACCEPT_INSTALL|DETAIL=a17f
0000000000000000000000000000000000000000000000000000000000000000|0000000000000000000000000000000000000000000000000000000000000000|0|3|rt4_TMB-5_A17F_0045.r24|2|1|RICH|682|0|2720|0000000000000000000000000000000000000000000000000000000000000000|DARK|1|682|DISP=ACCEPT_INSTALL|DETAIL=a17f
0000000000000000000000000000000000000000000000000000000000000000|0000000000000000000000000000000000000000000000000000000000000000|0|3|rt4_TMB-5_A17F_0046.r24|2|1|RICH|714|0|2720|0000000000000000000000000000000000000000000000000000000000000000|DARK|1|714|DISP=ACCEPT_INSTALL|DETAIL=a17f
0000000000000000000000000000000000000000000000000000000000000000|0000000000000000000000000000000000000000000000000000000000000000|0|3|rt4_TMB-5_A17F_0047.r24|2|1|RICH|746|0|2720|0000000000000000000000000000000000000000000000000000000000000000|DARK|1|746|DISP=ACCEPT_INSTALL|DETAIL=a17f
0000000000000000000000000000000000000000000000000000000000000000|0000000000000000000000000000000000000000000000000000000000000000|0|3|rt4_TMB-5_A17F_0048.r24|2|1|RICH|650|0|2740|0000000000000000000000000000000000000000000000000000000000000000|DARK|1|650|DISP=ACCEPT_INSTALL|DETAIL=a17f
0000000000000000000000000000000000000000000000000000000000000000|0000000000000000000000000000000000000000000000000000000000000000|0|3|rt4_TMB-5_A17F_0049.r24|2|1|RICH|658|0|2750|0000000000000000000000000000000000000000000000000000000000000000|DARK|1|658|DISP=ACCEPT_INSTALL|DETAIL=a17f
0000000000000000000000000000000000000000000000000000000000000000|0000000000000000000000000000000000000000000000000000000000000000|0|3|rt4_TMB-5_A17F_0050.r24|2|1|RICH|666|0|2760|0000000000000000000000000000000000000000000000000000000000000000|DARK|1|666|DISP=ACCEPT_INSTALL|DETAIL=a17f
0000000000000000000000000000000000000000000000000000000000000000|0000000000000000000000000000000000000000000000000000000000000000|0|3|rt4_TMB-5_A17F_0051.r24|2|1|RICH|650|0|2780|0000000000000000000000000000000000000000000000000000000000000000|DARK|1|650|DISP=ACCEPT_INSTALL|DETAIL=a17f
0000000000000000000000000000000000000000000000000000000000000000|0000000000000000000000000000000000000000000000000000000000000000|0|3|rt4_TMB-5_A17F_0052.r24|2|1|RICH|658|0|2790|0000000000000000000000000000000000000000000000000000000000000000|DARK|1|658|DISP=ACCEPT_INSTALL|DETAIL=a17f
0000000000000000000000000000000000000000000000000000000000000000|0000000000000000000000000000000000000000000000000000000000000000|0|3|rt4_TMB-5_A17F_0053.r24|2|1|RICH|666|0|2800|0000000000000000000000000000000000000000000000000000000000000000|DARK|1|666|DISP=ACCEPT_INSTALL|DETAIL=a17f
0000000000000000000000000000000000000000000000000000000000000000|0000000000000000000000000000000000000000000000000000000000000000|0|3|rt4_TMB-5_A17F_0054.r24|2|1|RICH|650|0|2820|0000000000000000000000000000000000000000000000000000000000000000|DARK|1|650|DISP=ACCEPT_INSTALL|DETAIL=a17f
0000000000000000000000000000000000000000000000000000000000000000|0000000000000000000000000000000000000000000000000000000000000000|0|3|rt4_TMB-5_A17F_0055.r24|2|1|RICH|658|0|2830|0000000000000000000000000000000000000000000000000000000000000000|DARK|1|658|DISP=ACCEPT_INSTALL|DETAIL=a17f
0000000000000000000000000000000000000000000000000000000000000000|0000000000000000000000000000000000000000000000000000000000000000|0|3|rt4_TMB-5_A17F_0056.r24|2|1|RICH|666|0|2840|0000000000000000000000000000000000000000000000000000000000000000|DARK|1|666|DISP=ACCEPT_INSTALL|DETAIL=a17f
0000000000000000000000000000000000000000000000000000000000000000|0000000000000000000000000000000000000000000000000000000000000000|0|3|rt4_TMB-5_A17F_0057.r24|2|1|RICH|650|0|2860|0000000000000000000000000000000000000000000000000000000000000000|DARK|1|650|DISP=ACCEPT_INSTALL|DETAIL=a17f
0000000000000000000000000000000000000000000000000000000000000000|0000000000000000000000000000000000000000000000000000000000000000|0|3|rt4_TMB-5_A17F_0058.r24|2|1|RICH|658|0|2870|0000000000000000000000000000000000000000000000000000000000000000|DARK|1|658|DISP=ACCEPT_INSTALL|DETAIL=a17f
0000000000000000000000000000000000000000000000000000000000000000|0000000000000000000000000000000000000000000000000000000000000000|0|3|rt4_TMB-5_A17F_0059.r24|2|1|RICH|666|0|2880|0000000000000000000000000000000000000000000000000000000000000000|DARK|1|666|DISP=ACCEPT_INSTALL|DETAIL=a17f
