8.199
10.599
14.099
15.800
16.000
16.199
20.000
1.014
1.483
1.531
1.883
1.991
2.255
2.329
2.425
2.439
2.594
2.607
2.737
2.763
2.831
2.927
2.946
3.082
3.089
3.250
3.297
3.304
3.413
3.446
3.578
3.677
3.738
3.751
3.799
3.928
4.038
4.107
4.122
4.134
4.284
4.342
4.458
4.487
4.558
4.628
4.823
4.893
5.180
6.617
6.767
7.035
7.128
7.243
7.312
7.381
7.481
7.484
7.655
7.694
7.694
7.794
7.826
7.881
7.992
7.999
8.106
8.156
8.170
8.269
8.340
8.398
8.505
8.527
8.534
8.589
8.668
8.684
8.790
8.827
8.957
8.967
8.989
9.042
9.153
9.206
9.247
9.293
9.322
9.325
9.460
9.498
9.563
9.672
9.676
9.726
9.852
9.884
9.943
9.997
10.025
10.096
10.183
10.190
10.261
10.353
10.466
10.467
10.507
10.514
10.662
10.676
10.743
10.753
10.820
10.840
11.007
11.009
11.013
11.174
11.218
11.248
11.280
11.306
11.341
11.504
11.506
11.540
11.641
11.670
11.773
11.807
11.832
11.993
11.996
12.014
12.075
12.115
12.152
12.289
12.315
12.441
12.482
12.595
12.656
12.712
12.930
13.717
14.682
15.966
16.029
16.104
16.184
16.217
16.271
16.403
16.406
16.412
16.442
16.460
16.489
16.595
16.599
16.612
16.626
16.729
16.782
16.783
16.785
16.822
16.854
16.940
16.952
16.976
17.041
17.085
17.121
17.150
17.168
17.184
17.282
17.290
17.316
17.343
17.359
17.457
17.526
17.542
17.551
17.564
17.573
17.623
17.641
17.741
17.764
17.790
17.875
17.914
17.931
17.935
17.941
17.954
17.983
18.117
18.121
18.198
18.204
18.226
18.271
18.278
18.311
18.349
18.426
18.438
18.506
18.509
18.516
18.597
18.632
18.652
18.705
18.712
18.758
18.789
18.806
18.885
18.906
18.924
18.948
19.072
19.086
19.091
19.091
19.107
19.118
19.252
19.259
19.304
19.352
19.363
19.427
19.430
19.439
19.494
19.571
19.587
19.594
19.668
19.678
19.751
19.763
19.793
19.822
19.861
19.914
19.929
19.977
20.046
20.059
20.085
20.089
20.098
20.234
20.265
20.272
20.281
20.295
20.403
20.411
20.432
20.433
20.530
20.572
20.601
20.636
20.636
20.715
20.748
20.767
20.770
20.842
20.855
20.938
20.960
21.003
21.031
21.048
21.099
21.108
21.138
21.239
21.253
21.260
21.282
21.353
21.391
21.426
21.459
21.459
21.474
21.591
21.638
21.664
21.672
21.694
21.709
21.723
21.816
21.868
21.894
21.941
21.976
21.996
22.027
22.054
22.070
22.175
22.177
22.212
22.269
22.317
22.330
22.362
22.405
22.414
22.465
22.545
22.562
22.632
22.661
22.664
22.729
22.754
22.854
22.858
22.889
22.912
23.018
23.060
23.073
23.095
23.267
23.293
24.980
25.131
25.611
25.679
25.808
25.826
26.071
26.193
26.303
26.312
26.518
26.675
26.717
26.727
27.012
27.125
27.160
27.245
27.447
27.522
27.618
27.933
27.956
