2.0
2.0455
2.1364
2.2273
2.3182
2.35
2.4
2.4455
2.5364
2.6273
2.7182
2.75
2.8
2.8455
2.9364
3.0273
3.1182
3.15
3.2
3.2455
3.3364
3.4273
3.5182
3.55
3.6
3.6455
3.7364
3.8273
3.9182
3.95
4.0
4.0455
4.1364
4.2273
4.3182
4.35
4.4
4.4455
4.5364
4.6273
4.7182
4.75
4.8
4.8455
4.9364
5.0273
5.1182
5.15
6.0
6.05
6.15
6.25
6.35
6.45
6.55
6.65
6.75
6.85
6.95
7.05
7.15
7.25
7.35
7.45
7.55
7.65
7.75
7.85
7.95
8.05
8.15
8.25
8.35
8.45
8.55
8.65
8.75
8.8
9.5
9.55
9.65
9.75
9.85
9.95
10.05
10.15
10.25
10.35
10.45
10.55
10.65
10.75
10.85
10.95
11.05
11.15
11.25
11.35
11.45
11.55
11.65
11.75
11.85
11.95
12.05
12.15
12.25
12.3
12.5
12.55
12.65
12.75
12.85
12.95
13.05
13.15
13.25
13.35
13.45
13.55
13.65
13.75
13.85
13.95
14.05
14.15
14.25
14.35
14.45
14.55
14.65
14.75
14.8
16.0
16.05
16.15
16.25
16.35
16.45
16.55
16.65
16.75
16.85
16.95
17.05
17.15
17.25
17.35
17.45
17.55
17.65
17.75
17.85
17.95
18.05
18.15
18.25
18.3
18.5
18.55
18.65
18.75
18.85
18.95
19.05
19.15
19.25
19.35
19.45
19.55
19.65
19.75
19.85
19.95
20.05
20.15
20.25
20.35
20.45
20.55
20.65
20.75
20.8
21.0
21.05
21.15
21.25
21.35
21.45
21.55
21.65
21.75
21.85
21.95
22.05
22.15
22.25
22.35
22.45
22.55
22.65
22.75
22.8
24.0
24.0455
24.1364
24.2273
24.3182
24.35
24.4
24.4455
24.5364
24.6273
24.7182
24.75
24.8
24.8455
24.9364
25.0273
25.1182
25.15
25.2
25.2455
25.3364
25.4273
25.5182
25.55
25.6
25.6455
25.7364
25.8273
25.9182
25.95
26.0
26.0455
26.1364
26.2273
26.3182
26.35
26.4
26.4455
26.5364
26.6273
26.7182
26.75
26.8
26.8455
26.9364
27.0273
27.1182
27.15
27.5
27.55
27.65
27.75
27.85
27.95
28.05
28.15
28.25
28.35
28.45
28.55
28.65
28.75
28.85
28.95
29.05
29.15
29.25
29.3
