Q 0 0 5 0 1
Q 1 6 11 0 1
Q 2 12 19 0 1
Q 3 20 25 0 1
Q 4 26 30 0 1
Q 5 31 38 0 1
Q 6 39 43 0 1
Q 7 44 49 0 1
Q 8 50 55 0 1
Q 9 56 62 0 1
Q 10 63 67 0 1
Q 11 68 72 0 1
Q 12 1 5 0 1
Q 13 7 11 0 1
Q 14 13 19 0 1
Q 15 21 25 0 1
Q 16 27 30 0 1
Q 17 32 38 0 1
Q 18 0 5 0 2
Q 19 6 11 1 2
Q 20 12 19 2 2
Q 21 20 25 3 2
Q 22 26 30 4 2
Q 23 31 38 5 2
Q 24 0 5 3 2
Q 25 6 11 4 2
Q 26 12 19 5 2
Q 27 20 25 6 2
Q 28 0 0 0 3
Q 29 6 0 0 3
Q 30 12 0 0 3
Q 31 20 0 0 3
Q 32 2 0 0 3
Q 33 8 0 0 3
Q 34 14 0 0 3
Q 35 22 0 0 3
