o 318767104 82 66 0
o 318767104 82 58 1
o 318767104 82 13 0
o 318767104 82 44 1
o 318767104 82 29 0
o 318767104 66 82 1
o 318767104 66 58 1
o 318767104 66 77 1
o 318767104 66 13 1
o 318767104 66 44 1
o 318767104 66 29 1
o 318767104 66 95 1
o 318767104 58 66 0
o 318767104 58 77 0
o 318767104 58 13 0
o 318767104 58 29 0
o 318767104 58 95 0
o 318767104 77 82 0
o 318767104 77 66 0
o 318767104 77 13 0
o 318767104 77 44 1
o 318767104 77 95 1
o 318767104 13 82 1
o 318767104 13 66 0
o 318767104 13 58 1
o 318767104 13 77 1
o 318767104 13 44 1
o 318767104 13 29 0
o 318767104 13 95 1
o 318767104 44 82 0
o 318767104 44 66 0
o 318767104 44 58 0
o 318767104 44 77 0
o 318767104 44 13 0
o 318767104 44 29 0
o 318767104 44 95 0
o 318767104 29 82 1
o 318767104 29 66 0
o 318767104 29 58 1
o 318767104 29 77 1
o 318767104 29 13 1
o 318767104 29 44 1
o 318767104 29 95 1
o 318767104 95 82 0
o 318767104 95 66 0
o 318767104 95 58 1
o 318767104 95 77 0
o 318767104 95 13 0
o 318767104 95 44 1
o 318767104 95 29 0
