OBSERVE 101 201 1
OBSERVE 101 202 2
OBSERVE 102 201 3
OBSERVE 102 202 4
OBSERVE 103 201 5
OBSERVE 103 202 6
OBSERVE 7001 501 11
OBSERVE 7001 201 12
OBSERVE 7002 501 13
OBSERVE 7002 202 14
OBSERVE 7003 502 15
OBSERVE 7003 201 16
OBSERVE 7004 502 17
OBSERVE 101 501 18
OBSERVE 7005 501 7006
OBSERVE 7006 502 21
OBSERVE 7010 501 7011
OBSERVE 7011 501 22
QUERY 101 201 1
QUERY 102 202 4
QUERY 103 201 5
QUERY 7001 501 11
QUERY 7001 201 12
QUERY 7002 202 14
QUERY 7003 502 15
QUERY 7003 201 16
QUERY 7004 502 17
QUERY 101 501 18
QUERY 7005 599 21
QUERY 7010 599 22
OBSERVE 8100 900 0
OBSERVE 8101 900 1
OBSERVE 8102 900 2
OBSERVE 8103 900 3
OBSERVE 8104 900 4
OBSERVE 8105 900 5
OBSERVE 8106 900 6
OBSERVE 8107 900 7
OBSERVE 8108 900 8
OBSERVE 8109 900 9
OBSERVE 8110 900 10
OBSERVE 8111 900 11
OBSERVE 8112 900 12
OBSERVE 8113 900 13
OBSERVE 8114 900 14
OBSERVE 8115 900 15
OBSERVE 8116 900 16
OBSERVE 8117 900 17
OBSERVE 8118 900 18
OBSERVE 8119 900 19
OBSERVE 8120 900 20
OBSERVE 8121 900 21
OBSERVE 8122 900 22
OBSERVE 8123 900 23
QUERY 101 201 1
QUERY 102 202 4
QUERY 103 201 5
QUERY 7001 501 11
QUERY 7001 201 12
QUERY 7002 202 14
QUERY 7003 502 15
QUERY 7003 201 16
QUERY 7004 502 17
QUERY 101 501 18
