OBSERVE 9601 610 10
OBSERVE 9602 610 20
OBSERVE 9603 610 30
OBSERVE 9604 610 40
OBSERVE 9605 610 50
OBSERVE 9606 610 60
QUERY 9601 610 10
QUERY 9602 610 20
QUERY 9603 610 30
QUERY 9604 610 40
QUERY 9605 610 50
QUERY 9606 610 60
OBSERVE 9601 610 11
OBSERVE 9602 610 21
OBSERVE 9603 610 31
OBSERVE 9604 610 41
OBSERVE 9605 610 51
OBSERVE 9606 610 61
QUERY 9601 610 11
QUERY 9602 610 21
QUERY 9603 610 31
QUERY 9604 610 41
QUERY 9605 610 51
QUERY 9606 610 61
OBSERVE 9601 610 10
OBSERVE 9602 610 20
OBSERVE 9603 610 30
OBSERVE 9604 610 40
OBSERVE 9605 610 50
OBSERVE 9606 610 60
QUERY 9601 610 10
QUERY 9602 610 20
QUERY 9603 610 30
QUERY 9604 610 40
QUERY 9605 610 50
QUERY 9606 610 60
