OBSERVE 9901 701 9801
OBSERVE 9901 702 9811
OBSERVE 9901 703 9821
OBSERVE 9901 704 111
OBSERVE 9902 701 9802
OBSERVE 9902 702 9812
OBSERVE 9902 703 9822
OBSERVE 9902 704 222
OBSERVE 9903 701 9803
OBSERVE 9903 702 9813
OBSERVE 9903 703 9821
OBSERVE 9903 704 331
OBSERVE 9904 701 9801
OBSERVE 9904 702 9813
OBSERVE 9904 703 9822
OBSERVE 9904 704 132
OBSERVE 9905 701 9803
OBSERVE 9905 702 9811
OBSERVE 9905 703 9822
OBSERVE 9905 704 312
QUERY 9901 704 111
QUERY 9902 704 222
QUERY 9903 704 331
QUERY 9904 704 132
OBSERVE 9906 701 9802
OBSERVE 9906 702 9811
OBSERVE 9906 703 9821
QUERY 9906 704 211
OBSERVE 9907 701 9801
OBSERVE 9907 702 9812
OBSERVE 9907 703 9821
QUERY 9907 704 121
OBSERVE 9908 701 9803
OBSERVE 9908 702 9812
OBSERVE 9908 703 9822
QUERY 9908 704 322
OBSERVE 9909 701 9802
OBSERVE 9909 702 9813
OBSERVE 9909 703 9821
QUERY 9909 704 231
OBSERVE 9910 701 9801
OBSERVE 9910 702 9811
OBSERVE 9910 703 9822
QUERY 9910 704 112
