OBSERVE 60001 6101 60011
OBSERVE 60002 6101 60012
OBSERVE 60003 6101 60013
OBSERVE 60004 6101 60014
OBSERVE 60011 6102 60031
OBSERVE 60012 6102 60032
OBSERVE 60013 6102 60033
OBSERVE 60014 6102 60034
OBSERVE 60005 6101 60016
OBSERVE 60021 6102 60042
QUERY 60041 6103 60071
QUERY 60042 6103 60072
QUERY 60043 6103 60073
QUERY 60044 6103 60074
QUERY 60045 6103 60075
QUERY 60046 6103 60076
QUERY 60047 6103 60077
QUERY 60048 6103 60078
QUERY 60005 6101 60015
QUERY 60021 6102 60041
QUERY 60005 6103 60035
QUERY 60021 6103 60051
QUERY 60001 6101 60011
QUERY 60011 6102 60031
